,legislator,theta
0,39,-0.948145070501
1,530,-0.755074330233
2,40,-0.806255193984
3,375,-0.925452208081
4,0,-1.1767730821
5,1,-0.799950521511
6,43,-0.803388707103
7,414,-1.03428464425
8,47,-0.91479856683
9,48,-1.20039840577
10,49,-1.22060105677
11,50,-1.24101553734
12,52,-1.38249636469
13,53,-1.32535679552
14,529,-0.851123205665
15,59,-1.07520544428
16,61,-1.31437252897
17,439,-1.48221832616
18,63,-1.0327657694
19,412,-1.03066970726
20,5,-0.789371120077
21,65,-0.931706047139
22,66,-1.0208837455
23,67,-1.26585812236
24,70,-0.904702769665
25,6,-0.96897487183
26,7,-0.924877615865
27,537,-1.02062657715
28,71,-0.792720480848
29,76,-0.995384835199
30,77,-1.04507503859
31,79,-1.37343244903
32,80,-1.2679540018
33,54,-1.07468330587
34,88,-0.867452205222
35,90,-0.82877785329
36,406,-1.44941342436
37,435,-1.0230777331
38,91,-1.296784369
39,391,-1.00631656247
40,386,-1.34274329109
41,428,-0.962370268221
42,98,-0.843856805754
43,99,-0.807675845412
44,102,-1.0093403129
45,422,-1.09282466531
46,409,-0.8665230366
47,109,-0.755461527713
48,110,-0.647283022723
49,403,-1.38466435424
50,111,-1.28001336255
51,113,-0.634842356814
52,117,-1.19924842222
53,118,-1.69661858092
54,119,-0.668718925132
55,122,-0.955512654604
56,125,-1.08232018116
57,127,-1.28659816029
58,128,-0.505971897881
59,130,-1.19748049086
60,131,-1.51002473144
61,132,-1.41062637731
62,133,-0.996589034521
63,134,-0.717277146356
64,135,-1.37041267319
65,136,-1.59136233962
66,137,-0.65504497431
67,140,-1.02174153027
68,141,-1.23118097256
69,12,-0.771957711075
70,142,-1.13938338912
71,143,-0.21129630182
72,13,-1.16337158103
73,144,-1.14678176325
74,145,-1.24639804574
75,146,-1.08828775336
76,147,-1.44323364886
77,148,-1.09838394493
78,151,-1.46426376807
79,150,-1.1906263673
80,14,-0.988978718392
81,154,-0.860404601295
82,55,-0.641780288929
83,156,-1.18728916096
84,15,-1.15699806798
85,158,-0.606270031237
86,159,-0.974621190826
87,160,-1.24880044896
88,161,-1.00802542036
89,16,-0.888675599033
90,163,-0.640752467427
91,165,-1.47766982404
92,166,-0.746822222726
93,426,-1.60050322088
94,423,-1.56011370389
95,174,-1.16315014886
96,175,-1.37384725104
97,176,-1.2305855065
98,177,-1.08928974414
99,178,-1.21821792489
100,181,-1.1612906524
101,183,-1.28683661025
102,184,-1.16072671801
103,188,-1.34653176109
104,189,-0.34263756056
105,190,-1.36316176312
106,438,-0.707928351476
107,193,-0.930100521
108,196,-1.24625008152
109,195,-0.543058961125
110,18,-1.52890796053
111,197,-0.785931805221
112,199,-1.06289103031
113,200,-1.21706702498
114,388,-1.23440937185
115,201,-1.51315345924
116,202,-0.793655689969
117,204,-1.3658835352
118,19,-0.669724414866
119,207,-1.29179050419
120,214,-0.536751855783
121,217,-1.39056484611
122,219,-0.856520660194
123,220,-1.02931157461
124,222,-1.06384288631
125,225,-1.48971063892
126,226,-0.831617457897
127,378,-0.815866174323
128,230,-1.13069788228
129,232,-1.18412794242
130,236,-1.34095089162
131,23,-0.866075449732
132,237,-0.846444799688
133,238,-0.961141816442
134,425,-1.38734536808
135,240,-0.73843207832
136,413,-1.23334591955
137,242,-0.972502297336
138,245,-1.3080217251
139,244,-1.08178279112
140,25,-0.768262943511
141,440,-1.41004272913
142,248,-1.28268018342
143,251,-0.962372314595
144,256,-1.53965771073
145,257,-0.981027800249
146,259,-1.00549692858
147,260,-0.917905114687
148,56,-1.014070173
149,261,-1.35259825907
150,262,-1.4248830256
151,29,1.20226005164
152,266,-0.950193681248
153,267,-0.989509302218
154,441,-1.29952379602
155,30,-0.836513461112
156,424,-1.4964061835
157,273,-1.1758803855
158,274,-1.17885121953
159,276,-1.7608982026
160,278,-0.858507416999
161,280,-1.54221227541
162,534,-1.14697175915
163,283,-0.790681861087
164,284,-0.601962609344
165,286,-0.930115179176
166,287,-1.4960878514
167,444,-1.20423986723
168,289,-0.957663552827
169,290,-0.876145694081
170,291,-1.17515905561
171,293,-1.04826069013
172,292,-0.746871167269
173,32,-0.976365093328
174,294,-0.812314841741
175,295,-1.41491242842
176,296,-0.918850470174
177,298,-0.961780499982
178,299,-1.23615561099
179,442,-1.09042426025
180,301,-1.2440383752
181,33,-0.557588654457
182,305,-1.25234438637
183,381,-1.34178236458
184,310,-1.49388210529
185,57,-0.864933727245
186,315,-1.30871014043
187,316,-1.33335465755
188,320,-1.10791331047
189,322,-1.32217850832
190,326,-0.747084048532
191,327,-0.980680055216
192,328,-0.791571518984
193,332,-1.2028551481
194,333,-0.579172637021
195,334,-1.22204912611
196,35,-1.21730251627
197,452,-0.983998091469
198,336,-0.880135454541
199,41,-0.962969212531
200,337,-1.46434285952
201,36,-0.922163631257
202,341,-0.771007361364
203,342,-1.34859702367
204,344,-0.954969674327
205,345,-1.05319675029
206,349,-0.798142665185
207,350,-0.8807587591
208,393,-0.815109641831
209,421,-1.20095816688
210,355,-1.35054378151
211,356,-0.938123224928
212,411,-1.01487847159
213,446,-1.80073354194
214,360,-0.916069470027
215,436,-1.34775054331
216,362,-1.33654889945
217,60,-0.834271187969
218,449,-1.54312815748
219,363,-1.35088995793
220,365,-1.04535106395
221,42,-0.697367019873
222,366,-0.927508577533
223,367,-1.28506429866
224,370,-1.28523847384
225,402,-1.24188695314
226,371,-0.690405856504
227,531,-1.14962567859
228,372,-1.08510170952
229,536,1.21857442313
230,44,0.393789945423
231,2,0.246851701424
232,45,1.62131081093
233,437,1.52634625458
234,46,1.54927477753
235,390,0.698540141988
236,51,0.556930771786
237,3,1.05920623688
238,58,1.42771880519
239,376,1.70641377766
240,62,1.49253463107
241,4,0.874636230147
242,64,1.16249984896
243,394,0.97286654233
244,410,0.710087524111
245,69,1.18169903078
246,72,1.22686958001
247,73,1.32249573535
248,395,1.08640134343
249,74,0.923130790851
250,75,1.11496791285
251,443,1.25147553891
252,448,1.08196726707
253,81,1.66866901045
254,82,1.55856117825
255,83,1.63941885281
256,84,1.2977299794
257,85,1.29003071362
258,86,1.09163331043
259,89,1.41882407228
260,92,1.07506674422
261,93,1.90571020516
262,94,0.676335089735
263,95,0.380073621953
264,96,1.14133128898
265,100,1.39844141861
266,101,0.386408787195
267,103,1.46145044232
268,105,1.31781332599
269,104,1.45443933142
270,106,1.14566425337
271,107,1.46000747226
272,417,0.89968555435
273,108,1.31903487748
274,377,0.959586883766
275,112,1.39219428311
276,10,1.21573140601
277,114,1.4114477739
278,116,1.45084439864
279,408,0.870605744541
280,120,1.71144844522
281,121,1.57392205822
282,123,1.27598547764
283,484,0.689329519116
284,124,1.44929340563
285,401,1.18242337239
286,126,1.42275252413
287,68,1.51906133902
288,382,0.871543489528
289,405,1.42666150007
290,138,1.41875363171
291,407,0.907988533742
292,487,0.502644975354
293,482,0.711235331664
294,383,1.19425357483
295,152,1.09210106297
296,153,0.630022588862
297,155,1.56806774674
298,157,1.43911472906
299,374,1.42627524568
300,472,1.20640035189
301,162,1.42092943541
302,455,1.1315350697
303,167,1.43682142431
304,168,0.989687370495
305,169,0.976296456176
306,17,1.5822398553
307,172,1.63252537872
308,485,1.09449733864
309,173,1.31872913447
310,389,1.39872005182
311,180,1.14984329478
312,182,1.17571780542
313,433,1.41243087815
314,186,1.4107460011
315,185,1.36858387572
316,191,1.16515539281
317,192,1.1590726398
318,457,1.41530266293
319,416,1.47781698738
320,419,1.3534818651
321,454,1.00663439268
322,194,0.971666064231
323,384,0.723327029651
324,430,1.02375996353
325,203,1.30007481297
326,205,1.19089918815
327,206,1.27792018152
328,209,1.88083204137
329,211,1.53142699679
330,212,1.66237734801
331,213,0.67245423806
332,215,0.937005217627
333,216,1.21158244103
334,398,1.80041862817
335,218,1.4370915449
336,431,0.910338625413
337,221,1.09860375445
338,223,1.12083205446
339,479,0.566154393402
340,434,0.646394002597
341,227,1.83828500385
342,20,0.158563677039
343,228,1.41374890263
344,21,0.913291378699
345,233,1.14267649771
346,234,1.73597368888
347,235,1.71920297759
348,22,0.179502924409
349,239,1.02670007868
350,241,1.33123395104
351,432,1.31932705858
352,24,1.02828206776
353,26,1.38076769143
354,246,1.62165560511
355,27,1.18413621909
356,404,0.590125833836
357,253,1.91036580766
358,254,1.71003807634
359,255,1.60399597686
360,480,1.33242251459
361,420,1.07092140391
362,447,1.21387940796
363,28,0.378966662984
364,263,1.87324763706
365,264,1.39220664593
366,379,1.62098575224
367,268,1.48065307584
368,269,0.851398191729
369,400,0.663663961433
370,270,0.768365133485
371,271,0.212432506559
372,272,1.46103823627
373,456,2.09994612069
374,275,0.86312657406
375,279,1.24646244125
376,281,1.25165334013
377,31,0.413273013467
378,282,1.36460395167
379,288,1.05021458119
380,300,1.62368768815
381,396,0.683069853851
382,303,0.854351922842
383,304,1.30513277572
384,306,1.05521315949
385,338,1.31885533041
386,308,1.08429448266
387,309,1.55475858521
388,311,2.03457746425
389,312,1.28805636152
390,483,0.750817134564
391,313,0.565529984995
392,34,1.29740630953
393,318,1.34148792691
394,317,1.02460699671
395,321,1.76972044443
396,323,0.925751760356
397,478,1.07109577347
398,325,1.13615007937
399,387,0.45703085887
400,329,1.44049937229
401,330,1.31520732186
402,331,1.13560605715
403,335,1.64303033292
404,392,1.11370179369
405,397,1.43030482343
406,340,1.3348252161
407,339,1.24423933261
408,37,1.3708732005
409,385,1.23203053651
410,346,1.50951268617
411,348,1.4025731915
412,351,1.62366418766
413,399,1.09239520612
414,450,1.05941488692
415,451,0.642452632134
416,352,1.72899697911
417,353,1.18251332266
418,357,0.813848155229
419,358,1.27594723649
420,359,1.44525247017
421,533,1.38261647518
422,38,1.48970993705
423,361,1.3288605373
424,364,1.70360051813
425,369,1.41908630246
426,139,0.968416614964
427,231,-1.26174531233
428,224,-1.09134174208
429,78,1.47523443568
430,229,1.26543542185
431,297,-0.72859976039
432,458,-0.946525525954
433,493,-1.03808667284
434,459,-1.5629521546
435,525,-0.898633644545
436,488,-0.869814354424
437,461,1.76487591536
438,97,-1.82657856345
439,445,-2.02214296508
440,129,-0.76495035
441,8,-0.979529016364
442,373,-0.766287347439
443,187,-1.55008175517
444,210,-1.60732791308
445,265,-1.54967995538
446,149,-2.44638171361
447,302,-1.17301681434
448,307,1.740819819
449,319,-1.76063654013
450,164,-1.791763552
451,324,-1.32078135987
452,347,-1.3250586325
453,354,-1.53196695921
454,460,-1.06753844837
455,208,-0.737411322642
456,510,1.63722498474
457,87,-1.61582191719
458,535,0.744891388043
459,538,0.673794832902
460,243,1.11536614054
461,277,1.56511530606
462,285,-1.16721443274
463,517,-1.31553848113
464,519,1.81123474876
465,9,1.8895872747
466,11,1.82458770965
467,515,1.33802881343
468,532,0.951500908398
469,115,0.972784377359
470,469,-0.871489005446
471,470,-0.269225375106
472,506,1.25050831389
473,490,-0.826163431378
474,471,-1.55156748282
475,476,0.553421460157
476,474,1.41699003784
477,477,-1.34146660701
478,499,1.38042341966
479,429,-1.54431871125
480,505,1.51809551491
481,179,1.68674388204
482,497,-1.53167585018
483,540,0.429079563994
484,541,1.06426311619
485,170,1.00426167499
486,427,0.69817550548
487,171,2.02888148863
488,502,-0.918977454157
489,486,-2.11920778335
490,504,-1.00576449624
491,492,-1.10289936333
492,542,1.38281310774
493,453,0.919217583599
494,526,-0.526209628661
495,418,0.862347889871
496,198,-0.51296080018
497,508,1.0753038937
498,527,1.42885078933
499,509,1.60488432358
500,544,1.85084591894
501,507,0.232221176367
502,511,-0.75464055336
503,512,0.754135129093
504,491,-1.33322167179
505,258,1.68930828359
506,494,1.30849873966
507,247,1.80372806611
508,249,-1.38355271537
509,250,-0.346922719613
510,252,1.59437500154
511,513,1.57649247615
512,516,1.15341323392
513,514,-0.970987815985
514,545,0.437768228031
515,495,2.19860831863
516,518,0.861042551355
517,498,-1.97951621741
518,546,1.53981210745
519,380,1.38904374683
520,314,1.55376024837
521,500,1.0453487721
522,521,1.76717789616
523,523,0.846349212326
524,343,-1.34407374497
525,547,1.02535864441
526,501,1.67748915155
527,503,0.7573437154
528,415,1.8132417827
529,524,1.80385360434
530,473,-0.908486016779
531,368,1.26094807895
532,522,-1.27281872237
533,539,-1.13861526504
534,496,-1.09504394392
535,475,-1.94601328806
536,481,-0.882134254425
537,543,0.670982818307
538,528,1.54640199064
539,520,-0.799324365833
540,462,1.83535262014
541,463,-1.46414512696
542,464,-0.627140220094
543,465,-1.62205981125
544,467,0.974944053721
545,466,0.997435748007
546,468,-0.620988578127
547,489,1.04888761445
