,legislator,theta
0,39,-0.954069684325
1,530,-0.906039330356
2,40,-0.804278270606
3,375,-0.960975585327
4,0,-1.07388946706
5,1,-0.840422332891
6,43,-0.780178441646
7,414,-1.04387929091
8,47,-0.833862389129
9,48,-1.25488946417
10,49,-1.12064285639
11,50,-1.25018642726
12,52,-1.36117786539
13,53,-1.39691943909
14,529,-0.964102607849
15,59,-0.963105802152
16,61,-1.28374656254
17,439,-1.38865193668
18,63,-1.02332532311
19,412,-0.97544894057
20,5,-0.853708548744
21,65,-0.961672039027
22,66,-1.11102834532
23,67,-1.2220719073
24,70,-0.820386021854
25,6,-0.88151561671
26,7,-1.11297274409
27,537,-1.09926682812
28,71,-0.799567405451
29,76,-1.07709954987
30,77,-1.02127012264
31,79,-1.25670719052
32,80,-1.26233511138
33,54,-1.12209313787
34,88,-0.886898731194
35,90,-0.86070100807
36,406,-1.35749472557
37,435,-0.955671152168
38,91,-1.28126831145
39,391,-1.02708384763
40,386,-1.32696433843
41,428,-0.939552610123
42,98,-0.92026047717
43,99,-0.818507257646
44,102,-0.979952738301
45,422,-1.05194221031
46,409,-0.785882923615
47,109,-0.799778813597
48,110,-0.712253741685
49,403,-1.36819837496
50,111,-1.29046894462
51,113,-0.752573158286
52,117,-1.12478889249
53,118,-1.71052408308
54,119,-0.629530261446
55,122,-0.979876163331
56,125,-1.11297031526
57,127,-1.24488446764
58,128,-0.472949367974
59,130,-1.20004319889
60,131,-1.58503455679
61,132,-1.36999557617
62,133,-1.0155530952
63,134,-0.657754844758
64,135,-1.39780808341
65,136,-1.47482919377
66,137,-0.669119613058
67,140,-1.01254996632
68,141,-1.18297927248
69,12,-0.664656255206
70,142,-1.08532482586
71,143,-0.218332036639
72,13,-1.17067373473
73,144,-1.15818534964
74,145,-1.13098101398
75,146,-1.09650537194
76,147,-1.35519300549
77,148,-1.06949668567
78,151,-1.45216625105
79,150,-1.09817967398
80,14,-1.05909104188
81,154,-0.871156070334
82,55,-0.565596596079
83,156,-1.06436788352
84,15,-1.10016988175
85,158,-0.553531783432
86,159,-0.942860359291
87,160,-1.32877586284
88,161,-1.14295223591
89,16,-0.836675498141
90,163,-0.718796802406
91,165,-1.38567390336
92,166,-0.676775582916
93,426,-1.62849173373
94,423,-1.50319532531
95,174,-1.12713822393
96,175,-1.39851741348
97,176,-1.29420878776
98,177,-1.06273277005
99,178,-1.32619143119
100,181,-1.11091888598
101,183,-1.17474286531
102,184,-1.23050542615
103,188,-1.42385732342
104,189,-0.310564591602
105,190,-1.33920032743
106,438,-0.753080343468
107,193,-1.00699305938
108,196,-1.2015611062
109,195,-0.552830425876
110,18,-1.41964698786
111,197,-0.797052754153
112,199,-0.996817271197
113,200,-1.14502775997
114,388,-1.34315711846
115,201,-1.43221507004
116,202,-0.809049724892
117,204,-1.33663651221
118,19,-0.788173015067
119,207,-1.26792304954
120,214,-0.538345095369
121,217,-1.30112908375
122,219,-0.849204315748
123,220,-1.08902112797
124,222,-1.09178250019
125,225,-1.45385178223
126,226,-0.849093953179
127,378,-0.82704879358
128,230,-1.06484811922
129,232,-1.19727909006
130,236,-1.27590463094
131,23,-0.850875619449
132,237,-0.79136421596
133,238,-1.02162920522
134,425,-1.37399724952
135,240,-0.754443157875
136,413,-1.27044104985
137,242,-1.07235805416
138,245,-1.2424381692
139,244,-1.11745952411
140,25,-0.854714540066
141,440,-1.21439181016
142,248,-1.24743042385
143,251,-0.86572711885
144,256,-1.45751389125
145,257,-0.943456755033
146,259,-1.03347453855
147,260,-0.960025015959
148,56,-1.05060502542
149,261,-1.4056163048
150,262,-1.49061506533
151,29,1.18352759773
152,266,-0.996330389033
153,267,-0.920248337762
154,441,-1.21888579667
155,30,-0.868094150701
156,424,-1.41900222705
157,273,-1.19565677994
158,274,-1.10995715194
159,276,-1.59621030466
160,278,-0.856655415267
161,280,-1.50371893354
162,534,-1.0239314713
163,283,-0.724379816052
164,284,-0.667706079958
165,286,-0.857678391693
166,287,-1.31409432064
167,444,-1.14234487269
168,289,-0.965816903545
169,290,-0.834084061443
170,291,-1.06984986526
171,293,-0.994111617446
172,292,-0.838401943359
173,32,-0.919078962204
174,294,-0.876438187308
175,295,-1.36443333344
176,296,-0.884182036475
177,298,-1.00502857765
178,299,-1.11383767
179,442,-1.05446871466
180,301,-1.31275352523
181,33,-0.573395496747
182,305,-1.2764907722
183,381,-1.3194718953
184,310,-1.42742239788
185,57,-0.828874769036
186,315,-1.36966494145
187,316,-1.20999360002
188,320,-0.986694703785
189,322,-1.38961746807
190,326,-0.771187892616
191,327,-1.06903610104
192,328,-0.923847612548
193,332,-1.22983180932
194,333,-0.571754163081
195,334,-1.25579566033
196,35,-1.12339681061
197,452,-1.06885558474
198,336,-0.85383745899
199,41,-0.959948604458
200,337,-1.41940630198
201,36,-0.89179797862
202,341,-0.791506845535
203,342,-1.3163961806
204,344,-1.00354204796
205,345,-0.989905381222
206,349,-0.7466609098
207,350,-0.820354575563
208,393,-0.736637059191
209,421,-1.14183063351
210,355,-1.41369467777
211,356,-0.885045147821
212,411,-0.985212392593
213,446,-1.78444659989
214,360,-0.947263909386
215,436,-1.33609387322
216,362,-1.42376569288
217,60,-0.884129054798
218,449,-1.65609038372
219,363,-1.2963239876
220,365,-1.01172509161
221,42,-0.771373303824
222,366,-0.91874271739
223,367,-1.2716091417
224,370,-1.20955311896
225,402,-1.25868577977
226,371,-0.671370727862
227,531,-0.858805772082
228,372,-0.972786458575
229,536,1.09649393108
230,44,0.34818021261
231,2,0.226920228161
232,45,1.56701026976
233,437,1.51362155555
234,46,1.60829207314
235,390,0.720570524746
236,51,0.625375500956
237,3,1.13509740441
238,58,1.38978566414
239,376,1.6405784313
240,62,1.41683358978
241,4,0.882978694949
242,64,1.22546121295
243,394,0.949071683077
244,410,0.732505839104
245,69,1.15156705259
246,72,1.2224823046
247,73,1.38361830508
248,395,1.04677186973
249,74,1.03253472391
250,75,1.2019981743
251,443,1.34840869277
252,448,1.16612619907
253,81,1.58951779472
254,82,1.51753574605
255,83,1.59383773921
256,84,1.32476512016
257,85,1.25417862216
258,86,1.15082797244
259,89,1.37008340069
260,92,1.12026845745
261,93,1.71241697746
262,94,0.761967578495
263,95,0.39064207774
264,96,1.12628754946
265,100,1.41692866035
266,101,0.47220972646
267,103,1.44410135781
268,105,1.35578400048
269,104,1.49467564666
270,106,1.03996159274
271,107,1.4848020553
272,417,0.955799090352
273,108,1.37928614101
274,377,0.853280579201
275,112,1.42059433999
276,10,1.21829353026
277,114,1.4026186973
278,116,1.44943583472
279,408,0.931276755731
280,120,1.64959812723
281,121,1.49729238043
282,123,1.32978197229
283,484,0.808140447446
284,124,1.44668698434
285,401,1.20966322572
286,126,1.49243503647
287,68,1.45661743968
288,382,0.837230056411
289,405,1.38752571543
290,138,1.45491863609
291,407,0.927818750597
292,487,0.537236524221
293,482,0.669174090408
294,383,1.23298938292
295,152,1.07249443675
296,153,0.612247481822
297,155,1.54729466397
298,157,1.51891762693
299,374,1.44099175733
300,472,1.23745697817
301,162,1.44017107674
302,455,1.18651513814
303,167,1.34441566491
304,168,0.937801546545
305,169,0.931953566266
306,17,1.52591288415
307,172,1.67285046397
308,485,1.14249144982
309,173,1.22086507135
310,389,1.42749971188
311,180,1.11415099764
312,182,1.11592764511
313,433,1.36251819966
314,186,1.3994523371
315,185,1.26554613126
316,191,1.152360109
317,192,1.10282556618
318,457,1.29902362187
319,416,1.4867181705
320,419,1.41928291456
321,454,1.04266965798
322,194,0.998815181757
323,384,0.8063416674
324,430,0.951543975198
325,203,1.24470872405
326,205,1.18404306141
327,206,1.3389858621
328,209,1.6522392066
329,211,1.45264907598
330,212,1.67058496763
331,213,0.683115968376
332,215,0.947176927099
333,216,1.21847570749
334,398,1.73261203209
335,218,1.42381912533
336,431,1.0036075198
337,221,1.15980459368
338,223,1.09287584855
339,479,0.585790976597
340,434,0.68382281723
341,227,1.65380492952
342,20,0.152940833232
343,228,1.37552791093
344,21,1.04214982619
345,233,1.23961351048
346,234,1.61617081779
347,235,1.57495919718
348,22,0.223808854629
349,239,1.05695907216
350,241,1.29630802964
351,432,1.20147524014
352,24,1.15866667973
353,26,1.34056821695
354,246,1.52339783798
355,27,1.13053651623
356,404,0.534698141089
357,253,1.83514832173
358,254,1.649528153
359,255,1.63685164505
360,480,1.36766142253
361,420,1.05426409868
362,447,1.23628094081
363,28,0.406138726603
364,263,1.86497933598
365,264,1.48081505177
366,379,1.53164455187
367,268,1.49019748319
368,269,0.945371273336
369,400,0.661926884022
370,270,0.747382004996
371,271,0.198369994732
372,272,1.45350460903
373,456,1.98039238486
374,275,0.880602353999
375,279,1.29392133923
376,281,1.34038500906
377,31,0.450883965989
378,282,1.44210765103
379,288,1.00212342721
380,300,1.65939082602
381,396,0.686001460059
382,303,0.897235403602
383,304,1.34498972834
384,306,1.05067557491
385,338,1.3964719563
386,308,0.980490262026
387,309,1.41379432563
388,311,1.82575223553
389,312,1.32384342101
390,483,0.788890477858
391,313,0.630591803521
392,34,1.18675723029
393,318,1.33374509649
394,317,0.94687526725
395,321,1.73979603064
396,323,0.874183358259
397,478,1.06153866617
398,325,1.21960447252
399,387,0.453212283928
400,329,1.39208097736
401,330,1.33517741256
402,331,1.16877942393
403,335,1.52838779277
404,392,1.20687597248
405,397,1.43494769577
406,340,1.3564385434
407,339,1.23097662474
408,37,1.28980026976
409,385,1.31885060033
410,346,1.44702820181
411,348,1.40827076111
412,351,1.58735937378
413,399,1.18826890999
414,450,0.994616865087
415,451,0.665783979935
416,352,1.59935565217
417,353,1.20089446129
418,357,0.775506148386
419,358,1.22866385439
420,359,1.33968351761
421,533,1.62989761955
422,38,1.68239985792
423,361,1.25806053387
424,364,1.73437080655
425,369,1.46327819293
426,139,0.964995831742
427,231,-1.20401825577
428,224,-1.0858315413
429,78,1.49104841741
430,229,1.27023767745
431,297,-0.717272327466
432,458,-0.889004925446
433,493,-0.893493593468
434,459,-1.45917707291
435,525,-0.81346870649
436,488,-1.01769079473
437,461,1.52365665128
438,97,-1.51254044741
439,445,-2.01761241717
440,129,-1.06070959077
441,8,-0.910193843797
442,373,-0.692389925713
443,187,-1.82809180668
444,210,-1.63272383378
445,265,-1.53813119051
446,149,-2.12472441931
447,302,-1.20213949202
448,307,1.65521864441
449,319,-1.70618541687
450,164,-1.71977985245
451,324,-1.50986921283
452,347,-1.10373633945
453,354,-1.38036712851
454,460,-0.836323496292
455,208,-0.766424943458
456,510,1.3944779236
457,87,-1.57810670353
458,535,0.654841934544
459,538,0.726956201259
460,243,0.961201251749
461,277,1.72437575752
462,285,-1.12019591192
463,517,-1.30422532337
464,519,1.49366073364
465,9,1.64502023076
466,11,1.49219962681
467,515,1.26363155961
468,532,0.957247918612
469,115,1.00125606583
470,469,-0.897263317317
471,470,-0.288091480141
472,506,1.20625501447
473,490,-0.885028905263
474,471,-1.50751249409
475,476,0.497857317507
476,474,1.43633473888
477,477,-1.46439647456
478,499,1.37692601829
479,429,-1.43673753804
480,505,1.66344428066
481,179,1.63515858562
482,497,-1.60190849552
483,540,0.494889894532
484,541,0.894642957854
485,170,1.0421023703
486,427,0.72688681253
487,171,1.87799536276
488,502,-0.831643734986
489,486,-2.05301215903
490,504,-0.850747408301
491,492,-1.10451277101
492,542,1.29809205594
493,453,0.77310946085
494,526,-0.451786804199
495,418,0.847692972313
496,198,-0.531028858358
497,508,1.1624343631
498,527,2.232876725
499,509,1.39317562556
500,544,1.90712642485
501,507,0.220321591807
502,511,-0.86760138454
503,512,0.568307122754
504,491,-1.26130287438
505,258,1.8331041606
506,494,1.22161489264
507,247,1.68406808983
508,249,-1.25805741177
509,250,-0.34465849853
510,252,1.57512238828
511,513,1.39160142792
512,516,1.10956197971
513,514,-1.19984763371
514,545,0.352079751543
515,495,1.98180105716
516,518,0.75068439862
517,498,-1.79369724938
518,546,1.42517426226
519,380,1.51487642913
520,314,1.530957258
521,500,1.03709898958
522,521,1.60388015325
523,523,0.693223774145
524,343,-1.43498654297
525,547,1.07773839207
526,501,1.51331563839
527,503,0.737796510612
528,415,1.62725340737
529,524,1.71542650122
530,473,-0.996500006252
531,368,1.27237623797
532,522,-1.22679154617
533,539,-1.06172152903
534,496,-1.12001650518
535,475,-1.6449359463
536,481,-0.823240938268
537,543,0.738726857655
538,528,1.44743231215
539,520,-0.787916230808
540,462,1.92788220334
541,463,-1.40690265785
542,464,-0.684010768594
543,465,-1.38524533544
544,467,1.16387484077
545,466,0.913176450796
546,468,-0.379809887169
547,489,0.796996172203
