,legislator,theta
0,39,-0.981750967121
1,530,-0.862240925581
2,40,-0.809531804218
3,375,-0.947730085104
4,0,-1.05124657321
5,1,-0.968581593706
6,43,-0.863389196516
7,414,-1.02447234327
8,47,-0.913957381266
9,48,-1.06770498155
10,49,-1.02179131179
11,50,-1.10941290771
12,52,-1.1011209185
13,53,-1.19541272487
14,529,-0.968028116759
15,59,-1.06128437752
16,61,-1.03482000185
17,439,-1.10612935614
18,63,-0.899012414485
19,412,-1.01833021784
20,5,-0.864772029551
21,65,-1.0086166925
22,66,-1.03369028438
23,67,-0.990119989692
24,70,-0.932830995172
25,6,-1.04872425921
26,7,-1.19032247667
27,537,-1.03017807765
28,71,-0.93422869079
29,76,-1.00272754532
30,77,-0.964315274289
31,79,-1.14688358359
32,80,-1.01630457583
33,54,-1.10264716785
34,88,-0.945855910781
35,90,-0.868708149494
36,406,-1.07119149937
37,435,-1.02768840921
38,91,-1.06677892185
39,391,-0.966555372403
40,386,-1.17448598419
41,428,-0.947715491575
42,98,-0.994455489589
43,99,-0.851742072306
44,102,-0.977560670971
45,422,-1.01742316278
46,409,-0.959584230835
47,109,-0.950331539564
48,110,-0.814936488175
49,403,-1.08796210698
50,111,-1.1419322053
51,113,-0.80351431716
52,117,-1.02243118649
53,118,-1.15620615003
54,119,-0.870719700554
55,122,-1.0569028822
56,125,-0.957331322631
57,127,-1.06865990676
58,128,-0.666959586457
59,130,-1.06568415425
60,131,-1.14782508165
61,132,-1.15486209965
62,133,-0.953733292872
63,134,-0.813872413956
64,135,-1.09117401022
65,136,-1.09571632753
66,137,-0.820364346951
67,140,-0.955735072485
68,141,-1.07191148129
69,12,-0.856630116111
70,142,-1.03827398371
71,143,-0.341508291553
72,13,-1.04947892492
73,144,-1.09265229892
74,145,-1.01900995579
75,146,-1.10561980063
76,147,-1.09639971692
77,148,-1.05624462666
78,151,-1.17345795527
79,150,-1.06565831119
80,14,-0.996368822038
81,154,-0.883776393131
82,55,-0.735267879957
83,156,-1.03410142102
84,15,-1.01345634805
85,158,-0.733200860188
86,159,-0.932843520552
87,160,-1.13487121638
88,161,-1.10004760393
89,16,-1.00699337426
90,163,-0.855264388502
91,165,-1.13456525983
92,166,-0.885859253494
93,426,-1.03083776744
94,423,-1.08469410324
95,174,-1.0452247703
96,175,-1.100857049
97,176,-1.0895962508
98,177,-1.02681483343
99,178,-1.15817023028
100,181,-1.04427129559
101,183,-1.11385312406
102,184,-1.03346577846
103,188,-1.11872538363
104,189,-0.380420490764
105,190,-1.11729359822
106,438,-0.884287640178
107,193,-0.991076841341
108,196,-0.976725170465
109,195,-0.810955286144
110,18,-1.15146842717
111,197,-0.933250102262
112,199,-1.01846869802
113,200,-1.02036386889
114,388,-1.08327967467
115,201,-1.15200092055
116,202,-0.919300152241
117,204,-1.07205229382
118,19,-0.937664472713
119,207,-1.13349806851
120,214,-0.659103201913
121,217,-1.07926841938
122,219,-1.02932105305
123,220,-1.02505520141
124,222,-0.940263328772
125,225,-1.15755172481
126,226,-0.96936666111
127,378,-0.84253048347
128,230,-0.975366403841
129,232,-1.062446303
130,236,-1.02318030162
131,23,-0.900696332814
132,237,-0.96219608048
133,238,-1.08926060816
134,425,-1.14893414283
135,240,-0.79777714028
136,413,-1.17925222877
137,242,-1.04771865502
138,245,-1.04293448587
139,244,-1.02398041611
140,25,-0.961971780107
141,440,-1.13002057784
142,248,-1.07026054506
143,251,-1.00397818326
144,256,-1.13796834625
145,257,-1.06179833968
146,259,-1.02128223323
147,260,-1.10093331695
148,56,-0.979393017385
149,261,-1.09004481175
150,262,-1.07215987509
151,29,1.21082939089
152,266,-1.02014023313
153,267,-1.03351063934
154,441,-1.1106896057
155,30,-0.950760795741
156,424,-1.18270384591
157,273,-1.18854067241
158,274,-1.06184107383
159,276,-1.18207630611
160,278,-0.863624700116
161,280,-1.12484192529
162,534,-1.15969455297
163,283,-0.894960854472
164,284,-0.79900031042
165,286,-1.09027881509
166,287,-1.0501214604
167,444,-1.01042448209
168,289,-1.00837457861
169,290,-0.946373757181
170,291,-1.08178922707
171,293,-1.02826453847
172,292,-0.848332886359
173,32,-1.06962274673
174,294,-0.952291473353
175,295,-1.07493596957
176,296,-1.01325797687
177,298,-1.01034583496
178,299,-1.06174199139
179,442,-1.01732629348
180,301,-1.13055154589
181,33,-0.834677409075
182,305,-1.0554387654
183,381,-1.04494607552
184,310,-1.07240087961
185,57,-0.886055028323
186,315,-1.09811640675
187,316,-1.01629245091
188,320,-1.06050004971
189,322,-1.12189726705
190,326,-0.852010749767
191,327,-0.983591236022
192,328,-0.968858522734
193,332,-1.09986171332
194,333,-0.817448398431
195,334,-1.0910632208
196,35,-1.10459023522
197,452,-1.06982962782
198,336,-0.95168229764
199,41,-0.961064858246
200,337,-1.06963313436
201,36,-0.968950067594
202,341,-0.889847038886
203,342,-1.14108365623
204,344,-0.92941144675
205,345,-0.977427731214
206,349,-0.82132198181
207,350,-0.919692212481
208,393,-0.913055400563
209,421,-1.12349807857
210,355,-1.15166757584
211,356,-0.967036699077
212,411,-1.0778377343
213,446,-1.10561487271
214,360,-1.06362241645
215,436,-1.13703864924
216,362,-1.0858775159
217,60,-0.937648892491
218,449,-1.13943609231
219,363,-1.265595513
220,365,-1.14373248209
221,42,-0.854120066152
222,366,-1.02693147296
223,367,-1.08070333141
224,370,-1.06681414058
225,402,-1.12718449264
226,371,-0.857715887415
227,531,-0.913574709615
228,372,-0.986887547345
229,536,1.21752996366
230,44,0.466416765852
231,2,0.196782517279
232,45,1.20023467898
233,437,1.25310500078
234,46,1.20491074741
235,390,0.88162669573
236,51,0.80199694548
237,3,1.1216161389
238,58,1.19817794306
239,376,1.2594157177
240,62,1.21971103796
241,4,1.01749186004
242,64,1.13262941006
243,394,0.987106434464
244,410,0.907125227341
245,69,1.11873936988
246,72,1.20809186624
247,73,1.23845187834
248,395,1.09007863406
249,74,1.15096400232
250,75,1.16067589626
251,443,1.19037337648
252,448,1.07102265598
253,81,1.2134328713
254,82,1.29036596442
255,83,1.1559561644
256,84,1.2487391937
257,85,1.22814485881
258,86,1.15372414296
259,89,1.25874574974
260,92,1.06477394065
261,93,1.30486177273
262,94,0.874497215892
263,95,0.481094564698
264,96,1.18739948876
265,100,1.22637295193
266,101,0.56509284528
267,103,1.347283386
268,105,1.28972946458
269,104,1.28245254418
270,106,1.22977564506
271,107,1.28132722679
272,417,1.12994701101
273,108,1.15716590632
274,377,1.14585307324
275,112,1.2417897245
276,10,1.09221966692
277,114,1.14746156274
278,116,1.12125478176
279,408,1.0528056364
280,120,1.27775303601
281,121,1.28448363728
282,123,1.21206492696
283,484,0.90753057425
284,124,1.35536906622
285,401,1.1121159154
286,126,1.23394609072
287,68,1.177877795
288,382,0.964245556931
289,405,1.22675267507
290,138,1.3046587487
291,407,1.06837851926
292,487,0.601817535189
293,482,0.818584167585
294,383,1.19893494076
295,152,1.17000796844
296,153,0.788922337629
297,155,1.21636753083
298,157,1.24030246391
299,374,1.27585929054
300,472,1.16550284629
301,162,1.30446784285
302,455,1.21099721514
303,167,1.2640893016
304,168,1.07860683792
305,169,1.0726196955
306,17,1.25644540575
307,172,1.30765991241
308,485,1.16294265065
309,173,1.0899993075
310,389,1.27905842697
311,180,1.14332678731
312,182,1.17077160629
313,433,1.25266103713
314,186,1.11973430301
315,185,1.13162511315
316,191,1.16363776037
317,192,1.15174541497
318,457,1.24742230255
319,416,1.32644702368
320,419,1.31761996362
321,454,1.08975098758
322,194,1.06720676036
323,384,0.879009212739
324,430,1.04505822923
325,203,1.15966665724
326,205,1.15591722643
327,206,1.20462279781
328,209,1.2532867942
329,211,1.20488067411
330,212,1.2834594968
331,213,0.801835424901
332,215,0.929475191251
333,216,1.19842355871
334,398,1.34601987626
335,218,1.18079127178
336,431,1.04238433987
337,221,1.06160219135
338,223,1.04464735728
339,479,0.750622153551
340,434,0.783025450087
341,227,1.09367868041
342,20,0.150785102041
343,228,1.27543719529
344,21,1.05135541447
345,233,1.1623034863
346,234,1.14759825848
347,235,1.25522804996
348,22,0.299595650386
349,239,1.10444894898
350,241,1.19291286122
351,432,1.29632904631
352,24,1.20925445715
353,26,1.2271851156
354,246,1.30859520633
355,27,1.17204160742
356,404,0.68740251917
357,253,1.30585791207
358,254,1.31706021409
359,255,1.26915178292
360,480,1.20381050624
361,420,1.15474323433
362,447,1.13590986762
363,28,0.522015128827
364,263,1.33799706926
365,264,1.31918669263
366,379,1.16755810959
367,268,1.28350624617
368,269,1.02285737345
369,400,0.88024571055
370,270,0.936579852987
371,271,0.19052444328
372,272,1.1771323637
373,456,1.18018490052
374,275,1.0449705554
375,279,1.25094436737
376,281,1.1874704968
377,31,0.506089888284
378,282,1.20445388887
379,288,1.099278378
380,300,1.22175895255
381,396,0.811050648689
382,303,1.06593879673
383,304,1.26518267894
384,306,1.01867163041
385,338,1.27400605905
386,308,1.10633845559
387,309,1.31092749697
388,311,1.31557543902
389,312,1.25232595958
390,483,0.949568599196
391,313,0.809776097421
392,34,1.20076688471
393,318,1.17263375018
394,317,1.02500428367
395,321,1.17877234059
396,323,1.12812003685
397,478,1.16866725259
398,325,1.14133086291
399,387,0.585436329299
400,329,1.22689043154
401,330,1.24278271834
402,331,1.18729725359
403,335,1.31120816733
404,392,1.17729079522
405,397,1.27392043717
406,340,1.15830695654
407,339,1.12300768142
408,37,1.16808250127
409,385,1.19991870498
410,346,1.22903565675
411,348,1.24795021605
412,351,1.28878313935
413,399,1.0687861904
414,450,1.05162701595
415,451,0.84918939275
416,352,1.29462346567
417,353,1.18656141491
418,357,1.02026358162
419,358,1.17686973644
420,359,1.23668091733
421,533,1.25868567457
422,38,1.2653262024
423,361,1.22655193532
424,364,1.32293241884
425,369,1.3583499933
426,139,1.0278793634
427,231,-1.1699538506
428,224,-1.01717451545
429,78,1.26952356782
430,229,1.25284704983
431,297,-0.787469100423
432,458,-0.955393831925
433,493,-1.15120065211
434,459,-1.2132059939
435,525,-0.33778793618
436,488,-1.02679896901
437,461,1.21043045154
438,97,-1.07161793656
439,445,-1.07247554408
440,129,-0.882586745774
441,8,-0.858104227536
442,373,-0.842158095692
443,187,-1.08853248792
444,210,-1.02616347827
445,265,-0.92362138978
446,149,-1.19867268182
447,302,-0.945275194864
448,307,0.997910067861
449,319,-1.14024816689
450,164,-1.19494772999
451,324,-0.894429621024
452,347,-1.13179052064
453,354,-1.06804236889
454,460,-1.06031113481
455,208,-0.790196510165
456,510,0.920160998917
457,87,-1.14531776481
458,535,0.597020999522
459,538,0.624632713206
460,243,0.834156279002
461,277,0.923818320557
462,285,-0.772535974255
463,517,-0.89547500126
464,519,1.02327489871
465,9,1.07380151053
466,11,1.0907540352
467,515,1.08146037141
468,532,1.04326238093
469,115,0.786961093813
470,469,-0.857995930549
471,470,-0.101737689206
472,506,1.04866998367
473,490,-0.829488797798
474,471,-1.13585316393
475,476,0.47975622678
476,474,1.09488508161
477,477,-1.20246957424
478,499,0.930061328475
479,429,-1.28894098157
480,505,0.902968831117
481,179,0.954350510521
482,497,-1.16354267092
483,540,0.532324408461
484,541,0.990930598116
485,170,0.860805825011
486,427,0.677444076972
487,171,1.04864922746
488,502,-0.908487369099
489,486,-1.20506850264
490,504,-0.859456548573
491,492,-1.11475465511
492,542,0.917568006078
493,453,0.809527954205
494,526,1.71240273757
495,418,0.702831619594
496,198,-0.538316758695
497,508,0.90617303978
498,527,0.8420839162
499,509,1.10032375144
500,544,0.963005138688
501,507,0.265922427383
502,511,-0.646141138951
503,512,0.689902724706
504,491,-1.11545429627
505,258,1.06719961994
506,494,1.09575527076
507,247,0.901587866143
508,249,-0.961901950153
509,250,-0.261258708782
510,252,1.08980228273
511,513,0.977750092523
512,516,0.824611366489
513,514,-0.892517060132
514,545,0.490193731713
515,495,1.1602674475
516,518,0.58538874458
517,498,-1.13761500162
518,546,1.02759678019
519,380,0.950201719296
520,314,0.860889813808
521,500,0.833210243312
522,521,1.14477895987
523,523,0.817267000332
524,343,-1.20929287664
525,547,0.911060010498
526,501,0.959055270387
527,503,0.781676641481
528,415,1.06385211294
529,524,0.965629420715
530,473,-0.845948790075
531,368,1.08023762109
532,522,-1.12945903498
533,539,-0.940952230825
534,496,-1.08258633742
535,475,-1.19451456254
536,481,-0.827189990916
537,543,0.607958023286
538,528,1.00940094453
539,520,-0.624808005352
540,462,0.996108041701
541,463,-1.12516285746
542,464,-0.711889395782
543,465,-1.10657681846
544,467,1.18066227487
545,466,1.05413232536
546,468,-0.822519929472
547,489,0.822457728199
