,legislator,theta
0,39,-0.945571218313
1,530,-0.784196654365
2,40,-0.747673198737
3,375,-0.901328309953
4,0,-1.06514381736
5,1,-0.845913233259
6,43,-0.823691787611
7,414,-1.14818043534
8,47,-0.934640467609
9,48,-1.24093591488
10,49,-0.977378419933
11,50,-1.32713416072
12,52,-1.30158795813
13,53,-1.4000477893
14,529,-0.81896619768
15,59,-1.06628862799
16,61,-1.22629047923
17,439,-1.31271086929
18,63,-0.913962617399
19,412,-0.949284556839
20,5,-0.886247842325
21,65,-0.90271442249
22,66,-1.05104531128
23,67,-1.03408568349
24,70,-0.87080671138
25,6,-0.932791420384
26,7,-1.26567905155
27,537,-1.06019067311
28,71,-0.827476959861
29,76,-1.00998194755
30,77,-0.962496215199
31,79,-1.40393040737
32,80,-1.07949176859
33,54,-1.12362207345
34,88,-0.841207963708
35,90,-0.838156997851
36,406,-1.24446117078
37,435,-0.890536843562
38,91,-1.26118483857
39,391,-0.993899324792
40,386,-1.29748330892
41,428,-0.918012636009
42,98,-0.963827165961
43,99,-0.846744454646
44,102,-0.943354484953
45,422,-0.950531712631
46,409,-0.728767083962
47,109,-0.794997993943
48,110,-0.706275081514
49,403,-1.36622784614
50,111,-1.18932574085
51,113,-0.713240235471
52,117,-1.00663398078
53,118,-1.52342866139
54,119,-0.739307465167
55,122,-0.925615589796
56,125,-1.06672669448
57,127,-1.26136569008
58,128,-0.485979408944
59,130,-1.1672920854
60,131,-1.52372901125
61,132,-1.31916279407
62,133,-0.915756464562
63,134,-0.757540454694
64,135,-1.2041257946
65,136,-1.42313445016
66,137,-0.7574562358
67,140,-0.91342331621
68,141,-1.201742451
69,12,-0.728055762482
70,142,-1.10009779318
71,143,-0.204276247036
72,13,-1.24463089653
73,144,-1.03838845439
74,145,-1.09064826132
75,146,-1.00654630414
76,147,-1.22515776594
77,148,-1.08387025256
78,151,-1.24701125867
79,150,-1.12217180094
80,14,-0.926129564952
81,154,-0.793227397564
82,55,-0.553807273999
83,156,-1.01916842672
84,15,-1.04388089002
85,158,-0.530585046992
86,159,-0.888865704725
87,160,-1.21315643477
88,161,-1.11963031747
89,16,-0.885756944289
90,163,-0.727157394344
91,165,-1.36571597653
92,166,-0.703477347062
93,426,-1.36195424176
94,423,-1.52223355326
95,174,-1.04658557725
96,175,-1.14721662611
97,176,-1.21746250853
98,177,-1.11458906116
99,178,-1.14941075272
100,181,-1.00010048345
101,183,-1.21004199666
102,184,-1.03722304589
103,188,-1.36981174803
104,189,-0.289970794355
105,190,-1.42878937902
106,438,-0.73750724903
107,193,-0.915375909209
108,196,-1.06772360758
109,195,-0.627727211626
110,18,-1.26733598507
111,197,-0.879858144385
112,199,-1.07749805654
113,200,-1.10065938588
114,388,-1.15181832512
115,201,-1.22649999548
116,202,-0.718888665313
117,204,-1.16521049144
118,19,-0.727628897205
119,207,-1.30385522984
120,214,-0.475706097003
121,217,-1.3534858545
122,219,-0.918242175221
123,220,-1.02856014464
124,222,-1.10062084164
125,225,-1.26768162782
126,226,-0.898008784076
127,378,-0.901288950685
128,230,-1.10583068021
129,232,-1.07915018414
130,236,-1.2882925929
131,23,-0.805888563923
132,237,-0.827691160238
133,238,-0.923482313223
134,425,-1.18525997585
135,240,-0.676640406078
136,413,-1.18991852909
137,242,-1.21481730538
138,245,-1.14646397288
139,244,-1.11067296749
140,25,-0.902028774399
141,440,-1.14710452523
142,248,-1.1276781084
143,251,-1.05502350063
144,256,-1.44106302659
145,257,-0.960747278165
146,259,-1.04623235826
147,260,-0.992909786128
148,56,-1.17090442018
149,261,-1.18070207894
150,262,-1.21271808973
151,29,1.28824798768
152,266,-1.05141391652
153,267,-0.964917767903
154,441,-1.14013956837
155,30,-0.880579238308
156,424,-1.42126748811
157,273,-1.1536177256
158,274,-1.09383041931
159,276,-1.37694109546
160,278,-0.842844339174
161,280,-1.41579449786
162,534,-1.09664894408
163,283,-0.765763717305
164,284,-0.635619866895
165,286,-0.886776134728
166,287,-1.26833416295
167,444,-1.18349801576
168,289,-0.871616992357
169,290,-0.916720004417
170,291,-1.06674498901
171,293,-0.912364802346
172,292,-0.815769123344
173,32,-1.02701713142
174,294,-0.863505553775
175,295,-1.34943022425
176,296,-1.00112201182
177,298,-0.969349691755
178,299,-1.09631686301
179,442,-1.09040721658
180,301,-1.00286940837
181,33,-0.608341913534
182,305,-1.16308389569
183,381,-1.07393787813
184,310,-1.42610652547
185,57,-0.748717176321
186,315,-1.19138341542
187,316,-1.32997266239
188,320,-1.0052965113
189,322,-1.28887732662
190,326,-0.777068535264
191,327,-0.939244403854
192,328,-0.745881721372
193,332,-1.22623947987
194,333,-0.609889255851
195,334,-1.2236275494
196,35,-1.10486980634
197,452,-0.983236930442
198,336,-0.876662262084
199,41,-1.04711381047
200,337,-1.27661559933
201,36,-0.881268477726
202,341,-0.775574690702
203,342,-1.20997011408
204,344,-1.00381943294
205,345,-1.10531679008
206,349,-0.708694981744
207,350,-0.881602639589
208,393,-0.71368569733
209,421,-1.15032808389
210,355,-1.3569928337
211,356,-0.86974169559
212,411,-1.08174824721
213,446,-1.5543379558
214,360,-0.934633050717
215,436,-1.25103121787
216,362,-1.14860759603
217,60,-0.82300973337
218,449,-1.41435567784
219,363,-1.30917599028
220,365,-0.944031040377
221,42,-0.729292518394
222,366,-1.03515954035
223,367,-1.04286945591
224,370,-1.11189274274
225,402,-1.16624205449
226,371,-0.719618276248
227,531,-0.936715058409
228,372,-0.988103614672
229,536,1.06115678594
230,44,0.408635999562
231,2,0.25674786055
232,45,1.45273850649
233,437,1.32592880044
234,46,1.59907433348
235,390,0.788642920152
236,51,0.655161387192
237,3,1.16483144969
238,58,1.39212977662
239,376,1.39520656293
240,62,1.42724571053
241,4,0.935069588294
242,64,1.2111330348
243,394,0.976520099735
244,410,0.733874023909
245,69,1.07931511438
246,72,1.26212770082
247,73,1.42346336046
248,395,1.09885280348
249,74,1.07378301569
250,75,1.16858595215
251,443,1.38703228432
252,448,1.17828708807
253,81,1.42450045718
254,82,1.51482686784
255,83,1.62722194887
256,84,1.33799704332
257,85,1.16962179928
258,86,1.12126497403
259,89,1.40655693151
260,92,1.13406991411
261,93,1.52975152829
262,94,0.746426254353
263,95,0.376322162358
264,96,1.16022981707
265,100,1.47347860036
266,101,0.500527891554
267,103,1.41795726513
268,105,1.28137089035
269,104,1.29870246417
270,106,1.14543879395
271,107,1.48351333492
272,417,0.938456856929
273,108,1.31061064064
274,377,1.0206334923
275,112,1.33094365939
276,10,1.23663740092
277,114,1.28912419194
278,116,1.27711876257
279,408,0.929837003747
280,120,1.58970108438
281,121,1.47793595598
282,123,1.28265417179
283,484,0.779468778687
284,124,1.32070100949
285,401,1.1263744015
286,126,1.27881722324
287,68,1.34207875262
288,382,0.851837516952
289,405,1.34398569992
290,138,1.3308847452
291,407,0.95382783297
292,487,0.497142519283
293,482,0.662658001281
294,383,1.19130902364
295,152,1.15986380793
296,153,0.638688956788
297,155,1.45621476324
298,157,1.25004234099
299,374,1.30901999164
300,472,1.24720746875
301,162,1.41101653953
302,455,1.10222951103
303,167,1.30596514472
304,168,1.01834345061
305,169,0.948971012452
306,17,1.36200235267
307,172,1.48185996974
308,485,1.19220468879
309,173,1.13620023508
310,389,1.39638161128
311,180,1.20928535298
312,182,1.19383316653
313,433,1.28961459384
314,186,1.22876588745
315,185,1.26126556066
316,191,1.15486748425
317,192,1.12683672916
318,457,1.35649834186
319,416,1.429359227
320,419,1.43407322041
321,454,0.988805968852
322,194,0.980455922936
323,384,0.709584211879
324,430,0.956975652805
325,203,1.22069351586
326,205,1.20347848582
327,206,1.22254851071
328,209,1.59610920784
329,211,1.34027864371
330,212,1.67767260984
331,213,0.762733077705
332,215,0.818547547614
333,216,1.18804323119
334,398,1.54743024816
335,218,1.40379854941
336,431,0.968996074328
337,221,1.17818172503
338,223,1.02621475546
339,479,0.56226314907
340,434,0.69797314074
341,227,1.27353607006
342,20,0.126487858313
343,228,1.30601496291
344,21,0.912065836989
345,233,1.13763322737
346,234,1.37149569093
347,235,1.40781528205
348,22,0.218958978301
349,239,1.04434754665
350,241,1.3232410703
351,432,1.26107342512
352,24,1.03152378488
353,26,1.33411938289
354,246,1.30283139295
355,27,1.11525812664
356,404,0.596570155277
357,253,1.47145632296
358,254,1.42944945231
359,255,1.50997702265
360,480,1.18931522758
361,420,1.011757448
362,447,1.10743416829
363,28,0.466492680828
364,263,1.45677612466
365,264,1.26690910718
366,379,1.50756505502
367,268,1.4789525528
368,269,0.861639401138
369,400,0.659291296537
370,270,0.828842503764
371,271,0.232478328919
372,272,1.43654145321
373,456,1.49297486268
374,275,0.844581627567
375,279,1.20309898611
376,281,1.32881048546
377,31,0.448199771134
378,282,1.28977227415
379,288,1.11757939917
380,300,1.49334580669
381,396,0.669510232658
382,303,0.982658193151
383,304,1.25306465843
384,306,1.06787738169
385,338,1.3734947385
386,308,1.01601299072
387,309,1.40937572914
388,311,1.54647381642
389,312,1.32402419623
390,483,0.781885273136
391,313,0.633881116977
392,34,1.37053029823
393,318,1.21158368955
394,317,0.975711141606
395,321,1.38689684661
396,323,0.921229489506
397,478,1.13866779721
398,325,1.18786252357
399,387,0.455685622929
400,329,1.24132584027
401,330,1.29548002747
402,331,1.15299302723
403,335,1.46293333934
404,392,1.10524616811
405,397,1.38846143866
406,340,1.32288096974
407,339,1.13996913893
408,37,1.24080741846
409,385,1.24603449786
410,346,1.45015883152
411,348,1.40927077985
412,351,1.4542144327
413,399,1.04754603437
414,450,1.10051993842
415,451,0.683948112635
416,352,1.37749225308
417,353,1.11904375006
418,357,0.872737491211
419,358,1.10980363892
420,359,1.36471606604
421,533,1.59611058901
422,38,1.51215992962
423,361,1.32538696393
424,364,1.58747231886
425,369,1.32010747407
426,139,0.894232463057
427,231,-1.15969670585
428,224,-1.01637865079
429,78,1.30761280893
430,229,1.2794401041
431,297,-0.69428022592
432,458,-0.819870916263
433,493,-0.913004175574
434,459,-1.37798771252
435,525,-1.4763011796
436,488,-0.967068231041
437,461,1.40762490558
438,97,-1.33356516021
439,445,-1.55172753655
440,129,-0.84561188537
441,8,-0.880837480789
442,373,-0.709332932544
443,187,-1.47983966604
444,210,-1.31240842863
445,265,-1.39900910535
446,149,-1.81440660403
447,302,-1.01402242252
448,307,1.38763216753
449,319,-1.50036967205
450,164,-1.54881758153
451,324,-1.33065489245
452,347,-1.2467981559
453,354,-1.22224217325
454,460,-0.888238042201
455,208,-0.668021425927
456,510,1.50945766579
457,87,-1.38707103152
458,535,0.578047423668
459,538,0.540295160414
460,243,0.844001458974
461,277,1.32087449807
462,285,-0.872783039121
463,517,-0.974089034429
464,519,1.45839155312
465,9,1.116370263
466,11,1.51059326181
467,515,1.4630937631
468,532,0.850029943175
469,115,1.01484376569
470,469,-0.670931690764
471,470,-0.274675268304
472,506,0.954129060446
473,490,-0.832993527611
474,471,-1.4884251327
475,476,0.50587473077
476,474,1.27218976199
477,477,-1.19544291359
478,499,1.18182660502
479,429,-1.42549288237
480,505,1.56222220151
481,179,1.43356992175
482,497,-1.40871659256
483,540,0.57919524089
484,541,1.11238469531
485,170,0.798667709912
486,427,0.668685751548
487,171,1.33443198541
488,502,-0.778907864025
489,486,-1.65697499602
490,504,-0.825849179294
491,492,-1.06942019969
492,542,1.02928376052
493,453,0.817595967405
494,526,2.21009030277
495,418,0.562701181185
496,198,-0.528120036662
497,508,0.840346842057
498,527,1.69795499682
499,509,1.34886344533
500,544,1.28012744201
501,507,0.230700172308
502,511,-0.751366125281
503,512,0.580143555695
504,491,-1.30699277361
505,258,1.41193077091
506,494,0.995748395439
507,247,1.14100059613
508,249,-1.22042297819
509,250,-0.346165432583
510,252,1.29854497544
511,513,1.25274261816
512,516,0.969158764262
513,514,-0.863082475894
514,545,0.372471624494
515,495,1.4229016634
516,518,0.692076506744
517,498,-1.76258956061
518,546,1.25818956856
519,380,1.44651249321
520,314,1.15691932572
521,500,1.11211940443
522,521,1.2253558885
523,523,0.54876961453
524,343,-1.29415182951
525,547,0.675771335031
526,501,1.37954207039
527,503,0.651671057901
528,415,1.23755176348
529,524,1.37598126976
530,473,-0.796014964824
531,368,0.828473455874
532,522,-0.999373084985
533,539,-0.957751813665
534,496,-1.14643786417
535,475,-1.30066150601
536,481,-0.713951380514
537,543,0.714653192477
538,528,1.28474447268
539,520,-0.939696647303
540,462,1.19818881819
541,463,-1.25097259945
542,464,-0.551745282725
543,465,-1.44632329686
544,467,1.51838750243
545,466,0.590523424258
546,468,-0.8287565585
547,489,0.942886578672
