,legislator,theta
0,39,-0.897772564334
1,530,-0.811046576205
2,40,-0.800760282737
3,375,-0.978132298174
4,0,-1.01516249696
5,1,-0.865909601484
6,43,-0.789251730786
7,414,-1.04072876594
8,47,-0.942053508504
9,48,-1.18468376935
10,49,-1.13969866327
11,50,-1.35995376947
12,52,-1.39957020063
13,53,-1.28031169325
14,529,-0.899277002313
15,59,-1.12130645891
16,61,-1.26715957718
17,439,-1.39090058085
18,63,-1.01125365813
19,412,-0.923455928602
20,5,-0.775042989806
21,65,-0.98084901438
22,66,-1.07336087588
23,67,-1.06562772702
24,70,-0.803984053652
25,6,-0.913942591416
26,7,-1.026196676
27,537,-1.04409500749
28,71,-0.843086865986
29,76,-1.02474834763
30,77,-0.992373643476
31,79,-1.32385023704
32,80,-1.19169122555
33,54,-1.1407240075
34,88,-0.898955760485
35,90,-0.830767113617
36,406,-1.44132632624
37,435,-0.946235994247
38,91,-1.41401402054
39,391,-1.0927015796
40,386,-1.49295061238
41,428,-0.989080731295
42,98,-0.957636685964
43,99,-0.787299338296
44,102,-0.976912981523
45,422,-1.01713079953
46,409,-0.824676476543
47,109,-0.705204129335
48,110,-0.672307433354
49,403,-1.32615329894
50,111,-1.31459558679
51,113,-0.658183126307
52,117,-1.0576121513
53,118,-1.66462675099
54,119,-0.768647017978
55,122,-0.98771981792
56,125,-1.08575696655
57,127,-1.33136416254
58,128,-0.476070546441
59,130,-1.12856558289
60,131,-1.56993367304
61,132,-1.41558882568
62,133,-1.01827944229
63,134,-0.745838965943
64,135,-1.33128308799
65,136,-1.50520067702
66,137,-0.719348982454
67,140,-0.914168434059
68,141,-1.19978207249
69,12,-0.749292326142
70,142,-1.17647478793
71,143,-0.227503122094
72,13,-1.26282482979
73,144,-1.16824598666
74,145,-1.2400613426
75,146,-1.01430183469
76,147,-1.36742969746
77,148,-1.21171163338
78,151,-1.25397415531
79,150,-1.0582386037
80,14,-0.980273655924
81,154,-0.846335769387
82,55,-0.581672083454
83,156,-1.13962203353
84,15,-0.904483690743
85,158,-0.535061046717
86,159,-0.898191008525
87,160,-1.18896946398
88,161,-1.01134110761
89,16,-0.808511385368
90,163,-0.733402800454
91,165,-1.4459961098
92,166,-0.734870741539
93,426,-1.49168668016
94,423,-1.55607431231
95,174,-1.08661923689
96,175,-1.31757752333
97,176,-1.25706671152
98,177,-1.14304766254
99,178,-1.27412273127
100,181,-1.10677567268
101,183,-1.23115687942
102,184,-1.1565945578
103,188,-1.43005007192
104,189,-0.267784124572
105,190,-1.46874327274
106,438,-0.749273184115
107,193,-0.910336876527
108,196,-1.09967576632
109,195,-0.576738397019
110,18,-1.4138296377
111,197,-0.764302944854
112,199,-0.990364219712
113,200,-1.12789699651
114,388,-1.24433096395
115,201,-1.46313791209
116,202,-0.752887309291
117,204,-1.22907203265
118,19,-0.688705651474
119,207,-1.39765714626
120,214,-0.493215151077
121,217,-1.25920092096
122,219,-0.827210502029
123,220,-0.98548989082
124,222,-1.07978554805
125,225,-1.38582564914
126,226,-0.896371267823
127,378,-0.852417106157
128,230,-0.944333910701
129,232,-1.13528797655
130,236,-1.33542205339
131,23,-0.911433785668
132,237,-0.716145830362
133,238,-0.929521412417
134,425,-1.3356078913
135,240,-0.762357600278
136,413,-1.284569077
137,242,-1.1824742656
138,245,-1.18455379212
139,244,-1.09259247158
140,25,-0.689862734099
141,440,-1.22975499117
142,248,-1.28629187743
143,251,-0.905885495846
144,256,-1.52642741486
145,257,-0.94714690192
146,259,-1.07082572046
147,260,-0.956501721408
148,56,-0.97037890289
149,261,-1.26914249754
150,262,-1.33540493117
151,29,1.25643127839
152,266,-0.975492956945
153,267,-0.982163952953
154,441,-1.15966008721
155,30,-0.908740012733
156,424,-1.46390767698
157,273,-1.15864100816
158,274,-1.1663073914
159,276,-1.53491822003
160,278,-0.888864344315
161,280,-1.39638632741
162,534,-1.11060148847
163,283,-0.705566933269
164,284,-0.653614432184
165,286,-0.860930873485
166,287,-1.30896312798
167,444,-1.20129086487
168,289,-0.895031243079
169,290,-0.924611757089
170,291,-1.09427044854
171,293,-1.00593796203
172,292,-0.85344748353
173,32,-0.99961753075
174,294,-0.876663936886
175,295,-1.37116815365
176,296,-0.890268695744
177,298,-0.978913047276
178,299,-1.03397031802
179,442,-1.05722747894
180,301,-1.2155160416
181,33,-0.647971819888
182,305,-1.24566207919
183,381,-1.25202200426
184,310,-1.44633546407
185,57,-0.79448172793
186,315,-1.30954906613
187,316,-1.35591969373
188,320,-1.03204422022
189,322,-1.30099931275
190,326,-0.79659013142
191,327,-1.02006755181
192,328,-0.801502411403
193,332,-1.2984722247
194,333,-0.612929119039
195,334,-1.14644742947
196,35,-1.04553095033
197,452,-1.03507517739
198,336,-0.866682524872
199,41,-0.980283638449
200,337,-1.36956502855
201,36,-0.979528617608
202,341,-0.731593017273
203,342,-1.2476362952
204,344,-0.904181558326
205,345,-0.967248252745
206,349,-0.752900625666
207,350,-0.784140829656
208,393,-0.689608098985
209,421,-1.15311940637
210,355,-1.27028063194
211,356,-0.941827907828
212,411,-1.06595554631
213,446,-1.63059109496
214,360,-0.989197785327
215,436,-1.31081890957
216,362,-1.35842046087
217,60,-0.856386283821
218,449,-1.46037349905
219,363,-1.30520209492
220,365,-1.01236896082
221,42,-0.692056115027
222,366,-0.872809616616
223,367,-1.1607273742
224,370,-1.17201766807
225,402,-1.18854055193
226,371,-0.68127727046
227,531,-0.774408548297
228,372,-1.01535641604
229,536,1.04810812662
230,44,0.39456375611
231,2,0.258926124753
232,45,1.46108285094
233,437,1.37446611168
234,46,1.57831801411
235,390,0.802443240432
236,51,0.616447489366
237,3,1.14948627456
238,58,1.33607259211
239,376,1.55675524494
240,62,1.3478908586
241,4,0.906530974807
242,64,1.18831600459
243,394,0.933543227331
244,410,0.78044645489
245,69,1.19286562262
246,72,1.18502920783
247,73,1.34746934273
248,395,1.14741314765
249,74,1.0280670924
250,75,1.14475752955
251,443,1.30492462266
252,448,1.22342690045
253,81,1.44569722814
254,82,1.44514423763
255,83,1.56057479878
256,84,1.35522892453
257,85,1.22621184138
258,86,1.13717437175
259,89,1.34222260177
260,92,1.22163689242
261,93,1.5348220482
262,94,0.7274099226
263,95,0.335125425838
264,96,1.12008497343
265,100,1.26159137709
266,101,0.462375331463
267,103,1.41190815727
268,105,1.35874886525
269,104,1.49667920006
270,106,1.04238893519
271,107,1.50441050836
272,417,0.988612855739
273,108,1.33897981823
274,377,0.974468723579
275,112,1.40120627324
276,10,1.31879624024
277,114,1.2363640809
278,116,1.306000831
279,408,0.930510310055
280,120,1.5338271063
281,121,1.54566449823
282,123,1.3327583178
283,484,0.721605735349
284,124,1.44107590392
285,401,1.04436925104
286,126,1.44467242378
287,68,1.47487358649
288,382,0.840502972971
289,405,1.37429819772
290,138,1.43472427407
291,407,0.981384781296
292,487,0.521830130935
293,482,0.645842339344
294,383,1.25421658731
295,152,1.15044780299
296,153,0.670609106261
297,155,1.47247497647
298,157,1.41798306953
299,374,1.3205967669
300,472,1.25292271247
301,162,1.33442705456
302,455,1.25498567815
303,167,1.3814450377
304,168,1.06367256705
305,169,0.93616395397
306,17,1.45223606335
307,172,1.51968948653
308,485,1.09246799187
309,173,1.22864695476
310,389,1.51895631863
311,180,1.12813960426
312,182,1.11651553204
313,433,1.37014868714
314,186,1.29446361157
315,185,1.27164013027
316,191,1.16577270675
317,192,1.1457310626
318,457,1.37665753079
319,416,1.41746075284
320,419,1.361551599
321,454,1.0663821124
322,194,0.995874357014
323,384,0.80532845555
324,430,0.999101624497
325,203,1.29682269831
326,205,1.12602274688
327,206,1.33731084057
328,209,1.59472804419
329,211,1.34165379241
330,212,1.57339405497
331,213,0.703763499714
332,215,0.860937595546
333,216,1.16379834565
334,398,1.66953235502
335,218,1.34538711947
336,431,1.01596945744
337,221,1.17112553912
338,223,1.07925652038
339,479,0.581209847981
340,434,0.665664509287
341,227,1.60484450749
342,20,0.11416074457
343,228,1.45780396165
344,21,1.0907577393
345,233,1.13830063244
346,234,1.49274242146
347,235,1.54930190204
348,22,0.214262462313
349,239,0.966722761493
350,241,1.30490201912
351,432,1.28230621481
352,24,0.987496330722
353,26,1.37634080184
354,246,1.45314840473
355,27,1.11650686053
356,404,0.552759110238
357,253,1.65498888227
358,254,1.61880638009
359,255,1.58011661994
360,480,1.27045849213
361,420,1.0359603798
362,447,1.17787001205
363,28,0.429654658459
364,263,1.73143732803
365,264,1.38880844535
366,379,1.54571963113
367,268,1.57207527248
368,269,0.856727943245
369,400,0.652090127156
370,270,0.808381378657
371,271,0.182273994577
372,272,1.43893365714
373,456,1.73969076146
374,275,0.846964183232
375,279,1.24593237699
376,281,1.37741515557
377,31,0.402384271719
378,282,1.2949509284
379,288,1.00814032942
380,300,1.48787389388
381,396,0.663382303294
382,303,0.950712170061
383,304,1.27201027092
384,306,1.1126735796
385,338,1.33080047349
386,308,1.06432684475
387,309,1.47135890641
388,311,1.64482636966
389,312,1.35926654527
390,483,0.798207498596
391,313,0.588617102316
392,34,1.21461836288
393,318,1.35443591655
394,317,0.910254904107
395,321,1.68442928832
396,323,0.917401136611
397,478,1.09104086308
398,325,1.20470687226
399,387,0.444110009112
400,329,1.33523074127
401,330,1.37506092181
402,331,1.10683255261
403,335,1.54563607977
404,392,1.15297673331
405,397,1.48534596794
406,340,1.30229759322
407,339,1.22677366757
408,37,1.35587965941
409,385,1.31590318651
410,346,1.49199621276
411,348,1.36522713285
412,351,1.52164054374
413,399,1.10106370863
414,450,1.04126421828
415,451,0.627798230732
416,352,1.46624511975
417,353,1.17500557022
418,357,0.743522484748
419,358,1.14976287408
420,359,1.37050609261
421,533,1.51302124925
422,38,1.58899821557
423,361,1.33822287438
424,364,1.72215044793
425,369,1.34550656865
426,139,0.938757886138
427,231,-1.14811443047
428,224,-1.06414402837
429,78,1.3127451711
430,229,1.20600017718
431,297,-0.664375408994
432,458,-0.877173945902
433,493,-0.655469067589
434,459,-1.54689320304
435,525,-0.174192356828
436,488,-1.02284689437
437,461,1.51290150003
438,97,-1.34632272471
439,445,-1.81587466393
440,129,-0.817607083243
441,8,-1.08907185864
442,373,-0.79291369851
443,187,-1.53752700139
444,210,-1.55934132621
445,265,-1.52461202204
446,149,-1.96655110665
447,302,-1.33355819593
448,307,1.56171535846
449,319,-1.68161162201
450,164,-1.59545012061
451,324,-1.45853599971
452,347,-1.31053719804
453,354,-1.26097708551
454,460,-0.905257480433
455,208,-0.733469425289
456,510,1.39158120971
457,87,-1.79248251723
458,535,0.566747970799
459,538,0.774554573832
460,243,0.911191571377
461,277,1.59067079697
462,285,-0.992347406678
463,517,-1.16837557862
464,519,1.51694246467
465,9,1.34436081882
466,11,1.68745902418
467,515,1.30222035321
468,532,0.896248535545
469,115,1.02941647193
470,469,-0.693752599148
471,470,-0.245690727333
472,506,1.21614098881
473,490,-1.03893910782
474,471,-1.48862930779
475,476,0.640877159221
476,474,1.33812871883
477,477,-1.81546946007
478,499,1.25127597019
479,429,-1.72537566676
480,505,1.61347216607
481,179,1.35003389074
482,497,-1.55824302751
483,540,0.44969462204
484,541,1.13202536134
485,170,1.17695861836
486,427,0.709333524369
487,171,1.67788490802
488,502,-0.827944046081
489,486,-1.7730469737
490,504,-0.907797747099
491,492,-1.10545907985
492,542,1.05352722688
493,453,0.910687611031
494,526,0.193728012444
495,418,0.688099396357
496,198,-0.569906377415
497,508,1.06327297608
498,527,1.87966687086
499,509,1.21635185108
500,544,1.47481728319
501,507,0.235930459586
502,511,-0.723763812443
503,512,0.572421538564
504,491,-1.24714911241
505,258,1.47126077074
506,494,1.12665360615
507,247,1.48152979201
508,249,-1.35620483055
509,250,-0.324070532282
510,252,1.74840012842
511,513,1.41471248175
512,516,1.09346531848
513,514,-0.915720569468
514,545,0.404939194221
515,495,1.60554806852
516,518,0.790627210011
517,498,-1.77196345931
518,546,1.3255414961
519,380,1.74579773671
520,314,1.49271398808
521,500,1.0499548158
522,521,1.47098938484
523,523,0.599502731532
524,343,-1.58219721063
525,547,0.833670606503
526,501,1.30814459876
527,503,0.844325414487
528,415,1.50663357828
529,524,1.44671927899
530,473,-0.815286313714
531,368,1.20120564617
532,522,-1.27195817919
533,539,-1.00346038507
534,496,-1.3673700199
535,475,-1.6658585231
536,481,-0.734054074407
537,543,0.716177440227
538,528,1.32861408361
539,520,-0.46315827011
540,462,1.40176947846
541,463,-1.41122171944
542,464,-0.647627718279
543,465,-1.36900650727
544,467,0.734509670948
545,466,1.04087631452
546,468,-1.03885286652
547,489,1.21040553902
