,legislator,theta
0,39,-0.976312713573
1,530,-0.797352761534
2,40,-0.808617968894
3,375,-0.993652883515
4,0,-1.01900038044
5,1,-0.841387511104
6,43,-0.81011328535
7,414,-1.04456481182
8,47,-0.959460163175
9,48,-1.20427817696
10,49,-1.16235451419
11,50,-1.39357960276
12,52,-1.41101655531
13,53,-1.26738947503
14,529,-0.953686423752
15,59,-1.15940885812
16,61,-1.25857387538
17,439,-1.41935010602
18,63,-0.974673101458
19,412,-0.980318354657
20,5,-0.764456003129
21,65,-1.01241513095
22,66,-1.09373898088
23,67,-1.04432711307
24,70,-0.790818351332
25,6,-0.924453718295
26,7,-1.07736860051
27,537,-1.04447927493
28,71,-0.822730174306
29,76,-1.00663158633
30,77,-1.03616524191
31,79,-1.31127671353
32,80,-1.16170156651
33,54,-1.13007823749
34,88,-0.925882837866
35,90,-0.830685052729
36,406,-1.40040780407
37,435,-0.943691801535
38,91,-1.4507029911
39,391,-1.07730482712
40,386,-1.48284213364
41,428,-0.985581065831
42,98,-0.948616203569
43,99,-0.759063905673
44,102,-1.02693591728
45,422,-1.02209882055
46,409,-0.789103386843
47,109,-0.700481533987
48,110,-0.670079747183
49,403,-1.33284876207
50,111,-1.34295339165
51,113,-0.647927490671
52,117,-1.0378981436
53,118,-1.68271490793
54,119,-0.751749145282
55,122,-1.00661865072
56,125,-1.12654437336
57,127,-1.31836913434
58,128,-0.508225778781
59,130,-1.1281644444
60,131,-1.53844412085
61,132,-1.44807308632
62,133,-1.02569469444
63,134,-0.715247294375
64,135,-1.37135826003
65,136,-1.48182239033
66,137,-0.732210753343
67,140,-0.975729681387
68,141,-1.18925989918
69,12,-0.728750851248
70,142,-1.16744459793
71,143,-0.24673148483
72,13,-1.29473210574
73,144,-1.1788392419
74,145,-1.21145347789
75,146,-1.05570529693
76,147,-1.40279551689
77,148,-1.18747943547
78,151,-1.24441160942
79,150,-1.07662716578
80,14,-0.95338728448
81,154,-0.836565655015
82,55,-0.570100287376
83,156,-1.13064872107
84,15,-0.933643640421
85,158,-0.545799188488
86,159,-0.899639536108
87,160,-1.17829021435
88,161,-1.00507630002
89,16,-0.830415440976
90,163,-0.732618872206
91,165,-1.4353474121
92,166,-0.723236882549
93,426,-1.48650218875
94,423,-1.55510062414
95,174,-1.11620865152
96,175,-1.29925178828
97,176,-1.26370453648
98,177,-1.12108689168
99,178,-1.21905871013
100,181,-1.13899803668
101,183,-1.25075628263
102,184,-1.15033662218
103,188,-1.46075148795
104,189,-0.277533135746
105,190,-1.45738188526
106,438,-0.734919049065
107,193,-0.911264583715
108,196,-1.10801451775
109,195,-0.593921471795
110,18,-1.41525484728
111,197,-0.771843160151
112,199,-0.987723005601
113,200,-1.156419335
114,388,-1.24547049774
115,201,-1.42642262498
116,202,-0.785535283887
117,204,-1.244429564
118,19,-0.684643981763
119,207,-1.37016003322
120,214,-0.509934487263
121,217,-1.23998861548
122,219,-0.843576135253
123,220,-0.980048956852
124,222,-1.0946788588
125,225,-1.420404051
126,226,-0.892337778613
127,378,-0.860810324106
128,230,-0.934379357123
129,232,-1.14526762637
130,236,-1.34385125325
131,23,-0.909112605811
132,237,-0.727617512674
133,238,-0.92892103701
134,425,-1.33014220485
135,240,-0.770534150591
136,413,-1.30176065143
137,242,-1.1672211603
138,245,-1.16285609013
139,244,-1.07479081452
140,25,-0.723182046575
141,440,-1.23269834955
142,248,-1.30153536061
143,251,-0.91927276067
144,256,-1.49999575889
145,257,-0.971159448705
146,259,-1.05513459827
147,260,-0.959811280979
148,56,-0.996711182845
149,261,-1.27557485431
150,262,-1.28500772457
151,29,1.23364196542
152,266,-0.949380073962
153,267,-0.981541117983
154,441,-1.21874611907
155,30,-0.905157509946
156,424,-1.46391018602
157,273,-1.13305403546
158,274,-1.12978652931
159,276,-1.51387408289
160,278,-0.874049573229
161,280,-1.39890531463
162,534,-1.04046781173
163,283,-0.728445048483
164,284,-0.644536812244
165,286,-0.847601368679
166,287,-1.29280923598
167,444,-1.16231246435
168,289,-0.876721164219
169,290,-0.935596527207
170,291,-1.12579150599
171,293,-1.01524801432
172,292,-0.893923790203
173,32,-0.987105485751
174,294,-0.884687924216
175,295,-1.39369049503
176,296,-0.897164229602
177,298,-0.983277493561
178,299,-1.02142041625
179,442,-1.07150565096
180,301,-1.23026990416
181,33,-0.665905817848
182,305,-1.27035787488
183,381,-1.2211727186
184,310,-1.43560979001
185,57,-0.809859027481
186,315,-1.29322816641
187,316,-1.36536466677
188,320,-0.988036367426
189,322,-1.31258050363
190,326,-0.775230823058
191,327,-1.00553575301
192,328,-0.809248839533
193,332,-1.30596099679
194,333,-0.565196192067
195,334,-1.12591513566
196,35,-1.05266973417
197,452,-1.04572465352
198,336,-0.864102787126
199,41,-0.99755788323
200,337,-1.40689770911
201,36,-0.945425447079
202,341,-0.724071627886
203,342,-1.21930667677
204,344,-0.922739766758
205,345,-0.981465880938
206,349,-0.750847458701
207,350,-0.811800651074
208,393,-0.715477277817
209,421,-1.15729304831
210,355,-1.26553123701
211,356,-0.919070243018
212,411,-1.06967147543
213,446,-1.61106965122
214,360,-0.973672116182
215,436,-1.30163726485
216,362,-1.35554290502
217,60,-0.879214716377
218,449,-1.44230814457
219,363,-1.35281921897
220,365,-1.0142955888
221,42,-0.718128183752
222,366,-0.870824816783
223,367,-1.15733340462
224,370,-1.17167602886
225,402,-1.19010544887
226,371,-0.699739748766
227,531,-0.739704251747
228,372,-0.985343798889
229,536,1.06606950944
230,44,0.40081631385
231,2,0.218862737358
232,45,1.44189204738
233,437,1.37586214022
234,46,1.55138733603
235,390,0.806447259569
236,51,0.624116065192
237,3,1.152957537
238,58,1.33324504026
239,376,1.56925991492
240,62,1.38167021376
241,4,0.888098207543
242,64,1.21463683943
243,394,0.923177356987
244,410,0.78688627735
245,69,1.1976105305
246,72,1.18546778961
247,73,1.3303249361
248,395,1.15285479058
249,74,1.00888479362
250,75,1.0924762074
251,443,1.34162375035
252,448,1.2232362047
253,81,1.47154831268
254,82,1.43672845961
255,83,1.56676370075
256,84,1.37623694501
257,85,1.27765029408
258,86,1.09873418931
259,89,1.37251261249
260,92,1.20638046832
261,93,1.53027962637
262,94,0.70185903576
263,95,0.394309586102
264,96,1.14678857276
265,100,1.25759712998
266,101,0.436648110293
267,103,1.35588765773
268,105,1.34595408053
269,104,1.48501727018
270,106,1.0534181297
271,107,1.48388334965
272,417,0.97429981303
273,108,1.30988840257
274,377,0.956611294424
275,112,1.3908120138
276,10,1.29129413611
277,114,1.23983185453
278,116,1.30983203736
279,408,0.9488473369
280,120,1.57322072191
281,121,1.53914141119
282,123,1.33927541359
283,484,0.690937756822
284,124,1.41254468806
285,401,1.03499399584
286,126,1.42716945284
287,68,1.4874181485
288,382,0.843577610291
289,405,1.37541128138
290,138,1.43051706924
291,407,0.93698882356
292,487,0.494661437779
293,482,0.68023220409
294,383,1.30274484158
295,152,1.18417868837
296,153,0.665794012733
297,155,1.43704377812
298,157,1.38462772941
299,374,1.31915254597
300,472,1.24354692297
301,162,1.31309591334
302,455,1.25870638302
303,167,1.41916337933
304,168,1.03989397224
305,169,0.952388841435
306,17,1.47759769468
307,172,1.51769448794
308,485,1.07877393284
309,173,1.24724785487
310,389,1.51830142863
311,180,1.11956842292
312,182,1.16906919326
313,433,1.35474252506
314,186,1.29670233429
315,185,1.32565998116
316,191,1.15680917719
317,192,1.14007860662
318,457,1.38857809819
319,416,1.41395652241
320,419,1.35245900127
321,454,1.08064171569
322,194,1.01562424124
323,384,0.799522868705
324,430,0.983154148145
325,203,1.30284660126
326,205,1.10754480693
327,206,1.31480888766
328,209,1.62865243154
329,211,1.35529756149
330,212,1.57537552492
331,213,0.679055805481
332,215,0.900998330313
333,216,1.17588718421
334,398,1.65834860045
335,218,1.32805181753
336,431,0.999381041949
337,221,1.14371545683
338,223,1.09276356637
339,479,0.565712263008
340,434,0.663713639116
341,227,1.62950745841
342,20,0.138775428434
343,228,1.44381763511
344,21,1.05330614077
345,233,1.13103106153
346,234,1.50599549021
347,235,1.5327957106
348,22,0.226464631499
349,239,0.964858183651
350,241,1.33004790438
351,432,1.2691959846
352,24,0.985497298868
353,26,1.35347194305
354,246,1.43125455509
355,27,1.10498417509
356,404,0.553432706536
357,253,1.65575929018
358,254,1.60319896827
359,255,1.58304068522
360,480,1.27547047666
361,420,1.01493915372
362,447,1.16329415932
363,28,0.395910335744
364,263,1.73961365473
365,264,1.34867370178
366,379,1.55759318331
367,268,1.55638716637
368,269,0.874509898866
369,400,0.645434267822
370,270,0.835240901776
371,271,0.187191315683
372,272,1.45268421854
373,456,1.73349424891
374,275,0.834383391325
375,279,1.2164852757
376,281,1.3794127733
377,31,0.389668978126
378,282,1.29862983936
379,288,0.991973004717
380,300,1.51045552784
381,396,0.645125908649
382,303,0.9502099956
383,304,1.26718996307
384,306,1.09376614888
385,338,1.32057743493
386,308,1.06121609722
387,309,1.44155612618
388,311,1.7059002582
389,312,1.36500249794
390,483,0.788697464787
391,313,0.60591770197
392,34,1.21982788431
393,318,1.35349282221
394,317,0.905729172601
395,321,1.69537736833
396,323,0.912567566587
397,478,1.13404823762
398,325,1.25323623719
399,387,0.448028778076
400,329,1.29051993504
401,330,1.40581337961
402,331,1.10021844859
403,335,1.54819233651
404,392,1.17445220942
405,397,1.49489394893
406,340,1.29908088243
407,339,1.20930754405
408,37,1.32483332114
409,385,1.33742101668
410,346,1.51827491683
411,348,1.37390694995
412,351,1.49672214212
413,399,1.09618946678
414,450,1.07411063877
415,451,0.629617772704
416,352,1.47022451391
417,353,1.15612537349
418,357,0.756096197445
419,358,1.16183078579
420,359,1.36988204843
421,533,1.52225338939
422,38,1.58048076786
423,361,1.30980813584
424,364,1.71621262281
425,369,1.30865923316
426,139,0.886436330303
427,231,-1.14736914016
428,224,-1.05924131013
429,78,1.31230267049
430,229,1.23325433978
431,297,-0.638589734499
432,458,-0.85045401692
433,493,-0.89060703861
434,459,-1.54533350002
435,525,-0.533904048036
436,488,-1.0118930547
437,461,1.4733671336
438,97,-1.30868143531
439,445,-1.76482350834
440,129,-0.77292653006
441,8,-1.03192241194
442,373,-0.724313734964
443,187,-1.40414202275
444,210,-1.53007817952
445,265,-1.51001988522
446,149,-1.88583451088
447,302,-1.30786769741
448,307,1.54032824136
449,319,-1.72810809518
450,164,-1.54773195746
451,324,-1.39426835357
452,347,-1.31957860747
453,354,-1.22676903353
454,460,-0.864300421918
455,208,-0.68647686703
456,510,1.32927991451
457,87,-1.84449039843
458,535,0.554321676703
459,538,0.784719682687
460,243,0.925030944331
461,277,1.65780219749
462,285,-0.995893105441
463,517,-1.07804985906
464,519,1.50849805844
465,9,1.37728156979
466,11,1.68050282324
467,515,1.29646660821
468,532,0.905534942551
469,115,1.12319731443
470,469,-0.751178206332
471,470,-0.242013777284
472,506,1.23055216016
473,490,-1.03817091529
474,471,-1.47453526089
475,476,0.588412239373
476,474,1.38360573903
477,477,-1.6675886745
478,499,1.24143733082
479,429,-1.60756911978
480,505,1.57065706188
481,179,1.25366932798
482,497,-1.51322942587
483,540,0.418924119118
484,541,1.1343223443
485,170,1.26553361218
486,427,0.669143238184
487,171,1.75647235843
488,502,-0.854576363818
489,486,-1.75819037427
490,504,-0.934058249178
491,492,-1.10419158842
492,542,0.995932768082
493,453,0.962420445037
494,526,0.819286461048
495,418,0.63387712754
496,198,-0.51862188077
497,508,1.0411502532
498,527,1.79102050453
499,509,1.20669703513
500,544,1.48861138282
501,507,0.276162820806
502,511,-0.803427757741
503,512,0.605670068571
504,491,-1.14296978174
505,258,1.37823116875
506,494,1.07209492571
507,247,1.36930546129
508,249,-1.34033766233
509,250,-0.341757870943
510,252,1.67845248326
511,513,1.36773863945
512,516,1.06097275723
513,514,-0.957257132083
514,545,0.416519147836
515,495,1.66753726785
516,518,0.691974614967
517,498,-1.72495268602
518,546,1.34386612207
519,380,1.78411672727
520,314,1.49412566614
521,500,1.08219494534
522,521,1.52721689819
523,523,0.600120494806
524,343,-1.54295566398
525,547,0.834334483099
526,501,1.35301605303
527,503,0.872550711593
528,415,1.47092005927
529,524,1.35073617872
530,473,-0.849080313266
531,368,1.15944464798
532,522,-1.23077847882
533,539,-1.07885979003
534,496,-1.42538563119
535,475,-1.67358825672
536,481,-0.77204038922
537,543,0.647120187926
538,528,1.46961778129
539,520,-0.50448314344
540,462,1.36509275208
541,463,-1.33694155267
542,464,-0.612081471246
543,465,-1.33356819221
544,467,1.06527046726
545,466,1.1586637099
546,468,-1.14591654986
547,489,1.35472572479
