,legislator,theta
0,39,-0.931493585457
1,530,-0.760546318166
2,40,-0.801260418406
3,375,-0.967329937255
4,0,-1.11008772502
5,1,-0.824574178468
6,43,-0.788380121185
7,414,-1.10795322541
8,47,-0.858898804462
9,48,-1.16877587289
10,49,-1.1226439295
11,50,-1.24130652968
12,52,-1.40182410914
13,53,-1.43384974729
14,529,-0.868131123736
15,59,-1.01272658325
16,61,-1.32697110869
17,439,-1.4003550237
18,63,-1.02628960907
19,412,-0.977285302252
20,5,-0.842579127754
21,65,-0.973909714113
22,66,-1.09134094986
23,67,-1.23160753205
24,70,-0.816420662567
25,6,-0.869543650444
26,7,-1.14063191715
27,537,-1.02544798906
28,71,-0.771316649572
29,76,-1.04658576065
30,77,-0.995563806385
31,79,-1.29508131159
32,80,-1.25965019555
33,54,-1.08921896145
34,88,-0.942850439103
35,90,-0.824579246382
36,406,-1.36047638776
37,435,-0.91632768466
38,91,-1.22717980783
39,391,-1.0789221387
40,386,-1.36056916233
41,428,-0.979864422191
42,98,-0.888642107843
43,99,-0.76041631012
44,102,-1.03570687551
45,422,-1.07562979058
46,409,-0.836541701241
47,109,-0.751944864096
48,110,-0.667036028839
49,403,-1.38427390833
50,111,-1.31492135024
51,113,-0.735185490083
52,117,-1.1659263933
53,118,-1.74936777116
54,119,-0.648757882242
55,122,-1.00885503278
56,125,-1.08411401768
57,127,-1.24787636034
58,128,-0.519960926795
59,130,-1.21194989678
60,131,-1.54752164839
61,132,-1.3161153719
62,133,-0.998470467879
63,134,-0.686385610252
64,135,-1.40154835261
65,136,-1.55295622193
66,137,-0.750233918455
67,140,-1.01829720713
68,141,-1.17360632695
69,12,-0.721670161866
70,142,-1.10649764017
71,143,-0.223832945751
72,13,-1.19408638218
73,144,-1.1613816863
74,145,-1.13303092829
75,146,-1.06377663076
76,147,-1.39379851627
77,148,-1.08214529758
78,151,-1.41188854425
79,150,-1.14165601962
80,14,-1.06378958733
81,154,-0.816512200374
82,55,-0.55241661051
83,156,-1.11107620352
84,15,-1.1616130971
85,158,-0.607426354131
86,159,-0.966746207233
87,160,-1.34539708331
88,161,-1.15884628022
89,16,-0.90596019618
90,163,-0.694118692769
91,165,-1.40916678376
92,166,-0.679112455266
93,426,-1.61225497367
94,423,-1.50677661357
95,174,-1.11506206392
96,175,-1.44604421712
97,176,-1.16902272789
98,177,-1.09094892035
99,178,-1.31164292487
100,181,-1.09158173915
101,183,-1.19237953746
102,184,-1.19758404589
103,188,-1.41747361164
104,189,-0.285168809697
105,190,-1.36000881581
106,438,-0.737691661769
107,193,-0.966540479437
108,196,-1.22071480952
109,195,-0.571263893524
110,18,-1.43014082261
111,197,-0.780135608936
112,199,-1.02869052902
113,200,-1.17835204566
114,388,-1.33214761239
115,201,-1.44403551892
116,202,-0.765939428323
117,204,-1.35363576177
118,19,-0.805703580602
119,207,-1.26402259272
120,214,-0.536829125856
121,217,-1.38470688035
122,219,-0.85466324398
123,220,-1.02018435392
124,222,-1.07933117595
125,225,-1.46276506733
126,226,-0.847244689428
127,378,-0.837069522028
128,230,-1.02569844097
129,232,-1.18890789585
130,236,-1.34858150816
131,23,-0.829476468002
132,237,-0.822821066468
133,238,-1.0213385654
134,425,-1.35080310628
135,240,-0.733964708211
136,413,-1.26108828535
137,242,-1.05445097248
138,245,-1.22368496506
139,244,-1.08941325892
140,25,-0.932071823995
141,440,-1.23041830186
142,248,-1.24221450749
143,251,-0.918177276356
144,256,-1.51264736438
145,257,-1.03862395177
146,259,-1.0362348341
147,260,-0.939129795115
148,56,-1.08843000378
149,261,-1.39210180023
150,262,-1.46232894134
151,29,1.22723528539
152,266,-0.95498617017
153,267,-0.943150000112
154,441,-1.20579231244
155,30,-0.836136570794
156,424,-1.43176702333
157,273,-1.2258575518
158,274,-1.06346348376
159,276,-1.67498911972
160,278,-0.822111648972
161,280,-1.51722050307
162,534,-1.06906281484
163,283,-0.678539584147
164,284,-0.64026072349
165,286,-0.896670907686
166,287,-1.41373119835
167,444,-1.14581462678
168,289,-0.956910623879
169,290,-0.842102649798
170,291,-1.08680410319
171,293,-0.998546758497
172,292,-0.840918229176
173,32,-0.909375974454
174,294,-0.884865446022
175,295,-1.37059906646
176,296,-0.933397699861
177,298,-0.977468898918
178,299,-1.10921249266
179,442,-1.06983343962
180,301,-1.29766876013
181,33,-0.594573269299
182,305,-1.29555329071
183,381,-1.32093935153
184,310,-1.43294023886
185,57,-0.818126398875
186,315,-1.30569089094
187,316,-1.25328360227
188,320,-1.03402998589
189,322,-1.40019747886
190,326,-0.750466750179
191,327,-1.00428136447
192,328,-0.876717715445
193,332,-1.21183345132
194,333,-0.568607505935
195,334,-1.24583972925
196,35,-1.15274887334
197,452,-1.02105154188
198,336,-0.867485425253
199,41,-0.95634392396
200,337,-1.39551836899
201,36,-0.882811804201
202,341,-0.819651123381
203,342,-1.3310391768
204,344,-0.994575733282
205,345,-1.0104959839
206,349,-0.723088616524
207,350,-0.809644989692
208,393,-0.772357093596
209,421,-1.11698598451
210,355,-1.39601831511
211,356,-0.845619141291
212,411,-1.00853475487
213,446,-1.77460907122
214,360,-0.948135072586
215,436,-1.32009197062
216,362,-1.40535042028
217,60,-0.888947142419
218,449,-1.63834949006
219,363,-1.29786459052
220,365,-1.00724712619
221,42,-0.758184691927
222,366,-0.949873485295
223,367,-1.28419733022
224,370,-1.22270320379
225,402,-1.25071245062
226,371,-0.586376962244
227,531,-0.917229288874
228,372,-0.999698904564
229,536,1.17686876142
230,44,0.397572812725
231,2,0.221254810745
232,45,1.55593420563
233,437,1.54709565062
234,46,1.62680760443
235,390,0.767343132693
236,51,0.63021925741
237,3,1.15215107695
238,58,1.38724249584
239,376,1.64478159838
240,62,1.42776360407
241,4,0.8987953918
242,64,1.23305138128
243,394,0.877420013726
244,410,0.723066376231
245,69,1.14973255551
246,72,1.21667910261
247,73,1.34456454607
248,395,1.06398443635
249,74,0.987651428344
250,75,1.19142685382
251,443,1.34248475246
252,448,1.15613246635
253,81,1.62037166759
254,82,1.5161463116
255,83,1.62664782444
256,84,1.27590170937
257,85,1.24454012034
258,86,1.14105904724
259,89,1.40296158624
260,92,1.05824235387
261,93,1.74668795332
262,94,0.788033794224
263,95,0.373220350799
264,96,1.06929829446
265,100,1.41401507393
266,101,0.457648293465
267,103,1.37741666259
268,105,1.36051551756
269,104,1.49342093309
270,106,1.03082288441
271,107,1.41252639597
272,417,0.968050918042
273,108,1.36808872225
274,377,0.855080182347
275,112,1.35894527322
276,10,1.25061256875
277,114,1.40293397646
278,116,1.43909117947
279,408,0.920055744513
280,120,1.65446870406
281,121,1.54799578511
282,123,1.32905401804
283,484,0.795310745605
284,124,1.39596029011
285,401,1.15745032499
286,126,1.49613503114
287,68,1.47458587289
288,382,0.821939585484
289,405,1.3418271101
290,138,1.48456384199
291,407,0.948042089901
292,487,0.513444873395
293,482,0.699345381077
294,383,1.22604145319
295,152,1.07982308648
296,153,0.63506904634
297,155,1.52082900023
298,157,1.52511632338
299,374,1.46417347225
300,472,1.22446682296
301,162,1.4277959493
302,455,1.14797197589
303,167,1.40071403123
304,168,0.947493828864
305,169,0.92408569772
306,17,1.58692863021
307,172,1.67719221563
308,485,1.14507235614
309,173,1.22718870142
310,389,1.38999723008
311,180,1.09559724116
312,182,1.08766197759
313,433,1.39564655625
314,186,1.40177897406
315,185,1.24866282217
316,191,1.13403222888
317,192,1.10564014437
318,457,1.3408838941
319,416,1.48764846391
320,419,1.47432885443
321,454,1.00818533867
322,194,0.988328219377
323,384,0.786043232828
324,430,0.959390869659
325,203,1.20457002281
326,205,1.18633695958
327,206,1.34392169456
328,209,1.70442763875
329,211,1.44169680359
330,212,1.64892613575
331,213,0.671890677551
332,215,0.928513653614
333,216,1.2000884876
334,398,1.76219442596
335,218,1.38011392757
336,431,0.980535018519
337,221,1.1283049604
338,223,1.16694173685
339,479,0.57997021043
340,434,0.660940391683
341,227,1.63353529239
342,20,0.130693691253
343,228,1.38924011211
344,21,1.00700981783
345,233,1.16527323857
346,234,1.64073738847
347,235,1.57106436659
348,22,0.185712543329
349,239,1.02387092315
350,241,1.33443597118
351,432,1.33061427514
352,24,1.10124003436
353,26,1.37209645892
354,246,1.55384179013
355,27,1.14994290469
356,404,0.581533488383
357,253,1.82932349592
358,254,1.68343477062
359,255,1.65606658861
360,480,1.34595376569
361,420,1.05883708234
362,447,1.2443010652
363,28,0.468055689999
364,263,1.90097656698
365,264,1.45997779507
366,379,1.52402584729
367,268,1.50399233556
368,269,0.891325539414
369,400,0.657727051933
370,270,0.75666831352
371,271,0.22158203043
372,272,1.43938363644
373,456,2.0341091655
374,275,0.832992693644
375,279,1.32209065626
376,281,1.3314473636
377,31,0.408138821559
378,282,1.41796159849
379,288,1.0200723411
380,300,1.59579633408
381,396,0.725018486529
382,303,0.882075748676
383,304,1.3021229107
384,306,1.09783201791
385,338,1.39837321242
386,308,0.98893767813
387,309,1.45464471486
388,311,1.90191681088
389,312,1.35951547459
390,483,0.741987541806
391,313,0.604964389461
392,34,1.198473995
393,318,1.32890203805
394,317,0.958968625773
395,321,1.7594532391
396,323,0.889723938726
397,478,1.07230191113
398,325,1.15633226941
399,387,0.499341456103
400,329,1.36104378166
401,330,1.29293061505
402,331,1.17424973483
403,335,1.61465239754
404,392,1.15798732059
405,397,1.45569568753
406,340,1.37213125417
407,339,1.20699737739
408,37,1.37045432087
409,385,1.31348266951
410,346,1.43098959665
411,348,1.34977851455
412,351,1.56055382691
413,399,1.12092230902
414,450,0.98295795239
415,451,0.684305462949
416,352,1.6686323021
417,353,1.17929448667
418,357,0.829172740522
419,358,1.25837854916
420,359,1.35061023525
421,533,1.50629264653
422,38,1.69209633887
423,361,1.24513346046
424,364,1.79860833154
425,369,1.40966201097
426,139,0.958772850577
427,231,-1.25470793604
428,224,-1.04239052254
429,78,1.46708200293
430,229,1.26261369888
431,297,-0.681768614116
432,458,-0.881469802887
433,493,-0.506452520995
434,459,-1.49550248662
435,525,-1.02610352389
436,488,-0.946813928979
437,461,1.58836592288
438,97,-1.50713614009
439,445,-1.89212463659
440,129,-1.03169075942
441,8,-0.918099145536
442,373,-0.852588807785
443,187,-1.75138106521
444,210,-1.55228832424
445,265,-1.43588565263
446,149,-2.01992408677
447,302,-1.15005331684
448,307,1.66586860832
449,319,-1.69283839171
450,164,-1.65761526661
451,324,-1.48792309142
452,347,-1.18952383172
453,354,-1.36834361128
454,460,-0.864534570349
455,208,-0.690604040086
456,510,1.3573231536
457,87,-1.59403061793
458,535,0.61477360645
459,538,0.71607046361
460,243,0.890231938615
461,277,1.69568418288
462,285,-1.16343603242
463,517,-1.29751167397
464,519,1.60416098346
465,9,1.75385027575
466,11,1.54265142464
467,515,1.19883626107
468,532,0.975330255742
469,115,0.802881132685
470,469,-0.800491419808
471,470,-0.296279273196
472,506,1.26757307223
473,490,-0.934063674251
474,471,-1.49218136835
475,476,0.593447939183
476,474,1.31258299766
477,477,-1.45680838836
478,499,1.30717814385
479,429,-1.46869989801
480,505,1.64053100228
481,179,1.56226758712
482,497,-1.72242055082
483,540,0.435688550405
484,541,1.03778544551
485,170,0.964205013256
486,427,0.591451651033
487,171,1.9261447293
488,502,-0.853459156629
489,486,-2.046533885
490,504,-0.977518161952
491,492,-1.03337011865
492,542,1.28740003122
493,453,0.8573022033
494,526,0.896747423341
495,418,0.68440500867
496,198,-0.473935370261
497,508,1.15499440524
498,527,2.25670529517
499,509,1.54819282127
500,544,1.93968607728
501,507,0.240122022439
502,511,-0.802634395052
503,512,0.691772881531
504,491,-1.40260446559
505,258,1.78491237365
506,494,1.26361623725
507,247,1.6547191834
508,249,-1.37531264449
509,250,-0.290428207526
510,252,1.53926723291
511,513,1.22446623231
512,516,1.20132723327
513,514,-1.06328163514
514,545,0.405727752924
515,495,2.1150848006
516,518,0.761662942388
517,498,-1.90578133504
518,546,1.42494883703
519,380,1.33258861851
520,314,1.55601527389
521,500,1.0499653797
522,521,1.53749744076
523,523,0.706638109673
524,343,-1.4050601393
525,547,1.13087282865
526,501,1.65885704473
527,503,0.839026463661
528,415,1.6224950038
529,524,1.76026999141
530,473,-1.00842362342
531,368,1.30426815309
532,522,-1.22665472715
533,539,-1.07263049573
534,496,-1.19977735163
535,475,-1.6933736908
536,481,-0.816456747716
537,543,0.848582638383
538,528,1.57955269477
539,520,-0.576914722709
540,462,1.92938972614
541,463,-1.42802943925
542,464,-0.637956677492
543,465,-1.50129058724
544,467,1.55776012783
545,466,0.395096435466
546,468,-0.411401127708
547,489,0.790375746351
