,legislator,theta
0,39,-0.991949104549
1,530,-0.869949805608
2,40,-0.857039482631
3,375,-0.9445074539
4,0,-1.10914495125
5,1,-0.832306369851
6,43,-0.715330162851
7,414,-1.02355151109
8,47,-0.84347000333
9,48,-1.2524982046
10,49,-1.05224146388
11,50,-1.2932231774
12,52,-1.41864264281
13,53,-1.34077258965
14,529,-0.927847024068
15,59,-0.97305631918
16,61,-1.2450129194
17,439,-1.41175037921
18,63,-1.07250017229
19,412,-1.01973383628
20,5,-0.799680401102
21,65,-0.986211422794
22,66,-1.04909447478
23,67,-1.14903714264
24,70,-0.839367985498
25,6,-0.930189051136
26,7,-1.06511656529
27,537,-1.00399968867
28,71,-0.844090992086
29,76,-1.11123510529
30,77,-0.966291920943
31,79,-1.1889179745
32,80,-1.20287938662
33,54,-1.10282529466
34,88,-0.890189284415
35,90,-0.80474664787
36,406,-1.38955386052
37,435,-0.929457861922
38,91,-1.35912520757
39,391,-1.03645758533
40,386,-1.36745981946
41,428,-0.947529736773
42,98,-0.965412250743
43,99,-0.82630653207
44,102,-0.942869638577
45,422,-1.02424141173
46,409,-0.804507405621
47,109,-0.72944070227
48,110,-0.702884374842
49,403,-1.37196949634
50,111,-1.34490366994
51,113,-0.679964504827
52,117,-1.04798767958
53,118,-1.64382591662
54,119,-0.7061669946
55,122,-0.947024382455
56,125,-1.09350753056
57,127,-1.24498343506
58,128,-0.443934364812
59,130,-1.14912415625
60,131,-1.57923636198
61,132,-1.40915389561
62,133,-0.984527641295
63,134,-0.695170676176
64,135,-1.4011756883
65,136,-1.49734618349
66,137,-0.671177399192
67,140,-0.951854920465
68,141,-1.1736529333
69,12,-0.65248914983
70,142,-1.07035134988
71,143,-0.221431715297
72,13,-1.23999138239
73,144,-1.14462857722
74,145,-1.16382341792
75,146,-1.15037868624
76,147,-1.35911420768
77,148,-1.15649498977
78,151,-1.40381044065
79,150,-1.13419542061
80,14,-1.03930488618
81,154,-0.872401175154
82,55,-0.628366436612
83,156,-1.13994970704
84,15,-1.08635469192
85,158,-0.565328028935
86,159,-0.943222660148
87,160,-1.32241787931
88,161,-1.14813872874
89,16,-0.802601056266
90,163,-0.658569149201
91,165,-1.4789689599
92,166,-0.776825314081
93,426,-1.61341479755
94,423,-1.51513252059
95,174,-1.12513741308
96,175,-1.36210743483
97,176,-1.3403633713
98,177,-1.09818492397
99,178,-1.26620631915
100,181,-1.13241968746
101,183,-1.21109498327
102,184,-1.16777571294
103,188,-1.41759368748
104,189,-0.30766201635
105,190,-1.35158511392
106,438,-0.678841430832
107,193,-0.907582994442
108,196,-1.12100930686
109,195,-0.563812431413
110,18,-1.49205846303
111,197,-0.755515905643
112,199,-1.03836090035
113,200,-1.1443153975
114,388,-1.33674057725
115,201,-1.44494498503
116,202,-0.754238253971
117,204,-1.22834138791
118,19,-0.723537814409
119,207,-1.26799261259
120,214,-0.557415661229
121,217,-1.28929475205
122,219,-0.806270558004
123,220,-1.05941496928
124,222,-1.08450546606
125,225,-1.47649116169
126,226,-0.835724440696
127,378,-0.812734675875
128,230,-0.966796631218
129,232,-1.14839119881
130,236,-1.27979711687
131,23,-0.807653895914
132,237,-0.741743747993
133,238,-1.02917851731
134,425,-1.30837090405
135,240,-0.720146641205
136,413,-1.32901137971
137,242,-1.13175578862
138,245,-1.26529289349
139,244,-1.01977850092
140,25,-0.873699222473
141,440,-1.22272102667
142,248,-1.27135912233
143,251,-0.839314383362
144,256,-1.41369504905
145,257,-0.898372600728
146,259,-1.04691789888
147,260,-0.929991320309
148,56,-1.09890898543
149,261,-1.31837670304
150,262,-1.42964558625
151,29,1.20716087351
152,266,-0.975123727223
153,267,-0.959976564567
154,441,-1.18432555538
155,30,-0.840131451181
156,424,-1.36748532241
157,273,-1.21156338636
158,274,-1.14304142971
159,276,-1.61742414195
160,278,-0.830202566766
161,280,-1.53221279503
162,534,-1.04072256667
163,283,-0.748511828591
164,284,-0.647982430567
165,286,-0.891174479867
166,287,-1.30355527503
167,444,-1.13404943062
168,289,-0.873572011326
169,290,-0.85509069212
170,291,-1.02773733939
171,293,-1.12771358678
172,292,-0.838329081285
173,32,-0.990482330307
174,294,-0.887890694365
175,295,-1.34160369748
176,296,-0.944256516249
177,298,-1.06102607815
178,299,-1.14625379336
179,442,-1.09754233901
180,301,-1.25484636281
181,33,-0.529828089252
182,305,-1.3083462441
183,381,-1.30819546305
184,310,-1.44523499514
185,57,-0.809092701531
186,315,-1.38299762744
187,316,-1.18171774565
188,320,-1.00688087772
189,322,-1.35729469665
190,326,-0.778550132144
191,327,-1.0254508666
192,328,-0.846587448427
193,332,-1.2114425942
194,333,-0.563076497038
195,334,-1.29032412242
196,35,-1.13276588832
197,452,-1.06659310365
198,336,-0.836757511009
199,41,-1.01167827499
200,337,-1.53961594381
201,36,-0.926624509278
202,341,-0.741583050565
203,342,-1.35782673571
204,344,-0.952793020828
205,345,-0.959642812642
206,349,-0.7887577757
207,350,-0.80384312656
208,393,-0.705202218299
209,421,-1.1953413678
210,355,-1.37336373195
211,356,-0.900598418166
212,411,-0.993156402071
213,446,-1.77733480283
214,360,-0.928418759875
215,436,-1.34027858908
216,362,-1.42297771652
217,60,-0.859631735957
218,449,-1.59825342244
219,363,-1.28014392813
220,365,-1.0785583709
221,42,-0.728558577475
222,366,-0.908104296159
223,367,-1.23434445501
224,370,-1.19340758236
225,402,-1.32076805495
226,371,-0.676302990325
227,531,-0.818191609365
228,372,-0.992073750087
229,536,1.03067559306
230,44,0.407969512226
231,2,0.242532400143
232,45,1.57120339343
233,437,1.5095029213
234,46,1.64524001869
235,390,0.795829893299
236,51,0.608090977929
237,3,1.2070618799
238,58,1.38915949748
239,376,1.61437784641
240,62,1.38121103097
241,4,0.893141731768
242,64,1.1811072094
243,394,0.917048807063
244,410,0.673467503058
245,69,1.11762092595
246,72,1.2221311304
247,73,1.43720445193
248,395,1.10887163172
249,74,1.03729128948
250,75,1.22324713268
251,443,1.35348265421
252,448,1.21898835307
253,81,1.53938471596
254,82,1.58860623333
255,83,1.52403851867
256,84,1.3699977325
257,85,1.24957836485
258,86,1.11049053375
259,89,1.36449478108
260,92,1.07626061426
261,93,1.73054893543
262,94,0.695623617242
263,95,0.356572058881
264,96,1.15572393184
265,100,1.36466407706
266,101,0.451637289526
267,103,1.48199117976
268,105,1.38618316645
269,104,1.44476824724
270,106,1.13422903554
271,107,1.50052005061
272,417,1.01825534666
273,108,1.37024869106
274,377,0.927046224664
275,112,1.37785382205
276,10,1.19293397744
277,114,1.33479309261
278,116,1.45896566088
279,408,0.890051429363
280,120,1.59267775959
281,121,1.52783095181
282,123,1.22556365919
283,484,0.719125254717
284,124,1.41447650296
285,401,1.12183614119
286,126,1.42049014526
287,68,1.32474869042
288,382,0.861598446441
289,405,1.38231124479
290,138,1.39086204788
291,407,0.915355599758
292,487,0.535942343733
293,482,0.705709770353
294,383,1.18651127426
295,152,1.07322278026
296,153,0.668093420589
297,155,1.54939606296
298,157,1.53864955097
299,374,1.38920192694
300,472,1.24711141082
301,162,1.40876881712
302,455,1.26093751242
303,167,1.41083700802
304,168,1.01844171895
305,169,0.938354296432
306,17,1.50632894779
307,172,1.65090217181
308,485,1.20961823725
309,173,1.20570253143
310,389,1.43009684982
311,180,1.13251928859
312,182,1.18229124623
313,433,1.30853358628
314,186,1.40706917445
315,185,1.26221723112
316,191,1.16084856015
317,192,1.12060735586
318,457,1.29158695588
319,416,1.50529567807
320,419,1.34594975117
321,454,1.09591360624
322,194,1.00989423797
323,384,0.767392785503
324,430,0.952724785044
325,203,1.23676513067
326,205,1.09281481161
327,206,1.29419521104
328,209,1.59285542696
329,211,1.38850941477
330,212,1.61891186397
331,213,0.688121045424
332,215,0.861146769952
333,216,1.12569506533
334,398,1.71443202629
335,218,1.39778806382
336,431,0.924557395355
337,221,1.14580650397
338,223,1.11677831548
339,479,0.544801173336
340,434,0.645017332181
341,227,1.62299229155
342,20,0.146536392452
343,228,1.39416671441
344,21,0.928768582711
345,233,1.2533706674
346,234,1.50058776505
347,235,1.61400969906
348,22,0.176127146356
349,239,1.00401852509
350,241,1.3129165997
351,432,1.30681027971
352,24,1.09501686003
353,26,1.36941913331
354,246,1.62121812481
355,27,1.10470180024
356,404,0.569253620616
357,253,1.84375982936
358,254,1.67248661433
359,255,1.63546614119
360,480,1.28674801547
361,420,1.09413178955
362,447,1.23838779066
363,28,0.435564056886
364,263,1.81908951132
365,264,1.49810948535
366,379,1.54481903381
367,268,1.52459905845
368,269,0.985036592941
369,400,0.668366456656
370,270,0.7572003922
371,271,0.195258157399
372,272,1.48177955149
373,456,1.88127534935
374,275,0.882055515069
375,279,1.29635280782
376,281,1.40331647361
377,31,0.416303789405
378,282,1.36458087327
379,288,0.975796978445
380,300,1.58578845488
381,396,0.674858850473
382,303,0.967228747243
383,304,1.35338546381
384,306,1.07806183681
385,338,1.37934129526
386,308,1.02526430648
387,309,1.42738179065
388,311,1.80830019013
389,312,1.29646366119
390,483,0.733024669211
391,313,0.590360791543
392,34,1.2478365823
393,318,1.26584890512
394,317,0.935088217916
395,321,1.68348870937
396,323,0.967223304571
397,478,1.08167861856
398,325,1.17122394003
399,387,0.500622610303
400,329,1.37551676128
401,330,1.42449815466
402,331,1.14760994468
403,335,1.63218589825
404,392,1.21906840488
405,397,1.51884825804
406,340,1.29042633226
407,339,1.24961939871
408,37,1.31269048763
409,385,1.2765969023
410,346,1.50854337285
411,348,1.38781026199
412,351,1.59565927257
413,399,1.2147041663
414,450,1.01069837386
415,451,0.643177169637
416,352,1.60371075931
417,353,1.2258365256
418,357,0.774449417619
419,358,1.17660434711
420,359,1.36801124792
421,533,1.64655588338
422,38,1.68857089189
423,361,1.33616361213
424,364,1.64467489883
425,369,1.3938837309
426,139,0.928524572458
427,231,-1.132769351
428,224,-1.06174240653
429,78,1.45325395293
430,229,1.17971221561
431,297,-0.749811496909
432,458,-0.892758358743
433,493,-1.05589185322
434,459,-1.38301156361
435,525,-0.660434943039
436,488,-0.993283070766
437,461,1.44101804495
438,97,-1.42392996503
439,445,-2.03932938208
440,129,-0.873949434742
441,8,-1.02218680154
442,373,-0.763957175283
443,187,-1.83332164383
444,210,-1.42436926552
445,265,-1.43781433319
446,149,-2.04616583357
447,302,-1.13137937674
448,307,1.52920851061
449,319,-1.70403861607
450,164,-1.65261246766
451,324,-1.48038813403
452,347,-1.22560419133
453,354,-1.26827133477
454,460,-0.992827574678
455,208,-0.797350055833
456,510,1.39430307056
457,87,-1.75643394529
458,535,0.4414975784
459,538,0.759145481353
460,243,0.882869892954
461,277,1.722102733
462,285,-1.03387264192
463,517,-1.41256556152
464,519,1.45054778482
465,9,1.59816468812
466,11,1.34237645488
467,515,1.17582231298
468,532,0.957056450772
469,115,0.881955972563
470,469,-0.913192869994
471,470,-0.176390716307
472,506,1.291642405
473,490,-0.819307180905
474,471,-1.43352775884
475,476,0.48885315907
476,474,1.42700182236
477,477,-1.51309023991
478,499,1.30367076712
479,429,-1.4947117513
480,505,1.5745344059
481,179,1.71096873634
482,497,-1.6437915113
483,540,0.416533366715
484,541,0.945405889504
485,170,1.10742414998
486,427,0.593181997659
487,171,1.70650259332
488,502,-0.806448588302
489,486,-1.99174934307
490,504,-0.903812857321
491,492,-1.12599597879
492,542,1.18683412769
493,453,0.864118845045
494,526,1.42506461633
495,418,0.799846069241
496,198,-0.454865786177
497,508,1.13572028383
498,527,2.22621560442
499,509,1.38133137977
500,544,1.73277646851
501,507,0.205361499073
502,511,-0.71069346333
503,512,0.528341432253
504,491,-1.21301589785
505,258,1.68455617938
506,494,1.20864407575
507,247,1.65953369409
508,249,-1.2192270638
509,250,-0.325347849628
510,252,1.54958526598
511,513,1.36943102657
512,516,1.04304768139
513,514,-1.06360386407
514,545,0.386732680177
515,495,2.04012290448
516,518,0.744416698651
517,498,-1.78739327186
518,546,1.4735647411
519,380,1.6489871904
520,314,1.50059811454
521,500,0.851703698884
522,521,1.50854149861
523,523,0.636883138569
524,343,-1.42853387135
525,547,1.03987903805
526,501,1.50142386583
527,503,0.81200828394
528,415,1.6664236997
529,524,1.549696162
530,473,-1.08123988699
531,368,1.28125817559
532,522,-1.28900290782
533,539,-1.25980337667
534,496,-1.1489902395
535,475,-1.64525389181
536,481,-0.846511295923
537,543,0.716365391933
538,528,1.46167079936
539,520,-0.992220771446
540,462,1.67644456148
541,463,-1.35294098088
542,464,-0.696284565014
543,465,-1.38123755857
544,467,1.02830349234
545,466,0.911160996755
546,468,-0.484189320191
547,489,1.00020041789
