,legislator,theta
0,39,-0.977886517442
1,530,-0.674753190313
2,40,-0.843410167308
3,375,-0.889196417492
4,0,-1.09385258123
5,1,-0.81580575476
6,43,-0.807950358719
7,414,-1.08023840545
8,47,-0.872353861626
9,48,-1.28879684716
10,49,-1.19330325107
11,50,-1.27655665116
12,52,-1.48385646356
13,53,-1.24376627578
14,529,-0.970053419476
15,59,-1.05225128032
16,61,-1.30267683757
17,439,-1.49017958587
18,63,-1.10258337229
19,412,-1.1168218533
20,5,-0.830079554716
21,65,-0.885215114649
22,66,-1.06873304696
23,67,-1.27707554953
24,70,-0.90541323371
25,6,-1.00540903037
26,7,-0.995552186775
27,537,-1.02292557572
28,71,-0.825629810092
29,76,-1.01119400652
30,77,-1.05249715046
31,79,-1.43513533061
32,80,-1.24087206681
33,54,-1.09300640136
34,88,-0.860057342461
35,90,-0.84796168243
36,406,-1.42626893142
37,435,-1.09078933283
38,91,-1.33230353701
39,391,-1.01295320477
40,386,-1.33378792456
41,428,-0.936002046888
42,98,-0.887913968742
43,99,-0.815394126584
44,102,-1.08048001218
45,422,-1.05644759629
46,409,-0.815036489108
47,109,-0.746002503154
48,110,-0.652702344845
49,403,-1.46445882052
50,111,-1.30562658059
51,113,-0.708554819596
52,117,-1.24774518161
53,118,-1.7437393178
54,119,-0.725733264856
55,122,-0.952209012495
56,125,-1.13639273885
57,127,-1.29628417745
58,128,-0.435488613032
59,130,-1.15373740177
60,131,-1.54177897857
61,132,-1.39939340699
62,133,-1.02096952985
63,134,-0.741681984195
64,135,-1.35115714956
65,136,-1.55501841069
66,137,-0.730411240279
67,140,-1.01036740479
68,141,-1.24254279791
69,12,-0.714033683065
70,142,-1.0918294055
71,143,-0.242238904543
72,13,-1.0810260074
73,144,-1.21900407695
74,145,-1.29004422152
75,146,-1.12933343264
76,147,-1.52821717325
77,148,-1.06416647883
78,151,-1.51381085519
79,150,-1.13497118287
80,14,-0.982482022906
81,154,-0.831592649267
82,55,-0.591989724176
83,156,-1.162972766
84,15,-1.06374043106
85,158,-0.53934389011
86,159,-0.936806145296
87,160,-1.20775715624
88,161,-1.06500534127
89,16,-0.928112015205
90,163,-0.731424947977
91,165,-1.49599146119
92,166,-0.743426146617
93,426,-1.57702107185
94,423,-1.51806630109
95,174,-1.15469295051
96,175,-1.38006885897
97,176,-1.27090426273
98,177,-1.09290802517
99,178,-1.24855746543
100,181,-1.11607943398
101,183,-1.24105899784
102,184,-1.1122254074
103,188,-1.28890438911
104,189,-0.322680541362
105,190,-1.43891049682
106,438,-0.716772131231
107,193,-1.03325505531
108,196,-1.22719982079
109,195,-0.55624098464
110,18,-1.5542402399
111,197,-0.754510018051
112,199,-1.02955221603
113,200,-1.27680477413
114,388,-1.26569555299
115,201,-1.4987845942
116,202,-0.729540642563
117,204,-1.40032745149
118,19,-0.660839346193
119,207,-1.28577258614
120,214,-0.521648506144
121,217,-1.43370591489
122,219,-0.829481525286
123,220,-1.03180052259
124,222,-1.12873300769
125,225,-1.57835673387
126,226,-0.88864875319
127,378,-0.835053331893
128,230,-1.06599030519
129,232,-1.11607280962
130,236,-1.46271336378
131,23,-0.811572912915
132,237,-0.749603125748
133,238,-1.03877935845
134,425,-1.36178495505
135,240,-0.6819929341
136,413,-1.22724003242
137,242,-0.986671412519
138,245,-1.36174549161
139,244,-1.08940511181
140,25,-0.796519584738
141,440,-1.43897699669
142,248,-1.24503433242
143,251,-0.923169362274
144,256,-1.4783604045
145,257,-0.957838410436
146,259,-0.959414494369
147,260,-0.887655144094
148,56,-1.05962265523
149,261,-1.43126240701
150,262,-1.43644659308
151,29,1.11103054357
152,266,-0.872637248508
153,267,-1.04585684652
154,441,-1.28821849303
155,30,-0.893986401957
156,424,-1.43527135311
157,273,-1.23542136954
158,274,-1.17947400628
159,276,-1.75320797767
160,278,-0.883179495827
161,280,-1.56649080181
162,534,-1.15627862073
163,283,-0.765592395606
164,284,-0.657341704092
165,286,-0.940243319796
166,287,-1.54342962106
167,444,-1.2092244422
168,289,-0.973657939569
169,290,-0.915352298864
170,291,-1.23120942499
171,293,-1.09612978658
172,292,-0.802561716092
173,32,-1.03624350199
174,294,-0.822464803086
175,295,-1.47663228619
176,296,-0.955722422364
177,298,-0.976580580723
178,299,-1.22763177151
179,442,-1.11274201016
180,301,-1.27304249744
181,33,-0.6807768269
182,305,-1.28158014114
183,381,-1.38155832427
184,310,-1.46932912165
185,57,-0.891706316477
186,315,-1.25541289698
187,316,-1.37837711001
188,320,-1.12532627755
189,322,-1.36588746523
190,326,-0.778189048367
191,327,-1.01249596716
192,328,-0.853412345996
193,332,-1.19216711507
194,333,-0.63258438822
195,334,-1.34160065206
196,35,-1.18940418305
197,452,-1.07926301417
198,336,-0.828459867352
199,41,-0.892895262047
200,337,-1.49564666427
201,36,-0.890313905783
202,341,-0.753652449653
203,342,-1.36847598697
204,344,-0.985468947106
205,345,-1.01165913091
206,349,-0.825887000357
207,350,-0.88805926717
208,393,-0.794010721303
209,421,-1.19157514665
210,355,-1.39484781511
211,356,-0.973566849756
212,411,-1.01200355162
213,446,-1.84868394881
214,360,-0.997690851534
215,436,-1.37065874739
216,362,-1.33301106634
217,60,-0.864089035964
218,449,-1.52880492906
219,363,-1.43301196036
220,365,-1.08939502884
221,42,-0.731430905896
222,366,-0.892785372957
223,367,-1.30362232257
224,370,-1.26779804518
225,402,-1.2568003409
226,371,-0.690861500841
227,531,-1.04243026658
228,372,-1.09551389401
229,536,1.23177529136
230,44,0.415733620739
231,2,0.222928554987
232,45,1.68883343056
233,437,1.47275702315
234,46,1.68232649404
235,390,0.755879060815
236,51,0.592378409115
237,3,1.06293133206
238,58,1.4265047792
239,376,1.63172478949
240,62,1.56805974986
241,4,0.92246863738
242,64,1.2362601302
243,394,0.884448197998
244,410,0.790217878163
245,69,1.17736291999
246,72,1.21759062921
247,73,1.47277928332
248,395,1.07291128374
249,74,0.921154468993
250,75,1.14018219255
251,443,1.35609429458
252,448,1.10379729186
253,81,1.62174241811
254,82,1.55607748001
255,83,1.61512156195
256,84,1.37959488907
257,85,1.19004175593
258,86,1.14860832662
259,89,1.43444735149
260,92,1.09792017732
261,93,1.95869027007
262,94,0.70032736288
263,95,0.378201508746
264,96,1.16873959455
265,100,1.47682595687
266,101,0.424667748362
267,103,1.47520701312
268,105,1.35698506663
269,104,1.48755181503
270,106,1.16316490184
271,107,1.49659229459
272,417,0.924357615233
273,108,1.32371987338
274,377,0.953966390835
275,112,1.42381730721
276,10,1.24386716872
277,114,1.37724275521
278,116,1.42078998076
279,408,0.860543282407
280,120,1.705825314
281,121,1.61474232153
282,123,1.31166516985
283,484,0.724607122402
284,124,1.41245249394
285,401,1.18520321446
286,126,1.51009620197
287,68,1.4335221635
288,382,0.871061928346
289,405,1.42431301727
290,138,1.34898412091
291,407,0.979568851819
292,487,0.485860307686
293,482,0.700530494833
294,383,1.22219127873
295,152,1.17344540962
296,153,0.609787001635
297,155,1.57091926234
298,157,1.44474807839
299,374,1.43932251797
300,472,1.22503704141
301,162,1.52968622556
302,455,1.05689476969
303,167,1.36235846742
304,168,1.06915264657
305,169,0.986843534386
306,17,1.65271529482
307,172,1.59071747125
308,485,1.12628493226
309,173,1.30463004694
310,389,1.43793685019
311,180,1.15907356027
312,182,1.20303126062
313,433,1.47066564542
314,186,1.37275134645
315,185,1.37335746603
316,191,1.16626609905
317,192,1.26014429805
318,457,1.46281944772
319,416,1.53597104682
320,419,1.35549042349
321,454,1.04719778617
322,194,1.04385140115
323,384,0.724982812792
324,430,1.01531834482
325,203,1.32878502408
326,205,1.24314163501
327,206,1.28130247639
328,209,1.8350694658
329,211,1.50327282385
330,212,1.62497078812
331,213,0.691947595744
332,215,0.895721921472
333,216,1.16503386356
334,398,1.77980922344
335,218,1.38342844441
336,431,0.974698383421
337,221,1.0276846109
338,223,1.06541759826
339,479,0.569744126983
340,434,0.613448362093
341,227,1.65425892526
342,20,0.150074844177
343,228,1.50043780156
344,21,0.902411611163
345,233,1.1413019299
346,234,1.71448353925
347,235,1.73134564941
348,22,0.223087057506
349,239,1.0389510796
350,241,1.36295527749
351,432,1.30677433662
352,24,1.07443246807
353,26,1.49947927695
354,246,1.6170981923
355,27,1.12948212301
356,404,0.533410238855
357,253,1.91329222875
358,254,1.76813847803
359,255,1.58169925794
360,480,1.36206367374
361,420,1.02759932396
362,447,1.25362911987
363,28,0.401232627714
364,263,1.91387144707
365,264,1.38926154425
366,379,1.54557804225
367,268,1.48011909617
368,269,0.914810783835
369,400,0.654756803534
370,270,0.802703801756
371,271,0.17089461353
372,272,1.48069377291
373,456,2.12861538376
374,275,0.820151620587
375,279,1.23093496671
376,281,1.21797566163
377,31,0.371230410536
378,282,1.33391385298
379,288,1.04056561887
380,300,1.57573563143
381,396,0.68500332917
382,303,0.898397250065
383,304,1.30946120662
384,306,1.07205268267
385,338,1.37450665249
386,308,1.07103418659
387,309,1.53516308693
388,311,2.00232295087
389,312,1.2812187206
390,483,0.787014122645
391,313,0.586045759968
392,34,1.27284482947
393,318,1.41807388227
394,317,0.984552439371
395,321,1.78147751972
396,323,0.961124186695
397,478,1.1458983864
398,325,1.12233697439
399,387,0.509931726113
400,329,1.45050993786
401,330,1.3528378946
402,331,1.2222485394
403,335,1.71136971153
404,392,1.16538424152
405,397,1.51696019028
406,340,1.33970573929
407,339,1.2332452614
408,37,1.33452517761
409,385,1.28349972152
410,346,1.55070416985
411,348,1.48329463797
412,351,1.59313949358
413,399,1.13969952123
414,450,1.04574557802
415,451,0.616861428886
416,352,1.71893820328
417,353,1.1103855341
418,357,0.847801552179
419,358,1.27681183685
420,359,1.41870544734
421,533,1.37707592048
422,38,1.48641160581
423,361,1.38065946957
424,364,1.69007406469
425,369,1.41357039723
426,139,0.947486076333
427,231,-1.24213740217
428,224,-1.11630936723
429,78,1.51238204483
430,229,1.33006891981
431,297,-0.732104356722
432,458,-0.909067543003
433,493,-1.05716773987
434,459,-1.63024686717
435,525,-0.354160817537
436,488,-0.846311024733
437,461,1.81942345395
438,97,-1.79716953865
439,445,-1.87069885414
440,129,-0.898889125849
441,8,-1.11943841917
442,373,-0.965552268969
443,187,-1.46256123304
444,210,-1.72675350686
445,265,-1.3989349496
446,149,-2.25203895883
447,302,-1.34450083013
448,307,1.61143537208
449,319,-1.80455692506
450,164,-1.68216112719
451,324,-1.36429958481
452,347,-1.27603213122
453,354,-1.3781329606
454,460,-1.12697903753
455,208,-0.739774361538
456,510,1.87359490712
457,87,-1.65043294518
458,535,1.03550524936
459,538,0.683980051707
460,243,1.01101932005
461,277,1.84273095851
462,285,-1.11339259392
463,517,-1.29161987651
464,519,1.67778630009
465,9,2.0540931367
466,11,1.94223617645
467,515,1.24748009446
468,532,1.0562194405
469,115,1.05170272684
470,469,-0.960659025697
471,470,-0.336843209211
472,506,1.36072868568
473,490,-1.09754960568
474,471,-1.64892349929
475,476,0.515265262014
476,474,1.40087084957
477,477,-1.57106201976
478,499,1.28751844032
479,429,-1.66463139228
480,505,1.42246529398
481,179,1.94945966988
482,497,-1.50210919678
483,540,0.551085366394
484,541,1.13262079169
485,170,1.13992756809
486,427,0.708194842264
487,171,2.03968977424
488,502,-0.986454030811
489,486,-1.96470198139
490,504,-0.86516991223
491,492,-1.21897545066
492,542,1.2840387755
493,453,0.972925762969
494,526,0.0752909419765
495,418,0.804463159772
496,198,-0.494195719233
497,508,1.01797746858
498,527,1.2758261211
499,509,1.56918148
500,544,1.78238339358
501,507,0.294568697677
502,511,-0.861142452374
503,512,0.629174845197
504,491,-1.29282246877
505,258,1.73773894074
506,494,1.36806050281
507,247,1.61656376167
508,249,-1.32846105561
509,250,-0.441421641778
510,252,1.61112934829
511,513,1.47541468666
512,516,1.06955411225
513,514,-0.978917909587
514,545,0.488361461782
515,495,2.10874361371
516,518,0.703275083634
517,498,-2.11276552079
518,546,1.55492026287
519,380,1.64531618357
520,314,1.37416843831
521,500,1.10393863916
522,521,1.69729090473
523,523,0.696575322379
524,343,-1.38147400761
525,547,1.0380930052
526,501,1.65884261162
527,503,0.704105214629
528,415,1.84803960534
529,524,1.89418956609
530,473,-1.13078144443
531,368,1.24716206003
532,522,-1.10796819576
533,539,-1.15880914519
534,496,-0.968995104153
535,475,-2.08798952108
536,481,-0.788948557301
537,543,0.920773627386
538,528,1.69517416107
539,520,-0.682005992088
540,462,2.19149977969
541,463,-1.41240162119
542,464,-0.664756849314
543,465,-1.54073781785
544,467,1.0153584559
545,466,1.02974931742
546,468,-0.362456339282
547,489,0.979784195836
