,legislator,theta
0,39,-0.976407855657
1,530,-0.722623893553
2,40,-0.795190661978
3,375,-0.945580657665
4,0,-1.05347585635
5,1,-0.810549605011
6,43,-0.78896177378
7,414,-1.07749961979
8,47,-0.93115254453
9,48,-1.12528844488
10,49,-1.02007091623
11,50,-1.33549359126
12,52,-1.29259523763
13,53,-1.41023097389
14,529,-0.889961396963
15,59,-1.15067079654
16,61,-1.18368526923
17,439,-1.36362540463
18,63,-0.890425312494
19,412,-1.01120357975
20,5,-0.814676736779
21,65,-0.865062720688
22,66,-1.11842325324
23,67,-1.07394568349
24,70,-0.888389068833
25,6,-0.937539158525
26,7,-1.30597172163
27,537,-1.02909668618
28,71,-0.826971578271
29,76,-1.08922657458
30,77,-1.0312603666
31,79,-1.38480024913
32,80,-1.15685268382
33,54,-1.0791310858
34,88,-0.88682669219
35,90,-0.829268210169
36,406,-1.37810499901
37,435,-0.927896756285
38,91,-1.34284634266
39,391,-1.03879722126
40,386,-1.38599002483
41,428,-0.908913742297
42,98,-0.948141595508
43,99,-0.828452430169
44,102,-0.899685536845
45,422,-0.989848409544
46,409,-0.791568355222
47,109,-0.737271387083
48,110,-0.673342426581
49,403,-1.3740389778
50,111,-1.34338445623
51,113,-0.638472868802
52,117,-1.08230948078
53,118,-1.59883731332
54,119,-0.730464464429
55,122,-0.973566545465
56,125,-1.0382220504
57,127,-1.23943729536
58,128,-0.489456116405
59,130,-1.09830370765
60,131,-1.4344872334
61,132,-1.24806529737
62,133,-0.98109252829
63,134,-0.733584352783
64,135,-1.42570578516
65,136,-1.48786124296
66,137,-0.725459378977
67,140,-0.962039097843
68,141,-1.24303223339
69,12,-0.643839979531
70,142,-1.14033669952
71,143,-0.208864559605
72,13,-1.29281915301
73,144,-1.1156852336
74,145,-1.15890058549
75,146,-1.05337806354
76,147,-1.33391605243
77,148,-1.13938680044
78,151,-1.21687944047
79,150,-1.12225688617
80,14,-0.978546348271
81,154,-0.769429160832
82,55,-0.640908709854
83,156,-1.07134251272
84,15,-0.943587674406
85,158,-0.587881809566
86,159,-0.925292094208
87,160,-1.14169298585
88,161,-1.00560455658
89,16,-0.918582752916
90,163,-0.708410216692
91,165,-1.42618103126
92,166,-0.755876598684
93,426,-1.40873656188
94,423,-1.53906966521
95,174,-1.09136437096
96,175,-1.27374910413
97,176,-1.30679841177
98,177,-1.13803996892
99,178,-1.2045135862
100,181,-1.06227429517
101,183,-1.17748375831
102,184,-1.11972090133
103,188,-1.38241060033
104,189,-0.290392551896
105,190,-1.42348166046
106,438,-0.693572802422
107,193,-0.978688597273
108,196,-1.06891548797
109,195,-0.562116844123
110,18,-1.40087344866
111,197,-0.906186919486
112,199,-1.03471395846
113,200,-1.12630875954
114,388,-1.21014839548
115,201,-1.26700205833
116,202,-0.750221088564
117,204,-1.22659632465
118,19,-0.758180024129
119,207,-1.32973382681
120,214,-0.521842556878
121,217,-1.29401875337
122,219,-0.911825969284
123,220,-0.978344553438
124,222,-1.05597266432
125,225,-1.38486489892
126,226,-0.932842047322
127,378,-0.911728973718
128,230,-1.05026116402
129,232,-1.11129876727
130,236,-1.23599101473
131,23,-0.8832690938
132,237,-0.731378598558
133,238,-0.957756881872
134,425,-1.28722282945
135,240,-0.681293995891
136,413,-1.30599819405
137,242,-1.1577879931
138,245,-1.16861274503
139,244,-1.15130345754
140,25,-0.881073023443
141,440,-1.23337452862
142,248,-1.2086322939
143,251,-1.03906691662
144,256,-1.43347071875
145,257,-1.00449533965
146,259,-1.0296807754
147,260,-0.878712368814
148,56,-1.1489077703
149,261,-1.15167293959
150,262,-1.27375207838
151,29,1.25996059492
152,266,-1.0595653726
153,267,-0.981330247352
154,441,-1.17407158768
155,30,-0.956373979292
156,424,-1.46053031846
157,273,-1.17637269025
158,274,-1.25172796149
159,276,-1.43188983514
160,278,-0.852942529646
161,280,-1.31350831124
162,534,-1.11304535064
163,283,-0.747488506742
164,284,-0.654277075449
165,286,-0.951152114663
166,287,-1.26217893518
167,444,-1.17341687709
168,289,-0.925717689676
169,290,-1.03153910134
170,291,-1.07442668682
171,293,-1.02120795462
172,292,-0.868919139277
173,32,-1.02539216217
174,294,-0.846746985267
175,295,-1.41908584245
176,296,-0.917627526608
177,298,-0.926104253702
178,299,-1.11074586055
179,442,-1.10140173137
180,301,-1.14210258243
181,33,-0.578591811456
182,305,-1.23850117653
183,381,-1.0692208201
184,310,-1.46087807776
185,57,-0.800957761239
186,315,-1.21900163247
187,316,-1.39529288346
188,320,-1.05147635544
189,322,-1.34441518462
190,326,-0.797810609252
191,327,-1.01748368784
192,328,-0.78544640556
193,332,-1.21357284759
194,333,-0.599615151639
195,334,-1.17510804662
196,35,-1.08600067441
197,452,-1.02136684094
198,336,-0.840064319115
199,41,-0.994531546865
200,337,-1.35187285747
201,36,-0.921946628574
202,341,-0.782456177664
203,342,-1.17037347388
204,344,-0.925676724651
205,345,-1.03073999152
206,349,-0.755004057502
207,350,-0.9407513457
208,393,-0.748780740411
209,421,-1.13290984135
210,355,-1.3115438251
211,356,-0.81796558947
212,411,-1.03850065436
213,446,-1.59946848951
214,360,-0.951871674577
215,436,-1.27255505996
216,362,-1.2145826224
217,60,-0.816017188097
218,449,-1.40197573124
219,363,-1.31664075018
220,365,-0.967647821888
221,42,-0.771095587947
222,366,-0.973687415238
223,367,-1.11894724023
224,370,-1.10908686723
225,402,-1.18565996489
226,371,-0.630644272295
227,531,-0.943592370875
228,372,-1.01029101655
229,536,1.07164106924
230,44,0.426904182967
231,2,0.188226373262
232,45,1.46137368275
233,437,1.26224364984
234,46,1.55964270651
235,390,0.764365552528
236,51,0.660454138933
237,3,1.14660330627
238,58,1.31712074652
239,376,1.47700088558
240,62,1.39475618413
241,4,0.945583736733
242,64,1.16932459439
243,394,0.95321978049
244,410,0.771360484445
245,69,1.15777669982
246,72,1.18941935758
247,73,1.38705339593
248,395,1.00809292271
249,74,1.1039842342
250,75,1.18300806352
251,443,1.3939792687
252,448,1.1496094294
253,81,1.42816386499
254,82,1.43583873288
255,83,1.669227834
256,84,1.2838934013
257,85,1.30400557065
258,86,1.13885136301
259,89,1.43818320719
260,92,1.11888643708
261,93,1.57717253885
262,94,0.676267389812
263,95,0.364615033832
264,96,1.16965538936
265,100,1.41261810255
266,101,0.458045145362
267,103,1.39563038416
268,105,1.27904469231
269,104,1.37782475459
270,106,1.11141625364
271,107,1.49044636482
272,417,1.00754149176
273,108,1.29799215072
274,377,1.07089549113
275,112,1.38467091505
276,10,1.27016474984
277,114,1.28052840715
278,116,1.31882701243
279,408,0.94907915381
280,120,1.58954246572
281,121,1.47768947232
282,123,1.23343527555
283,484,0.764677478835
284,124,1.3299444392
285,401,1.139809898
286,126,1.32531175549
287,68,1.43432730764
288,382,0.911146931415
289,405,1.32910754691
290,138,1.36298734018
291,407,0.976901699438
292,487,0.5194819834
293,482,0.692591692307
294,383,1.16220714709
295,152,1.22233309017
296,153,0.636798225815
297,155,1.47562544041
298,157,1.34259771027
299,374,1.40109596215
300,472,1.29442480535
301,162,1.46302872361
302,455,1.15529611058
303,167,1.28155793613
304,168,1.02056567647
305,169,0.973806416624
306,17,1.41538594404
307,172,1.50246138352
308,485,1.16036632513
309,173,1.12237863849
310,389,1.46630609388
311,180,1.13580601059
312,182,1.13572978812
313,433,1.21797311143
314,186,1.22090085881
315,185,1.25627247188
316,191,1.17864329963
317,192,1.13428661251
318,457,1.40038111025
319,416,1.43306744593
320,419,1.39075121183
321,454,1.06425437076
322,194,0.999746095385
323,384,0.723192901342
324,430,1.01341998126
325,203,1.22278466003
326,205,1.12453672519
327,206,1.3087662788
328,209,1.61048568958
329,211,1.37225516122
330,212,1.67189167917
331,213,0.630125322871
332,215,0.849718665822
333,216,1.14535918592
334,398,1.61637656459
335,218,1.34114205468
336,431,0.922257969919
337,221,1.1813438252
338,223,1.16370644034
339,479,0.587880883845
340,434,0.692934856435
341,227,1.17219766404
342,20,0.151672191154
343,228,1.26066019833
344,21,1.07830933857
345,233,1.13313208945
346,234,1.38966889575
347,235,1.42980736062
348,22,0.176797488128
349,239,1.05131150041
350,241,1.32641484943
351,432,1.22730745993
352,24,0.977906932191
353,26,1.3313174316
354,246,1.36577295512
355,27,1.18547446352
356,404,0.59402359972
357,253,1.57945988472
358,254,1.50919258041
359,255,1.47871625159
360,480,1.17338850619
361,420,0.989691704664
362,447,1.15958714821
363,28,0.468357555842
364,263,1.56202953848
365,264,1.32741059003
366,379,1.58189173899
367,268,1.46702746591
368,269,0.854538501066
369,400,0.682606758638
370,270,0.875680841708
371,271,0.183514190782
372,272,1.51471676139
373,456,1.71940613569
374,275,0.844152765944
375,279,1.19745523662
376,281,1.27097829621
377,31,0.403838804499
378,282,1.3136259954
379,288,1.03474537322
380,300,1.45262986237
381,396,0.670612518497
382,303,0.98488985848
383,304,1.29757073852
384,306,0.999678527148
385,338,1.32608954078
386,308,1.0075803135
387,309,1.36301323201
388,311,1.66577069519
389,312,1.43311557031
390,483,0.761223920266
391,313,0.614227185576
392,34,1.31541165087
393,318,1.35289626951
394,317,0.964718673767
395,321,1.50680231705
396,323,0.887968595633
397,478,1.0774107095
398,325,1.19114066989
399,387,0.508859862989
400,329,1.3014542122
401,330,1.34814502089
402,331,1.22824169307
403,335,1.4581018744
404,392,1.15118486198
405,397,1.39900782741
406,340,1.37441119344
407,339,1.18290516147
408,37,1.25853251041
409,385,1.22782600402
410,346,1.42958459023
411,348,1.41490283054
412,351,1.45361915323
413,399,1.07960023327
414,450,1.08273181506
415,451,0.584461614427
416,352,1.36445609561
417,353,1.08970238049
418,357,0.849733529821
419,358,1.13798596262
420,359,1.42540874416
421,533,1.62783204527
422,38,1.48203157367
423,361,1.31644114072
424,364,1.6544628049
425,369,1.21915194626
426,139,0.931114438894
427,231,-1.18078331236
428,224,-1.13107056922
429,78,1.2879395431
430,229,1.23618108935
431,297,-0.62999951999
432,458,-0.838764499005
433,493,-0.803944937644
434,459,-1.45050521427
435,525,-1.14377702935
436,488,-0.920433354141
437,461,1.32340404314
438,97,-1.32263014672
439,445,-1.46437241443
440,129,-0.808046343316
441,8,-0.907325912071
442,373,-0.683431561345
443,187,-1.2350889201
444,210,-1.31236532546
445,265,-1.33912877885
446,149,-1.83980000687
447,302,-1.15108898798
448,307,1.28506919858
449,319,-1.5618847676
450,164,-1.60056619635
451,324,-1.33023188059
452,347,-1.32945657035
453,354,-1.1757848909
454,460,-0.799448379498
455,208,-0.723983087814
456,510,1.56579917759
457,87,-1.61410102586
458,535,0.462153621134
459,538,0.691002075364
460,243,1.0199264391
461,277,1.53369805051
462,285,-0.822678071788
463,517,-1.09475732409
464,519,1.44490281203
465,9,1.03104333131
466,11,1.50513250872
467,515,1.31705719205
468,532,0.839613535798
469,115,0.980766080621
470,469,-0.960692680374
471,470,-0.192348932294
472,506,0.931295487209
473,490,-0.848545674273
474,471,-1.54814807003
475,476,0.488600023047
476,474,1.28348772919
477,477,-1.36752346984
478,499,1.15214784606
479,429,-1.30413206338
480,505,1.55376290297
481,179,1.29908646123
482,497,-1.36256612345
483,540,0.439770511573
484,541,1.04440039851
485,170,0.915979606302
486,427,0.61680135793
487,171,1.48298602849
488,502,-0.730004284154
489,486,-1.71888999211
490,504,-0.911815218382
491,492,-0.900478186077
492,542,1.1386885577
493,453,0.770053082227
494,526,1.17378464974
495,418,0.604627674521
496,198,-0.478193621991
497,508,0.871148805668
498,527,1.68028935451
499,509,1.3500886357
500,544,1.36207216373
501,507,0.228710935571
502,511,-0.637489227136
503,512,0.485888045106
504,491,-1.21253990047
505,258,1.44619959534
506,494,1.04401750715
507,247,1.20596957711
508,249,-1.11996375919
509,250,-0.28684717621
510,252,1.3834446696
511,513,1.4818787161
512,516,0.963451855436
513,514,-0.928650966249
514,545,0.467526418943
515,495,1.43991502811
516,518,0.701306272516
517,498,-1.77034623162
518,546,1.26036626219
519,380,1.66379520369
520,314,1.43973386693
521,500,1.03819639167
522,521,1.36477751784
523,523,0.645605242595
524,343,-1.1577765603
525,547,0.8014296112
526,501,1.21724910211
527,503,0.673730441287
528,415,1.44458436268
529,524,1.24839669225
530,473,-0.826331173123
531,368,1.05341518624
532,522,-1.1518714178
533,539,-1.0878868075
534,496,-1.34488482929
535,475,-1.42012251332
536,481,-0.776481151772
537,543,0.674958734467
538,528,1.49172450868
539,520,-0.787519650432
540,462,1.32124844567
541,463,-1.34167242179
542,464,-0.624647565072
543,465,-1.52018760544
544,467,1.28988496534
545,466,0.943703268687
546,468,-1.14500754881
547,489,1.18553711628
