,legislator,theta
0,39,-0.957448493532
1,530,-0.714369635438
2,40,-0.757132444091
3,375,-0.854678760779
4,0,-1.08314900784
5,1,-0.817097470027
6,43,-0.740641466961
7,414,-1.0904722243
8,47,-0.995421479092
9,48,-1.23263209269
10,49,-1.05276266297
11,50,-1.31455017663
12,52,-1.26757760516
13,53,-1.34822191609
14,529,-0.949609291114
15,59,-1.02772989
16,61,-1.27100730248
17,439,-1.29582421651
18,63,-0.914034098094
19,412,-0.933520096728
20,5,-0.861134938273
21,65,-0.93933380706
22,66,-1.04391982096
23,67,-1.08769792743
24,70,-0.878679549418
25,6,-0.96937869102
26,7,-1.18114184924
27,537,-1.04406670494
28,71,-0.796039291679
29,76,-0.983860375089
30,77,-1.02370370495
31,79,-1.42753864653
32,80,-1.1245590613
33,54,-1.09042981586
34,88,-0.881357024073
35,90,-0.82561932109
36,406,-1.20934112515
37,435,-0.896299963609
38,91,-1.26203809015
39,391,-0.983276555637
40,386,-1.30420582455
41,428,-0.93144119629
42,98,-0.97729488273
43,99,-0.841558846225
44,102,-0.910250689034
45,422,-1.02486134134
46,409,-0.749930198179
47,109,-0.783729566719
48,110,-0.714205807663
49,403,-1.30006221946
50,111,-1.18769188886
51,113,-0.736912542518
52,117,-1.04132655325
53,118,-1.43186300771
54,119,-0.677019559488
55,122,-0.961924950651
56,125,-1.1256395496
57,127,-1.26821225208
58,128,-0.434843977088
59,130,-1.04581320534
60,131,-1.49537328343
61,132,-1.29471980338
62,133,-0.996209100808
63,134,-0.7870089211
64,135,-1.27302436794
65,136,-1.39934816332
66,137,-0.735555716602
67,140,-0.933522160736
68,141,-1.21942844522
69,12,-0.711071355374
70,142,-0.995996103391
71,143,-0.214919532148
72,13,-1.18868913056
73,144,-1.05862042842
74,145,-1.10973827328
75,146,-1.00771067035
76,147,-1.28725168757
77,148,-1.01173499423
78,151,-1.26026666747
79,150,-1.13465641525
80,14,-0.901281003182
81,154,-0.797206055522
82,55,-0.546225856425
83,156,-0.99416982724
84,15,-0.986675304775
85,158,-0.541027005852
86,159,-0.893758119305
87,160,-1.16856448634
88,161,-1.12970067196
89,16,-0.875604900428
90,163,-0.709465775432
91,165,-1.37096754598
92,166,-0.719593560822
93,426,-1.41210396837
94,423,-1.44986491189
95,174,-1.08314047977
96,175,-1.11141792972
97,176,-1.18764961288
98,177,-1.06954737626
99,178,-1.11717878774
100,181,-1.00807692748
101,183,-1.18150323476
102,184,-1.06983067297
103,188,-1.2499583837
104,189,-0.296032343912
105,190,-1.44106338792
106,438,-0.763642498633
107,193,-0.943338785929
108,196,-1.10118835023
109,195,-0.594239762907
110,18,-1.29417153708
111,197,-0.899863549552
112,199,-1.0998379962
113,200,-1.12830595604
114,388,-1.14072981646
115,201,-1.15593268824
116,202,-0.715737034703
117,204,-1.17868967948
118,19,-0.758478369229
119,207,-1.32266221143
120,214,-0.480353001211
121,217,-1.36127932365
122,219,-0.924202122333
123,220,-1.02928266503
124,222,-1.1117731168
125,225,-1.33197367083
126,226,-0.882551523058
127,378,-0.863049937555
128,230,-1.10088930389
129,232,-0.995911621228
130,236,-1.32274280913
131,23,-0.802232169314
132,237,-0.785021540566
133,238,-0.96133200861
134,425,-1.19753388932
135,240,-0.750868718527
136,413,-1.15068543742
137,242,-1.15105655513
138,245,-1.17647765056
139,244,-1.05589644693
140,25,-0.865441505403
141,440,-1.11808841602
142,248,-1.13684534808
143,251,-1.01411338086
144,256,-1.45480552391
145,257,-0.945184598344
146,259,-1.03895100102
147,260,-0.936219589959
148,56,-1.10256566711
149,261,-1.20570400962
150,262,-1.20885483141
151,29,1.22538231857
152,266,-1.00380935177
153,267,-0.957852301933
154,441,-1.19859724261
155,30,-0.910377291204
156,424,-1.43555699367
157,273,-1.11210176636
158,274,-1.00738816512
159,276,-1.32100166433
160,278,-0.813381938001
161,280,-1.45642831947
162,534,-0.983871632823
163,283,-0.714202632142
164,284,-0.637758499498
165,286,-0.918748009987
166,287,-1.28974234844
167,444,-1.18103494367
168,289,-0.928532732459
169,290,-0.876329664399
170,291,-1.04406302713
171,293,-0.948958083624
172,292,-0.777384178602
173,32,-1.03459785334
174,294,-0.849536975154
175,295,-1.26495184484
176,296,-0.958157962317
177,298,-0.926153924464
178,299,-1.11570239543
179,442,-1.10260188762
180,301,-1.06137802861
181,33,-0.655375062263
182,305,-1.1622298858
183,381,-1.0267127011
184,310,-1.4341055798
185,57,-0.844765504069
186,315,-1.14268653973
187,316,-1.38535649556
188,320,-0.970211048061
189,322,-1.22988342199
190,326,-0.769005679838
191,327,-0.899824737621
192,328,-0.783546558709
193,332,-1.2389196438
194,333,-0.547503273299
195,334,-1.22784384249
196,35,-1.1224827549
197,452,-1.03618960151
198,336,-0.928746724629
199,41,-1.01527339132
200,337,-1.28368262456
201,36,-0.887927387741
202,341,-0.786518550409
203,342,-1.18067218549
204,344,-1.04112902732
205,345,-1.05998030678
206,349,-0.799808447966
207,350,-0.914961079989
208,393,-0.713294225715
209,421,-1.16764861003
210,355,-1.35028078109
211,356,-0.862801792663
212,411,-1.07631295021
213,446,-1.44318165367
214,360,-0.929946148024
215,436,-1.24791078465
216,362,-1.19535419746
217,60,-0.835839957383
218,449,-1.36060248165
219,363,-1.29049162514
220,365,-0.935595154366
221,42,-0.698362529415
222,366,-1.07776851979
223,367,-0.969639883707
224,370,-1.11586013383
225,402,-1.11418581048
226,371,-0.766087350206
227,531,-0.844484955996
228,372,-0.946940835102
229,536,0.997977153698
230,44,0.43705650123
231,2,0.252449219899
232,45,1.48250559952
233,437,1.27207940175
234,46,1.54326100338
235,390,0.841225085133
236,51,0.65049513459
237,3,1.11375296647
238,58,1.38643136462
239,376,1.42667927875
240,62,1.41345723225
241,4,0.879256500682
242,64,1.19723781175
243,394,0.955073322076
244,410,0.719793889087
245,69,1.06755126694
246,72,1.34901532385
247,73,1.38114052114
248,395,1.16212522138
249,74,1.057494459
250,75,1.18755534142
251,443,1.38080245311
252,448,1.15760199135
253,81,1.50280257499
254,82,1.57441588416
255,83,1.6324948551
256,84,1.32535684386
257,85,1.17005296935
258,86,1.13522841233
259,89,1.39792672366
260,92,1.06311517781
261,93,1.49086412892
262,94,0.722254161924
263,95,0.36429256867
264,96,1.15485102253
265,100,1.43382510348
266,101,0.425529603912
267,103,1.46171942445
268,105,1.28840765729
269,104,1.29003003282
270,106,1.10879208843
271,107,1.46116448803
272,417,1.02077670087
273,108,1.45534035307
274,377,1.00942116039
275,112,1.40279377049
276,10,1.24849599278
277,114,1.30402059121
278,116,1.27390878143
279,408,0.908202253702
280,120,1.54449722741
281,121,1.41371892021
282,123,1.27702514688
283,484,0.743509595974
284,124,1.27102923162
285,401,1.06211662371
286,126,1.21418150461
287,68,1.40640522921
288,382,0.890855441415
289,405,1.37287716798
290,138,1.31317078759
291,407,0.965320004536
292,487,0.551708505547
293,482,0.749903300726
294,383,1.16922620828
295,152,1.13829336947
296,153,0.626197933717
297,155,1.40876531832
298,157,1.26446492637
299,374,1.27145384902
300,472,1.27898081267
301,162,1.41476466907
302,455,1.11465377842
303,167,1.32522815299
304,168,0.964432318289
305,169,0.993598298907
306,17,1.36477991064
307,172,1.53212270001
308,485,1.04896747238
309,173,1.09281008018
310,389,1.4152019397
311,180,1.20172853865
312,182,1.17839859254
313,433,1.29090030165
314,186,1.30447346733
315,185,1.21221386304
316,191,1.18444196601
317,192,1.13152003994
318,457,1.38343711129
319,416,1.41598968736
320,419,1.48803828865
321,454,0.95721819308
322,194,0.969277719107
323,384,0.742100950115
324,430,0.976604719108
325,203,1.1777936367
326,205,1.22448323386
327,206,1.30097044989
328,209,1.62007452049
329,211,1.35730669855
330,212,1.60454840318
331,213,0.711249456125
332,215,0.86345354213
333,216,1.18580001286
334,398,1.55325752216
335,218,1.38365806747
336,431,0.996332652642
337,221,1.15090340347
338,223,1.04988086748
339,479,0.580514716439
340,434,0.693996116266
341,227,1.41650044535
342,20,0.169274033186
343,228,1.215697469
344,21,1.01360708695
345,233,1.13224204929
346,234,1.33931825335
347,235,1.3864836946
348,22,0.194106696116
349,239,1.05695005297
350,241,1.31216132352
351,432,1.28843264633
352,24,1.07216978897
353,26,1.32934872858
354,246,1.3378981958
355,27,1.11331107987
356,404,0.575432267996
357,253,1.50667625528
358,254,1.43660822242
359,255,1.38284799297
360,480,1.21473068982
361,420,0.974319330725
362,447,1.10237681604
363,28,0.466689688321
364,263,1.47601453286
365,264,1.2827179964
366,379,1.47512745143
367,268,1.54502273222
368,269,0.861262542107
369,400,0.664948033384
370,270,0.862663724059
371,271,0.246721425858
372,272,1.39158905993
373,456,1.52626173791
374,275,0.799810596932
375,279,1.14566468898
376,281,1.1968829354
377,31,0.461617836452
378,282,1.27573228031
379,288,1.05822143171
380,300,1.47068374721
381,396,0.69936174036
382,303,0.971222880123
383,304,1.25330701166
384,306,1.04658509732
385,338,1.37475400234
386,308,1.02520030631
387,309,1.39106500154
388,311,1.56202567763
389,312,1.33605053904
390,483,0.808566122152
391,313,0.556501981357
392,34,1.37188138338
393,318,1.22201048182
394,317,1.01814517712
395,321,1.34671654957
396,323,0.948507942631
397,478,1.15689528259
398,325,1.10907694312
399,387,0.558125381944
400,329,1.12398935311
401,330,1.23560717073
402,331,1.1627291743
403,335,1.39078444379
404,392,1.12339613777
405,397,1.42948118034
406,340,1.32912238842
407,339,1.13879207495
408,37,1.21777564187
409,385,1.2254324352
410,346,1.37368028876
411,348,1.38656313946
412,351,1.43200406628
413,399,1.08818213949
414,450,1.12656010157
415,451,0.666935400524
416,352,1.34853705566
417,353,1.0935607139
418,357,0.879564604422
419,358,1.17049679095
420,359,1.40228941176
421,533,1.47346806813
422,38,1.55839685201
423,361,1.2987593821
424,364,1.51213812483
425,369,1.35895186141
426,139,0.995409122192
427,231,-1.06395947395
428,224,-0.976983624158
429,78,1.29623952906
430,229,1.26954450633
431,297,-0.659060312632
432,458,-0.880723441362
433,493,-1.00184231132
434,459,-1.34983496872
435,525,-1.02156939787
436,488,-0.926298476099
437,461,1.35290445897
438,97,-1.35970204684
439,445,-1.51558266088
440,129,-0.973457962163
441,8,-0.793695148666
442,373,-0.605203259012
443,187,-1.34301770629
444,210,-1.34352003057
445,265,-1.32022101968
446,149,-1.70598451563
447,302,-1.07691284568
448,307,1.24837954055
449,319,-1.41142569029
450,164,-1.4762249059
451,324,-1.21229324483
452,347,-1.32613989889
453,354,-1.23412072394
454,460,-0.912583065572
455,208,-0.723731342724
456,510,1.3526492991
457,87,-1.36515607322
458,535,0.554897645272
459,538,0.642761523852
460,243,0.908743524347
461,277,1.29055918516
462,285,-0.898846290954
463,517,-0.941117269567
464,519,1.48043306089
465,9,1.1944616454
466,11,1.37045946856
467,515,1.4621181876
468,532,0.863370377748
469,115,0.907188355312
470,469,-0.629952652722
471,470,-0.271076216527
472,506,0.955142110539
473,490,-0.888333020255
474,471,-1.40301840253
475,476,0.445618898871
476,474,1.07667746564
477,477,-1.38425799456
478,499,1.1250487519
479,429,-1.30822715987
480,505,1.56214620962
481,179,1.51925680957
482,497,-1.24277677424
483,540,0.567015719881
484,541,1.25330197539
485,170,0.831946493094
486,427,0.579686435071
487,171,1.29266691903
488,502,-0.70412768647
489,486,-1.76309620383
490,504,-0.825962060373
491,492,-0.9565078707
492,542,1.06826692841
493,453,0.956847990282
494,526,2.17096146719
495,418,0.646764323523
496,198,-0.524536040273
497,508,0.933599699413
498,527,1.77319651623
499,509,1.24573890374
500,544,1.17985696159
501,507,0.263868678541
502,511,-0.685460712195
503,512,0.534972043138
504,491,-1.3501932891
505,258,1.47689865016
506,494,1.02918518335
507,247,1.19667407684
508,249,-1.12998558469
509,250,-0.360680075363
510,252,1.39997841589
511,513,1.26027620986
512,516,0.943674553114
513,514,-0.83011386247
514,545,0.431226817119
515,495,1.33001328436
516,518,0.667261479272
517,498,-1.5799162079
518,546,1.21218977906
519,380,1.19852146107
520,314,1.09397924556
521,500,1.0006523988
522,521,1.27987482259
523,523,0.655217174257
524,343,-1.3642318761
525,547,0.830281006698
526,501,1.34503794119
527,503,0.569946993319
528,415,1.27469400355
529,524,1.27484254402
530,473,-0.896216422571
531,368,0.907541254798
532,522,-1.08012020504
533,539,-0.927566802577
534,496,-1.0380134969
535,475,-1.30907994965
536,481,-0.777661250613
537,543,0.727535206874
538,528,1.18605624591
539,520,-0.730299275361
540,462,1.17472555242
541,463,-1.24134882753
542,464,-0.641474972517
543,465,-1.38520402448
544,467,1.87681246514
545,466,0.629324521013
546,468,-0.589168194363
547,489,1.04909321907
