,legislator,theta
0,39,-0.990918985341
1,530,-0.818491692244
2,40,-0.747952160975
3,375,-0.957437132222
4,0,-1.09173670985
5,1,-0.796605177666
6,43,-0.805829456666
7,414,-1.06818699204
8,47,-0.920534867647
9,48,-1.16631002709
10,49,-1.08225146797
11,50,-1.30095088814
12,52,-1.34000715144
13,53,-1.35209618243
14,529,-0.850843906396
15,59,-1.19286647172
16,61,-1.22015058135
17,439,-1.37051393848
18,63,-0.940241204992
19,412,-1.02552923391
20,5,-0.827574436888
21,65,-0.933103805267
22,66,-1.10108385712
23,67,-1.08886623542
24,70,-0.884131460312
25,6,-0.972678270501
26,7,-1.21279104949
27,537,-1.05404657744
28,71,-0.80397182823
29,76,-1.01602490362
30,77,-1.01299604093
31,79,-1.3472013119
32,80,-1.11134142658
33,54,-1.06063141215
34,88,-0.873348850822
35,90,-0.862287461502
36,406,-1.41170896426
37,435,-0.914439954788
38,91,-1.34319174455
39,391,-1.04439976343
40,386,-1.39280328911
41,428,-0.888133045511
42,98,-0.952379984259
43,99,-0.775162381193
44,102,-0.873085359888
45,422,-1.01300679722
46,409,-0.810501968457
47,109,-0.741771837004
48,110,-0.661841962014
49,403,-1.38826361252
50,111,-1.28974019217
51,113,-0.664885950738
52,117,-1.02703592917
53,118,-1.61172328295
54,119,-0.715784914237
55,122,-0.971711581583
56,125,-1.06870303628
57,127,-1.20488896596
58,128,-0.446443839032
59,130,-1.14282726371
60,131,-1.43690746745
61,132,-1.30582967795
62,133,-1.01108664504
63,134,-0.74204348597
64,135,-1.38707632627
65,136,-1.51072446417
66,137,-0.724905903284
67,140,-0.986715714183
68,141,-1.20593872222
69,12,-0.664368211668
70,142,-1.10999942868
71,143,-0.199595520714
72,13,-1.31069029374
73,144,-1.12965094577
74,145,-1.17505783767
75,146,-1.02543938928
76,147,-1.34175875626
77,148,-1.12989286923
78,151,-1.20411557598
79,150,-1.05192497841
80,14,-1.01094599732
81,154,-0.8220846349
82,55,-0.610741151699
83,156,-1.06220509425
84,15,-0.955745155784
85,158,-0.539481682932
86,159,-0.922210858615
87,160,-1.20394005353
88,161,-0.996165790024
89,16,-0.83414046635
90,163,-0.716190581345
91,165,-1.38679464772
92,166,-0.737169721271
93,426,-1.42754893604
94,423,-1.5331098069
95,174,-1.03207377192
96,175,-1.28863213467
97,176,-1.32783778374
98,177,-1.13604492804
99,178,-1.19685803171
100,181,-1.06409286222
101,183,-1.1720483449
102,184,-1.15230976207
103,188,-1.36978482308
104,189,-0.272117265117
105,190,-1.44931251558
106,438,-0.654643382604
107,193,-0.976261115442
108,196,-1.03950929421
109,195,-0.569248646427
110,18,-1.38267945916
111,197,-0.894223336545
112,199,-0.958724073779
113,200,-1.10832832973
114,388,-1.1612585193
115,201,-1.33973370452
116,202,-0.743709913966
117,204,-1.21249883792
118,19,-0.714239118323
119,207,-1.34493700496
120,214,-0.54435826189
121,217,-1.29363256347
122,219,-0.92530386887
123,220,-1.02346409653
124,222,-1.0599595568
125,225,-1.44095373777
126,226,-0.878736929031
127,378,-0.878296523295
128,230,-1.03280218978
129,232,-1.1255313446
130,236,-1.26526011115
131,23,-0.888580666209
132,237,-0.741028125866
133,238,-0.956761511404
134,425,-1.26883061608
135,240,-0.715283401891
136,413,-1.30589275111
137,242,-1.09677533948
138,245,-1.17137820695
139,244,-1.0837550102
140,25,-0.866555687294
141,440,-1.21474123795
142,248,-1.21372695869
143,251,-1.01730470849
144,256,-1.43452807332
145,257,-0.924126058503
146,259,-0.94589333347
147,260,-0.905226704782
148,56,-1.14394726247
149,261,-1.17392562869
150,262,-1.2647682647
151,29,1.24414392213
152,266,-1.00202562358
153,267,-1.03192897706
154,441,-1.17088109094
155,30,-0.937012926936
156,424,-1.47192296326
157,273,-1.16136960908
158,274,-1.2049493156
159,276,-1.43172245086
160,278,-0.830749432174
161,280,-1.32770624167
162,534,-1.07758990594
163,283,-0.758691713088
164,284,-0.625987240817
165,286,-0.915040263684
166,287,-1.33542433021
167,444,-1.17724047294
168,289,-0.952539300722
169,290,-0.96131536034
170,291,-1.08633501798
171,293,-1.04751329918
172,292,-0.901507027395
173,32,-1.03228941891
174,294,-0.883465548042
175,295,-1.43488361
176,296,-0.877915998245
177,298,-0.930084163201
178,299,-1.11795465812
179,442,-1.08833161502
180,301,-1.15211154013
181,33,-0.612664161495
182,305,-1.27165394726
183,381,-1.09921223981
184,310,-1.40026989311
185,57,-0.760099904161
186,315,-1.20833130102
187,316,-1.37397975847
188,320,-1.02484931102
189,322,-1.3769349683
190,326,-0.780509555155
191,327,-1.02914076723
192,328,-0.78625619716
193,332,-1.18492573025
194,333,-0.591309581724
195,334,-1.14751128749
196,35,-1.06059435662
197,452,-0.949568122088
198,336,-0.840304134046
199,41,-0.997643173162
200,337,-1.38552740261
201,36,-0.938752401922
202,341,-0.743440926095
203,342,-1.17721345657
204,344,-0.912031943528
205,345,-0.997470663855
206,349,-0.781556036983
207,350,-0.95263315751
208,393,-0.750029284015
209,421,-1.1322360267
210,355,-1.25413846739
211,356,-0.838953568974
212,411,-1.05637122173
213,446,-1.59142412071
214,360,-0.965240609377
215,436,-1.24432541232
216,362,-1.22794162657
217,60,-0.822405830832
218,449,-1.38337442286
219,363,-1.28083460691
220,365,-0.9471918512
221,42,-0.72925011557
222,366,-0.963064008908
223,367,-1.14622360942
224,370,-1.1544126148
225,402,-1.1744124543
226,371,-0.669757545809
227,531,-0.916407387752
228,372,-0.96304254276
229,536,1.08456306847
230,44,0.396336225058
231,2,0.208986842512
232,45,1.46110532423
233,437,1.33347411824
234,46,1.55574757154
235,390,0.829578657557
236,51,0.65585971119
237,3,1.17046242112
238,58,1.28784516685
239,376,1.48742244926
240,62,1.45419276976
241,4,0.920527232078
242,64,1.14060695121
243,394,0.941399387311
244,410,0.744117403093
245,69,1.16756252949
246,72,1.14044664401
247,73,1.36774230539
248,395,1.04013425418
249,74,1.05148162324
250,75,1.19632801213
251,443,1.41883273812
252,448,1.13666596887
253,81,1.46686215898
254,82,1.43276383333
255,83,1.60191913705
256,84,1.28685660649
257,85,1.26539087913
258,86,1.15136459192
259,89,1.41159920942
260,92,1.15704478816
261,93,1.57114293172
262,94,0.687594286297
263,95,0.390217373877
264,96,1.13719102996
265,100,1.42195022236
266,101,0.458306635221
267,103,1.36471512083
268,105,1.32787713494
269,104,1.36649618378
270,106,1.04688025001
271,107,1.46899893747
272,417,0.99170367243
273,108,1.32372962788
274,377,1.03968873224
275,112,1.37613470204
276,10,1.33016401096
277,114,1.28976202074
278,116,1.30817644867
279,408,0.942666200653
280,120,1.62717768263
281,121,1.53192399496
282,123,1.21822920539
283,484,0.748989746608
284,124,1.32515710444
285,401,1.10062333279
286,126,1.29161941226
287,68,1.45238363289
288,382,0.864644280389
289,405,1.35629353122
290,138,1.34071643326
291,407,0.997487098405
292,487,0.53473459018
293,482,0.705132102918
294,383,1.1942269628
295,152,1.19854715228
296,153,0.664598600289
297,155,1.48024618611
298,157,1.34446115621
299,374,1.44116806625
300,472,1.17965093697
301,162,1.42951094735
302,455,1.25563390271
303,167,1.26347983802
304,168,1.04209184506
305,169,0.917060295347
306,17,1.43973153145
307,172,1.54288323763
308,485,1.1188275811
309,173,1.14998631199
310,389,1.4990850615
311,180,1.11304233242
312,182,1.1633561219
313,433,1.23000913092
314,186,1.22868248186
315,185,1.22162422956
316,191,1.11635960992
317,192,1.14729392933
318,457,1.42082107185
319,416,1.41106017069
320,419,1.41888023403
321,454,1.03075338805
322,194,1.00963153731
323,384,0.769274318385
324,430,0.976638916657
325,203,1.24004931964
326,205,1.11022022268
327,206,1.29219530125
328,209,1.63147038656
329,211,1.34554876793
330,212,1.65333298329
331,213,0.704084357291
332,215,0.917850643034
333,216,1.11478525441
334,398,1.62787613383
335,218,1.29270633249
336,431,0.933970589688
337,221,1.18049289719
338,223,1.11970681879
339,479,0.578934330072
340,434,0.725190370015
341,227,1.26087147401
342,20,0.100517832403
343,228,1.32424228196
344,21,1.04871403376
345,233,1.17853412457
346,234,1.39757819842
347,235,1.42283487622
348,22,0.184301734239
349,239,1.0661970509
350,241,1.31876075048
351,432,1.20883794486
352,24,1.00916799714
353,26,1.29010334537
354,246,1.35327729793
355,27,1.18230603473
356,404,0.579123178612
357,253,1.64478907238
358,254,1.53194686814
359,255,1.4935128668
360,480,1.17985007186
361,420,1.00948897969
362,447,1.16910035898
363,28,0.416395327906
364,263,1.55763767298
365,264,1.33801332719
366,379,1.59123360801
367,268,1.4940705189
368,269,0.826576633477
369,400,0.648314343272
370,270,0.873298992643
371,271,0.18736412625
372,272,1.44946092044
373,456,1.71000976783
374,275,0.823011620844
375,279,1.19346532182
376,281,1.23498141813
377,31,0.387095737314
378,282,1.3296558016
379,288,1.02424416439
380,300,1.48926372266
381,396,0.713112124847
382,303,1.02827504479
383,304,1.25787935473
384,306,1.03224739992
385,338,1.35799433989
386,308,0.984915246965
387,309,1.36946575686
388,311,1.64004092435
389,312,1.43435216067
390,483,0.773880239023
391,313,0.577291762592
392,34,1.26863732353
393,318,1.36178523164
394,317,0.99093622404
395,321,1.56758354611
396,323,0.908422829617
397,478,1.04734836025
398,325,1.18880558575
399,387,0.480004409251
400,329,1.3055943771
401,330,1.36583609231
402,331,1.23741405374
403,335,1.46285499847
404,392,1.16562685326
405,397,1.41597177495
406,340,1.37507455199
407,339,1.18770612026
408,37,1.24986345523
409,385,1.24458924356
410,346,1.44167929165
411,348,1.44246080187
412,351,1.44981340616
413,399,1.0768569272
414,450,1.09810839986
415,451,0.637722933478
416,352,1.36604047253
417,353,1.15711200925
418,357,0.794877752664
419,358,1.16631844057
420,359,1.4504489686
421,533,1.66178288304
422,38,1.49704986206
423,361,1.36812232475
424,364,1.65776273354
425,369,1.1886588543
426,139,0.907673423506
427,231,-1.17250105077
428,224,-1.15539509046
429,78,1.26051002845
430,229,1.26400692362
431,297,-0.69798951821
432,458,-0.761770139567
433,493,-0.651105729024
434,459,-1.44607194329
435,525,-0.232595505378
436,488,-0.935857535831
437,461,1.3425858393
438,97,-1.28081847076
439,445,-1.55333966688
440,129,-0.785657173913
441,8,-0.994379607664
442,373,-0.661628942696
443,187,-1.25147794954
444,210,-1.33379797594
445,265,-1.25963096588
446,149,-1.83319426639
447,302,-1.09666559089
448,307,1.43109161906
449,319,-1.70220451813
450,164,-1.52644127075
451,324,-1.31435866467
452,347,-1.30933412692
453,354,-1.15676567717
454,460,-0.719448097962
455,208,-0.749500848888
456,510,1.60516234122
457,87,-1.7053405308
458,535,0.46728862903
459,538,0.692792748777
460,243,0.956259772674
461,277,1.50065502652
462,285,-0.821742591136
463,517,-1.0586208782
464,519,1.45678282167
465,9,1.1396264159
466,11,1.57998172999
467,515,1.28880968996
468,532,0.877386562444
469,115,0.999051983316
470,469,-0.914544039811
471,470,-0.240488782429
472,506,0.95751960764
473,490,-0.865811561848
474,471,-1.44985534812
475,476,0.483321378311
476,474,1.24704859761
477,477,-1.48204100233
478,499,1.15162735098
479,429,-1.4049283638
480,505,1.59993444688
481,179,1.35081930444
482,497,-1.34377349604
483,540,0.470082784369
484,541,0.991450026231
485,170,0.960925041853
486,427,0.595505672559
487,171,1.58698486178
488,502,-0.757088080144
489,486,-1.74247382286
490,504,-0.899653613115
491,492,-0.99993251344
492,542,1.0810646596
493,453,0.794017205518
494,526,0.431758324648
495,418,0.570917318886
496,198,-0.582014881567
497,508,0.849296821141
498,527,1.77390628552
499,509,1.26894700637
500,544,1.44768203588
501,507,0.224336346294
502,511,-0.600268910751
503,512,0.548918067917
504,491,-1.17817566925
505,258,1.46896546958
506,494,1.06052285723
507,247,1.22121228176
508,249,-1.25443107787
509,250,-0.283903599177
510,252,1.43555710488
511,513,1.5367203868
512,516,0.947118351541
513,514,-0.960731924593
514,545,0.44145498085
515,495,1.47129108833
516,518,0.775774260218
517,498,-1.75711305472
518,546,1.34283116044
519,380,1.63322126436
520,314,1.40949386388
521,500,0.995774346353
522,521,1.34985482922
523,523,0.692418788943
524,343,-1.18658429759
525,547,0.83952801315
526,501,1.1289944656
527,503,0.751054815352
528,415,1.38601872463
529,524,1.2925453908
530,473,-0.945646884544
531,368,0.976472688552
532,522,-1.1801446711
533,539,-0.984319546872
534,496,-1.33934142359
535,475,-1.39018693524
536,481,-0.78782958419
537,543,0.55823773896
538,528,1.47366528282
539,520,-0.488401659413
540,462,1.43975880824
541,463,-1.40003660305
542,464,-0.713832640237
543,465,-1.52360423746
544,467,1.23341506881
545,466,1.17278801699
546,468,-0.783047019988
547,489,1.42279770597
