,legislator,theta
0,39,-1.01695367684
1,530,-0.862412094041
2,40,-0.812704556635
3,375,-1.03875694172
4,0,-1.08780865352
5,1,-0.912215156797
6,43,-0.892093751779
7,414,-1.00151353614
8,47,-0.961125902295
9,48,-1.08900858338
10,49,-1.01805685609
11,50,-1.20190386133
12,52,-1.05320288692
13,53,-1.1655936223
14,529,-1.02423820746
15,59,-1.00203707084
16,61,-1.12043333845
17,439,-1.12953392395
18,63,-0.961381287933
19,412,-1.02703064989
20,5,-0.939348713649
21,65,-0.920360174603
22,66,-1.1608420485
23,67,-1.01591164442
24,70,-0.877231401837
25,6,-1.00363236077
26,7,-1.18464069275
27,537,-1.05856326447
28,71,-0.82353749089
29,76,-1.06250254971
30,77,-1.09461761313
31,79,-1.345716223
32,80,-1.06140598452
33,54,-1.04143823441
34,88,-0.892775057961
35,90,-0.953606251913
36,406,-1.05170376464
37,435,-1.02893442258
38,91,-1.20269699763
39,391,-1.00299142646
40,386,-1.18279486775
41,428,-0.935048736494
42,98,-1.01997304781
43,99,-0.911582037436
44,102,-0.913192275947
45,422,-1.14309781835
46,409,-0.808738338631
47,109,-0.851141779199
48,110,-0.806862456713
49,403,-1.17450481691
50,111,-1.17085643409
51,113,-0.76402465499
52,117,-1.00567288238
53,118,-1.14816441114
54,119,-0.820534648297
55,122,-0.971652829161
56,125,-1.10906198763
57,127,-1.08343545282
58,128,-0.508108474031
59,130,-1.19811852049
60,131,-1.23194490446
61,132,-1.11660597069
62,133,-0.889273669344
63,134,-0.853882898234
64,135,-1.14476080649
65,136,-1.28015184545
66,137,-0.770929333518
67,140,-0.975256458569
68,141,-1.14362445149
69,12,-0.822676761671
70,142,-1.04650549962
71,143,-0.255227153932
72,13,-1.07905084495
73,144,-1.08368836737
74,145,-1.01153186226
75,146,-1.05734708001
76,147,-1.09447809294
77,148,-1.06674422271
78,151,-1.11975400517
79,150,-1.08560960085
80,14,-0.909362546094
81,154,-0.888747244542
82,55,-0.679377432604
83,156,-0.982983819606
84,15,-1.00908223056
85,158,-0.583646774235
86,159,-0.963193064068
87,160,-1.10308301169
88,161,-1.04618238334
89,16,-0.907075329474
90,163,-0.795274096142
91,165,-1.20164011481
92,166,-0.821355362775
93,426,-1.20807952101
94,423,-1.28115266513
95,174,-1.04154171092
96,175,-1.15932719565
97,176,-1.05566097124
98,177,-1.04652143472
99,178,-1.19305256707
100,181,-1.11853697009
101,183,-1.10154802481
102,184,-1.05065250394
103,188,-1.26438184336
104,189,-0.350347406689
105,190,-1.21562015234
106,438,-0.791897638442
107,193,-1.01870300804
108,196,-1.06647680477
109,195,-0.641330719593
110,18,-1.11626389811
111,197,-0.906768106772
112,199,-1.07439777569
113,200,-1.07108004911
114,388,-1.07093476838
115,201,-1.08486374131
116,202,-0.890543396198
117,204,-1.06091136852
118,19,-0.830766121502
119,207,-1.09053513141
120,214,-0.630934063798
121,217,-1.14995897002
122,219,-0.949578663738
123,220,-1.0479992844
124,222,-1.06299922721
125,225,-1.18147190226
126,226,-0.982435769039
127,378,-0.841979662084
128,230,-1.01606011616
129,232,-1.03039398652
130,236,-1.13633462849
131,23,-0.866268210854
132,237,-0.855310828903
133,238,-1.1185545252
134,425,-1.12891883161
135,240,-0.729803182874
136,413,-1.09329014019
137,242,-0.991770480371
138,245,-1.18760635189
139,244,-1.05804954428
140,25,-0.896456885749
141,440,-1.12846643017
142,248,-1.06954372912
143,251,-1.05415092944
144,256,-1.14347816921
145,257,-1.00793536116
146,259,-1.04731358035
147,260,-0.982626179148
148,56,-0.925640994711
149,261,-1.12923989787
150,262,-1.1081362786
151,29,1.11671265109
152,266,-0.962120629179
153,267,-0.987567000904
154,441,-1.13070737016
155,30,-0.880619335808
156,424,-1.18372825441
157,273,-1.11309252857
158,274,-0.959124527167
159,276,-1.22365259586
160,278,-0.833746223152
161,280,-1.28985815552
162,534,-1.04053680567
163,283,-0.833367856461
164,284,-0.765707284499
165,286,-1.00677144309
166,287,-1.12998302556
167,444,-1.08315183203
168,289,-0.947016169741
169,290,-0.852687807352
170,291,-1.08455488562
171,293,-1.04479201138
172,292,-0.87064943131
173,32,-1.06087371529
174,294,-0.981843230344
175,295,-1.18710111138
176,296,-0.936474718489
177,298,-1.0598593725
178,299,-1.06721683538
179,442,-1.07263776096
180,301,-1.13962415887
181,33,-0.649198364796
182,305,-1.07078829891
183,381,-1.05014719749
184,310,-1.13388061068
185,57,-0.909691716915
186,315,-1.03678325938
187,316,-1.11375913011
188,320,-0.997686111877
189,322,-1.20728631223
190,326,-0.866374220666
191,327,-0.863657398045
192,328,-0.913602766313
193,332,-1.10091316461
194,333,-0.632763621569
195,334,-1.13355527502
196,35,-1.13458414195
197,452,-1.09491112563
198,336,-0.924523011075
199,41,-0.982714039986
200,337,-1.20378883063
201,36,-0.880743927331
202,341,-0.852134489462
203,342,-1.14142840943
204,344,-0.94377322159
205,345,-0.932764062291
206,349,-0.826832616393
207,350,-0.897164311215
208,393,-0.827552086779
209,421,-1.02240250783
210,355,-1.17692227462
211,356,-0.980051244809
212,411,-1.00133116198
213,446,-1.18589206179
214,360,-1.03937616081
215,436,-1.16771998042
216,362,-1.1387075307
217,60,-0.82255596989
218,449,-1.16210920805
219,363,-1.18866721829
220,365,-1.09025544077
221,42,-0.78821461436
222,366,-0.989100032811
223,367,-1.12535340845
224,370,-1.16326034278
225,402,-1.10406466036
226,371,-0.839583075746
227,531,-0.762935705169
228,372,-1.00801349704
229,536,1.24561247923
230,44,0.468566812392
231,2,0.28933443322
232,45,1.38624427204
233,437,1.24087118281
234,46,1.31714763403
235,390,0.874380902894
236,51,0.717936640197
237,3,1.20467303502
238,58,1.20830619975
239,376,1.33369456632
240,62,1.31527690893
241,4,0.988006256956
242,64,1.16209664334
243,394,0.966579515801
244,410,0.74399419244
245,69,1.19214871316
246,72,1.22801691824
247,73,1.29033411839
248,395,1.11891485796
249,74,1.11160087104
250,75,1.24283974647
251,443,1.31583687424
252,448,1.09323960446
253,81,1.38574772667
254,82,1.41911512498
255,83,1.35925046951
256,84,1.19816282766
257,85,1.14678054637
258,86,1.10133159817
259,89,1.28732175384
260,92,1.06598074142
261,93,1.36436922018
262,94,0.737441597577
263,95,0.468982486127
264,96,1.10842954457
265,100,1.25167753074
266,101,0.433861092158
267,103,1.28884199721
268,105,1.26735243642
269,104,1.27038111076
270,106,1.08408103482
271,107,1.42562665391
272,417,1.00797648592
273,108,1.32592542894
274,377,1.00759491783
275,112,1.23150437899
276,10,1.15535416122
277,114,1.19629277925
278,116,1.25691954823
279,408,0.95802958349
280,120,1.35803911928
281,121,1.3082727887
282,123,1.24792758774
283,484,0.82777622074
284,124,1.25819291972
285,401,1.07588446529
286,126,1.28878423719
287,68,1.20560797426
288,382,0.902601460593
289,405,1.33665761272
290,138,1.25294905555
291,407,0.975491063785
292,487,0.575256028632
293,482,0.733749290745
294,383,1.14187975206
295,152,1.03600508689
296,153,0.743090915704
297,155,1.15872753637
298,157,1.27694429213
299,374,1.34014364965
300,472,1.24929848086
301,162,1.28425826896
302,455,1.20014907852
303,167,1.22862111164
304,168,0.978793063207
305,169,0.991344568533
306,17,1.27312617901
307,172,1.2771748069
308,485,1.15116421127
309,173,1.1009629896
310,389,1.24216317079
311,180,1.29367527892
312,182,1.19089867559
313,433,1.32266268776
314,186,1.14334781104
315,185,1.1443890233
316,191,1.14318057369
317,192,1.15413988336
318,457,1.30369651093
319,416,1.28314306586
320,419,1.33550375373
321,454,1.08829585729
322,194,0.998002763815
323,384,0.851034976553
324,430,1.03490249394
325,203,1.25504946017
326,205,1.04082721402
327,206,1.28324527261
328,209,1.33565780457
329,211,1.20359975107
330,212,1.36619033815
331,213,0.70254586077
332,215,0.919598864958
333,216,1.19486899072
334,398,1.38985655811
335,218,1.17295969443
336,431,1.05509256228
337,221,1.22382647011
338,223,1.11887612611
339,479,0.618018469079
340,434,0.748992814258
341,227,1.14170814542
342,20,0.162501787521
343,228,1.24707168837
344,21,1.12435350339
345,233,1.1724494181
346,234,1.21769654962
347,235,1.3316282497
348,22,0.240095304353
349,239,1.03281283294
350,241,1.18358088851
351,432,1.20495761856
352,24,1.16616494731
353,26,1.25726854718
354,246,1.34813341094
355,27,1.15825970424
356,404,0.630029258049
357,253,1.42512675151
358,254,1.24436819822
359,255,1.28058800096
360,480,1.17047480224
361,420,1.11485577174
362,447,1.20390736406
363,28,0.4619784084
364,263,1.48105541238
365,264,1.30222047814
366,379,1.29799835848
367,268,1.41241884953
368,269,0.946682939395
369,400,0.7068266959
370,270,0.874789140492
371,271,0.200929392508
372,272,1.33021936428
373,456,1.38547751957
374,275,0.922983000527
375,279,1.1975425984
376,281,1.20782536688
377,31,0.452320593206
378,282,1.23063900954
379,288,1.01397970905
380,300,1.33931177707
381,396,0.740520053133
382,303,1.02968909616
383,304,1.24883536747
384,306,1.02618306051
385,338,1.36520851417
386,308,1.07306703712
387,309,1.27059883235
388,311,1.43666182318
389,312,1.30384996452
390,483,0.784200926973
391,313,0.658737559334
392,34,1.22679776503
393,318,1.21910447272
394,317,1.00296794536
395,321,1.34980828688
396,323,1.07541117474
397,478,1.12650807587
398,325,1.14712342084
399,387,0.545953772486
400,329,1.21328259209
401,330,1.17807184614
402,331,1.17821234812
403,335,1.35631284611
404,392,1.28272162652
405,397,1.23413674443
406,340,1.29606082903
407,339,1.13790792832
408,37,1.25990706617
409,385,1.17326513215
410,346,1.30768640709
411,348,1.21216846811
412,351,1.26213890785
413,399,1.04577403291
414,450,1.14480846048
415,451,0.77471472216
416,352,1.24893792061
417,353,1.09557973395
418,357,0.901260594795
419,358,1.09985446949
420,359,1.32520368517
421,533,1.16531131795
422,38,1.35073782561
423,361,1.25542420803
424,364,1.33626024442
425,369,1.36042680485
426,139,0.982209416231
427,231,-1.14586082264
428,224,-1.00166020918
429,78,1.23675140894
430,229,1.2135801533
431,297,-0.778300608833
432,458,-0.809517224401
433,493,-0.765124646004
434,459,-1.25916373319
435,525,-0.18133105819
436,488,-1.10178045714
437,461,1.2877891632
438,97,-1.07970974233
439,445,-1.09924732805
440,129,-0.94063250227
441,8,-0.9620176352
442,373,-0.676185290226
443,187,-1.24922220915
444,210,-0.907510596348
445,265,-0.873985523
446,149,-1.2306247448
447,302,-1.21341782874
448,307,1.09547695077
449,319,-1.18481524979
450,164,-1.16206725342
451,324,-1.03201591752
452,347,-1.12206747374
453,354,-1.00543390972
454,460,-0.799716109995
455,208,-0.711562521886
456,510,0.947040797132
457,87,-1.20979767952
458,535,0.528638020574
459,538,0.642292307678
460,243,0.736919065457
461,277,1.00517628533
462,285,-0.890921018015
463,517,-0.970615726372
464,519,1.12863953189
465,9,0.957145188478
466,11,1.15490114669
467,515,1.11997112333
468,532,0.915326357366
469,115,0.861198790405
470,469,-0.755729878429
471,470,-0.24314678523
472,506,0.992253927722
473,490,-0.855909136768
474,471,-1.31881175996
475,476,0.433536819664
476,474,1.12959308227
477,477,-1.22112572819
478,499,1.1237029993
479,429,-1.36628964584
480,505,1.06171628351
481,179,1.06033080929
482,497,-1.27569390183
483,540,0.495094155051
484,541,1.19026424083
485,170,0.903870779508
486,427,0.598507885627
487,171,1.11778433717
488,502,-0.788920965922
489,486,-1.52300783946
490,504,-0.973714606503
491,492,-0.943402801871
492,542,1.02016459572
493,453,0.812732430599
494,526,1.09223929943
495,418,0.660290987113
496,198,-0.573108479646
497,508,0.887637203218
498,527,1.07652715949
499,509,0.971052689061
500,544,1.12963568466
501,507,0.249476112384
502,511,-0.729894471479
503,512,0.549860098591
504,491,-1.26405335552
505,258,0.903684623589
506,494,1.12818240548
507,247,1.0815259436
508,249,-0.995017877687
509,250,-0.24181603025
510,252,1.15730685693
511,513,1.21127812646
512,516,0.688296112623
513,514,-0.863861100496
514,545,0.430203501661
515,495,1.21033842753
516,518,0.641384783727
517,498,-1.29677759915
518,546,0.878805888569
519,380,1.06222392083
520,314,1.12921731478
521,500,0.922054403404
522,521,1.10738506796
523,523,0.71024332722
524,343,-1.17911537687
525,547,0.926178219779
526,501,0.921036522611
527,503,0.700681105516
528,415,1.01962500673
529,524,1.00245338114
530,473,-0.883626948478
531,368,0.966217364061
532,522,-1.33716864949
533,539,-0.901601251841
534,496,-1.09271822537
535,475,-1.0900655395
536,481,-0.739293849629
537,543,0.627087723625
538,528,0.978206320679
539,520,-0.583870640136
540,462,0.954804350199
541,463,-1.14796978146
542,464,-0.765694872838
543,465,-1.05337224391
544,467,1.83287014682
545,466,0.520463204594
546,468,-0.854244487454
547,489,0.943586139273
