,legislator,theta
0,39,-0.913937270899
1,530,-0.862375195786
2,40,-0.790906821363
3,375,-0.985217377268
4,0,-1.05006608113
5,1,-0.823814124912
6,43,-0.760312139475
7,414,-0.997828841881
8,47,-0.897697842535
9,48,-1.17888342165
10,49,-1.08966123326
11,50,-1.3598563229
12,52,-1.36962383194
13,53,-1.29999801613
14,529,-0.918457710223
15,59,-1.07674457501
16,61,-1.23595661174
17,439,-1.39505300811
18,63,-1.10106308388
19,412,-0.946583119732
20,5,-0.819052302059
21,65,-0.959749716688
22,66,-1.04933258981
23,67,-1.09764972675
24,70,-0.79865763377
25,6,-0.901144239705
26,7,-1.08915151192
27,537,-1.0803773121
28,71,-0.825857113885
29,76,-1.05366583023
30,77,-1.02475399303
31,79,-1.27861931664
32,80,-1.18971909895
33,54,-1.12338201215
34,88,-0.878250439242
35,90,-0.758691822562
36,406,-1.33901360038
37,435,-0.952946381727
38,91,-1.41176542016
39,391,-1.04449450608
40,386,-1.45226203142
41,428,-0.911429912546
42,98,-0.97845952311
43,99,-0.776731590212
44,102,-0.958452086705
45,422,-1.03579491723
46,409,-0.798743526101
47,109,-0.715856300165
48,110,-0.707370537745
49,403,-1.42559136682
50,111,-1.3137969731
51,113,-0.681473899654
52,117,-1.06957720597
53,118,-1.7004307174
54,119,-0.76689170425
55,122,-0.97557121789
56,125,-1.12523354242
57,127,-1.2898983435
58,128,-0.508643924392
59,130,-1.1538584086
60,131,-1.56610750983
61,132,-1.41842533892
62,133,-0.938887695118
63,134,-0.762400639375
64,135,-1.35064805468
65,136,-1.44932149757
66,137,-0.702274607526
67,140,-0.940918682829
68,141,-1.24286669712
69,12,-0.735024109798
70,142,-1.16511283476
71,143,-0.231638893873
72,13,-1.24310887925
73,144,-1.09648951079
74,145,-1.24276762251
75,146,-0.99970729989
76,147,-1.31967442926
77,148,-1.17861733444
78,151,-1.29053507488
79,150,-1.1147250345
80,14,-0.961091568867
81,154,-0.879117465233
82,55,-0.586851680026
83,156,-1.05347652483
84,15,-0.890330545008
85,158,-0.551756708976
86,159,-0.918458908463
87,160,-1.23425960947
88,161,-1.09404551984
89,16,-0.853414588443
90,163,-0.747893558029
91,165,-1.47311994371
92,166,-0.718848581964
93,426,-1.57884083011
94,423,-1.49985210367
95,174,-1.0979813141
96,175,-1.36862965692
97,176,-1.28056693189
98,177,-1.15747955895
99,178,-1.2559520918
100,181,-1.11979460109
101,183,-1.22461410807
102,184,-1.19763172118
103,188,-1.43099585222
104,189,-0.307737672315
105,190,-1.41819198085
106,438,-0.673891593121
107,193,-0.941958582052
108,196,-1.12456226558
109,195,-0.566251207876
110,18,-1.42679364185
111,197,-0.7624256187
112,199,-0.986184668577
113,200,-1.14614131637
114,388,-1.25683058662
115,201,-1.43506859503
116,202,-0.779906850051
117,204,-1.25561842313
118,19,-0.738164902976
119,207,-1.3437531406
120,214,-0.586574336489
121,217,-1.22115090686
122,219,-0.818032450852
123,220,-1.06059257453
124,222,-1.05502999271
125,225,-1.4194571265
126,226,-0.872436411419
127,378,-0.822652531141
128,230,-0.972133454091
129,232,-1.17204896087
130,236,-1.2340861018
131,23,-0.906734492595
132,237,-0.712591481501
133,238,-0.937588699965
134,425,-1.29995868829
135,240,-0.665150787955
136,413,-1.3184800335
137,242,-1.16754299621
138,245,-1.21450829228
139,244,-1.02066655215
140,25,-0.747903931111
141,440,-1.20079149864
142,248,-1.21938038887
143,251,-0.852732769827
144,256,-1.46320088596
145,257,-0.985860829104
146,259,-0.99125698996
147,260,-0.950363925647
148,56,-1.06080096242
149,261,-1.24320261722
150,262,-1.39155978055
151,29,1.19529726219
152,266,-0.995752942543
153,267,-1.05979321371
154,441,-1.22152202688
155,30,-0.923649662095
156,424,-1.44268722941
157,273,-1.18642399076
158,274,-1.16109654654
159,276,-1.55922867564
160,278,-0.891437198369
161,280,-1.39999469123
162,534,-1.13848280473
163,283,-0.698010137406
164,284,-0.655193558718
165,286,-0.837345206794
166,287,-1.28878245393
167,444,-1.17995811111
168,289,-0.921217147323
169,290,-0.918600193935
170,291,-1.07250248726
171,293,-1.02535907633
172,292,-0.903812815218
173,32,-1.03990931952
174,294,-0.852874558076
175,295,-1.34261782714
176,296,-0.90485562463
177,298,-1.04376492149
178,299,-1.04737102667
179,442,-1.03649327599
180,301,-1.24337893522
181,33,-0.604960465895
182,305,-1.20603985709
183,381,-1.21171382862
184,310,-1.46556571555
185,57,-0.785988858695
186,315,-1.25182872421
187,316,-1.21953298279
188,320,-1.07405502576
189,322,-1.37845141591
190,326,-0.785699447948
191,327,-1.03100279226
192,328,-0.790534488493
193,332,-1.27691326851
194,333,-0.619175771235
195,334,-1.19075517972
196,35,-1.05981898382
197,452,-1.08898002043
198,336,-0.901374812136
199,41,-0.918028012591
200,337,-1.38692561092
201,36,-0.955538037552
202,341,-0.701455131704
203,342,-1.31042095581
204,344,-0.918156218364
205,345,-0.982621146128
206,349,-0.784040044524
207,350,-0.826122582098
208,393,-0.743636050115
209,421,-1.15602952092
210,355,-1.32983913022
211,356,-0.891218201954
212,411,-1.03782977174
213,446,-1.72660344689
214,360,-0.965135310382
215,436,-1.30837735635
216,362,-1.31709526367
217,60,-0.903614469707
218,449,-1.49966143692
219,363,-1.34647036114
220,365,-1.03768515212
221,42,-0.689197400638
222,366,-0.898230974871
223,367,-1.20414494606
224,370,-1.21452264387
225,402,-1.22865867111
226,371,-0.687781539189
227,531,-0.836281582642
228,372,-1.01074918751
229,536,1.11807540638
230,44,0.39659643562
231,2,0.203997289844
232,45,1.49185691666
233,437,1.38770171834
234,46,1.60087436106
235,390,0.745865227277
236,51,0.598473807225
237,3,1.19088950604
238,58,1.34111595606
239,376,1.57506051552
240,62,1.38349667654
241,4,0.939218911496
242,64,1.16504444698
243,394,0.96898419213
244,410,0.731439024377
245,69,1.18330631548
246,72,1.25389461005
247,73,1.38546168177
248,395,1.13942661164
249,74,1.02728622699
250,75,1.19320251757
251,443,1.30272668695
252,448,1.28441160591
253,81,1.49571266535
254,82,1.511562159
255,83,1.53378504833
256,84,1.30182866394
257,85,1.23032677326
258,86,1.04878330754
259,89,1.35999999831
260,92,1.15013666012
261,93,1.63765808245
262,94,0.770190469709
263,95,0.351283910291
264,96,1.10844948551
265,100,1.26215975165
266,101,0.467360716873
267,103,1.43420012922
268,105,1.38608426614
269,104,1.49557223725
270,106,1.04566067822
271,107,1.53820919882
272,417,0.990712134328
273,108,1.38300434922
274,377,0.921646037673
275,112,1.39717562436
276,10,1.22152753821
277,114,1.216765754
278,116,1.35148878154
279,408,0.913823265459
280,120,1.57454619906
281,121,1.53260316798
282,123,1.32677632494
283,484,0.763493996347
284,124,1.4781506456
285,401,1.06945217471
286,126,1.45732215254
287,68,1.42088273799
288,382,0.840039167391
289,405,1.38847669376
290,138,1.45926607104
291,407,0.970705914946
292,487,0.491832356239
293,482,0.671811428601
294,383,1.27427258484
295,152,1.15567830814
296,153,0.651484840831
297,155,1.49825829364
298,157,1.39831728146
299,374,1.33119191888
300,472,1.21691280702
301,162,1.36577502005
302,455,1.23749160749
303,167,1.36467429028
304,168,1.01613462524
305,169,0.949273092434
306,17,1.41783076761
307,172,1.62547875012
308,485,1.21331163331
309,173,1.22415052127
310,389,1.52939894417
311,180,1.09711337052
312,182,1.17029785409
313,433,1.45312145657
314,186,1.35730667793
315,185,1.30299208941
316,191,1.19002068206
317,192,1.21568172616
318,457,1.29630065461
319,416,1.52108020958
320,419,1.31726917385
321,454,1.058701751
322,194,1.0057765104
323,384,0.756071545097
324,430,1.00470924372
325,203,1.31563861342
326,205,1.07421253701
327,206,1.26895758616
328,209,1.66046851142
329,211,1.33350191815
330,212,1.62511558649
331,213,0.693937268712
332,215,0.834959104382
333,216,1.16947670866
334,398,1.74506001478
335,218,1.40985237472
336,431,1.00299274255
337,221,1.11047396452
338,223,1.05075974774
339,479,0.57247792453
340,434,0.659571324849
341,227,1.651008751
342,20,0.179303640879
343,228,1.47477732309
344,21,0.970004493773
345,233,1.19745973599
346,234,1.55997640759
347,235,1.56638180904
348,22,0.201556057048
349,239,0.994783007552
350,241,1.30599290977
351,432,1.26564243554
352,24,1.05555325668
353,26,1.39600269582
354,246,1.51505576713
355,27,1.15532601763
356,404,0.576228579134
357,253,1.6952552208
358,254,1.61114454295
359,255,1.62727367286
360,480,1.27174052371
361,420,1.00540635103
362,447,1.2348448972
363,28,0.42113388583
364,263,1.80143108314
365,264,1.47144048317
366,379,1.52490692927
367,268,1.51907690913
368,269,0.965295988593
369,400,0.625000783046
370,270,0.780593531535
371,271,0.225753229953
372,272,1.4367023443
373,456,1.75614541162
374,275,0.874801509236
375,279,1.28005492237
376,281,1.39123858821
377,31,0.410839701551
378,282,1.31221258739
379,288,0.983822258661
380,300,1.53465219368
381,396,0.612920638137
382,303,0.981382674534
383,304,1.32574176752
384,306,1.07510066262
385,338,1.35534114473
386,308,1.06318982572
387,309,1.49404943072
388,311,1.78596922396
389,312,1.35740538272
390,483,0.781549915458
391,313,0.655046695564
392,34,1.24325890691
393,318,1.29985049318
394,317,0.957914374537
395,321,1.70031248581
396,323,0.926873136902
397,478,1.09286799219
398,325,1.22268265588
399,387,0.492958608034
400,329,1.4055408109
401,330,1.38830596141
402,331,1.13106241375
403,335,1.64091540611
404,392,1.15857506005
405,397,1.50009458081
406,340,1.29677109376
407,339,1.27262929945
408,37,1.34542159487
409,385,1.26068823934
410,346,1.50845325861
411,348,1.41817765787
412,351,1.59253970161
413,399,1.13152447111
414,450,0.996222497724
415,451,0.623248151542
416,352,1.59014066842
417,353,1.20156403101
418,357,0.764505262174
419,358,1.20062795919
420,359,1.40192150232
421,533,1.59397422998
422,38,1.56921669896
423,361,1.389822035
424,364,1.62830206981
425,369,1.37951049049
426,139,0.896703280163
427,231,-1.18086744568
428,224,-1.098616554
429,78,1.38200096647
430,229,1.17818356074
431,297,-0.74121670065
432,458,-0.849369780207
433,493,-0.648531960817
434,459,-1.36639231471
435,525,-0.785337270411
436,488,-0.8764030901
437,461,1.50545092908
438,97,-1.51788599693
439,445,-1.90177751331
440,129,-0.950815594674
441,8,-1.0323658128
442,373,-0.751546959992
443,187,-1.58575574605
444,210,-1.55705065007
445,265,-1.42749123841
446,149,-1.96420186326
447,302,-1.2348554323
448,307,1.43562741322
449,319,-1.83582994766
450,164,-1.51513926848
451,324,-1.26164059336
452,347,-1.27281846385
453,354,-1.22913086009
454,460,-0.974398527544
455,208,-0.808434410471
456,510,1.37688322896
457,87,-1.67027246227
458,535,0.581750759902
459,538,0.663013675167
460,243,0.906124532104
461,277,1.64218606946
462,285,-1.08485550449
463,517,-1.11255397369
464,519,1.47608973605
465,9,1.33473934419
466,11,1.40546072168
467,515,1.20057978301
468,532,0.887462639305
469,115,1.00609435936
470,469,-0.797086819671
471,470,-0.255903708094
472,506,1.18163709678
473,490,-1.01945607172
474,471,-1.47330387489
475,476,0.494564950442
476,474,1.43538225254
477,477,-1.70919814749
478,499,1.19131473842
479,429,-1.66683276946
480,505,1.58007004306
481,179,1.57185604851
482,497,-1.50459070515
483,540,0.485648513565
484,541,1.1779706723
485,170,1.05883576678
486,427,0.507714904325
487,171,1.59141442698
488,502,-0.893829180909
489,486,-1.94470819359
490,504,-1.06384174821
491,492,-0.925725984255
492,542,1.2288773943
493,453,0.943647446612
494,526,-0.656925192945
495,418,0.799628760408
496,198,-0.441711178696
497,508,0.999676194693
498,527,2.09408547201
499,509,1.34850353716
500,544,1.54907547171
501,507,0.113029314255
502,511,-0.646298083567
503,512,0.601954215212
504,491,-1.18056173253
505,258,1.62616219252
506,494,1.05337059785
507,247,1.621485367
508,249,-1.3774260143
509,250,-0.329229818811
510,252,1.74564495114
511,513,1.44870969469
512,516,1.18660593078
513,514,-0.987715560657
514,545,0.423991273696
515,495,1.85164185435
516,518,0.678368903146
517,498,-1.91754434877
518,546,1.31320303541
519,380,1.73321586917
520,314,1.51882569986
521,500,0.815322876671
522,521,1.35779075417
523,523,0.684414380275
524,343,-1.46364909829
525,547,0.835380806527
526,501,1.45052991385
527,503,0.819683745557
528,415,1.50439214852
529,524,1.56715717876
530,473,-1.08670944637
531,368,1.19641181654
532,522,-1.34916955996
533,539,-1.06397351447
534,496,-1.11564312988
535,475,-1.73482491599
536,481,-0.875087905541
537,543,0.706765594993
538,528,1.24017067188
539,520,-0.810406469576
540,462,1.61913786876
541,463,-1.42916985617
542,464,-0.705211811537
543,465,-1.34492492268
544,467,0.841430747152
545,466,1.06613469478
546,468,-0.577682785111
547,489,1.25667143823
