,legislator,theta
0,39,-1.05253013954
1,530,-0.903789567651
2,40,-0.822408065283
3,375,-0.988643676679
4,0,-1.07366334853
5,1,-0.926647860838
6,43,-0.8511630345
7,414,-1.054442041
8,47,-0.950239913595
9,48,-1.15629783157
10,49,-1.12794800205
11,50,-1.18594362186
12,52,-1.0517203745
13,53,-1.25114734706
14,529,-1.11173301825
15,59,-1.02203869819
16,61,-1.14258095118
17,439,-1.11892103214
18,63,-1.01875198336
19,412,-1.09586456611
20,5,-0.846216766145
21,65,-0.922927945905
22,66,-1.12616821223
23,67,-1.0669611565
24,70,-0.803323251928
25,6,-0.922670884256
26,7,-1.1603914575
27,537,-1.09491133234
28,71,-0.789903839308
29,76,-1.02035216665
30,77,-1.0122514116
31,79,-1.34997886809
32,80,-1.08815973706
33,54,-1.00515213746
34,88,-0.900850111442
35,90,-0.874508692853
36,406,-1.14776788229
37,435,-0.984733430755
38,91,-1.06896254933
39,391,-1.05412980683
40,386,-1.13783640563
41,428,-0.937549737221
42,98,-1.01940436357
43,99,-0.783758076091
44,102,-0.879322409204
45,422,-1.03020288151
46,409,-0.852392900375
47,109,-0.791487243188
48,110,-0.791758675528
49,403,-1.22363089803
50,111,-1.20891913211
51,113,-0.766758329968
52,117,-1.04984641222
53,118,-1.22828904871
54,119,-0.695252585508
55,122,-1.04080080807
56,125,-1.11515535439
57,127,-1.13901917828
58,128,-0.568463199138
59,130,-1.1409760238
60,131,-1.30998814237
61,132,-1.24149530451
62,133,-0.913475313068
63,134,-0.764193382708
64,135,-1.22638433878
65,136,-1.35235413375
66,137,-0.727462939165
67,140,-1.08268720123
68,141,-1.06920698774
69,12,-0.817945916961
70,142,-1.1512304651
71,143,-0.259586304494
72,13,-1.09888590167
73,144,-1.12643872673
74,145,-1.0336183294
75,146,-1.1412357821
76,147,-1.13942337823
77,148,-1.08710733315
78,151,-1.14218169315
79,150,-1.06907697847
80,14,-0.909999136609
81,154,-0.945512791245
82,55,-0.605675624974
83,156,-1.07232270909
84,15,-1.12086253649
85,158,-0.579777733638
86,159,-1.02336804773
87,160,-1.16898329029
88,161,-1.07437560139
89,16,-0.847731107287
90,163,-0.70017122099
91,165,-1.24115130203
92,166,-0.8042065585
93,426,-1.23521964562
94,423,-1.37530220742
95,174,-1.05087266263
96,175,-1.11992399267
97,176,-1.08797288518
98,177,-1.06859979208
99,178,-1.16738409294
100,181,-1.16698640035
101,183,-1.07850410169
102,184,-1.09249988069
103,188,-1.2954520299
104,189,-0.295036470804
105,190,-1.30742748373
106,438,-0.793477438085
107,193,-0.967307582488
108,196,-1.03276257703
109,195,-0.649695774043
110,18,-1.20750827644
111,197,-0.835943678001
112,199,-1.11447782153
113,200,-1.14544713157
114,388,-1.06302812623
115,201,-1.18381670351
116,202,-0.833165995159
117,204,-1.09108705546
118,19,-0.869036522765
119,207,-1.24218061788
120,214,-0.497148641028
121,217,-1.19338407742
122,219,-0.961316104605
123,220,-1.08058717593
124,222,-1.06603533715
125,225,-1.2265062626
126,226,-0.906983297305
127,378,-0.814784219239
128,230,-1.03044826428
129,232,-1.08567076949
130,236,-1.20801689963
131,23,-0.880927378897
132,237,-0.779957847953
133,238,-1.12538550123
134,425,-1.06956575667
135,240,-0.681142521821
136,413,-1.06346049795
137,242,-1.09016212491
138,245,-1.15455884937
139,244,-1.02243061066
140,25,-0.85493140645
141,440,-1.0895789109
142,248,-1.06333680264
143,251,-1.06462425043
144,256,-1.37644343532
145,257,-0.963128263818
146,259,-0.954107641118
147,260,-0.994366356194
148,56,-1.02347736263
149,261,-1.08704374752
150,262,-1.19922556397
151,29,1.21772376417
152,266,-0.902615554811
153,267,-0.971413214915
154,441,-1.16438850708
155,30,-0.880173628869
156,424,-1.24105035648
157,273,-1.09256048875
158,274,-0.879916024024
159,276,-1.24477355572
160,278,-0.833223782448
161,280,-1.21824234974
162,534,-1.01003157806
163,283,-0.7629294254
164,284,-0.708275655545
165,286,-0.916748535934
166,287,-1.27052566433
167,444,-1.07038862859
168,289,-0.934095739379
169,290,-0.897152462285
170,291,-1.06392585295
171,293,-1.03834927314
172,292,-0.865882577099
173,32,-1.00165512973
174,294,-1.03426873043
175,295,-1.17760310126
176,296,-0.888834950268
177,298,-0.969774180599
178,299,-1.03792029048
179,442,-1.14466606823
180,301,-1.11257635291
181,33,-0.609846729559
182,305,-1.11750524713
183,381,-1.10913914073
184,310,-1.22001177811
185,57,-0.890315169577
186,315,-1.12504905194
187,316,-1.23065695846
188,320,-1.01637706778
189,322,-1.18351849377
190,326,-0.793661364863
191,327,-0.915138925879
192,328,-0.932914702241
193,332,-1.16646696559
194,333,-0.68503229313
195,334,-1.18150726633
196,35,-1.12264874512
197,452,-1.07615946113
198,336,-0.882468388013
199,41,-0.975036961753
200,337,-1.23628613912
201,36,-0.915584567342
202,341,-0.886741049991
203,342,-1.18600865864
204,344,-0.915977740037
205,345,-1.02228355521
206,349,-0.819552712285
207,350,-0.892000185941
208,393,-0.775592919233
209,421,-1.06836001867
210,355,-1.25804476888
211,356,-0.89053308872
212,411,-1.00755072025
213,446,-1.35162645626
214,360,-0.939915210407
215,436,-1.16917028051
216,362,-1.18012729115
217,60,-0.901905845737
218,449,-1.20559203536
219,363,-1.21524623919
220,365,-0.985259697768
221,42,-0.792612508798
222,366,-0.961035836866
223,367,-1.06361490998
224,370,-1.1403993139
225,402,-1.10236936829
226,371,-0.740973660851
227,531,-0.810548551462
228,372,-1.04311774006
229,536,1.102379564
230,44,0.44719680172
231,2,0.219419207099
232,45,1.42572286294
233,437,1.24347875534
234,46,1.44984940829
235,390,0.875063283404
236,51,0.674479196702
237,3,1.12643617914
238,58,1.25163401201
239,376,1.38792767896
240,62,1.29728896791
241,4,0.994860165464
242,64,1.12878247017
243,394,0.9870243632
244,410,0.79528836971
245,69,1.1626415255
246,72,1.19670748929
247,73,1.28051152401
248,395,1.0633006566
249,74,1.11877144263
250,75,1.1761380124
251,443,1.374404334
252,448,1.15258481117
253,81,1.38453972206
254,82,1.43680984207
255,83,1.42881771211
256,84,1.23415331782
257,85,1.16217561339
258,86,1.0719546529
259,89,1.38447559109
260,92,1.11233709272
261,93,1.29711009618
262,94,0.70691447116
263,95,0.427759287334
264,96,1.15701352221
265,100,1.25730313861
266,101,0.507945127115
267,103,1.37210862895
268,105,1.26230243434
269,104,1.29007198304
270,106,1.06360066778
271,107,1.46335326781
272,417,0.959061164364
273,108,1.31548289161
274,377,0.974312754585
275,112,1.24600333098
276,10,1.13114454361
277,114,1.23379272742
278,116,1.17663812112
279,408,0.954568264616
280,120,1.36125016669
281,121,1.3123895477
282,123,1.19787600375
283,484,0.79056051869
284,124,1.22859215802
285,401,1.12547074102
286,126,1.21829920912
287,68,1.28181077561
288,382,0.796900060351
289,405,1.31501340097
290,138,1.18674361023
291,407,0.985599033165
292,487,0.589457287066
293,482,0.708323510536
294,383,1.07405626143
295,152,0.979261930147
296,153,0.61233450273
297,155,1.2563438376
298,157,1.17372500879
299,374,1.29387842347
300,472,1.30153037667
301,162,1.35348101404
302,455,1.1261579666
303,167,1.24740450904
304,168,1.00503260775
305,169,1.00850895567
306,17,1.4425920488
307,172,1.36163249377
308,485,1.09625776642
309,173,1.10786326802
310,389,1.3276714762
311,180,1.1602264173
312,182,1.17920851557
313,433,1.32369941025
314,186,1.2313668721
315,185,1.18397516576
316,191,1.07262754224
317,192,1.0984796581
318,457,1.2859990922
319,416,1.20794590923
320,419,1.35814425999
321,454,1.00109511989
322,194,1.04795499115
323,384,0.773902222124
324,430,1.00178526458
325,203,1.10755942994
326,205,1.07271996487
327,206,1.26215097699
328,209,1.35638317629
329,211,1.19814740694
330,212,1.47093664415
331,213,0.674795397924
332,215,0.860815409126
333,216,1.12065773693
334,398,1.50021912507
335,218,1.30937374709
336,431,1.06402234079
337,221,1.16479508233
338,223,1.07914353767
339,479,0.570948727269
340,434,0.729485789343
341,227,1.15367203369
342,20,0.155810337096
343,228,1.17517012022
344,21,0.929261950336
345,233,1.23288276955
346,234,1.19933940281
347,235,1.37602291511
348,22,0.216711513241
349,239,1.08371686115
350,241,1.27531203144
351,432,1.27969232812
352,24,1.09336714732
353,26,1.23697431882
354,246,1.35323675046
355,27,1.13391428723
356,404,0.629007515197
357,253,1.38801655051
358,254,1.28756604099
359,255,1.18645132215
360,480,1.09896629067
361,420,1.01628151144
362,447,1.1643882286
363,28,0.419220942428
364,263,1.48218840113
365,264,1.25283261696
366,379,1.34313419834
367,268,1.35948209715
368,269,0.953744374962
369,400,0.765706648391
370,270,0.859629676698
371,271,0.205790601951
372,272,1.38354361379
373,456,1.4686525364
374,275,0.928929750915
375,279,1.22090938123
376,281,1.32353261381
377,31,0.429138660673
378,282,1.24619211653
379,288,1.04188039748
380,300,1.26849856802
381,396,0.616251009786
382,303,1.04720578628
383,304,1.24303088436
384,306,1.0649103201
385,338,1.36250433648
386,308,1.02839497591
387,309,1.25882711908
388,311,1.35710893047
389,312,1.30551060635
390,483,0.756624070015
391,313,0.633404197413
392,34,1.23495063436
393,318,1.15975127336
394,317,1.0407043993
395,321,1.35661238065
396,323,0.939095273159
397,478,1.17884966708
398,325,1.13774823093
399,387,0.555536731437
400,329,1.2182703119
401,330,1.19846622311
402,331,1.20364125356
403,335,1.3390978718
404,392,1.17850201843
405,397,1.30529209179
406,340,1.30319889879
407,339,1.09087540789
408,37,1.20831931742
409,385,1.21217938854
410,346,1.33217888865
411,348,1.25794964081
412,351,1.2651401514
413,399,1.06014679939
414,450,1.16929028637
415,451,0.750464571683
416,352,1.29382052106
417,353,1.01782417957
418,357,0.935724354305
419,358,1.13340028252
420,359,1.32412895186
421,533,1.24460586393
422,38,1.42787100516
423,361,1.29546171931
424,364,1.38161514137
425,369,1.43167935127
426,139,0.972131607672
427,231,-1.12573602515
428,224,-1.02867248599
429,78,1.22630251925
430,229,1.24222065699
431,297,-0.801696005593
432,458,-0.8579999868
433,493,-0.849964220408
434,459,-1.34266164669
435,525,-0.436402884644
436,488,-1.02567355273
437,461,1.28488827286
438,97,-1.22765865306
439,445,-1.08829472179
440,129,-0.811055647711
441,8,-0.948319798688
442,373,-0.68632555176
443,187,-1.4802574921
444,210,-0.94120679086
445,265,-1.02783871662
446,149,-1.52835794293
447,302,-1.06319422101
448,307,1.21558045762
449,319,-1.28200551884
450,164,-1.18387493927
451,324,-1.13487800008
452,347,-1.02709430978
453,354,-1.12345393278
454,460,-0.951749165027
455,208,-0.620230751225
456,510,1.27365504294
457,87,-1.28287911053
458,535,0.557283417559
459,538,0.700268899152
460,243,0.829024910299
461,277,1.35373814738
462,285,-0.896254286842
463,517,-1.01461239985
464,519,1.10804399335
465,9,1.16877866726
466,11,1.29819421366
467,515,1.46217631756
468,532,0.91146054606
469,115,0.906819471953
470,469,-0.765137337172
471,470,-0.197391795388
472,506,1.02909628531
473,490,-0.80926630067
474,471,-1.14364461772
475,476,0.482980994511
476,474,1.08090789733
477,477,-1.13934276578
478,499,1.17260855695
479,429,-1.18369875862
480,505,1.22790834832
481,179,1.11494721403
482,497,-1.0908070692
483,540,0.396986469646
484,541,1.25609296885
485,170,0.864316070534
486,427,0.518189412144
487,171,1.08604446599
488,502,-0.719062407856
489,486,-1.62714097768
490,504,-0.937112952607
491,492,-0.99600140923
492,542,1.06854367461
493,453,0.742084694669
494,526,1.03764873442
495,418,0.720654232718
496,198,-0.440735317891
497,508,1.07042778976
498,527,1.46564591924
499,509,1.09820909063
500,544,1.13310957999
501,507,0.195447007059
502,511,-0.823327137759
503,512,0.56393813955
504,491,-1.30397438184
505,258,1.0597216199
506,494,0.938454010669
507,247,1.10229991127
508,249,-1.16821134211
509,250,-0.21190334734
510,252,1.0871535381
511,513,1.21489740385
512,516,0.886831254555
513,514,-0.805293954172
514,545,0.487174980549
515,495,1.08950067074
516,518,0.665820340829
517,498,-1.46666564462
518,546,1.14297748725
519,380,1.21736472028
520,314,1.14262667761
521,500,0.916645557229
522,521,1.22393020155
523,523,0.629977298602
524,343,-1.26001550735
525,547,0.807677330456
526,501,0.960641293313
527,503,0.581738845614
528,415,0.960664202577
529,524,1.23996070651
530,473,-0.891310118261
531,368,0.990532504601
532,522,-1.25330643609
533,539,-0.816442492873
534,496,-1.16040158119
535,475,-1.13629457804
536,481,-0.802810026315
537,543,0.634714815219
538,528,1.09145003708
539,520,-0.811198975058
540,462,0.739606190308
541,463,-1.09806774594
542,464,-0.725481382338
543,465,-1.26617221291
544,467,1.96313620624
545,466,0.867467327704
546,468,-0.667815921952
547,489,0.859632646465
