,legislator,theta
0,39,-0.983620828664
1,530,-0.862764545292
2,40,-0.827998573307
3,375,-0.924267642621
4,0,-1.05075530474
5,1,-0.950977317037
6,43,-0.87209746212
7,414,-0.978984984979
8,47,-0.977527092618
9,48,-1.07147805769
10,49,-1.03222304074
11,50,-1.11830617622
12,52,-1.09955539821
13,53,-1.13842854974
14,529,-0.844050645408
15,59,-1.067282513
16,61,-0.976595682692
17,439,-1.08136782807
18,63,-0.919720919755
19,412,-0.973656102692
20,5,-0.949028045095
21,65,-1.09248714957
22,66,-0.954937845843
23,67,-0.99312730575
24,70,-0.895300430352
25,6,-1.03897405765
26,7,-1.13082411198
27,537,-1.0529742171
28,71,-1.03279706124
29,76,-1.01154870068
30,77,-0.944137445625
31,79,-1.07055654499
32,80,-1.03332114671
33,54,-1.13528072449
34,88,-0.959768159532
35,90,-0.904512672824
36,406,-1.07455688768
37,435,-1.01641909252
38,91,-1.10941276465
39,391,-1.0152016025
40,386,-1.14068322719
41,428,-1.01305095686
42,98,-1.07162922129
43,99,-0.903179092215
44,102,-0.947736006964
45,422,-1.04968771923
46,409,-0.935311982809
47,109,-0.984246519586
48,110,-0.853400940963
49,403,-1.04152819717
50,111,-1.1503171412
51,113,-0.819594906178
52,117,-1.00381027439
53,118,-1.09316445728
54,119,-0.887760050415
55,122,-1.11572635985
56,125,-1.04489247929
57,127,-1.07185798994
58,128,-0.671935211072
59,130,-1.0920178625
60,131,-1.11908202084
61,132,-1.16447937284
62,133,-0.972609651453
63,134,-0.824272944194
64,135,-1.09830291467
65,136,-1.11361349394
66,137,-0.916832579093
67,140,-0.997637904266
68,141,-1.1347107774
69,12,-0.81574084496
70,142,-1.07634736737
71,143,-0.356631179407
72,13,-1.07889737741
73,144,-1.05958988093
74,145,-1.03580531142
75,146,-1.00663823789
76,147,-1.11616751048
77,148,-1.01867870526
78,151,-1.13208841062
79,150,-1.06850950859
80,14,-1.00494937023
81,154,-0.888452877995
82,55,-0.769096347827
83,156,-1.08917419332
84,15,-1.08496632614
85,158,-0.715702090662
86,159,-0.891644806378
87,160,-1.16255829548
88,161,-1.15248295407
89,16,-0.963055224469
90,163,-0.829304145553
91,165,-1.14412668182
92,166,-0.868502081461
93,426,-1.04446383721
94,423,-1.04190424928
95,174,-1.02653071994
96,175,-1.11074486845
97,176,-1.09559543575
98,177,-0.997927001443
99,178,-1.15028752438
100,181,-1.08119635749
101,183,-1.17725182008
102,184,-0.995275103362
103,188,-1.11228492728
104,189,-0.39001228306
105,190,-1.03746169034
106,438,-0.900246028888
107,193,-1.04641421789
108,196,-0.987366793432
109,195,-0.775596436398
110,18,-1.1339131503
111,197,-0.945232041958
112,199,-1.03408990361
113,200,-1.03609644032
114,388,-1.06086828049
115,201,-1.16741782833
116,202,-0.962970270291
117,204,-1.05013380209
118,19,-0.884245565903
119,207,-1.12766541737
120,214,-0.673412979404
121,217,-1.0934930409
122,219,-1.03972016863
123,220,-1.00545126293
124,222,-0.958294954855
125,225,-1.17032321238
126,226,-0.978613514126
127,378,-0.846635761555
128,230,-0.998280277694
129,232,-1.1074132932
130,236,-1.04346542551
131,23,-0.920992131564
132,237,-1.01005786779
133,238,-1.07007939149
134,425,-1.1491199843
135,240,-0.83834559208
136,413,-1.11144524907
137,242,-1.00152766133
138,245,-1.06610516504
139,244,-1.04293661399
140,25,-0.981902232483
141,440,-1.0896145256
142,248,-1.04824747544
143,251,-1.02502413145
144,256,-1.15785959918
145,257,-1.04157031492
146,259,-1.05132737465
147,260,-1.13687750671
148,56,-1.01737010571
149,261,-1.11912347048
150,262,-1.14889489296
151,29,1.12904725823
152,266,-1.0400438432
153,267,-1.03747886755
154,441,-1.08313172725
155,30,-0.939663608534
156,424,-1.14766192592
157,273,-1.17152981699
158,274,-1.04496916674
159,276,-1.19374598922
160,278,-0.863294521268
161,280,-1.08974524895
162,534,-1.21997113425
163,283,-0.888604102919
164,284,-0.853535342974
165,286,-1.02949176865
166,287,-1.04061420494
167,444,-1.00951006157
168,289,-0.943471777742
169,290,-0.910977206997
170,291,-1.06809779407
171,293,-1.04482826164
172,292,-0.960060583033
173,32,-1.03571891674
174,294,-0.964474999082
175,295,-1.13606162394
176,296,-1.04006964167
177,298,-1.02048676842
178,299,-1.03336409423
179,442,-1.04542710895
180,301,-1.08096978324
181,33,-0.788696037212
182,305,-1.06704721788
183,381,-0.983392255736
184,310,-1.05261633912
185,57,-0.894733174156
186,315,-1.04198825726
187,316,-1.00375210263
188,320,-1.11677861115
189,322,-1.15464864238
190,326,-0.921765124239
191,327,-0.942329062176
192,328,-0.97199025015
193,332,-1.08514046165
194,333,-0.793031833288
195,334,-1.09056252008
196,35,-1.02788528075
197,452,-1.14022493301
198,336,-0.933695430552
199,41,-0.872188370041
200,337,-1.05592793283
201,36,-0.957383089181
202,341,-0.922142131029
203,342,-1.11588450755
204,344,-0.994947365663
205,345,-0.988037069025
206,349,-0.835226954827
207,350,-0.902725960366
208,393,-0.893484396674
209,421,-1.07705316667
210,355,-1.10245885118
211,356,-0.980056246399
212,411,-1.01941844989
213,446,-1.11567775271
214,360,-1.03882340941
215,436,-1.05350639345
216,362,-1.04354847085
217,60,-0.952911666018
218,449,-1.10607728119
219,363,-1.23086073351
220,365,-1.11365884808
221,42,-0.842017336575
222,366,-1.00717072917
223,367,-1.10792591111
224,370,-1.13321632082
225,402,-1.13285201266
226,371,-0.861653454346
227,531,-0.968470259469
228,372,-1.00671736856
229,536,1.22622451659
230,44,0.491219839426
231,2,0.213671086519
232,45,1.24251013423
233,437,1.2600755319
234,46,1.19713327238
235,390,0.848025247948
236,51,0.854120658462
237,3,1.13731742486
238,58,1.19593504691
239,376,1.25696926897
240,62,1.17657535319
241,4,1.06024870284
242,64,1.15119799933
243,394,1.04020823315
244,410,0.957480333506
245,69,1.11024683204
246,72,1.2124951578
247,73,1.20477120229
248,395,1.15447193243
249,74,1.19625037486
250,75,1.16206520188
251,443,1.19486824516
252,448,1.14493711233
253,81,1.18841961312
254,82,1.25041557666
255,83,1.16677351499
256,84,1.25181634765
257,85,1.21864662197
258,86,1.22733494534
259,89,1.25405792034
260,92,1.12648803537
261,93,1.354235794
262,94,0.914696252614
263,95,0.52864705041
264,96,1.24256071818
265,100,1.18221666945
266,101,0.60667175677
267,103,1.34391060839
268,105,1.31044976176
269,104,1.3276489708
270,106,1.16608970759
271,107,1.37058026286
272,417,1.16589900873
273,108,1.18747643921
274,377,1.09726691679
275,112,1.26774816584
276,10,1.14874193941
277,114,1.18033710755
278,116,1.2246191109
279,408,1.00953406798
280,120,1.24284223344
281,121,1.25433391835
282,123,1.15563110695
283,484,0.873705585799
284,124,1.30716155641
285,401,1.16134962833
286,126,1.26613226498
287,68,1.19325258688
288,382,0.991325883736
289,405,1.24417339332
290,138,1.1880606077
291,407,1.07638771301
292,487,0.621863416632
293,482,0.876255856396
294,383,1.18164046761
295,152,1.13411014192
296,153,0.752508334209
297,155,1.16640765331
298,157,1.23729264055
299,374,1.23939403187
300,472,1.16733208155
301,162,1.277076783
302,455,1.22610109388
303,167,1.2523848378
304,168,1.04375951217
305,169,1.13690052984
306,17,1.2668501743
307,172,1.32539663598
308,485,1.16107239512
309,173,1.16569600426
310,389,1.27699432432
311,180,1.18390519706
312,182,1.23633200657
313,433,1.27803851019
314,186,1.21636302601
315,185,1.19538683106
316,191,1.16338068103
317,192,1.17891009615
318,457,1.24673971569
319,416,1.27124273138
320,419,1.25091485322
321,454,1.11281458105
322,194,1.08247623015
323,384,0.90327711268
324,430,1.03326607748
325,203,1.15371146121
326,205,1.14704125514
327,206,1.26011394805
328,209,1.23793730852
329,211,1.19208220332
330,212,1.30415443188
331,213,0.889777879784
332,215,0.94236029654
333,216,1.18835706857
334,398,1.34727052845
335,218,1.20928278266
336,431,1.04197553097
337,221,1.12735049777
338,223,1.0427818161
339,479,0.771694178125
340,434,0.813480697594
341,227,1.21232516975
342,20,0.144428787315
343,228,1.25354247992
344,21,1.00897668717
345,233,1.16564010427
346,234,1.19338827462
347,235,1.1700676944
348,22,0.2504971932
349,239,1.13118731646
350,241,1.19425688288
351,432,1.25198904607
352,24,1.17562821882
353,26,1.20995774988
354,246,1.34144921308
355,27,1.08849276419
356,404,0.742944388282
357,253,1.28281033803
358,254,1.23205426132
359,255,1.26241898311
360,480,1.19236657989
361,420,1.17671841509
362,447,1.10354411203
363,28,0.491743567322
364,263,1.32389028763
365,264,1.3124141519
366,379,1.24005740781
367,268,1.25228032393
368,269,1.0108730545
369,400,0.873895039105
370,270,1.01348693872
371,271,0.208139515505
372,272,1.21364032495
373,456,1.20812113695
374,275,0.982141320243
375,279,1.19287562944
376,281,1.16566664723
377,31,0.555669988433
378,282,1.29663427417
379,288,1.11809014944
380,300,1.29023608516
381,396,0.818694984645
382,303,1.06791940774
383,304,1.24695462994
384,306,1.08334859095
385,338,1.28655175335
386,308,1.10942552663
387,309,1.30709117978
388,311,1.2729408205
389,312,1.28627189477
390,483,0.935581871522
391,313,0.80631938107
392,34,1.20276753804
393,318,1.22223521641
394,317,1.02206964293
395,321,1.16198942379
396,323,1.11331174344
397,478,1.14369834384
398,325,1.15286666636
399,387,0.582418381895
400,329,1.19401532321
401,330,1.25364019799
402,331,1.13744239336
403,335,1.2769201816
404,392,1.16200225334
405,397,1.16684836395
406,340,1.17212937264
407,339,1.15723711118
408,37,1.14797225794
409,385,1.20663990765
410,346,1.23212342712
411,348,1.21983256116
412,351,1.23737207632
413,399,1.08444130248
414,450,1.08562106333
415,451,0.861692105804
416,352,1.20759416334
417,353,1.17234132039
418,357,0.983690723121
419,358,1.14446460263
420,359,1.2640946454
421,533,1.28853259135
422,38,1.23083977065
423,361,1.21431719072
424,364,1.3664825776
425,369,1.30385299798
426,139,1.03311175188
427,231,-1.15764596425
428,224,-1.02271981001
429,78,1.25118077652
430,229,1.23299063948
431,297,-0.79615705941
432,458,-0.967099703486
433,493,-1.17032161826
434,459,-1.18807150069
435,525,-0.312742870381
436,488,-1.0285487721
437,461,1.23001619717
438,97,-1.09416354736
439,445,-1.13480435309
440,129,-0.909282408663
441,8,-0.880608751166
442,373,-0.772073896664
443,187,-1.09414988712
444,210,-1.1254407276
445,265,-1.02901551911
446,149,-1.09822445687
447,302,-1.01330981562
448,307,1.02587658185
449,319,-1.17100885269
450,164,-1.18993654118
451,324,-0.95530211182
452,347,-1.0958551102
453,354,-1.11804671817
454,460,-1.04185560526
455,208,-0.690212442477
456,510,0.915359018697
457,87,-1.1209642299
458,535,0.433105990439
459,538,0.585874180468
460,243,0.940633375791
461,277,0.936495080583
462,285,-0.858881933079
463,517,-1.08757938122
464,519,1.11408202598
465,9,1.01760449878
466,11,1.00713592201
467,515,1.08881407006
468,532,0.908997568212
469,115,0.80582029938
470,469,-0.924923049334
471,470,-0.14894602745
472,506,1.04383731523
473,490,-0.804636411278
474,471,-1.14367045423
475,476,0.466609951459
476,474,1.09022842893
477,477,-1.08181013672
478,499,0.975711296072
479,429,-1.09304861683
480,505,0.940815704962
481,179,1.077131325
482,497,-1.12347644193
483,540,0.440286985021
484,541,1.07127160877
485,170,0.954585564283
486,427,0.639692831449
487,171,0.969633016381
488,502,-0.830659484551
489,486,-1.13981423088
490,504,-0.889894287699
491,492,-1.02776677202
492,542,0.899980386796
493,453,0.900496307854
494,526,0.668420595167
495,418,0.794085030334
496,198,-0.582063321919
497,508,0.944610464008
498,527,0.890989532849
499,509,1.1249395919
500,544,0.955949050986
501,507,0.262469771724
502,511,-0.712944253547
503,512,0.638411721756
504,491,-1.09654187015
505,258,0.973975739655
506,494,1.04010377695
507,247,0.919832723441
508,249,-1.0329690513
509,250,-0.359843499222
510,252,1.09126042243
511,513,0.953523141256
512,516,0.895526669261
513,514,-0.899230857581
514,545,0.608935052457
515,495,1.25947338696
516,518,0.68455611363
517,498,-1.12319725513
518,546,0.915722953201
519,380,1.01783011291
520,314,0.771487437897
521,500,0.681159329203
522,521,1.01252608962
523,523,0.796886714201
524,343,-1.01998026108
525,547,0.889565498324
526,501,1.00742028969
527,503,0.72768905312
528,415,1.06358149012
529,524,0.943830152654
530,473,-0.885545985652
531,368,1.01395581233
532,522,-1.15108119169
533,539,-0.89525800244
534,496,-1.2336384977
535,475,-1.08137623479
536,481,-0.738564079393
537,543,0.555884027086
538,528,0.976427915103
539,520,-0.814918526129
540,462,0.968036661656
541,463,-1.08458049222
542,464,-0.681532710101
543,465,-1.24813849429
544,467,1.36500122819
545,466,0.620669229895
546,468,-0.649133124254
547,489,0.972436040293
