,legislator,theta
0,39,-0.982087695805
1,530,-0.824555290999
2,40,-0.760679173677
3,375,-0.99497980797
4,0,-1.07578290522
5,1,-0.911081584378
6,43,-0.865061751747
7,414,-1.04968812596
8,47,-0.943524351332
9,48,-1.15292212329
10,49,-1.05336470352
11,50,-1.19267085116
12,52,-1.05050032397
13,53,-1.2500191554
14,529,-1.06350011168
15,59,-1.07461155011
16,61,-1.13872792104
17,439,-1.1016944941
18,63,-0.987887906666
19,412,-1.06887588281
20,5,-0.858168333252
21,65,-0.94488165655
22,66,-1.06968847494
23,67,-1.05617642988
24,70,-0.800187999109
25,6,-0.933799650931
26,7,-1.19549175842
27,537,-1.21456840261
28,71,-0.819418749117
29,76,-0.964473025441
30,77,-1.01314451871
31,79,-1.39106148059
32,80,-1.05888822194
33,54,-1.09372628923
34,88,-0.860430428405
35,90,-0.908066891905
36,406,-1.21789095093
37,435,-1.00255042372
38,91,-1.15090631843
39,391,-1.12486382775
40,386,-1.16542893959
41,428,-0.891182817434
42,98,-1.01389900726
43,99,-0.831686727305
44,102,-0.847316382916
45,422,-1.05199472025
46,409,-0.812876063047
47,109,-0.803078274815
48,110,-0.719839024225
49,403,-1.17372973946
50,111,-1.20623779397
51,113,-0.774604439444
52,117,-1.05222504811
53,118,-1.2145147894
54,119,-0.681116190893
55,122,-0.946626704117
56,125,-1.13910572407
57,127,-1.17280599343
58,128,-0.55083402312
59,130,-1.13380676279
60,131,-1.30121594619
61,132,-1.2678810759
62,133,-0.98741212271
63,134,-0.756364725475
64,135,-1.19818334504
65,136,-1.40855317878
66,137,-0.74249108086
67,140,-1.06133114632
68,141,-1.04439852356
69,12,-0.756369360246
70,142,-1.11975498973
71,143,-0.274188532522
72,13,-1.09901337251
73,144,-1.09252705616
74,145,-1.05977487999
75,146,-1.12771757896
76,147,-1.20147959365
77,148,-1.0666390131
78,151,-1.16628256373
79,150,-1.02281003732
80,14,-0.872136751018
81,154,-0.926052538516
82,55,-0.647588711751
83,156,-0.993197169098
84,15,-1.12613870648
85,158,-0.602182429603
86,159,-1.01460446862
87,160,-1.16954891583
88,161,-1.0204759278
89,16,-0.848511192535
90,163,-0.786121089807
91,165,-1.22624033791
92,166,-0.776150085925
93,426,-1.21803520523
94,423,-1.37255955949
95,174,-1.04054829759
96,175,-1.11014938126
97,176,-1.12224460545
98,177,-1.05939946258
99,178,-1.20316806651
100,181,-1.1302374033
101,183,-1.05149356105
102,184,-1.01087292098
103,188,-1.2918787838
104,189,-0.356141600373
105,190,-1.3128781099
106,438,-0.792907843333
107,193,-1.01399548639
108,196,-1.07107653347
109,195,-0.620758956604
110,18,-1.24866383586
111,197,-0.829480345258
112,199,-1.07686897969
113,200,-1.06314728153
114,388,-1.09102518088
115,201,-1.24430610588
116,202,-0.81205861241
117,204,-1.14467277269
118,19,-0.784800900082
119,207,-1.26332018199
120,214,-0.506551320973
121,217,-1.24207141832
122,219,-0.95119527825
123,220,-1.07701588169
124,222,-1.16091166504
125,225,-1.23533257097
126,226,-0.844135732123
127,378,-0.82734413879
128,230,-1.03836388392
129,232,-1.03977676834
130,236,-1.18062785257
131,23,-0.870757691148
132,237,-0.80010343774
133,238,-1.14482689563
134,425,-1.12588789556
135,240,-0.603242241864
136,413,-1.1034228277
137,242,-1.06350501456
138,245,-1.21866660518
139,244,-1.02202511986
140,25,-0.812400154805
141,440,-1.09617006083
142,248,-1.08339953515
143,251,-1.01607940596
144,256,-1.3606305779
145,257,-1.00278581682
146,259,-0.937039184547
147,260,-0.996644567595
148,56,-0.986636300577
149,261,-1.14294275176
150,262,-1.25120452528
151,29,1.18282772677
152,266,-0.898824791295
153,267,-0.976505786284
154,441,-1.18874022784
155,30,-0.852025113775
156,424,-1.23669065137
157,273,-1.04390477144
158,274,-0.92103229126
159,276,-1.27922341262
160,278,-0.839362449433
161,280,-1.25008792879
162,534,-1.01267957692
163,283,-0.811271013274
164,284,-0.657787499895
165,286,-0.915996057996
166,287,-1.24390162594
167,444,-1.09069835631
168,289,-0.940495587271
169,290,-0.909409029347
170,291,-1.07965654757
171,293,-1.05448345862
172,292,-0.900024691796
173,32,-1.00757797174
174,294,-0.931993660829
175,295,-1.16528320917
176,296,-0.889786662438
177,298,-0.993419249911
178,299,-1.04060475813
179,442,-1.18068682145
180,301,-1.11553904044
181,33,-0.627783291832
182,305,-1.06711029345
183,381,-1.09615771623
184,310,-1.22877456104
185,57,-0.855163320467
186,315,-1.10710761696
187,316,-1.26222904571
188,320,-1.01093831434
189,322,-1.21179543877
190,326,-0.760123832003
191,327,-0.914506481613
192,328,-0.909614849982
193,332,-1.17928877985
194,333,-0.67445887616
195,334,-1.1961958286
196,35,-1.15198768318
197,452,-1.09678479088
198,336,-0.828191358945
199,41,-1.00250781352
200,337,-1.22555385994
201,36,-0.889540553011
202,341,-0.828168646829
203,342,-1.2192772726
204,344,-0.967620309743
205,345,-0.9968958142
206,349,-0.794067732828
207,350,-0.834691052856
208,393,-0.711052828903
209,421,-1.06619396628
210,355,-1.28047117331
211,356,-0.875260455502
212,411,-1.05282003914
213,446,-1.37122556172
214,360,-0.922352812652
215,436,-1.19359886705
216,362,-1.15222123654
217,60,-0.877757617638
218,449,-1.17346262047
219,363,-1.20513089998
220,365,-1.02428153232
221,42,-0.817575431252
222,366,-0.950305511588
223,367,-1.06622736489
224,370,-1.15855510427
225,402,-1.05655810746
226,371,-0.670985876127
227,531,-0.802350265608
228,372,-0.995730448632
229,536,1.10701721153
230,44,0.453758639794
231,2,0.202593079647
232,45,1.41268498292
233,437,1.2238421198
234,46,1.45970544016
235,390,0.778250115827
236,51,0.661596798662
237,3,1.17305410739
238,58,1.24748982887
239,376,1.36028026293
240,62,1.37968948498
241,4,0.994792914326
242,64,1.09401538223
243,394,1.0154977447
244,410,0.805132100564
245,69,1.25189976552
246,72,1.25043704777
247,73,1.26288874141
248,395,1.01579059766
249,74,1.10472176387
250,75,1.18462869649
251,443,1.32777065214
252,448,1.17717338228
253,81,1.40535840676
254,82,1.48820228867
255,83,1.51542124168
256,84,1.28673885886
257,85,1.20526869937
258,86,1.10661558079
259,89,1.46162529558
260,92,1.12148929078
261,93,1.25967803012
262,94,0.75439975247
263,95,0.43817208636
264,96,1.14553555751
265,100,1.26787899075
266,101,0.524882515609
267,103,1.42105079923
268,105,1.30084171189
269,104,1.26326606279
270,106,1.04291737779
271,107,1.40559726796
272,417,0.961170661698
273,108,1.2919004839
274,377,0.981122177886
275,112,1.26801979077
276,10,1.08721312569
277,114,1.23071728134
278,116,1.15156299148
279,408,1.00056823147
280,120,1.40251330228
281,121,1.32879215546
282,123,1.23586857603
283,484,0.801618769229
284,124,1.22141743291
285,401,1.13267099918
286,126,1.16290401427
287,68,1.29565358107
288,382,0.88052231224
289,405,1.3112310823
290,138,1.20913273164
291,407,1.02653026651
292,487,0.596889968028
293,482,0.692218942014
294,383,1.09515316098
295,152,1.03390031127
296,153,0.697941041671
297,155,1.28911332569
298,157,1.18625470374
299,374,1.27306177091
300,472,1.27124559465
301,162,1.30716037191
302,455,1.13593296529
303,167,1.29234350157
304,168,0.995088456109
305,169,1.05006930486
306,17,1.44180773437
307,172,1.33588076178
308,485,1.11264360248
309,173,1.11355680562
310,389,1.30143549083
311,180,1.16718669388
312,182,1.11152956047
313,433,1.37453083625
314,186,1.23839805657
315,185,1.19533350722
316,191,1.06578006393
317,192,1.10227892508
318,457,1.30050339299
319,416,1.23764945639
320,419,1.37091232349
321,454,1.01590979153
322,194,1.01729690434
323,384,0.751328817242
324,430,0.989422818656
325,203,1.14156238734
326,205,1.108945302
327,206,1.24892013944
328,209,1.36943664997
329,211,1.22552294103
330,212,1.45078451846
331,213,0.668608626501
332,215,0.925558547201
333,216,1.15672845636
334,398,1.45631846161
335,218,1.31662702045
336,431,1.02201466263
337,221,1.11884217498
338,223,1.04558060927
339,479,0.544085219218
340,434,0.655553887718
341,227,1.20336655992
342,20,0.159795499611
343,228,1.1805474166
344,21,0.896355514082
345,233,1.25520937229
346,234,1.24247412089
347,235,1.39826103139
348,22,0.153033310043
349,239,1.02299547498
350,241,1.32505615373
351,432,1.25956694819
352,24,1.1675106679
353,26,1.19885428036
354,246,1.32300581358
355,27,1.14775548211
356,404,0.61275079459
357,253,1.41024729757
358,254,1.35328813573
359,255,1.13378574557
360,480,1.09446528644
361,420,1.02803654879
362,447,1.15721081408
363,28,0.428139317012
364,263,1.43204095738
365,264,1.29875091096
366,379,1.38134987411
367,268,1.29665626492
368,269,0.917491504964
369,400,0.680355080526
370,270,0.867566044104
371,271,0.216670574835
372,272,1.3714577585
373,456,1.47791839806
374,275,0.931467350773
375,279,1.28093211963
376,281,1.27622867637
377,31,0.447289341892
378,282,1.29283584918
379,288,0.995812245808
380,300,1.29688912524
381,396,0.673075622861
382,303,0.971899222505
383,304,1.28916316879
384,306,1.09486102318
385,338,1.40475288348
386,308,1.03102830832
387,309,1.26692338376
388,311,1.35249596099
389,312,1.35133365416
390,483,0.807938391341
391,313,0.643197433776
392,34,1.26672562988
393,318,1.12238327591
394,317,1.019128373
395,321,1.34078533001
396,323,0.957752323584
397,478,1.11962623664
398,325,1.08027073047
399,387,0.503226604951
400,329,1.22357677033
401,330,1.19301640036
402,331,1.22300460668
403,335,1.37083921942
404,392,1.12841020783
405,397,1.37727746739
406,340,1.26410484918
407,339,1.06961354834
408,37,1.22522242257
409,385,1.16574719587
410,346,1.34907661306
411,348,1.26954639313
412,351,1.26075476091
413,399,1.03350654794
414,450,1.16019537933
415,451,0.707874161251
416,352,1.28596568518
417,353,1.06454136134
418,357,0.921268983208
419,358,1.14791612546
420,359,1.41809188126
421,533,1.25099530321
422,38,1.38226909104
423,361,1.25332938849
424,364,1.41865031769
425,369,1.37877907371
426,139,0.9375923906
427,231,-1.10559168477
428,224,-1.01661076784
429,78,1.24530246929
430,229,1.24693603514
431,297,-0.772316712416
432,458,-0.824985885768
433,493,-0.883868412684
434,459,-1.34078506927
435,525,-0.462805338367
436,488,-1.00574298991
437,461,1.27169515372
438,97,-1.27499816504
439,445,-1.19805890181
440,129,-0.857494485205
441,8,-0.981927808965
442,373,-0.66305380321
443,187,-1.44365971242
444,210,-0.981374819785
445,265,-0.971534973247
446,149,-1.47347335959
447,302,-0.988352592934
448,307,1.19035368683
449,319,-1.23083127339
450,164,-1.11182979154
451,324,-1.18303777811
452,347,-0.970049291142
453,354,-1.19657799087
454,460,-0.813477108344
455,208,-0.703435717473
456,510,1.35306570947
457,87,-1.43534463281
458,535,0.536993972404
459,538,0.626791453995
460,243,0.8748824654
461,277,1.27168444252
462,285,-0.808748874086
463,517,-1.05218368864
464,519,1.22318431452
465,9,1.12200995487
466,11,1.31803246491
467,515,1.5630680722
468,532,0.86990438725
469,115,0.938916002148
470,469,-0.727314386473
471,470,-0.242517716846
472,506,0.99100655117
473,490,-0.825932943694
474,471,-1.1251102923
475,476,0.483904109155
476,474,1.15159856368
477,477,-1.18725424577
478,499,1.07793866877
479,429,-1.16842763983
480,505,1.33938048761
481,179,1.22139603799
482,497,-1.03434100884
483,540,0.407822820276
484,541,1.18300092512
485,170,0.869737313809
486,427,0.52788572831
487,171,1.13121850795
488,502,-0.823650633052
489,486,-1.64260216375
490,504,-0.876355432957
491,492,-0.942718761539
492,542,1.02627354761
493,453,0.670518201266
494,526,1.07348347723
495,418,0.653203412379
496,198,-0.480249684984
497,508,1.01976839084
498,527,1.61585196293
499,509,1.11404390911
500,544,1.16245459197
501,507,0.270795751849
502,511,-0.690489719186
503,512,0.559714125334
504,491,-1.32495730851
505,258,1.08914759889
506,494,0.996629583704
507,247,1.19676865821
508,249,-1.09236449054
509,250,-0.285936492058
510,252,1.09263742969
511,513,1.14798904286
512,516,0.927974280296
513,514,-0.770108678829
514,545,0.415110472603
515,495,1.16432585661
516,518,0.659858785608
517,498,-1.56023971559
518,546,1.10307976721
519,380,1.17570093293
520,314,1.11083795133
521,500,0.899181740905
522,521,1.23359421082
523,523,0.58374701552
524,343,-1.26501281157
525,547,0.789863850974
526,501,1.08370566429
527,503,0.541933201637
528,415,0.939073899681
529,524,1.21538530771
530,473,-0.810640464083
531,368,0.882884823305
532,522,-1.21452917304
533,539,-0.852952850062
534,496,-1.05405734873
535,475,-1.19380532329
536,481,-0.762863959949
537,543,0.625995297346
538,528,1.05021907587
539,520,-0.6359043535
540,462,0.762327670013
541,463,-1.18110919797
542,464,-0.667118415032
543,465,-1.22027131178
544,467,1.97243791885
545,466,0.834742227634
546,468,-0.966947787695
547,489,0.6448502617
