,legislator,theta
0,39,-0.982575126583
1,530,-0.819810579008
2,40,-0.817043005231
3,375,-0.894316337109
4,0,-1.15645072618
5,1,-0.861766903257
6,43,-0.795168029853
7,414,-1.05430957847
8,47,-1.0028615072
9,48,-1.22165399724
10,49,-0.969004764249
11,50,-1.31072485706
12,52,-1.18794695668
13,53,-1.36742439011
14,529,-0.904409375555
15,59,-1.00217201893
16,61,-1.23208149365
17,439,-1.17104798795
18,63,-0.944206879202
19,412,-0.924485737527
20,5,-0.845477095985
21,65,-0.919609727122
22,66,-1.03931410095
23,67,-1.12705096208
24,70,-0.904245388295
25,6,-0.969992664563
26,7,-1.15242346767
27,537,-1.06269366838
28,71,-0.78153931387
29,76,-0.963084320992
30,77,-1.00647590557
31,79,-1.36682315978
32,80,-1.08296661788
33,54,-1.02663949679
34,88,-0.877001511029
35,90,-0.893202709309
36,406,-1.21615586792
37,435,-0.911593279231
38,91,-1.24339530456
39,391,-0.965786917596
40,386,-1.22405468772
41,428,-0.980563554383
42,98,-0.989215189455
43,99,-0.920022551761
44,102,-0.898719421282
45,422,-1.00813098598
46,409,-0.735732859
47,109,-0.810643171903
48,110,-0.624922866618
49,403,-1.26868595148
50,111,-1.12821783307
51,113,-0.751874051269
52,117,-0.995126653084
53,118,-1.34945006995
54,119,-0.70099534656
55,122,-1.01570893126
56,125,-1.07427023902
57,127,-1.26960805896
58,128,-0.50038447876
59,130,-1.06267640769
60,131,-1.36032815486
61,132,-1.28125350591
62,133,-0.974500819944
63,134,-0.803269241182
64,135,-1.22132579886
65,136,-1.37351580462
66,137,-0.765817025053
67,140,-0.995290005786
68,141,-1.17785526827
69,12,-0.738516223088
70,142,-1.06460625441
71,143,-0.238548869008
72,13,-1.23854341984
73,144,-1.07095409445
74,145,-1.14733126868
75,146,-1.01258581819
76,147,-1.28569613163
77,148,-1.03492660116
78,151,-1.19812538367
79,150,-1.10414806063
80,14,-0.91559721783
81,154,-0.845904557706
82,55,-0.586985813883
83,156,-0.993674838166
84,15,-1.04329013491
85,158,-0.568125172041
86,159,-0.957141711935
87,160,-1.21802774636
88,161,-1.19752031711
89,16,-0.88889824863
90,163,-0.701601776083
91,165,-1.34204131494
92,166,-0.720987286102
93,426,-1.29278964035
94,423,-1.39531459376
95,174,-1.08069254031
96,175,-1.0835648291
97,176,-1.21119843649
98,177,-1.05587979231
99,178,-1.16685635894
100,181,-1.02987037408
101,183,-1.13688861737
102,184,-0.977959420267
103,188,-1.29572695247
104,189,-0.326896671074
105,190,-1.40103055777
106,438,-0.748322084096
107,193,-0.948643799889
108,196,-1.16265375318
109,195,-0.576294425308
110,18,-1.37051226409
111,197,-0.887547220981
112,199,-1.10476382321
113,200,-1.08669497895
114,388,-1.08674370102
115,201,-1.22577050111
116,202,-0.74415955377
117,204,-1.26468703163
118,19,-0.750448612412
119,207,-1.26934571129
120,214,-0.542718876244
121,217,-1.3285802129
122,219,-0.923715746147
123,220,-1.01126946207
124,222,-1.21266744286
125,225,-1.38410602532
126,226,-0.872966158835
127,378,-0.843536590863
128,230,-1.00858994223
129,232,-1.04626460725
130,236,-1.23014228104
131,23,-0.795260687447
132,237,-0.764425266474
133,238,-1.05883999835
134,425,-1.15102835537
135,240,-0.71947572234
136,413,-1.10499972634
137,242,-1.07690993041
138,245,-1.18462720577
139,244,-1.02532776918
140,25,-0.895510520065
141,440,-1.10682803012
142,248,-1.06621096451
143,251,-1.01496648122
144,256,-1.42884863926
145,257,-0.9573009293
146,259,-0.975519954784
147,260,-1.00018699557
148,56,-1.13137599698
149,261,-1.23700843394
150,262,-1.24945631223
151,29,1.22010443115
152,266,-1.00671242787
153,267,-1.00460489977
154,441,-1.2300190615
155,30,-0.821024419307
156,424,-1.3776499242
157,273,-1.08590683102
158,274,-1.03566454409
159,276,-1.26211655826
160,278,-0.805161720405
161,280,-1.36037139516
162,534,-0.98389612309
163,283,-0.697387649181
164,284,-0.663981706367
165,286,-0.926341417676
166,287,-1.2865996347
167,444,-1.10576565991
168,289,-0.969574415162
169,290,-0.878772006818
170,291,-1.01022623929
171,293,-1.04121813792
172,292,-0.888114741201
173,32,-1.01526552501
174,294,-0.825503367376
175,295,-1.18266739564
176,296,-0.962813179332
177,298,-0.992127266054
178,299,-1.1342535138
179,442,-1.09935918466
180,301,-1.04846206446
181,33,-0.645257497492
182,305,-1.08437148741
183,381,-1.1278700816
184,310,-1.33782318479
185,57,-0.854797475845
186,315,-1.12737648575
187,316,-1.40763498966
188,320,-0.974264238214
189,322,-1.2436942414
190,326,-0.723444542497
191,327,-0.9410710305
192,328,-0.851098096999
193,332,-1.20773498957
194,333,-0.587592617829
195,334,-1.18564075125
196,35,-1.1051283291
197,452,-1.02798110824
198,336,-0.954305251992
199,41,-1.00106960782
200,337,-1.21153380151
201,36,-0.880642076481
202,341,-0.825773432449
203,342,-1.18601312899
204,344,-1.00841345761
205,345,-0.976415681837
206,349,-0.772734596757
207,350,-0.855263603264
208,393,-0.754335089362
209,421,-1.12705124021
210,355,-1.2505486684
211,356,-0.864339684175
212,411,-1.08691741227
213,446,-1.46577439288
214,360,-0.912203475287
215,436,-1.19596659364
216,362,-1.26481987906
217,60,-0.768083321139
218,449,-1.28797053295
219,363,-1.23644249215
220,365,-0.968807641621
221,42,-0.738303370642
222,366,-1.02443905145
223,367,-1.01174973346
224,370,-1.09927609027
225,402,-1.12201875785
226,371,-0.795240079139
227,531,-0.876486486891
228,372,-0.991358268959
229,536,1.10683457982
230,44,0.406840393379
231,2,0.221214885771
232,45,1.45325416949
233,437,1.30157101714
234,46,1.58895889474
235,390,0.766480770401
236,51,0.589867798
237,3,1.08685304303
238,58,1.34771845593
239,376,1.45914715801
240,62,1.44253941283
241,4,0.934568030769
242,64,1.18643801031
243,394,0.960523359224
244,410,0.709914274704
245,69,1.13134556665
246,72,1.29257243002
247,73,1.34802947306
248,395,1.07108679367
249,74,1.08617490188
250,75,1.13362159
251,443,1.29789834309
252,448,1.17281984117
253,81,1.41470351649
254,82,1.56064604417
255,83,1.57636592401
256,84,1.37079662456
257,85,1.18705455229
258,86,1.13179001305
259,89,1.45530379929
260,92,1.13773966379
261,93,1.40386855942
262,94,0.734677105043
263,95,0.399195076114
264,96,1.17335953109
265,100,1.41257993764
266,101,0.457549766346
267,103,1.41383712534
268,105,1.27617036856
269,104,1.26345769427
270,106,1.15279477047
271,107,1.41948921173
272,417,1.06398726998
273,108,1.37727069424
274,377,0.995150593476
275,112,1.34499673174
276,10,1.21323074231
277,114,1.27819833941
278,116,1.22411576137
279,408,0.906733994963
280,120,1.49214070674
281,121,1.37406184168
282,123,1.30196200069
283,484,0.777812059174
284,124,1.25061771795
285,401,1.04666819871
286,126,1.22800673066
287,68,1.39143775221
288,382,0.864326072471
289,405,1.37234989926
290,138,1.25256561601
291,407,0.980351841218
292,487,0.578106416088
293,482,0.655855160456
294,383,1.193398181
295,152,1.11593291328
296,153,0.622432269557
297,155,1.49857308125
298,157,1.22187933026
299,374,1.29136820452
300,472,1.33300139388
301,162,1.36266174402
302,455,1.09115299416
303,167,1.28444808976
304,168,0.949067809403
305,169,0.965296582005
306,17,1.39942290515
307,172,1.41844161512
308,485,1.05797788672
309,173,1.12555711019
310,389,1.41393484833
311,180,1.19633941887
312,182,1.19695386188
313,433,1.32806102675
314,186,1.31425004393
315,185,1.14968990864
316,191,1.08641620654
317,192,1.1318346665
318,457,1.40327340328
319,416,1.38362413795
320,419,1.45406121593
321,454,1.01405944094
322,194,1.03408560725
323,384,0.759531300357
324,430,0.969807255997
325,203,1.21411767659
326,205,1.19876082904
327,206,1.25988512244
328,209,1.59733418032
329,211,1.30303217261
330,212,1.57204230234
331,213,0.736322835666
332,215,0.883464853647
333,216,1.16480343023
334,398,1.57733958351
335,218,1.38923662628
336,431,1.02034489426
337,221,1.13618318278
338,223,1.15064686989
339,479,0.580091217467
340,434,0.664083516128
341,227,1.45768648366
342,20,0.130717675432
343,228,1.1656934212
344,21,0.850192177912
345,233,1.18777463383
346,234,1.33236911323
347,235,1.39484659643
348,22,0.191640725857
349,239,1.10342880708
350,241,1.35497427985
351,432,1.27902673496
352,24,1.02392729689
353,26,1.27377645676
354,246,1.34238776932
355,27,1.07869663614
356,404,0.610981014056
357,253,1.52403264035
358,254,1.34148251121
359,255,1.28666509475
360,480,1.20924448666
361,420,0.991679733843
362,447,1.04440254775
363,28,0.402777405053
364,263,1.47846882235
365,264,1.34730807772
366,379,1.50246252493
367,268,1.46308252339
368,269,0.878998512145
369,400,0.621022362679
370,270,0.824426895391
371,271,0.205607235603
372,272,1.36486990981
373,456,1.50989833027
374,275,0.835451976427
375,279,1.23234161851
376,281,1.21349912975
377,31,0.405114676482
378,282,1.33100644088
379,288,1.04142359302
380,300,1.41672931776
381,396,0.695147476312
382,303,0.967364493738
383,304,1.33939587215
384,306,1.05445952867
385,338,1.4314680805
386,308,0.938587429508
387,309,1.38389946994
388,311,1.55845063894
389,312,1.36214600163
390,483,0.767554035927
391,313,0.614089964433
392,34,1.29870742392
393,318,1.18302162497
394,317,0.980230293399
395,321,1.3713054828
396,323,0.957520229683
397,478,1.10254815289
398,325,1.15010272272
399,387,0.532585395696
400,329,1.17051901717
401,330,1.23311106572
402,331,1.19118401554
403,335,1.36407846795
404,392,1.1095775165
405,397,1.3989050985
406,340,1.2650790757
407,339,1.16971308852
408,37,1.24003184282
409,385,1.18198801976
410,346,1.39704544606
411,348,1.39469442244
412,351,1.40556368041
413,399,1.13266953057
414,450,1.12079225474
415,451,0.708949154743
416,352,1.37034893728
417,353,1.11454104051
418,357,0.833490978658
419,358,1.15314823822
420,359,1.37731146155
421,533,1.370974926
422,38,1.49666023925
423,361,1.25754991431
424,364,1.56153963224
425,369,1.31776026408
426,139,0.97730415577
427,231,-1.15799884888
428,224,-1.01217696408
429,78,1.28619351918
430,229,1.24924450343
431,297,-0.640889856446
432,458,-0.892148097463
433,493,-1.60265802096
434,459,-1.34894509044
435,525,-0.704601692303
436,488,-0.969117905241
437,461,1.43099374755
438,97,-1.45497961047
439,445,-1.41083359522
440,129,-0.838792382663
441,8,-0.96653070705
442,373,-0.658016883247
443,187,-1.36793008374
444,210,-1.2749909468
445,265,-1.13831614709
446,149,-1.72307776199
447,302,-1.04500769187
448,307,1.39533059269
449,319,-1.48120725732
450,164,-1.37914685023
451,324,-1.16846392885
452,347,-1.20320754224
453,354,-1.12690965044
454,460,-0.819982186273
455,208,-0.660315542452
456,510,1.19274257972
457,87,-1.24579662454
458,535,0.634804136952
459,538,0.550635454577
460,243,0.864405811211
461,277,1.11459027361
462,285,-0.860170997006
463,517,-0.882292457865
464,519,1.26528370352
465,9,1.16417341026
466,11,1.53245963695
467,515,1.32758525726
468,532,0.826975468325
469,115,0.917214199902
470,469,-0.76493867311
471,470,-0.247139485881
472,506,0.895898998594
473,490,-0.830789873436
474,471,-1.22313908582
475,476,0.625830648598
476,474,1.13473563308
477,477,-1.37215087711
478,499,0.971916243876
479,429,-1.06609435049
480,505,1.40741841024
481,179,1.49656878462
482,497,-1.07020706639
483,540,0.441247830967
484,541,0.96576762816
485,170,0.974415729906
486,427,0.599434322363
487,171,1.31168170422
488,502,-0.777501602632
489,486,-1.71226546673
490,504,-0.845604968095
491,492,-1.04426434231
492,542,0.939646827466
493,453,0.796537645665
494,526,-0.140896639363
495,418,0.60623230151
496,198,-0.511398305515
497,508,1.06641024746
498,527,2.01171106956
499,509,1.25965063972
500,544,1.09450967233
501,507,0.283110747644
502,511,-0.753762136747
503,512,0.600394875918
504,491,-1.24455699622
505,258,1.47805893824
506,494,1.17619492176
507,247,1.29262826195
508,249,-1.09672682732
509,250,-0.253384903475
510,252,1.39265793039
511,513,1.20548638218
512,516,0.865789311301
513,514,-0.882062944733
514,545,0.315061781412
515,495,1.27956843302
516,518,0.610344097427
517,498,-1.59876786479
518,546,1.02794333686
519,380,1.23309889128
520,314,0.951104040268
521,500,0.910837846246
522,521,1.49449913368
523,523,0.507507195761
524,343,-1.29883023388
525,547,0.714401482656
526,501,1.21157277262
527,503,0.593406369041
528,415,1.17880877407
529,524,1.36659925084
530,473,-0.771393210974
531,368,0.991566023718
532,522,-0.903635391493
533,539,-0.949765740236
534,496,-1.05782429577
535,475,-1.37635243136
536,481,-0.805166519249
537,543,0.604535185647
538,528,1.15167339322
539,520,-0.806009140168
540,462,1.10136537987
541,463,-1.236050889
542,464,-0.64629019618
543,465,-1.23545093166
544,467,1.81296640963
545,466,0.849665756279
546,468,-0.831401829189
547,489,0.96335667026
