,legislator,theta
0,39,-1.0993284878
1,530,-1.10884851489
2,40,-0.446727782157
3,375,-0.958846023725
4,0,-0.923581576564
5,1,-0.668419347015
6,43,-0.37317257175
7,414,-0.0210224362385
8,47,-0.100402342668
9,48,-1.03999562207
10,49,-0.0263773588986
11,50,-1.35854638212
12,52,-0.766919284105
13,53,-1.46218410209
14,529,-0.437596421777
15,59,-1.39152371619
16,61,-0.94164011184
17,439,-0.966500050671
18,63,-0.190897579006
19,412,-1.49780810714
20,5,-0.563025466728
21,65,-0.835035034682
22,66,-1.15099089917
23,67,-0.633119055632
24,70,-0.722283629718
25,6,-1.22760843441
26,7,-0.488588077564
27,537,-0.841758133189
28,71,-0.580103067387
29,76,-1.18232372425
30,77,-0.701327122934
31,79,-0.170878867771
32,80,-1.41276980678
33,54,-0.570854782449
34,88,-0.258944129857
35,90,-1.08626136421
36,406,-0.648753501623
37,435,-0.565823669309
38,91,-0.618978812866
39,391,-1.43242296678
40,386,-0.326638101394
41,428,-0.0819274558399
42,98,-1.06584015962
43,99,-0.685702807996
44,102,-0.437802955312
45,422,-1.18708868086
46,409,-0.306722660089
47,109,-1.31313233297
48,110,-0.321383772496
49,403,-0.383923297397
50,111,-0.982825554707
51,113,-1.20303909682
52,117,-0.437876825582
53,118,-1.14573686029
54,119,-0.412137144417
55,122,-1.06709921906
56,125,-0.833670625905
57,127,-0.463691841556
58,128,-0.6970635273
59,130,-1.40813671757
60,131,-0.0326924830598
61,132,-1.61263913387
62,133,0.0347191140306
63,134,-0.488075309785
64,135,-0.319376047821
65,136,-0.704420001622
66,137,-0.80269288954
67,140,-0.588774620981
68,141,-1.35131683914
69,12,-0.186358937252
70,142,-0.562593634839
71,143,-0.245450216233
72,13,-0.960074397485
73,144,-0.97948438789
74,145,-1.61615520734
75,146,0.153070767018
76,147,-0.584191404516
77,148,-0.282653670478
78,151,-1.06203831784
79,150,0.0232752244593
80,14,-1.12498664956
81,154,-1.00755639014
82,55,-0.248649780754
83,156,-1.48038078739
84,15,-0.0622246935656
85,158,-1.07992746125
86,159,-1.19098751816
87,160,-0.905588369154
88,161,-0.886633971463
89,16,-1.0888879694
90,163,-0.436287033395
91,165,-0.63702506615
92,166,-1.23245498624
93,426,-0.305593989072
94,423,0.0542759461761
95,174,-0.697292385158
96,175,-1.7278561515
97,176,-1.01740129287
98,177,-0.980324731625
99,178,-0.8756027232
100,181,-1.63035248298
101,183,-0.948408585404
102,184,-0.342820192958
103,188,-1.3391415541
104,189,0.321656761105
105,190,0.0123681123348
106,438,-0.726259130454
107,193,-0.730373089543
108,196,-1.44881256534
109,195,-0.0951790379722
110,18,-0.699289495269
111,197,-1.19865971526
112,199,-0.33095890735
113,200,-0.778489001647
114,388,-0.562737037013
115,201,-1.43914027448
116,202,-1.61240972624
117,204,-0.405452569919
118,19,-0.412025943622
119,207,-0.740615517578
120,214,-0.073898224207
121,217,-1.41936455101
122,219,-0.598063662609
123,220,-0.421089052754
124,222,-0.160280047481
125,225,-1.37505287279
126,226,-0.484643056035
127,378,-0.644333025253
128,230,0.00624314096969
129,232,-1.11000204907
130,236,-0.231776130273
131,23,-0.847809951746
132,237,-1.40204921341
133,238,-0.939141928798
134,425,-1.6169243021
135,240,-1.19141809014
136,413,-1.28799023565
137,242,-0.983889504313
138,245,-1.68792794869
139,244,-1.27211497335
140,25,-0.585565535775
141,440,-0.435293586351
142,248,-1.11955498327
143,251,-1.23414777253
144,256,-0.135410480217
145,257,-1.52982258791
146,259,-0.471065499856
147,260,-0.402311673237
148,56,-0.42069276025
149,261,-0.867897044903
150,262,-0.439214247626
151,29,1.36749652076
152,266,-0.792966702336
153,267,-1.46392774299
154,441,-0.215227003598
155,30,-1.54935958906
156,424,-0.71457403911
157,273,-1.21484398205
158,274,-0.706906680612
159,276,-0.247022392375
160,278,-0.563690302035
161,280,-1.09047717594
162,534,-0.703324802231
163,283,-1.03681111775
164,284,-1.14581520459
165,286,-0.791944467826
166,287,-0.716396340697
167,444,-0.558205443149
168,289,-0.811428339154
169,290,0.101535829401
170,291,-1.10552607848
171,293,-1.45343559871
172,292,-1.14667487923
173,32,-1.41380039683
174,294,-0.879728917215
175,295,-1.68393727465
176,296,-1.19426142422
177,298,-0.662896910151
178,299,-0.7042799147
179,442,-1.68028718878
180,301,-0.995614247731
181,33,-0.76090726659
182,305,-1.51827810138
183,381,-0.980250899366
184,310,-0.770886842125
185,57,-0.305412152171
186,315,-0.172519406651
187,316,-1.00209019657
188,320,-1.07586372958
189,322,-1.32480882384
190,326,-0.98993522687
191,327,-0.353579370664
192,328,-0.673059547763
193,332,-1.08198709731
194,333,-0.605917817956
195,334,-0.634433191033
196,35,0.0745278288295
197,452,-0.49615175154
198,336,-1.62086329605
199,41,-0.548323234873
200,337,-0.233869828876
201,36,-0.430246199958
202,341,-0.523725260531
203,342,-1.26780640814
204,344,-0.683565799246
205,345,-1.38593816809
206,349,0.0419618164349
207,350,-0.222369291426
208,393,-1.52249990979
209,421,-1.745779734
210,355,-1.39699075412
211,356,-0.911881044412
212,411,-1.51889725179
213,446,-0.0537938459438
214,360,-1.38608930615
215,436,-0.287538538751
216,362,-0.470183348644
217,60,-0.695351700855
218,449,-1.4591910739
219,363,-0.968678788836
220,365,-0.665663947807
221,42,-0.921600481705
222,366,-0.135419705524
223,367,-1.49936337628
224,370,0.00104609500319
225,402,-0.475255511065
226,371,-0.99538364498
227,531,-0.504540241434
228,372,-0.766075942105
229,536,0.368203192012
230,44,0.225000599103
231,2,0.232491406867
232,45,0.643524295773
233,437,0.344395583407
234,46,0.113404001211
235,390,1.39105284497
236,51,1.46499841328
237,3,0.559840856762
238,58,1.36086954112
239,376,0.275994333974
240,62,0.884875987579
241,4,1.37513194669
242,64,1.3509362827
243,394,0.438163814716
244,410,1.39261398687
245,69,1.74665134025
246,72,0.974137991077
247,73,0.365586069761
248,395,0.713443731592
249,74,0.99475615965
250,75,0.509427583746
251,443,0.546273590633
252,448,1.01869770312
253,81,0.851804866449
254,82,1.76957965254
255,83,1.34893599979
256,84,1.12420600142
257,85,0.626565488224
258,86,1.28004656313
259,89,0.527827784584
260,92,1.63213903241
261,93,1.40868038308
262,94,0.0996629982226
263,95,0.565257342412
264,96,1.22024474141
265,100,1.02842175882
266,101,0.13724727284
267,103,1.4961060006
268,105,0.705782590234
269,104,1.39356721599
270,106,0.0912703596601
271,107,1.25200729931
272,417,1.72024687241
273,108,1.13308192718
274,377,1.37654972035
275,112,1.17842370617
276,10,1.48710182396
277,114,1.12397654397
278,116,1.66342277089
279,408,1.46055145867
280,120,1.63794142469
281,121,0.385946647219
282,123,0.988133997414
283,484,0.591081101481
284,124,0.579826545273
285,401,0.697491216848
286,126,1.34237673261
287,68,0.206453649573
288,382,0.0894825250358
289,405,0.441496724956
290,138,0.99544497051
291,407,1.5683698234
292,487,0.386095016985
293,482,0.455228141231
294,383,0.670444528482
295,152,0.570702914924
296,153,0.251289818401
297,155,0.853603735134
298,157,1.43810879752
299,374,0.536447829305
300,472,0.413053394543
301,162,1.00596679347
302,455,0.63686364706
303,167,0.377080501736
304,168,0.0901581242709
305,169,1.20514837777
306,17,1.23027748637
307,172,1.00744874306
308,485,1.50524948066
309,173,0.535872670496
310,389,1.09077114136
311,180,0.270475069422
312,182,0.781008556806
313,433,1.12931777849
314,186,0.346456276539
315,185,0.714390708742
316,191,0.967409605022
317,192,0.59744663374
318,457,1.4233992151
319,416,0.120049222097
320,419,0.235017170674
321,454,1.30256104885
322,194,0.285012706111
323,384,0.429222912163
324,430,1.48518278864
325,203,0.299170795503
326,205,1.36474782661
327,206,0.99219921432
328,209,-0.0431158413383
329,211,1.27180295232
330,212,0.417484271329
331,213,1.0474999259
332,215,0.667495978041
333,216,1.23396992644
334,398,1.53184215508
335,218,1.39495425857
336,431,1.15629155179
337,221,0.0210021688366
338,223,0.349293322221
339,479,-0.0621531743501
340,434,1.22727176447
341,227,-0.165285739694
342,20,0.778666012027
343,228,1.72344899632
344,21,0.875653873552
345,233,0.330435754316
346,234,0.277390917294
347,235,1.33549522373
348,22,0.334907542277
349,239,1.14428677978
350,241,1.58106539872
351,432,1.0613411996
352,24,0.545032451813
353,26,0.53619098469
354,246,1.56316271379
355,27,0.916797660188
356,404,-0.134740522152
357,253,1.19934986562
358,254,1.92102629685
359,255,0.767306899072
360,480,1.82290259707
361,420,1.31325830552
362,447,0.456496534583
363,28,0.433883963079
364,263,1.23452473725
365,264,0.934428879706
366,379,0.801017636842
367,268,0.831178787497
368,269,0.407149540412
369,400,1.05530585707
370,270,0.544024232961
371,271,-0.401919724981
372,272,0.389682183057
373,456,1.73616458935
374,275,1.14219315871
375,279,0.620482345696
376,281,0.340573051712
377,31,-0.116825401719
378,282,0.372773406179
379,288,0.956490444638
380,300,1.18122885991
381,396,0.871920778686
382,303,1.26449567972
383,304,0.564503493777
384,306,1.77566515507
385,338,1.3018011884
386,308,0.751074111829
387,309,1.2883301553
388,311,1.15875907185
389,312,0.968898493139
390,483,0.424077697388
391,313,1.33227808557
392,34,0.929197702323
393,318,1.51896082695
394,317,-0.0337549096386
395,321,0.419018741489
396,323,0.710378267994
397,478,0.0649755813286
398,325,0.866233091685
399,387,1.04396014747
400,329,0.276960991716
401,330,0.709484776028
402,331,0.70881741779
403,335,0.890271167829
404,392,0.246296382048
405,397,0.322011321234
406,340,1.28677627585
407,339,-0.0136169440922
408,37,0.599879842532
409,385,1.34803531488
410,346,1.2992125686
411,348,1.21220967331
412,351,0.557840979841
413,399,0.419228130965
414,450,0.914352112573
415,451,-0.00136679207007
416,352,0.268358798893
417,353,1.14463436959
418,357,1.28534048977
419,358,0.594869736907
420,359,1.4749678044
421,533,1.48549495062
422,38,0.0120008510536
423,361,1.76374071936
424,364,1.29067606656
425,369,1.1340067202
426,139,0.0336884041893
427,231,-0.726029647144
428,224,-1.25504969931
429,78,1.49413923241
430,229,1.69379100538
431,297,-0.156224563968
432,458,-0.280538105408
433,493,-0.722706456307
434,459,-0.377687730267
435,525,-1.70133311874
436,488,-0.190054327056
437,461,0.887211511887
438,97,-0.398831084414
439,445,-0.115137338881
440,129,-0.955666771164
441,8,-1.22733848359
442,373,-0.411217981061
443,187,-0.166176731297
444,210,-0.0270490561209
445,265,-0.107428562477
446,149,-0.263095211326
447,302,-0.146542081519
448,307,0.338674766527
449,319,-0.148149506335
450,164,-0.537488473589
451,324,-0.693380643807
452,347,-0.0826297528921
453,354,-1.09122145817
454,460,-1.1537549445
455,208,-1.4629087797
456,510,1.16513260792
457,87,-0.212753586781
458,535,0.959137103287
459,538,0.270934207783
460,243,0.0894639422201
461,277,1.14835446248
462,285,-1.53255914596
463,517,0.0870322037047
464,519,0.931435256245
465,9,0.039539129368
466,11,0.757883600616
467,515,0.893861485729
468,532,-0.436907203933
469,115,0.705229965302
470,469,-0.984801871073
471,470,0.0151210635491
472,506,0.36345177522
473,490,-0.0243529252881
474,471,-0.850439706891
475,476,-0.118734721777
476,474,0.935581879771
477,477,-0.120546496837
478,499,0.562861870758
479,429,-1.10309370876
480,505,0.520291347755
481,179,0.753723694332
482,497,-0.138837078466
483,540,0.231118092455
484,541,0.678567410576
485,170,0.058459681049
486,427,-0.467449806938
487,171,1.07148575959
488,502,-1.49556349053
489,486,-0.48834099245
490,504,-0.527168623989
491,492,-0.686740995104
492,542,0.514153530934
493,453,0.873569055071
494,526,1.57101854553
495,418,0.788010200225
496,198,-0.122715309385
497,508,0.603601551268
498,527,1.26070877979
499,509,0.390663304796
500,544,0.0997371250081
501,507,0.528479552357
502,511,-1.1282055248
503,512,-0.0980964850774
504,491,-0.715233078541
505,258,0.780112774206
506,494,1.75835640708
507,247,0.695641106201
508,249,0.0864725183088
509,250,-0.545500881419
510,252,1.51851660315
511,513,0.915360279567
512,516,1.31814210748
513,514,-0.592832445287
514,545,0.701511365579
515,495,1.48553960091
516,518,0.436456990367
517,498,-1.3675249072
518,546,-0.0740595599654
519,380,1.05117358425
520,314,1.07104744055
521,500,0.177590398808
522,521,0.746103790705
523,523,-0.0307363015002
524,343,-0.418585031313
525,547,0.634928925488
526,501,0.614078749962
527,503,-0.0357811710918
528,415,0.85615196271
529,524,0.160406300927
530,473,-0.963472050508
531,368,0.983286006055
532,522,-0.912966866436
533,539,-1.77184189974
534,496,-1.16575618554
535,475,-1.13815779637
536,481,-1.07296395933
537,543,1.02711749063
538,528,0.620681304293
539,520,-0.25001698467
540,462,0.541279112936
541,463,-1.08378701399
542,464,-1.21393730063
543,465,-0.601845663163
544,467,1.05377344572
545,466,1.77367040757
546,468,-0.926779192198
547,489,0.79360946616
