,legislator,theta
0,39,-0.975817251872
1,530,-0.735716721765
2,40,-0.76429991603
3,375,-0.930956389674
4,0,-1.04248132873
5,1,-0.810741642401
6,43,-0.782897182868
7,414,-1.07021545165
8,47,-0.91553143149
9,48,-1.15975120566
10,49,-1.0116645143
11,50,-1.32218558915
12,52,-1.29035472
13,53,-1.3934657797
14,529,-0.923283706092
15,59,-1.12066751978
16,61,-1.21818230513
17,439,-1.35685955556
18,63,-0.926215554487
19,412,-0.970534753704
20,5,-0.794848613724
21,65,-0.850926283341
22,66,-1.11195966586
23,67,-1.0639894782
24,70,-0.921054146539
25,6,-0.940021191486
26,7,-1.32247891819
27,537,-1.07621723136
28,71,-0.845117267035
29,76,-1.10572919284
30,77,-0.967025318932
31,79,-1.39203854239
32,80,-1.15037787424
33,54,-1.06356750398
34,88,-0.905056963374
35,90,-0.822910500939
36,406,-1.34162172237
37,435,-0.901024513042
38,91,-1.32352065786
39,391,-1.00664561691
40,386,-1.33468598166
41,428,-0.924910757259
42,98,-0.972959922496
43,99,-0.856684325656
44,102,-0.891449437023
45,422,-0.973478007649
46,409,-0.779691597012
47,109,-0.74691122837
48,110,-0.668676586647
49,403,-1.37560019407
50,111,-1.3149694353
51,113,-0.627399001152
52,117,-1.051580392
53,118,-1.59393946806
54,119,-0.689938895259
55,122,-0.939051638062
56,125,-1.024874822
57,127,-1.22952607514
58,128,-0.486608648659
59,130,-1.0975678505
60,131,-1.47729093626
61,132,-1.26313420985
62,133,-0.978588649194
63,134,-0.719913185799
64,135,-1.37786088964
65,136,-1.47979946608
66,137,-0.704367685218
67,140,-0.948744310366
68,141,-1.22462706777
69,12,-0.674941969606
70,142,-1.12244731734
71,143,-0.196988808816
72,13,-1.25383478381
73,144,-1.13913468454
74,145,-1.14589680875
75,146,-1.0685709333
76,147,-1.32638744862
77,148,-1.1545603406
78,151,-1.22193636297
79,150,-1.13094181018
80,14,-0.951118819215
81,154,-0.791968085306
82,55,-0.608272730975
83,156,-1.04035692038
84,15,-0.944837228157
85,158,-0.590119515669
86,159,-0.939639904619
87,160,-1.1291728263
88,161,-1.03369211632
89,16,-0.902277507242
90,163,-0.716362232378
91,165,-1.41925895265
92,166,-0.713787788739
93,426,-1.39701104957
94,423,-1.55064185508
95,174,-1.047321168
96,175,-1.29897930098
97,176,-1.35522839276
98,177,-1.12627661775
99,178,-1.22107428495
100,181,-1.04447544981
101,183,-1.14769474345
102,184,-1.10157526158
103,188,-1.39280401039
104,189,-0.287544816401
105,190,-1.40768666915
106,438,-0.675730977632
107,193,-0.959535068457
108,196,-1.08462509824
109,195,-0.581661745065
110,18,-1.41613235675
111,197,-0.918216317203
112,199,-1.00318021402
113,200,-1.14043351544
114,388,-1.21148165131
115,201,-1.2788974967
116,202,-0.780966929771
117,204,-1.18769285536
118,19,-0.757670573638
119,207,-1.29695907377
120,214,-0.543386760595
121,217,-1.29040882437
122,219,-0.895757431702
123,220,-0.9684133855
124,222,-1.08205876914
125,225,-1.3942619677
126,226,-0.921421627272
127,378,-0.923400862477
128,230,-1.01541701317
129,232,-1.13125067382
130,236,-1.23365819136
131,23,-0.908110694311
132,237,-0.765347774423
133,238,-0.949463221667
134,425,-1.27322531572
135,240,-0.699991250218
136,413,-1.28352677066
137,242,-1.16407617409
138,245,-1.18410868351
139,244,-1.18545652676
140,25,-0.897236768724
141,440,-1.24109375666
142,248,-1.20085455878
143,251,-1.03784432863
144,256,-1.39757765514
145,257,-1.00884241502
146,259,-1.00425336058
147,260,-0.877533749593
148,56,-1.17481806404
149,261,-1.14935918895
150,262,-1.28579327597
151,29,1.30326800909
152,266,-1.01168937165
153,267,-0.995186802398
154,441,-1.17600792959
155,30,-0.95979676043
156,424,-1.44514253533
157,273,-1.17753978351
158,274,-1.23843454985
159,276,-1.40941207373
160,278,-0.838891524751
161,280,-1.3251102042
162,534,-1.10889438141
163,283,-0.744173115046
164,284,-0.624316991309
165,286,-0.957218989609
166,287,-1.26553101346
167,444,-1.1653914907
168,289,-0.93973814522
169,290,-1.03069140103
170,291,-1.11023317693
171,293,-1.03882583181
172,292,-0.855051605686
173,32,-1.04877862299
174,294,-0.841926573725
175,295,-1.39354840596
176,296,-0.951100330167
177,298,-0.922304154045
178,299,-1.08846942471
179,442,-1.09009337588
180,301,-1.10522380871
181,33,-0.585441699602
182,305,-1.21663033448
183,381,-1.05311078937
184,310,-1.48181163056
185,57,-0.786447725848
186,315,-1.1829448732
187,316,-1.39908012744
188,320,-1.05643795559
189,322,-1.34726985576
190,326,-0.79061118095
191,327,-0.998299517368
192,328,-0.795983363623
193,332,-1.19456190248
194,333,-0.614506920044
195,334,-1.18311984793
196,35,-1.12010886551
197,452,-1.00240687124
198,336,-0.860013484311
199,41,-0.987532661195
200,337,-1.32818802434
201,36,-0.904390409244
202,341,-0.777376396211
203,342,-1.19263573569
204,344,-0.908161770239
205,345,-1.03187146323
206,349,-0.701245004945
207,350,-0.923060985405
208,393,-0.739605054275
209,421,-1.12543033354
210,355,-1.28642344215
211,356,-0.834655613337
212,411,-1.06404672519
213,446,-1.61280559892
214,360,-0.969151416272
215,436,-1.29197765439
216,362,-1.20950680427
217,60,-0.78209492783
218,449,-1.38431499171
219,363,-1.29899375378
220,365,-0.963186757194
221,42,-0.749533990011
222,366,-0.974253438525
223,367,-1.10266660315
224,370,-1.11111977354
225,402,-1.17033310592
226,371,-0.655555877716
227,531,-0.965031167855
228,372,-1.00537732537
229,536,1.06094770197
230,44,0.422070814641
231,2,0.243642936487
232,45,1.46778332672
233,437,1.25007099721
234,46,1.59836117867
235,390,0.757506746739
236,51,0.65828614383
237,3,1.16389081562
238,58,1.32597778717
239,376,1.45313703944
240,62,1.39038687257
241,4,0.929487782422
242,64,1.18913925652
243,394,0.926280325182
244,410,0.756162368898
245,69,1.13786096284
246,72,1.15988668239
247,73,1.40164749568
248,395,1.0236624391
249,74,1.10974907418
250,75,1.18624705356
251,443,1.37835895491
252,448,1.13239698988
253,81,1.44567593539
254,82,1.46154676234
255,83,1.62006089136
256,84,1.25164073395
257,85,1.30321532762
258,86,1.12227537967
259,89,1.42092087401
260,92,1.13177662014
261,93,1.57485944938
262,94,0.729747452218
263,95,0.362464093896
264,96,1.1768802155
265,100,1.43832599839
266,101,0.443058791152
267,103,1.37962775938
268,105,1.2966198838
269,104,1.37036091584
270,106,1.10328811956
271,107,1.47592839423
272,417,0.963539848081
273,108,1.31248301742
274,377,1.05419439795
275,112,1.35711929956
276,10,1.28930033202
277,114,1.31349097068
278,116,1.30228098864
279,408,0.933148419379
280,120,1.58421510539
281,121,1.46211641146
282,123,1.24729291472
283,484,0.74399456602
284,124,1.32124266543
285,401,1.12399506821
286,126,1.30876459881
287,68,1.44624461991
288,382,0.914219520026
289,405,1.34058987734
290,138,1.3675729946
291,407,0.954861940399
292,487,0.536770525191
293,482,0.676771755629
294,383,1.17555206313
295,152,1.21151152695
296,153,0.626618936764
297,155,1.46632147551
298,157,1.30049490786
299,374,1.40461412833
300,472,1.28971147735
301,162,1.45839242197
302,455,1.15885811791
303,167,1.28846986956
304,168,1.01414972495
305,169,0.964854493635
306,17,1.39893919008
307,172,1.48854013617
308,485,1.15346145939
309,173,1.12123701533
310,389,1.47597190311
311,180,1.14818613705
312,182,1.12090581937
313,433,1.21433456646
314,186,1.21738972055
315,185,1.25276998688
316,191,1.16207095462
317,192,1.16187485818
318,457,1.35167166182
319,416,1.40666158152
320,419,1.38619228087
321,454,1.02592947159
322,194,1.02043845582
323,384,0.7397923323
324,430,1.01050365088
325,203,1.23316818804
326,205,1.13951313431
327,206,1.3028540552
328,209,1.59295102547
329,211,1.38436780185
330,212,1.66257692772
331,213,0.627452739098
332,215,0.84479765478
333,216,1.14407794238
334,398,1.63817704764
335,218,1.35795682672
336,431,0.926851883075
337,221,1.17568403012
338,223,1.19387753542
339,479,0.574286733895
340,434,0.676001939105
341,227,1.25923842672
342,20,0.132442742409
343,228,1.26007104542
344,21,1.03263950386
345,233,1.12616956828
346,234,1.38708924665
347,235,1.45071273306
348,22,0.224151846125
349,239,1.02668443129
350,241,1.36362876731
351,432,1.24362588695
352,24,1.00341506628
353,26,1.32865721912
354,246,1.35151347007
355,27,1.18842333526
356,404,0.602960116314
357,253,1.58843085974
358,254,1.49516257487
359,255,1.49276997442
360,480,1.18002815701
361,420,0.981449784911
362,447,1.15917891256
363,28,0.442118764849
364,263,1.54722025712
365,264,1.35117865212
366,379,1.58067941837
367,268,1.50215817846
368,269,0.880354860352
369,400,0.695925110206
370,270,0.8686959293
371,271,0.187610306036
372,272,1.53357497802
373,456,1.68557128789
374,275,0.839004146592
375,279,1.18257431195
376,281,1.26050988795
377,31,0.418464330176
378,282,1.29924432809
379,288,1.01728234876
380,300,1.45913527036
381,396,0.63994986001
382,303,1.01096852157
383,304,1.27671982023
384,306,1.00527525496
385,338,1.31343225968
386,308,1.02993128699
387,309,1.35062023561
388,311,1.59980390036
389,312,1.42379153147
390,483,0.7366146349
391,313,0.62231232679
392,34,1.33615355355
393,318,1.34430218486
394,317,0.983289363537
395,321,1.48231569939
396,323,0.921169039119
397,478,1.08404505898
398,325,1.21038554421
399,387,0.46233575678
400,329,1.30595245339
401,330,1.36941373857
402,331,1.22619986564
403,335,1.45853525063
404,392,1.12747166423
405,397,1.42090346841
406,340,1.36156359105
407,339,1.19134241431
408,37,1.26076806067
409,385,1.24952610378
410,346,1.43631623908
411,348,1.44218955046
412,351,1.44728084801
413,399,1.09227343563
414,450,1.07500486008
415,451,0.597539800789
416,352,1.33596597982
417,353,1.10922187012
418,357,0.854052794999
419,358,1.09324357847
420,359,1.43094312324
421,533,1.62024477343
422,38,1.47947193503
423,361,1.30931147645
424,364,1.626735667
425,369,1.20627742397
426,139,0.859592300243
427,231,-1.20013488096
428,224,-1.14871741972
429,78,1.2626279972
430,229,1.23391707905
431,297,-0.657251483113
432,458,-0.830788369021
433,493,-0.75104146318
434,459,-1.42304540443
435,525,-1.36001356036
436,488,-0.95438373938
437,461,1.30109426195
438,97,-1.34008676557
439,445,-1.56599999067
440,129,-0.874063070033
441,8,-0.864221601377
442,373,-0.662443318231
443,187,-1.28483381885
444,210,-1.2551515222
445,265,-1.36029850131
446,149,-1.82053272478
447,302,-1.13480521184
448,307,1.36428184216
449,319,-1.49181593329
450,164,-1.56417789695
451,324,-1.34679531929
452,347,-1.3125449006
453,354,-1.17049362972
454,460,-0.800377576025
455,208,-0.644621189459
456,510,1.53964425675
457,87,-1.6251169477
458,535,0.464182918921
459,538,0.689127707002
460,243,1.02136761272
461,277,1.47196942804
462,285,-0.876986851187
463,517,-1.04927948349
464,519,1.4875923149
465,9,1.08602330127
466,11,1.52939199624
467,515,1.32863561819
468,532,0.910512466022
469,115,1.01933807807
470,469,-0.889398412119
471,470,-0.161058848662
472,506,0.972226164437
473,490,-0.857320130829
474,471,-1.51965671076
475,476,0.518265707217
476,474,1.32449965382
477,477,-1.34238099431
478,499,1.07408124333
479,429,-1.33125115532
480,505,1.54755393078
481,179,1.31171152341
482,497,-1.31746545578
483,540,0.463495116695
484,541,1.03164217461
485,170,0.892205578061
486,427,0.570251660319
487,171,1.38987460594
488,502,-0.72652830159
489,486,-1.72541234248
490,504,-0.748997879116
491,492,-0.920567372157
492,542,1.12987691832
493,453,0.775487255789
494,526,0.732388881821
495,418,0.631496024523
496,198,-0.467490290606
497,508,0.903542119384
498,527,1.66388836955
499,509,1.39947020076
500,544,1.28436523572
501,507,0.241635079771
502,511,-0.61177304471
503,512,0.641741453622
504,491,-1.2775808311
505,258,1.48886373022
506,494,1.05222021975
507,247,1.14762410866
508,249,-1.01579913634
509,250,-0.280230565001
510,252,1.36936009916
511,513,1.50074899334
512,516,1.03245289214
513,514,-0.872352822803
514,545,0.398984051926
515,495,1.46018774577
516,518,0.729202708046
517,498,-1.76965386628
518,546,1.20375205252
519,380,1.60507945803
520,314,1.43368428941
521,500,1.00178484903
522,521,1.37182461256
523,523,0.603093489233
524,343,-1.2067669369
525,547,0.82037074817
526,501,1.25823714733
527,503,0.63125128499
528,415,1.39224182072
529,524,1.27229266269
530,473,-0.783978486343
531,368,0.926566665913
532,522,-1.14692625948
533,539,-1.05043020047
534,496,-1.30304695868
535,475,-1.33447753059
536,481,-0.803250360581
537,543,0.63471708844
538,528,1.49281011229
539,520,-0.800458607069
540,462,1.32455925803
541,463,-1.3240675156
542,464,-0.583694162798
543,465,-1.48284604397
544,467,1.50864914908
545,466,0.900221627641
546,468,-0.987787438797
547,489,1.05546184866
