,legislator,theta
0,39,-0.974903997915
1,530,-0.636275590158
2,40,-0.854091763057
3,375,-0.905688909539
4,0,-1.13842191442
5,1,-0.793876318451
6,43,-0.754115164092
7,414,-1.08691516728
8,47,-0.880153544786
9,48,-1.27137058307
10,49,-1.17924146187
11,50,-1.26884032578
12,52,-1.46508355099
13,53,-1.26597544922
14,529,-0.833538544004
15,59,-1.07413876856
16,61,-1.30466803421
17,439,-1.47777827652
18,63,-1.06642970419
19,412,-1.08404282906
20,5,-0.856334372598
21,65,-0.894825623035
22,66,-1.01131180877
23,67,-1.24759508537
24,70,-0.858577846343
25,6,-0.983935305701
26,7,-0.998491306779
27,537,-1.05369201629
28,71,-0.838821667031
29,76,-1.00290742102
30,77,-1.05984320881
31,79,-1.41032731916
32,80,-1.2631365324
33,54,-1.07979779995
34,88,-0.873688290141
35,90,-0.869818566969
36,406,-1.44446513528
37,435,-1.08812522562
38,91,-1.31505977186
39,391,-1.04054847983
40,386,-1.35283938111
41,428,-0.996175244202
42,98,-0.865413565171
43,99,-0.824193275449
44,102,-1.05705239771
45,422,-1.07243819104
46,409,-0.794408159023
47,109,-0.737492575895
48,110,-0.610049044964
49,403,-1.42900483964
50,111,-1.30542615925
51,113,-0.67504461953
52,117,-1.2278270141
53,118,-1.7366395302
54,119,-0.685852049668
55,122,-0.960976528897
56,125,-1.13002819638
57,127,-1.30389077188
58,128,-0.460757964219
59,130,-1.16138875756
60,131,-1.49175942385
61,132,-1.40718368335
62,133,-1.00646641093
63,134,-0.718257997318
64,135,-1.38381574581
65,136,-1.58755518647
66,137,-0.714356749181
67,140,-1.0235804271
68,141,-1.21278678074
69,12,-0.782093923269
70,142,-1.12152545187
71,143,-0.245210937331
72,13,-1.15859972713
73,144,-1.1682721565
74,145,-1.26330930836
75,146,-1.10213430546
76,147,-1.47472654498
77,148,-1.06116667123
78,151,-1.48566382175
79,150,-1.15459298015
80,14,-0.961443826454
81,154,-0.853073430904
82,55,-0.588982293414
83,156,-1.17640423138
84,15,-1.06847558541
85,158,-0.584631929389
86,159,-0.938429193492
87,160,-1.21140479906
88,161,-1.03325967047
89,16,-0.888568921381
90,163,-0.722843463925
91,165,-1.52994597577
92,166,-0.739101525823
93,426,-1.61366248006
94,423,-1.52871695926
95,174,-1.19512832171
96,175,-1.37815170395
97,176,-1.23532640066
98,177,-1.09746776356
99,178,-1.21862571835
100,181,-1.09527151602
101,183,-1.21468553306
102,184,-1.1124036358
103,188,-1.32190168653
104,189,-0.327356253942
105,190,-1.3975998151
106,438,-0.660055105862
107,193,-1.0315149153
108,196,-1.24928293636
109,195,-0.569360607483
110,18,-1.52168349643
111,197,-0.763780110259
112,199,-1.02133473706
113,200,-1.28836589414
114,388,-1.27074553585
115,201,-1.48760235186
116,202,-0.730465459152
117,204,-1.3974384109
118,19,-0.676316079837
119,207,-1.27676029024
120,214,-0.578915668895
121,217,-1.4336751813
122,219,-0.872680151955
123,220,-1.04247841185
124,222,-1.09901645864
125,225,-1.54300391226
126,226,-0.89123903268
127,378,-0.836766031232
128,230,-1.08815688346
129,232,-1.1705943395
130,236,-1.43019850729
131,23,-0.798713682118
132,237,-0.781532433646
133,238,-1.00271256845
134,425,-1.36428223019
135,240,-0.696053190216
136,413,-1.23367061924
137,242,-1.04017685066
138,245,-1.37018794901
139,244,-1.04499313764
140,25,-0.767704433464
141,440,-1.42711803036
142,248,-1.26828712816
143,251,-0.942860849797
144,256,-1.50447859724
145,257,-0.92997421413
146,259,-0.918173372205
147,260,-0.924953709743
148,56,-1.04878050816
149,261,-1.4201730605
150,262,-1.40210259094
151,29,1.1500129955
152,266,-0.898145869859
153,267,-1.00614565795
154,441,-1.29824359007
155,30,-0.917350060242
156,424,-1.44420396206
157,273,-1.24248922895
158,274,-1.20252786108
159,276,-1.7742472606
160,278,-0.877918957192
161,280,-1.53663153823
162,534,-1.12898882126
163,283,-0.758783996853
164,284,-0.64793333084
165,286,-0.940444625934
166,287,-1.50919519302
167,444,-1.17112461696
168,289,-0.964025469492
169,290,-0.864304123649
170,291,-1.18973071588
171,293,-1.09119768851
172,292,-0.799019562796
173,32,-1.02422850816
174,294,-0.827512995183
175,295,-1.46803855886
176,296,-0.91971208555
177,298,-1.01103006507
178,299,-1.2289457954
179,442,-1.12017515538
180,301,-1.2721415777
181,33,-0.634197812532
182,305,-1.29485870545
183,381,-1.36553605135
184,310,-1.46012762428
185,57,-0.879337083609
186,315,-1.28883269342
187,316,-1.39122388832
188,320,-1.11957929307
189,322,-1.37026276235
190,326,-0.815330915921
191,327,-0.992089010543
192,328,-0.799792615425
193,332,-1.18186631848
194,333,-0.587565100312
195,334,-1.3379522987
196,35,-1.1936189735
197,452,-1.03295906705
198,336,-0.803584529704
199,41,-0.951022360756
200,337,-1.48407475417
201,36,-0.905534531766
202,341,-0.810290772451
203,342,-1.38457043433
204,344,-0.958098885572
205,345,-1.00728923089
206,349,-0.815310380535
207,350,-0.936179604346
208,393,-0.731879541357
209,421,-1.21623127595
210,355,-1.39290920887
211,356,-0.97365135825
212,411,-0.988977155922
213,446,-1.79162489288
214,360,-0.947989053137
215,436,-1.39111888991
216,362,-1.32986559809
217,60,-0.87234094299
218,449,-1.50653213859
219,363,-1.43666049071
220,365,-1.08601819876
221,42,-0.728620798044
222,366,-0.936316894141
223,367,-1.32382854948
224,370,-1.25544646231
225,402,-1.19179275183
226,371,-0.694950735532
227,531,-1.04731159474
228,372,-1.081899548
229,536,1.30043736792
230,44,0.396735992189
231,2,0.218378467589
232,45,1.71111100444
233,437,1.50962709942
234,46,1.62628262517
235,390,0.769712963599
236,51,0.545940402274
237,3,1.07339038607
238,58,1.40415003381
239,376,1.65476542294
240,62,1.5429688521
241,4,0.926552439262
242,64,1.23845157063
243,394,0.871025387461
244,410,0.747291455018
245,69,1.19861621399
246,72,1.14919753764
247,73,1.40015894375
248,395,1.05004630732
249,74,0.950832439776
250,75,1.12560705996
251,443,1.3262022251
252,448,1.12261231738
253,81,1.6242447197
254,82,1.5618160273
255,83,1.60671629199
256,84,1.34758034462
257,85,1.19743510331
258,86,1.15872647716
259,89,1.41959442012
260,92,1.10009376055
261,93,1.92745106098
262,94,0.721681124355
263,95,0.369658184711
264,96,1.10811254269
265,100,1.4532157959
266,101,0.44063738313
267,103,1.44074907069
268,105,1.34087611516
269,104,1.44910316936
270,106,1.09690584253
271,107,1.48323203108
272,417,0.908858461333
273,108,1.34692457487
274,377,0.93692971267
275,112,1.39329572948
276,10,1.22731607958
277,114,1.34830821146
278,116,1.45765116344
279,408,0.857563168201
280,120,1.69578280727
281,121,1.61684714827
282,123,1.29809382243
283,484,0.735583439881
284,124,1.41815853099
285,401,1.15396098347
286,126,1.44701597805
287,68,1.49807152353
288,382,0.895830662498
289,405,1.38900131674
290,138,1.37633848053
291,407,0.941472000498
292,487,0.477695104671
293,482,0.686169705528
294,383,1.19290256042
295,152,1.15541730775
296,153,0.615355557505
297,155,1.55990629214
298,157,1.50868948101
299,374,1.40954753472
300,472,1.26957661528
301,162,1.52629996445
302,455,1.08601862391
303,167,1.34363928139
304,168,1.03760112606
305,169,1.00681995808
306,17,1.62232599409
307,172,1.59744255853
308,485,1.1206177621
309,173,1.28369500988
310,389,1.40492604553
311,180,1.17318640941
312,182,1.20520018911
313,433,1.47209880645
314,186,1.36286950254
315,185,1.36699108176
316,191,1.2224927702
317,192,1.21249739666
318,457,1.44497673163
319,416,1.5125822362
320,419,1.32090866937
321,454,0.987923417735
322,194,1.05183952575
323,384,0.718743383393
324,430,1.00143310104
325,203,1.36942226027
326,205,1.20890500561
327,206,1.27406385142
328,209,1.85472737205
329,211,1.47472087616
330,212,1.63499812883
331,213,0.677216073319
332,215,0.903433930218
333,216,1.20630586865
334,398,1.80514224862
335,218,1.40194946711
336,431,0.972389811801
337,221,1.07245869408
338,223,1.0888451536
339,479,0.572850127112
340,434,0.644910979492
341,227,1.6929801285
342,20,0.137024082288
343,228,1.46918894087
344,21,0.881871125422
345,233,1.15876458314
346,234,1.67912273437
347,235,1.69333414583
348,22,0.226287623303
349,239,1.05433135825
350,241,1.37094438206
351,432,1.32826244849
352,24,1.05520112549
353,26,1.47042852091
354,246,1.61017344682
355,27,1.17729645787
356,404,0.551399815685
357,253,1.93516701768
358,254,1.7486585308
359,255,1.56447971612
360,480,1.36558329511
361,420,1.03776379951
362,447,1.25522396016
363,28,0.370354950152
364,263,1.9011459246
365,264,1.38766799501
366,379,1.54533896276
367,268,1.45426085021
368,269,0.889457949727
369,400,0.637815518037
370,270,0.765625575154
371,271,0.162212393113
372,272,1.45966296296
373,456,2.09967992615
374,275,0.794187170334
375,279,1.20421998608
376,281,1.20156463755
377,31,0.358829884356
378,282,1.35187944492
379,288,1.05797040663
380,300,1.58744878289
381,396,0.756974199676
382,303,0.861776732373
383,304,1.31281641589
384,306,1.09796971574
385,338,1.36409610923
386,308,1.06925503665
387,309,1.54981976685
388,311,1.99936068014
389,312,1.28334353398
390,483,0.773884017918
391,313,0.634521130658
392,34,1.31319131067
393,318,1.38393751947
394,317,0.989519274223
395,321,1.77192986369
396,323,0.971846753902
397,478,1.13178006621
398,325,1.12153470641
399,387,0.522278729287
400,329,1.45765599352
401,330,1.30507713016
402,331,1.1677438933
403,335,1.68180184381
404,392,1.17458744872
405,397,1.4962401459
406,340,1.32614825692
407,339,1.26113148532
408,37,1.35510874595
409,385,1.30484726216
410,346,1.50503292949
411,348,1.43914955485
412,351,1.59003776449
413,399,1.12045158855
414,450,1.03923788075
415,451,0.689632122904
416,352,1.69729293767
417,353,1.11443141287
418,357,0.826354387438
419,358,1.32023410832
420,359,1.45535977897
421,533,1.31335786863
422,38,1.52996013836
423,361,1.40106321965
424,364,1.73616963577
425,369,1.43181083717
426,139,0.938112422692
427,231,-1.26069948924
428,224,-1.05408260649
429,78,1.5093290079
430,229,1.32993585212
431,297,-0.71703827959
432,458,-0.983460912516
433,493,-0.980090410617
434,459,-1.63042999578
435,525,-0.901457713853
436,488,-0.851905556174
437,461,1.82696024233
438,97,-1.75202571712
439,445,-1.9565091204
440,129,-0.837648637564
441,8,-1.10401884865
442,373,-0.867065417555
443,187,-1.46334152828
444,210,-1.62344763052
445,265,-1.46487760815
446,149,-2.34212928268
447,302,-1.40006689945
448,307,1.68880327365
449,319,-1.78849867968
450,164,-1.63287772545
451,324,-1.42995424128
452,347,-1.37752454001
453,354,-1.36494893539
454,460,-1.00718296778
455,208,-0.80562303744
456,510,1.92460325084
457,87,-1.56997713062
458,535,0.778969752626
459,538,0.750255448216
460,243,0.997834730121
461,277,1.73390155964
462,285,-1.17289133329
463,517,-1.3931172523
464,519,1.68979800229
465,9,2.0217944141
466,11,1.8301333461
467,515,1.23498152501
468,532,1.1534835254
469,115,0.996084857631
470,469,-0.950236746266
471,470,-0.291885314284
472,506,1.3717068763
473,490,-0.995687635975
474,471,-1.56524611175
475,476,0.493046274476
476,474,1.46257710893
477,477,-1.4464105446
478,499,1.31732665166
479,429,-1.60772515619
480,505,1.53177872332
481,179,1.90134270827
482,497,-1.60032331864
483,540,0.435830119685
484,541,1.12925890237
485,170,1.04948462198
486,427,0.778510990321
487,171,2.04429014353
488,502,-1.00329557853
489,486,-1.99578786642
490,504,-0.95968059336
491,492,-1.23046448174
492,542,1.36543863256
493,453,0.975438804785
494,526,1.33476097266
495,418,0.832955163256
496,198,-0.498833981246
497,508,0.966439713357
498,527,1.50996969428
499,509,1.58290584884
500,544,1.89054560013
501,507,0.227963227422
502,511,-0.957091465062
503,512,0.609682548446
504,491,-1.25141997589
505,258,1.77874947517
506,494,1.43236651229
507,247,1.62055670889
508,249,-1.42672044598
509,250,-0.363380582867
510,252,1.51390969801
511,513,1.66136115947
512,516,1.17693475998
513,514,-0.98157351321
514,545,0.48232143216
515,495,2.18931065411
516,518,0.743076338508
517,498,-2.11054055905
518,546,1.4866641945
519,380,1.5333726064
520,314,1.50952638021
521,500,1.02371611098
522,521,1.60649182573
523,523,0.760752946356
524,343,-1.36291912243
525,547,1.06060165843
526,501,1.64331962792
527,503,0.580791617282
528,415,1.83114831886
529,524,1.77333786864
530,473,-1.0870375156
531,368,1.23047676111
532,522,-1.19472737491
533,539,-1.07496183958
534,496,-1.15161912389
535,475,-1.9524161252
536,481,-0.872496789928
537,543,0.794398114779
538,528,1.47325426188
539,520,-0.645667498689
540,462,2.07622313601
541,463,-1.43920463799
542,464,-0.619549441543
543,465,-1.63036010634
544,467,0.926032208479
545,466,1.22558279756
546,468,-0.600835276497
547,489,1.00163057981
