,legislator,theta
0,39,-0.955045379777
1,530,-0.794568096612
2,40,-0.771184946832
3,375,-0.950940534159
4,0,-0.997452460663
5,1,-0.8154471364
6,43,-0.815171276848
7,414,-1.07473140931
8,47,-0.980971491593
9,48,-1.20220813822
10,49,-1.12432197501
11,50,-1.27350641531
12,52,-1.32092432118
13,53,-1.34931459844
14,529,-0.912604204731
15,59,-1.12141621483
16,61,-1.19909301072
17,439,-1.38955865715
18,63,-0.908897750585
19,412,-1.01438538435
20,5,-0.825541501613
21,65,-0.963578071626
22,66,-1.11912775849
23,67,-1.06154857357
24,70,-0.909599396373
25,6,-0.945712463451
26,7,-1.18891073198
27,537,-0.999569294505
28,71,-0.82739471513
29,76,-1.01617074874
30,77,-0.967505329666
31,79,-1.337434686
32,80,-1.12804603983
33,54,-1.11336448866
34,88,-0.900826212792
35,90,-0.834047136255
36,406,-1.36913578913
37,435,-0.929401819628
38,91,-1.44594027576
39,391,-1.01724339968
40,386,-1.39058185109
41,428,-0.948442536908
42,98,-0.952332389957
43,99,-0.767944499127
44,102,-0.940531048391
45,422,-0.992969753618
46,409,-0.785458107582
47,109,-0.693167296196
48,110,-0.719616294499
49,403,-1.37872824015
50,111,-1.32686702132
51,113,-0.632431965198
52,117,-1.02882765577
53,118,-1.63843917518
54,119,-0.734819262887
55,122,-1.04460845304
56,125,-1.09885728867
57,127,-1.23612619458
58,128,-0.458239834002
59,130,-1.1677770661
60,131,-1.47352142318
61,132,-1.36551183473
62,133,-1.0640953227
63,134,-0.720491492184
64,135,-1.37747785495
65,136,-1.49057659953
66,137,-0.722287610568
67,140,-1.02419311931
68,141,-1.2208612487
69,12,-0.65968289901
70,142,-1.09560372612
71,143,-0.202921694308
72,13,-1.30648058435
73,144,-1.13186615133
74,145,-1.18764989438
75,146,-1.0503190905
76,147,-1.35089148382
77,148,-1.18407076234
78,151,-1.17211132583
79,150,-1.03486285274
80,14,-0.996603892931
81,154,-0.828296126157
82,55,-0.662200157874
83,156,-1.08396463457
84,15,-0.977868530895
85,158,-0.561801803988
86,159,-0.853949023269
87,160,-1.20298247036
88,161,-0.966488004962
89,16,-0.80652324675
90,163,-0.692287329435
91,165,-1.41202324729
92,166,-0.801809044549
93,426,-1.41599682352
94,423,-1.55153077016
95,174,-1.08400697748
96,175,-1.28776046653
97,176,-1.28042128053
98,177,-1.14637864488
99,178,-1.215207205
100,181,-1.11635099726
101,183,-1.19764103525
102,184,-1.16033363736
103,188,-1.37571883405
104,189,-0.2951903287
105,190,-1.49874475299
106,438,-0.679401891606
107,193,-0.917070839641
108,196,-1.08382984075
109,195,-0.611320395543
110,18,-1.38859571475
111,197,-0.785854453183
112,199,-0.925297905388
113,200,-1.16927640705
114,388,-1.17968706935
115,201,-1.38704109097
116,202,-0.722836539839
117,204,-1.20514708862
118,19,-0.67662442226
119,207,-1.415137219
120,214,-0.553872919269
121,217,-1.30496481591
122,219,-0.929373269184
123,220,-1.04584279165
124,222,-1.07856207063
125,225,-1.44225370907
126,226,-0.891559494868
127,378,-0.862706932705
128,230,-1.03055289353
129,232,-1.17915413012
130,236,-1.30227695278
131,23,-0.850852638744
132,237,-0.793678927104
133,238,-0.920251810425
134,425,-1.34948828404
135,240,-0.698381263873
136,413,-1.24298671579
137,242,-1.0899068407
138,245,-1.19388474192
139,244,-1.07667901522
140,25,-0.816599802188
141,440,-1.25883588127
142,248,-1.25496056471
143,251,-0.927356809761
144,256,-1.45766959491
145,257,-0.949738536532
146,259,-1.01813273936
147,260,-0.960889578564
148,56,-1.0664764747
149,261,-1.23677453732
150,262,-1.26216075365
151,29,1.27851348331
152,266,-0.98153239409
153,267,-0.99972688099
154,441,-1.214383492
155,30,-0.939507877414
156,424,-1.49245630172
157,273,-1.11038591502
158,274,-1.18601094933
159,276,-1.37709626923
160,278,-0.822773492449
161,280,-1.38307897027
162,534,-1.04828156228
163,283,-0.694545212318
164,284,-0.652442731614
165,286,-0.910998959182
166,287,-1.31012418914
167,444,-1.22418710861
168,289,-0.921080635098
169,290,-0.948407600804
170,291,-1.08557223457
171,293,-1.07848851694
172,292,-0.937644174668
173,32,-0.978715275614
174,294,-0.919752926305
175,295,-1.3613446699
176,296,-0.891045690646
177,298,-0.960864012024
178,299,-1.06650247664
179,442,-1.07106533948
180,301,-1.12381545357
181,33,-0.629316469893
182,305,-1.21787732177
183,381,-1.15941383896
184,310,-1.4475390605
185,57,-0.790819038038
186,315,-1.25051926506
187,316,-1.38544895579
188,320,-1.01595040481
189,322,-1.35573080917
190,326,-0.740445207203
191,327,-0.991761455628
192,328,-0.785696114464
193,332,-1.21219648589
194,333,-0.593314833795
195,334,-1.1563106408
196,35,-1.06496864612
197,452,-0.974068172486
198,336,-0.887369273999
199,41,-0.99502805263
200,337,-1.33375133347
201,36,-0.923946616189
202,341,-0.710022473771
203,342,-1.18819055303
204,344,-0.878770618026
205,345,-0.980267124906
206,349,-0.727437370991
207,350,-0.859785247187
208,393,-0.778180854775
209,421,-1.12834304075
210,355,-1.25465537917
211,356,-0.894344625956
212,411,-1.05093704017
213,446,-1.58822753594
214,360,-0.977865295348
215,436,-1.25040306991
216,362,-1.26692278434
217,60,-0.824637383555
218,449,-1.43264317789
219,363,-1.29566004731
220,365,-0.965903749577
221,42,-0.755994313179
222,366,-0.930594622442
223,367,-1.16876668281
224,370,-1.16729430612
225,402,-1.22548548709
226,371,-0.661573168639
227,531,-0.958840050382
228,372,-0.940782206223
229,536,1.05510679166
230,44,0.372691544684
231,2,0.235828254742
232,45,1.5197425934
233,437,1.33156175828
234,46,1.57617039621
235,390,0.779219569753
236,51,0.585077840992
237,3,1.18245206423
238,58,1.34347430026
239,376,1.53681117101
240,62,1.4091013975
241,4,0.962504635928
242,64,1.16997444611
243,394,0.908652010424
244,410,0.788110484455
245,69,1.21823090683
246,72,1.13495136224
247,73,1.41971412904
248,395,1.02990284902
249,74,1.06593085176
250,75,1.21098538299
251,443,1.40978656986
252,448,1.18882567427
253,81,1.4964409317
254,82,1.36093477364
255,83,1.57872761384
256,84,1.28383157128
257,85,1.23824255715
258,86,1.12857805489
259,89,1.42561558252
260,92,1.14115861165
261,93,1.49882791737
262,94,0.711884777414
263,95,0.402389329793
264,96,1.15452192599
265,100,1.37412346457
266,101,0.445062044438
267,103,1.32435192325
268,105,1.3765078463
269,104,1.38102966775
270,106,1.08864764134
271,107,1.4749183443
272,417,0.993699284799
273,108,1.36797308713
274,377,0.991021108886
275,112,1.37200540931
276,10,1.32005055138
277,114,1.27568284691
278,116,1.3013372193
279,408,0.925325599024
280,120,1.64326186385
281,121,1.52173998984
282,123,1.25670540071
283,484,0.698205425338
284,124,1.37036064087
285,401,1.15417663471
286,126,1.33347277261
287,68,1.41368045436
288,382,0.823918365885
289,405,1.34486017389
290,138,1.34490954106
291,407,1.00712340288
292,487,0.49824883229
293,482,0.629452509067
294,383,1.21690581719
295,152,1.17934774354
296,153,0.641777442086
297,155,1.46592155299
298,157,1.37215622457
299,374,1.35533112777
300,472,1.20792809505
301,162,1.38041572577
302,455,1.22170344549
303,167,1.32902225892
304,168,1.02903584377
305,169,0.97847695728
306,17,1.4724373567
307,172,1.53329569689
308,485,1.1302712139
309,173,1.16347166292
310,389,1.54782709891
311,180,1.13987857363
312,182,1.16473311066
313,433,1.26661802367
314,186,1.23604932153
315,185,1.28580876794
316,191,1.07494076724
317,192,1.15916255804
318,457,1.40900859665
319,416,1.41845724451
320,419,1.38611560294
321,454,1.03629055197
322,194,0.996521659042
323,384,0.781837151446
324,430,0.93054818091
325,203,1.28136798202
326,205,1.07576451496
327,206,1.34295807726
328,209,1.59282879274
329,211,1.32122943884
330,212,1.66109620535
331,213,0.71300879186
332,215,0.866281895436
333,216,1.15707010532
334,398,1.59153867896
335,218,1.31357659414
336,431,0.920688531103
337,221,1.15708954976
338,223,1.13711590707
339,479,0.611031423681
340,434,0.749057866915
341,227,1.43862404413
342,20,0.150209670957
343,228,1.41922866996
344,21,1.06782373126
345,233,1.17527513071
346,234,1.43612552605
347,235,1.47931690401
348,22,0.180405292695
349,239,1.07291760103
350,241,1.28512553659
351,432,1.19133902666
352,24,0.978039824214
353,26,1.29723282117
354,246,1.41190435535
355,27,1.15177870201
356,404,0.561792812289
357,253,1.63152269484
358,254,1.52411264372
359,255,1.53240726005
360,480,1.19321902063
361,420,1.00307555857
362,447,1.0995618293
363,28,0.353251937324
364,263,1.63979790342
365,264,1.29315607494
366,379,1.55398115767
367,268,1.56893028973
368,269,0.827251479866
369,400,0.625252142587
370,270,0.866699386577
371,271,0.188168618838
372,272,1.46701564721
373,456,1.7067996206
374,275,0.878017808646
375,279,1.18814563448
376,281,1.34580938506
377,31,0.383909168875
378,282,1.4018311284
379,288,1.0338738241
380,300,1.49088600428
381,396,0.6599124681
382,303,1.00944626735
383,304,1.2785919615
384,306,1.05566985461
385,338,1.32749167889
386,308,1.02680155088
387,309,1.35152028969
388,311,1.65831469901
389,312,1.42685326167
390,483,0.780115263257
391,313,0.594994014553
392,34,1.19984264048
393,318,1.35081078522
394,317,0.948274126229
395,321,1.59560137324
396,323,0.881421227431
397,478,1.07482220486
398,325,1.21598573966
399,387,0.468369528332
400,329,1.32093878661
401,330,1.44219413964
402,331,1.17907785132
403,335,1.45675894777
404,392,1.21824772448
405,397,1.45508060253
406,340,1.37001914625
407,339,1.14805201681
408,37,1.2683145564
409,385,1.31388943691
410,346,1.4948357418
411,348,1.35774641957
412,351,1.45596175776
413,399,1.11556945191
414,450,1.11695747563
415,451,0.639276795638
416,352,1.40897764576
417,353,1.10747538867
418,357,0.81975595852
419,358,1.12962143038
420,359,1.38974667991
421,533,1.548216024
422,38,1.54448372497
423,361,1.3944893828
424,364,1.64046752694
425,369,1.27363748142
426,139,0.957822356037
427,231,-1.15786377351
428,224,-1.15207470207
429,78,1.29465210518
430,229,1.2866017798
431,297,-0.672437055678
432,458,-0.835608825545
433,493,-0.584934359273
434,459,-1.51366453803
435,525,-0.388814672422
436,488,-0.949611815831
437,461,1.4356933126
438,97,-1.31474483211
439,445,-1.60858497723
440,129,-0.854520688631
441,8,-0.979663920026
442,373,-0.738023590423
443,187,-1.36590089867
444,210,-1.36528143122
445,265,-1.48617612516
446,149,-1.8358229687
447,302,-1.10492332723
448,307,1.51537537214
449,319,-1.66843923445
450,164,-1.55345391933
451,324,-1.38140378103
452,347,-1.33983015343
453,354,-1.1894332331
454,460,-0.843161772345
455,208,-0.72553678126
456,510,1.59943249176
457,87,-1.78608155361
458,535,0.522235940355
459,538,0.721855509541
460,243,0.89756234097
461,277,1.66644024477
462,285,-0.834542414504
463,517,-1.06517458575
464,519,1.47988279224
465,9,1.25315851859
466,11,1.51390683521
467,515,1.29464087198
468,532,0.925124165068
469,115,1.03071839487
470,469,-0.772066495253
471,470,-0.30111377325
472,506,1.08534561848
473,490,-0.954944131083
474,471,-1.45662424823
475,476,0.520810916038
476,474,1.2509932938
477,477,-1.6027574468
478,499,1.13982494574
479,429,-1.41792809188
480,505,1.51061040134
481,179,1.2818917607
482,497,-1.38997140029
483,540,0.471901862607
484,541,1.09761170355
485,170,1.07558034435
486,427,0.631200031338
487,171,1.63226927681
488,502,-0.947436087523
489,486,-1.78366709311
490,504,-0.984495410005
491,492,-0.997342435559
492,542,1.04912898791
493,453,0.773893518926
494,526,0.689010696942
495,418,0.666858278147
496,198,-0.444300741987
497,508,0.880127449563
498,527,2.03134776809
499,509,1.35751373423
500,544,1.40252387964
501,507,0.183797973863
502,511,-0.753072314253
503,512,0.507084228334
504,491,-1.17994648898
505,258,1.32699817987
506,494,1.04249572674
507,247,1.35994604897
508,249,-1.21131213285
509,250,-0.308816564632
510,252,1.35393270456
511,513,1.4592642392
512,516,0.879714933279
513,514,-1.02610533876
514,545,0.424753262575
515,495,1.63364199666
516,518,0.801438376634
517,498,-1.70713749328
518,546,1.23548365099
519,380,1.65371454399
520,314,1.41285150412
521,500,0.897689539286
522,521,1.291020352
523,523,0.625206777681
524,343,-1.30276200379
525,547,0.715978141737
526,501,1.28985918226
527,503,0.852295501419
528,415,1.3595521413
529,524,1.31040251994
530,473,-0.858927080218
531,368,1.01579747162
532,522,-1.13846159778
533,539,-1.05957531385
534,496,-1.37398722069
535,475,-1.36974463013
536,481,-0.777387410383
537,543,0.72041327733
538,528,1.37559153475
539,520,-0.873830573134
540,462,1.62895241892
541,463,-1.37071612263
542,464,-0.649891611367
543,465,-1.45500629241
544,467,1.20342945534
545,466,0.805997402657
546,468,-0.988520627845
547,489,1.2174164721
