,legislator,theta
0,39,-0.970151204863
1,530,-0.792389513439
2,40,-0.840873081882
3,375,-0.907044851086
4,0,-1.12660357799
5,1,-0.836256011471
6,43,-0.761407014353
7,414,-1.10270022176
8,47,-1.02360536766
9,48,-1.22931694163
10,49,-0.985063567898
11,50,-1.31402429485
12,52,-1.20386290601
13,53,-1.38092938809
14,529,-0.908985859878
15,59,-0.99588849424
16,61,-1.24671441855
17,439,-1.19142258048
18,63,-0.935883975765
19,412,-0.915420107954
20,5,-0.867630960465
21,65,-0.881124454049
22,66,-1.00170873525
23,67,-1.13942116369
24,70,-0.887394780155
25,6,-0.956755972497
26,7,-1.14443928267
27,537,-1.08012511694
28,71,-0.771276920608
29,76,-0.979454649728
30,77,-1.01097018856
31,79,-1.4039903812
32,80,-1.07098629324
33,54,-1.07439699851
34,88,-0.867921999067
35,90,-0.891903430223
36,406,-1.17213571558
37,435,-0.885993120619
38,91,-1.24670396037
39,391,-0.996337495874
40,386,-1.22951204733
41,428,-0.955123663909
42,98,-1.01859900444
43,99,-0.91754044748
44,102,-0.899536886502
45,422,-1.02295221149
46,409,-0.758924802543
47,109,-0.799262658259
48,110,-0.62953803839
49,403,-1.30114256139
50,111,-1.16558125576
51,113,-0.751053427994
52,117,-1.0241901126
53,118,-1.38734628353
54,119,-0.716656347509
55,122,-1.00949576713
56,125,-1.06467249248
57,127,-1.25268434247
58,128,-0.526369622556
59,130,-1.01079363636
60,131,-1.41029158924
61,132,-1.26292767302
62,133,-0.982421454265
63,134,-0.78518795818
64,135,-1.23146767669
65,136,-1.39467023615
66,137,-0.751983699139
67,140,-1.01259351385
68,141,-1.17509102656
69,12,-0.709772703424
70,142,-1.04396201683
71,143,-0.213275107156
72,13,-1.23848149169
73,144,-1.05324248724
74,145,-1.17680140887
75,146,-1.02677689887
76,147,-1.30915971986
77,148,-1.04122575154
78,151,-1.17800408605
79,150,-1.10816273169
80,14,-0.913178283113
81,154,-0.834258049657
82,55,-0.585417220651
83,156,-0.985573763974
84,15,-1.02013207454
85,158,-0.558470629197
86,159,-0.917473103192
87,160,-1.1778786657
88,161,-1.20220791024
89,16,-0.885293162322
90,163,-0.717288589081
91,165,-1.37556952173
92,166,-0.698899241815
93,426,-1.31938127183
94,423,-1.41423991113
95,174,-1.08913528045
96,175,-1.1046025249
97,176,-1.21529681026
98,177,-1.03864761695
99,178,-1.16354106667
100,181,-1.02959344371
101,183,-1.14645345914
102,184,-1.02183712925
103,188,-1.28413521505
104,189,-0.336060410839
105,190,-1.44123719179
106,438,-0.792178300777
107,193,-0.940678746405
108,196,-1.12755879411
109,195,-0.595615149755
110,18,-1.36984897628
111,197,-0.901657656858
112,199,-1.07808348066
113,200,-1.08468974079
114,388,-1.09701309333
115,201,-1.23493789177
116,202,-0.724141808378
117,204,-1.25787820283
118,19,-0.768959318357
119,207,-1.27587122869
120,214,-0.539497351819
121,217,-1.33705626025
122,219,-0.929027920698
123,220,-1.00418559491
124,222,-1.16283760916
125,225,-1.37252698495
126,226,-0.842310027835
127,378,-0.878183877713
128,230,-1.03802997316
129,232,-1.03129006064
130,236,-1.23066634623
131,23,-0.790830597102
132,237,-0.782770983716
133,238,-0.995791211727
134,425,-1.12562777494
135,240,-0.700620475121
136,413,-1.1120473592
137,242,-1.11723858554
138,245,-1.16840021616
139,244,-1.01162675607
140,25,-0.909944416684
141,440,-1.10835909061
142,248,-1.10601279314
143,251,-0.991776934846
144,256,-1.44951886823
145,257,-0.965221387345
146,259,-1.01479447778
147,260,-0.968583073707
148,56,-1.09745594766
149,261,-1.25087437577
150,262,-1.25414813746
151,29,1.23639896997
152,266,-1.033566659
153,267,-0.969496357162
154,441,-1.23389577639
155,30,-0.848691802025
156,424,-1.34669595857
157,273,-1.10340184097
158,274,-1.05725851409
159,276,-1.25740746763
160,278,-0.80199692598
161,280,-1.39577425447
162,534,-0.955548672164
163,283,-0.725219721666
164,284,-0.644080971164
165,286,-0.905307585007
166,287,-1.29273222105
167,444,-1.11964716229
168,289,-0.987588604979
169,290,-0.873558394466
170,291,-1.05101573215
171,293,-1.01860557799
172,292,-0.873191314586
173,32,-1.00750573062
174,294,-0.769063757843
175,295,-1.22594744856
176,296,-0.973137070794
177,298,-1.00991307058
178,299,-1.13375123877
179,442,-1.11146025145
180,301,-1.05319463849
181,33,-0.65429286355
182,305,-1.10843335679
183,381,-1.0689423064
184,310,-1.39992230047
185,57,-0.830522623204
186,315,-1.11017076467
187,316,-1.39119370567
188,320,-0.970390882727
189,322,-1.25152685802
190,326,-0.750221235516
191,327,-0.916083667903
192,328,-0.83734954571
193,332,-1.22365995099
194,333,-0.600525078976
195,334,-1.16927788041
196,35,-1.10279090344
197,452,-1.05684682159
198,336,-0.934573496702
199,41,-0.993303340782
200,337,-1.23116917156
201,36,-0.873368075069
202,341,-0.805929935055
203,342,-1.17752052771
204,344,-1.01837232791
205,345,-0.986438884397
206,349,-0.772696499798
207,350,-0.892913622129
208,393,-0.754066423076
209,421,-1.13736300486
210,355,-1.25763848697
211,356,-0.864981624004
212,411,-1.09511719392
213,446,-1.48305319592
214,360,-0.89300687822
215,436,-1.20914147091
216,362,-1.25074452987
217,60,-0.752794026765
218,449,-1.34577249493
219,363,-1.24719809109
220,365,-0.952943850481
221,42,-0.718739457587
222,366,-1.01765721285
223,367,-0.975952823886
224,370,-1.0856189404
225,402,-1.14129333086
226,371,-0.774645790236
227,531,-0.896130680991
228,372,-0.969419293968
229,536,1.0545770655
230,44,0.373103008587
231,2,0.241048419843
232,45,1.47368149359
233,437,1.29621993156
234,46,1.58161372661
235,390,0.769891643063
236,51,0.627043944314
237,3,1.14185933205
238,58,1.38520648729
239,376,1.4592141186
240,62,1.37312971
241,4,0.901603091257
242,64,1.18582494607
243,394,0.978117769993
244,410,0.727702297381
245,69,1.13834742009
246,72,1.29642494812
247,73,1.37402466675
248,395,1.12319474208
249,74,1.03896478669
250,75,1.14127276636
251,443,1.33729438461
252,448,1.16708200848
253,81,1.4492857778
254,82,1.57362571401
255,83,1.59564737878
256,84,1.33703099103
257,85,1.21336296278
258,86,1.11152937686
259,89,1.43228886882
260,92,1.09926198157
261,93,1.41908605327
262,94,0.736840835105
263,95,0.404441255537
264,96,1.17178062936
265,100,1.42623327518
266,101,0.429362178964
267,103,1.43778722392
268,105,1.29615582624
269,104,1.26167722367
270,106,1.12167323483
271,107,1.43180599106
272,417,1.0031396981
273,108,1.39705592368
274,377,1.01453335191
275,112,1.37016945279
276,10,1.23542264986
277,114,1.29205248072
278,116,1.19286994923
279,408,0.867136705193
280,120,1.47466614967
281,121,1.35606245516
282,123,1.25829599561
283,484,0.775833524041
284,124,1.23147245165
285,401,1.01757220763
286,126,1.24162571916
287,68,1.41989600117
288,382,0.852390718617
289,405,1.37563367847
290,138,1.2676324654
291,407,0.980295323879
292,487,0.603598603401
293,482,0.661965213323
294,383,1.19377467373
295,152,1.13768027416
296,153,0.673665333959
297,155,1.4921880685
298,157,1.23104711159
299,374,1.24329710054
300,472,1.33054335841
301,162,1.32800202533
302,455,1.1165972608
303,167,1.31926753709
304,168,0.932988411535
305,169,0.968127358165
306,17,1.39909439555
307,172,1.44142195901
308,485,1.06481083138
309,173,1.13704074362
310,389,1.41150178672
311,180,1.18691081999
312,182,1.18681214359
313,433,1.31992878495
314,186,1.35506524744
315,185,1.17766397583
316,191,1.10935334216
317,192,1.14261570673
318,457,1.40801507593
319,416,1.38402097252
320,419,1.43988513675
321,454,0.988520010348
322,194,1.03326250794
323,384,0.796862782891
324,430,0.965564758907
325,203,1.18757915924
326,205,1.19001668996
327,206,1.27037193815
328,209,1.58334590017
329,211,1.35020423743
330,212,1.61184792119
331,213,0.73284428011
332,215,0.845947141389
333,216,1.16621038316
334,398,1.56036612483
335,218,1.3655078763
336,431,1.06157850822
337,221,1.12325134363
338,223,1.11787805363
339,479,0.622004479453
340,434,0.638052535787
341,227,1.52718165724
342,20,0.106812643369
343,228,1.15287371335
344,21,0.912279057449
345,233,1.17930879356
346,234,1.36331477803
347,235,1.40607684345
348,22,0.231746182494
349,239,1.10225500856
350,241,1.37096127766
351,432,1.25270375853
352,24,1.06568216706
353,26,1.30921170442
354,246,1.37689212703
355,27,1.07837624091
356,404,0.596573023719
357,253,1.51068467799
358,254,1.33255674472
359,255,1.31746054973
360,480,1.23199685811
361,420,0.9532270588
362,447,1.04926667699
363,28,0.412528281893
364,263,1.46962407376
365,264,1.35776843589
366,379,1.49633078562
367,268,1.50190366692
368,269,0.867431675685
369,400,0.680459697034
370,270,0.8561984873
371,271,0.201299711499
372,272,1.41500466345
373,456,1.52939913246
374,275,0.820296149551
375,279,1.22544412643
376,281,1.18004046062
377,31,0.425948173338
378,282,1.31152944555
379,288,1.03048998169
380,300,1.41664573437
381,396,0.669114393599
382,303,0.997946306298
383,304,1.28386413116
384,306,1.0546007384
385,338,1.39966355441
386,308,0.961228508025
387,309,1.37109279415
388,311,1.59080619169
389,312,1.3486371182
390,483,0.786638128035
391,313,0.626110627655
392,34,1.33775818497
393,318,1.17737006298
394,317,0.987695675685
395,321,1.39138465945
396,323,0.946339431197
397,478,1.1393081687
398,325,1.16077408272
399,387,0.547704534653
400,329,1.15805800972
401,330,1.26325510347
402,331,1.15564201353
403,335,1.37882908955
404,392,1.10431706337
405,397,1.42460695864
406,340,1.28763383466
407,339,1.20438224638
408,37,1.27731629585
409,385,1.21877565646
410,346,1.40753291754
411,348,1.38582295067
412,351,1.41218016717
413,399,1.14114412879
414,450,1.11594170248
415,451,0.702343426839
416,352,1.35553443125
417,353,1.10426416976
418,357,0.833744369869
419,358,1.13909484725
420,359,1.37214569494
421,533,1.37258927116
422,38,1.50628089807
423,361,1.22728101108
424,364,1.53953759937
425,369,1.30014076276
426,139,1.00875977998
427,231,-1.1151254272
428,224,-1.04818652793
429,78,1.28513777392
430,229,1.2435877481
431,297,-0.659351313344
432,458,-0.867962439392
433,493,-1.50302641714
434,459,-1.34595474627
435,525,-0.389676190368
436,488,-0.998238266958
437,461,1.38340995455
438,97,-1.40991865944
439,445,-1.45964308524
440,129,-0.979938384202
441,8,-0.926924862508
442,373,-0.636433107014
443,187,-1.27392422541
444,210,-1.19930377879
445,265,-1.23005504
446,149,-1.67360164509
447,302,-1.02402062465
448,307,1.3709808068
449,319,-1.4402776823
450,164,-1.36292977811
451,324,-1.15784648549
452,347,-1.24048107002
453,354,-1.21482341866
454,460,-0.834590760561
455,208,-0.771194143979
456,510,1.2194232614
457,87,-1.3063898059
458,535,0.590152817572
459,538,0.605977848661
460,243,0.935193891337
461,277,1.06608541519
462,285,-0.945914634517
463,517,-0.863270334107
464,519,1.36399696566
465,9,1.19322128064
466,11,1.52682122156
467,515,1.35727351951
468,532,0.83250230246
469,115,0.887790547781
470,469,-0.703009976814
471,470,-0.252845545283
472,506,0.938034810515
473,490,-0.885106632336
474,471,-1.28711554547
475,476,0.558063284831
476,474,1.08924348512
477,477,-1.36759491674
478,499,0.965707171708
479,429,-1.16008913514
480,505,1.4658612885
481,179,1.50105177831
482,497,-1.13994402431
483,540,0.481486062467
484,541,1.04283722619
485,170,0.965575064079
486,427,0.578483739126
487,171,1.29212377514
488,502,-0.694463444257
489,486,-1.63077956133
490,504,-0.808752750759
491,492,-1.03579465415
492,542,1.03872267013
493,453,0.849129098183
494,526,0.569886767972
495,418,0.538176336733
496,198,-0.538853997556
497,508,0.998823754468
498,527,1.91331627932
499,509,1.23631793627
500,544,1.16023333529
501,507,0.310394322306
502,511,-0.712852642574
503,512,0.585480812952
504,491,-1.21124687501
505,258,1.47729533889
506,494,1.11702261276
507,247,1.22244181558
508,249,-1.05903486659
509,250,-0.300203850071
510,252,1.42820308477
511,513,1.13821369434
512,516,0.872642940058
513,514,-0.868668445373
514,545,0.328584479543
515,495,1.2998934344
516,518,0.594581120362
517,498,-1.61960617619
518,546,1.13218857095
519,380,1.23213050514
520,314,0.932707034698
521,500,0.919376784523
522,521,1.42520674508
523,523,0.499388699199
524,343,-1.34022087309
525,547,0.751413859373
526,501,1.22965783202
527,503,0.574010745544
528,415,1.22623741356
529,524,1.28645604514
530,473,-0.897129307684
531,368,0.923516790748
532,522,-0.877573429024
533,539,-0.943193571924
534,496,-1.0162935283
535,475,-1.35793685485
536,481,-0.776595813303
537,543,0.612865555035
538,528,1.14997853464
539,520,-0.77324265466
540,462,1.06969176925
541,463,-1.29730178381
542,464,-0.630494618679
543,465,-1.28506330593
544,467,1.86891466536
545,466,0.577651909971
546,468,-0.787212809023
547,489,0.909451189056
