,legislator,theta
0,39,-0.980193451112
1,530,-0.770745021887
2,40,-0.827017642251
3,375,-0.954108698923
4,0,-1.07779394846
5,1,-0.977791570419
6,43,-0.835553880624
7,414,-1.03752882483
8,47,-0.964547945622
9,48,-1.06139215227
10,49,-1.0713350188
11,50,-1.18244948418
12,52,-1.09754752155
13,53,-1.16461022501
14,529,-0.842815639931
15,59,-1.04398670039
16,61,-1.12016792261
17,439,-1.05887452898
18,63,-0.959907672284
19,412,-1.03932861055
20,5,-0.872217844669
21,65,-0.961368739274
22,66,-1.04012308025
23,67,-0.964474707473
24,70,-0.953660320543
25,6,-1.05736872579
26,7,-1.14549106661
27,537,-1.06198445623
28,71,-0.910512862339
29,76,-1.08500283654
30,77,-1.0287915072
31,79,-1.14586229434
32,80,-1.03569228068
33,54,-1.10342527103
34,88,-0.955038763133
35,90,-0.926151500319
36,406,-1.0019125177
37,435,-1.02281414447
38,91,-1.11633413056
39,391,-0.999153136613
40,386,-1.21893396814
41,428,-0.977501583162
42,98,-1.00595775577
43,99,-0.900610763272
44,102,-0.965690587392
45,422,-1.03779656822
46,409,-0.943247275108
47,109,-0.901014750692
48,110,-0.833190159502
49,403,-1.15699407453
50,111,-1.20884942016
51,113,-0.797995292438
52,117,-1.02578622202
53,118,-1.21158843662
54,119,-0.837336251121
55,122,-1.03078694801
56,125,-0.966496158362
57,127,-1.06020978891
58,128,-0.621801715215
59,130,-1.06642638346
60,131,-1.21063179076
61,132,-1.13534596408
62,133,-0.980461552186
63,134,-0.83278579185
64,135,-1.12390970112
65,136,-1.12523777876
66,137,-0.840793103223
67,140,-0.901761776396
68,141,-1.13450417137
69,12,-0.863910342566
70,142,-1.02174862278
71,143,-0.30743323072
72,13,-1.08520886525
73,144,-1.12790024735
74,145,-0.978375746631
75,146,-1.06892598356
76,147,-1.09637500666
77,148,-1.05956638749
78,151,-1.15111040577
79,150,-1.09243505075
80,14,-0.975840880398
81,154,-0.881986287075
82,55,-0.739915966462
83,156,-0.975827590744
84,15,-1.00001409922
85,158,-0.692231997477
86,159,-0.961827209915
87,160,-1.03616117539
88,161,-1.09051684111
89,16,-0.966447271367
90,163,-0.816180431727
91,165,-1.13275014969
92,166,-0.874334245532
93,426,-1.07147474197
94,423,-1.04462139001
95,174,-1.04735602283
96,175,-1.07339502872
97,176,-1.08458983536
98,177,-0.992192819715
99,178,-1.13982860858
100,181,-1.03226502554
101,183,-1.0934230311
102,184,-1.07070080436
103,188,-1.13948652241
104,189,-0.369528214656
105,190,-1.10631878752
106,438,-0.854032703675
107,193,-0.997190866172
108,196,-1.05595896123
109,195,-0.805482158931
110,18,-1.14949416573
111,197,-0.874775502149
112,199,-0.997112587752
113,200,-1.03880459401
114,388,-1.06231346985
115,201,-1.10336866108
116,202,-0.85761573365
117,204,-1.0779543422
118,19,-0.882644576278
119,207,-1.11800151404
120,214,-0.649995838899
121,217,-1.09902124986
122,219,-1.02370927487
123,220,-1.01643557176
124,222,-0.994222781106
125,225,-1.16886938615
126,226,-1.01147118133
127,378,-0.789537361816
128,230,-1.01383983534
129,232,-1.05298048465
130,236,-1.02888979179
131,23,-0.897652156479
132,237,-0.989421581334
133,238,-1.08346509388
134,425,-1.09636239826
135,240,-0.807481885824
136,413,-1.16072639973
137,242,-1.02045046249
138,245,-1.04506434816
139,244,-1.03291844031
140,25,-0.944845244667
141,440,-1.12571134046
142,248,-1.0590267854
143,251,-1.07676310569
144,256,-1.18264492911
145,257,-1.00954761881
146,259,-1.03209344558
147,260,-1.07983258475
148,56,-1.02701019583
149,261,-1.07918163966
150,262,-1.04390773149
151,29,1.22933740999
152,266,-1.0306611904
153,267,-0.997180085357
154,441,-1.07951340297
155,30,-0.950710364116
156,424,-1.17638626465
157,273,-1.14674487069
158,274,-1.09028747607
159,276,-1.22571942144
160,278,-0.863967745299
161,280,-1.09981708883
162,534,-1.14010494036
163,283,-0.845222267195
164,284,-0.766180883954
165,286,-1.0736032621
166,287,-1.03673939501
167,444,-0.974217360554
168,289,-0.974304903451
169,290,-0.97496401026
170,291,-1.08086343392
171,293,-1.09764361037
172,292,-0.87142249772
173,32,-1.0324091513
174,294,-0.94414104313
175,295,-1.09411425709
176,296,-1.00255627205
177,298,-1.01019530888
178,299,-1.06059986364
179,442,-1.02462074703
180,301,-1.13145163567
181,33,-0.809355143822
182,305,-1.06225773944
183,381,-1.03137197897
184,310,-1.07259955288
185,57,-0.928420721378
186,315,-1.09345635353
187,316,-1.06731105111
188,320,-1.04702929898
189,322,-1.11116918578
190,326,-0.862809571657
191,327,-0.987529327418
192,328,-0.951167114656
193,332,-1.09701133346
194,333,-0.775516279576
195,334,-1.05987998835
196,35,-1.1554512565
197,452,-1.05398598748
198,336,-0.941409005229
199,41,-0.923998404351
200,337,-1.10146649344
201,36,-0.987597889079
202,341,-0.905157207113
203,342,-1.16441302371
204,344,-0.964903663489
205,345,-0.947334429377
206,349,-0.848609848467
207,350,-0.969428151594
208,393,-0.902034961581
209,421,-1.12986613216
210,355,-1.15372284825
211,356,-0.967884694141
212,411,-1.03342186837
213,446,-1.10775769512
214,360,-1.03295627504
215,436,-1.11525221323
216,362,-1.13525319098
217,60,-0.891961485496
218,449,-1.13252567456
219,363,-1.18951773687
220,365,-1.16398011787
221,42,-0.858113158738
222,366,-1.00206837801
223,367,-1.1036623546
224,370,-1.04165514666
225,402,-1.10387210684
226,371,-0.844305323969
227,531,-0.976810314985
228,372,-1.04297431671
229,536,1.17198332396
230,44,0.506693684903
231,2,0.217126289198
232,45,1.28561460409
233,437,1.23720485521
234,46,1.26038399365
235,390,0.901313267892
236,51,0.784134955093
237,3,1.12747578967
238,58,1.18868193539
239,376,1.27020670534
240,62,1.24810896048
241,4,1.02687907284
242,64,1.16035955574
243,394,0.961213446361
244,410,0.84745505975
245,69,1.16953798056
246,72,1.22860360429
247,73,1.27366249532
248,395,1.11471024233
249,74,1.16423824353
250,75,1.17321658208
251,443,1.19060493731
252,448,1.09109895871
253,81,1.25479078384
254,82,1.32514853048
255,83,1.13846607055
256,84,1.27721055228
257,85,1.25292645129
258,86,1.1597428836
259,89,1.23402716133
260,92,1.11020678653
261,93,1.31486339086
262,94,0.900797373468
263,95,0.456844454921
264,96,1.14374148592
265,100,1.22747652998
266,101,0.578951466411
267,103,1.35564292363
268,105,1.2606364352
269,104,1.2376380232
270,106,1.17841465819
271,107,1.33008462732
272,417,1.05122805555
273,108,1.18491405922
274,377,1.08453823586
275,112,1.25453236405
276,10,1.06150087006
277,114,1.18159169374
278,116,1.20364468432
279,408,1.09249109517
280,120,1.27806703264
281,121,1.26812628263
282,123,1.27128459693
283,484,0.837344799515
284,124,1.31578950947
285,401,1.08454572818
286,126,1.23589281091
287,68,1.15071534871
288,382,0.905331286359
289,405,1.24180783858
290,138,1.27221409145
291,407,1.07328945286
292,487,0.577734282136
293,482,0.807855390875
294,383,1.25998290887
295,152,1.12279437904
296,153,0.770532473775
297,155,1.19145885969
298,157,1.21751819089
299,374,1.28702242216
300,472,1.18697123701
301,162,1.29433308592
302,455,1.1903658774
303,167,1.18933132501
304,168,1.12382632886
305,169,1.07437638052
306,17,1.28818488952
307,172,1.26450875749
308,485,1.13324533979
309,173,1.11859131453
310,389,1.25474858254
311,180,1.14650607298
312,182,1.17214706111
313,433,1.25825927795
314,186,1.15485185408
315,185,1.14522666537
316,191,1.2107157206
317,192,1.13431046082
318,457,1.24345337481
319,416,1.30083642248
320,419,1.29355408768
321,454,1.09477507528
322,194,1.06255959488
323,384,0.921273802758
324,430,1.12066923169
325,203,1.11794155229
326,205,1.10902800262
327,206,1.17428092649
328,209,1.27590412873
329,211,1.24480606395
330,212,1.31902215204
331,213,0.799680138268
332,215,0.937306545124
333,216,1.21087360683
334,398,1.38790098692
335,218,1.21284217438
336,431,1.06898089309
337,221,1.08881840903
338,223,1.14039637882
339,479,0.740428569552
340,434,0.81844335962
341,227,1.12957092767
342,20,0.178201938282
343,228,1.26172450273
344,21,1.04954938941
345,233,1.18840186537
346,234,1.19384689151
347,235,1.21672583272
348,22,0.24468691485
349,239,1.0991329732
350,241,1.15297526187
351,432,1.29675519039
352,24,1.20098659432
353,26,1.19781611041
354,246,1.30490105772
355,27,1.09150290809
356,404,0.67600414564
357,253,1.33214586004
358,254,1.27363202005
359,255,1.31731796334
360,480,1.20559124404
361,420,1.12807308252
362,447,1.14672494309
363,28,0.529227386994
364,263,1.42313735024
365,264,1.31913846599
366,379,1.22402998257
367,268,1.33108901349
368,269,0.973411321192
369,400,0.865521412922
370,270,0.896493001485
371,271,0.211990351581
372,272,1.23941070881
373,456,1.21504133193
374,275,0.997262201506
375,279,1.22748065112
376,281,1.23979422934
377,31,0.478218268739
378,282,1.22522552851
379,288,1.13135853768
380,300,1.22329510506
381,396,0.799405140899
382,303,1.01782470711
383,304,1.24571408159
384,306,1.07774920375
385,338,1.26130350306
386,308,1.08887608351
387,309,1.30916511275
388,311,1.3537689636
389,312,1.30473085893
390,483,0.929801283029
391,313,0.725486288246
392,34,1.23753724406
393,318,1.21256193989
394,317,1.06776797315
395,321,1.26623116591
396,323,1.12556397555
397,478,1.13511301343
398,325,1.13582742792
399,387,0.555232062364
400,329,1.22093213059
401,330,1.25599664872
402,331,1.2364037005
403,335,1.28598356886
404,392,1.15742036835
405,397,1.29202379004
406,340,1.15885780074
407,339,1.10366483977
408,37,1.18205838628
409,385,1.20700012944
410,346,1.23804906497
411,348,1.25216797169
412,351,1.24826820097
413,399,1.09970250897
414,450,1.0677277648
415,451,0.793083602878
416,352,1.28637734759
417,353,1.15320226872
418,357,0.957410262563
419,358,1.13926300974
420,359,1.26986150638
421,533,1.21086900792
422,38,1.25183858631
423,361,1.2015234999
424,364,1.32626998895
425,369,1.3554291855
426,139,1.0308662319
427,231,-1.15632225656
428,224,-1.04502377003
429,78,1.2794460729
430,229,1.24738257411
431,297,-0.799851989829
432,458,-0.898505816148
433,493,-0.764922049842
434,459,-1.20084287483
435,525,-0.577534332087
436,488,-1.00119527465
437,461,1.22406096617
438,97,-1.17584475994
439,445,-1.13631797649
440,129,-0.831388539827
441,8,-0.867916029613
442,373,-0.807648769115
443,187,-1.07746050533
444,210,-1.00545772901
445,265,-0.974867997056
446,149,-1.17747931272
447,302,-1.03132499783
448,307,0.992459533434
449,319,-1.12497363308
450,164,-1.27822523146
451,324,-1.01940548588
452,347,-1.13326670034
453,354,-0.911633281429
454,460,-0.961636451382
455,208,-0.807507654167
456,510,0.88777390944
457,87,-1.26463016551
458,535,0.675540600145
459,538,0.68534473298
460,243,0.857660101311
461,277,0.954296275204
462,285,-0.777065692708
463,517,-0.944029282977
464,519,1.11197672467
465,9,1.09736877502
466,11,1.21910549097
467,515,1.17024288828
468,532,0.982621159642
469,115,0.826404940747
470,469,-0.85319159238
471,470,-0.223769237621
472,506,1.12911446946
473,490,-0.814539218923
474,471,-1.23005411952
475,476,0.474986120959
476,474,1.13090199047
477,477,-1.18150978506
478,499,1.0133083784
479,429,-1.38437821987
480,505,1.01193161094
481,179,0.970745642722
482,497,-1.20728661072
483,540,0.517960125873
484,541,0.924343871532
485,170,0.85809403247
486,427,0.654712850806
487,171,1.13155168237
488,502,-0.811602521233
489,486,-1.32723337992
490,504,-0.8504830614
491,492,-0.964425652326
492,542,0.826911351143
493,453,0.821591556496
494,526,-0.430667115507
495,418,0.722192551828
496,198,-0.542517476812
497,508,1.01835299926
498,527,0.709523705033
499,509,1.0956842579
500,544,1.05824180815
501,507,0.248757896225
502,511,-0.638819424416
503,512,0.625058762722
504,491,-1.19173286422
505,258,1.06994796815
506,494,1.09265711136
507,247,0.963833661163
508,249,-1.06040827299
509,250,-0.241508332378
510,252,1.1200405524
511,513,0.932134950812
512,516,0.777505887669
513,514,-0.855115194045
514,545,0.478680603925
515,495,1.16971067502
516,518,0.622125250487
517,498,-1.18175845357
518,546,0.93469495882
519,380,0.946973622978
520,314,0.948225744433
521,500,0.839588073457
522,521,1.12068233893
523,523,0.858066256337
524,343,-1.12013967502
525,547,0.92381057395
526,501,0.959494429046
527,503,0.730669987421
528,415,1.09110438689
529,524,0.875800492436
530,473,-0.858258276594
531,368,1.08939738059
532,522,-1.22349226409
533,539,-0.837237825168
534,496,-0.969798930587
535,475,-1.16426391804
536,481,-0.843876132084
537,543,0.557939412537
538,528,0.996758882614
539,520,-0.681436020114
540,462,0.991915029061
541,463,-1.11850154014
542,464,-0.760012119459
543,465,-1.17574630681
544,467,1.09686095442
545,466,1.03831806509
546,468,-1.00132312078
547,489,0.743705298871
