,legislator,theta
0,39,-0.900563817271
1,530,-0.851152362827
2,40,-0.824657165983
3,375,-0.910112621154
4,0,-1.06677735909
5,1,-0.799731052105
6,43,-0.774100127094
7,414,-0.966598100395
8,47,-0.887298785251
9,48,-1.20747896071
10,49,-1.08260407303
11,50,-1.35065581286
12,52,-1.36642637135
13,53,-1.29996484267
14,529,-0.927110544978
15,59,-1.0227246266
16,61,-1.21099923865
17,439,-1.38404857251
18,63,-1.04243952662
19,412,-0.985503243003
20,5,-0.822513319834
21,65,-0.961254295864
22,66,-1.05179366226
23,67,-1.08142791539
24,70,-0.830066514579
25,6,-0.952373859351
26,7,-1.08453911489
27,537,-1.10309752081
28,71,-0.785657027225
29,76,-1.09180520793
30,77,-1.04459072713
31,79,-1.23038832997
32,80,-1.21130456418
33,54,-1.12163377292
34,88,-0.852651624091
35,90,-0.748112363743
36,406,-1.37943596831
37,435,-0.978153939786
38,91,-1.41515373531
39,391,-1.03980053094
40,386,-1.42406623057
41,428,-0.906623045205
42,98,-0.990830313319
43,99,-0.78886175332
44,102,-0.960017269094
45,422,-1.05504617144
46,409,-0.787459538814
47,109,-0.752522709784
48,110,-0.720669606787
49,403,-1.35942262993
50,111,-1.32435286782
51,113,-0.69859026875
52,117,-1.10670724026
53,118,-1.69434893267
54,119,-0.696748690798
55,122,-0.993140598842
56,125,-1.08439131251
57,127,-1.23364284871
58,128,-0.489892465054
59,130,-1.18258788758
60,131,-1.54889013519
61,132,-1.42171056563
62,133,-0.956052687969
63,134,-0.734976968448
64,135,-1.3482432916
65,136,-1.44234772859
66,137,-0.683781652275
67,140,-0.909657389199
68,141,-1.21740299055
69,12,-0.720546353911
70,142,-1.09535650236
71,143,-0.225373764101
72,13,-1.24738695267
73,144,-1.12841205676
74,145,-1.24384377707
75,146,-1.0178754834
76,147,-1.3614694018
77,148,-1.16079499926
78,151,-1.37323517743
79,150,-1.13933330885
80,14,-0.987175484042
81,154,-0.887615503468
82,55,-0.593510912597
83,156,-1.03880678425
84,15,-0.968049608969
85,158,-0.586560246026
86,159,-0.940263171144
87,160,-1.30231388616
88,161,-1.10363488263
89,16,-0.850171964376
90,163,-0.676101878926
91,165,-1.4806757369
92,166,-0.731511838966
93,426,-1.5440219467
94,423,-1.50301728824
95,174,-1.10354782296
96,175,-1.41174742499
97,176,-1.33202392831
98,177,-1.14408091613
99,178,-1.29510496884
100,181,-1.12463118085
101,183,-1.24452753892
102,184,-1.17014700525
103,188,-1.40371491136
104,189,-0.303161549102
105,190,-1.35679323563
106,438,-0.666268966363
107,193,-0.924345287641
108,196,-1.11605574426
109,195,-0.557796505909
110,18,-1.42192911917
111,197,-0.758011285517
112,199,-0.998197091481
113,200,-1.13226619708
114,388,-1.30647890477
115,201,-1.43332201891
116,202,-0.754137332088
117,204,-1.2622434719
118,19,-0.775778864122
119,207,-1.3500339359
120,214,-0.56411666655
121,217,-1.21075371655
122,219,-0.811134283983
123,220,-1.0863275591
124,222,-1.06761633846
125,225,-1.47169152733
126,226,-0.853529009782
127,378,-0.84490641569
128,230,-0.935148402229
129,232,-1.21496064518
130,236,-1.22535858392
131,23,-0.880299311479
132,237,-0.705909637089
133,238,-0.951822015281
134,425,-1.31944185512
135,240,-0.703015463601
136,413,-1.32370023367
137,242,-1.16975076449
138,245,-1.19237371438
139,244,-1.00923174018
140,25,-0.803716388128
141,440,-1.19065039291
142,248,-1.23750730756
143,251,-0.802367801204
144,256,-1.41515931806
145,257,-0.94288222402
146,259,-1.02446621449
147,260,-0.966628856492
148,56,-1.09461586724
149,261,-1.278531067
150,262,-1.38403103857
151,29,1.21304375452
152,266,-0.916835886116
153,267,-1.04167463769
154,441,-1.14813016794
155,30,-0.907499986837
156,424,-1.4017961367
157,273,-1.230720569
158,274,-1.12722829264
159,276,-1.57557717163
160,278,-0.891803046672
161,280,-1.45109143745
162,534,-1.10731380886
163,283,-0.702883477029
164,284,-0.668203308577
165,286,-0.888629277187
166,287,-1.31923614635
167,444,-1.17640018151
168,289,-0.886447852523
169,290,-0.919669956182
170,291,-1.00955877455
171,293,-1.05995043275
172,292,-0.910710458626
173,32,-1.0401094385
174,294,-0.864005246192
175,295,-1.37889426273
176,296,-0.912875618302
177,298,-1.03279002103
178,299,-1.06985784562
179,442,-1.03991525398
180,301,-1.23314963297
181,33,-0.563839272309
182,305,-1.24077248063
183,381,-1.20718186817
184,310,-1.49186088098
185,57,-0.811407085958
186,315,-1.28999148732
187,316,-1.19361007052
188,320,-1.03973432899
189,322,-1.3805451173
190,326,-0.797370966373
191,327,-1.08601313247
192,328,-0.809289761891
193,332,-1.29273846484
194,333,-0.621373778167
195,334,-1.25269120917
196,35,-1.05003512988
197,452,-1.04325156174
198,336,-0.878773144573
199,41,-0.937971651243
200,337,-1.41480287958
201,36,-0.949159311294
202,341,-0.706783714329
203,342,-1.3551203378
204,344,-0.932785906874
205,345,-0.975167410018
206,349,-0.765663045555
207,350,-0.823414086322
208,393,-0.757003103092
209,421,-1.18286745622
210,355,-1.3486290944
211,356,-0.893064396794
212,411,-0.998468129471
213,446,-1.76698005704
214,360,-0.955193496247
215,436,-1.32924733819
216,362,-1.42364107754
217,60,-0.915218983598
218,449,-1.54914463646
219,363,-1.36068349369
220,365,-1.09106788723
221,42,-0.663722312237
222,366,-0.866179950004
223,367,-1.21028156706
224,370,-1.18751670149
225,402,-1.24289484085
226,371,-0.645666401199
227,531,-0.893657146572
228,372,-1.01035414128
229,536,1.03370245537
230,44,0.41392408385
231,2,0.228317776007
232,45,1.5034333075
233,437,1.4037876721
234,46,1.5881040775
235,390,0.79616676558
236,51,0.605344411204
237,3,1.17667494353
238,58,1.40708208109
239,376,1.61753287215
240,62,1.36834618851
241,4,0.90857423038
242,64,1.18207513368
243,394,0.955920375821
244,410,0.751726288522
245,69,1.14244280169
246,72,1.28947221626
247,73,1.41763139686
248,395,1.08086287352
249,74,1.03842423927
250,75,1.23695688105
251,443,1.38502562716
252,448,1.35308950115
253,81,1.47259440646
254,82,1.55034294644
255,83,1.49350249721
256,84,1.33840842157
257,85,1.2000450325
258,86,1.07019765326
259,89,1.39894932691
260,92,1.12733588973
261,93,1.69386448028
262,94,0.760187666435
263,95,0.40288432055
264,96,1.12256941709
265,100,1.29536334297
266,101,0.433544402182
267,103,1.46230475286
268,105,1.37924849739
269,104,1.47189109421
270,106,1.08868601627
271,107,1.55911440704
272,417,1.03809572158
273,108,1.36332191094
274,377,0.907170536451
275,112,1.39194012987
276,10,1.15407988183
277,114,1.24682369311
278,116,1.38612570654
279,408,0.87706016272
280,120,1.52732462578
281,121,1.51403477428
282,123,1.25705482951
283,484,0.767648813867
284,124,1.48215823632
285,401,1.12032907022
286,126,1.42224711799
287,68,1.38583558946
288,382,0.831962395537
289,405,1.41713820862
290,138,1.38016056234
291,407,1.00232246951
292,487,0.518242060153
293,482,0.689696349709
294,383,1.26931887605
295,152,1.12661780102
296,153,0.679720837622
297,155,1.48724860747
298,157,1.43966991835
299,374,1.34984179764
300,472,1.25039863215
301,162,1.37175583006
302,455,1.20592094733
303,167,1.36916623453
304,168,1.0416377811
305,169,0.96946433385
306,17,1.48641525741
307,172,1.64452632905
308,485,1.214454072
309,173,1.24435405989
310,389,1.51765382542
311,180,1.09699415119
312,182,1.16772024288
313,433,1.45877364438
314,186,1.37837386625
315,185,1.28283171811
316,191,1.16077221013
317,192,1.1817187357
318,457,1.29588380063
319,416,1.51358240888
320,419,1.34796626091
321,454,1.0812602296
322,194,1.0547198569
323,384,0.771640724473
324,430,0.984820862029
325,203,1.32287163836
326,205,1.08418846117
327,206,1.28721184141
328,209,1.63710170174
329,211,1.34302079298
330,212,1.63880398564
331,213,0.644909744609
332,215,0.881612806668
333,216,1.20358979151
334,398,1.77352226171
335,218,1.39558001121
336,431,0.951213440296
337,221,1.10039116266
338,223,1.1141584432
339,479,0.555096372175
340,434,0.657086189453
341,227,1.630662941
342,20,0.165589304851
343,228,1.45395528284
344,21,0.967840678335
345,233,1.19664073674
346,234,1.50430978393
347,235,1.51758493868
348,22,0.190658952643
349,239,0.976715598014
350,241,1.29778947488
351,432,1.27024092239
352,24,1.07279119934
353,26,1.41324558691
354,246,1.52121232303
355,27,1.11360867298
356,404,0.550356185827
357,253,1.71509963077
358,254,1.66197343471
359,255,1.61445040748
360,480,1.2644085172
361,420,1.03341465455
362,447,1.25730510367
363,28,0.437843084453
364,263,1.82794173508
365,264,1.47183581474
366,379,1.53711364106
367,268,1.49853366724
368,269,0.908736344879
369,400,0.637971134916
370,270,0.790219230241
371,271,0.192862277368
372,272,1.39733682952
373,456,1.79311835118
374,275,0.867955528217
375,279,1.28204579655
376,281,1.38460465217
377,31,0.393774559835
378,282,1.31099355153
379,288,0.971804198242
380,300,1.49627313519
381,396,0.681855221349
382,303,1.02661704173
383,304,1.37448036509
384,306,1.097969794
385,338,1.40265225179
386,308,1.00059074564
387,309,1.43267478844
388,311,1.80372873253
389,312,1.37777222234
390,483,0.775509692619
391,313,0.614015183018
392,34,1.24689121103
393,318,1.31144707417
394,317,0.943834487086
395,321,1.71760327731
396,323,0.923700035946
397,478,1.11314443524
398,325,1.19402426687
399,387,0.497506988539
400,329,1.40479839184
401,330,1.377322597
402,331,1.17562480663
403,335,1.59105755721
404,392,1.13404801898
405,397,1.44023825721
406,340,1.28566060007
407,339,1.28183418463
408,37,1.3769158837
409,385,1.27600354262
410,346,1.50704492923
411,348,1.43289305967
412,351,1.60356188463
413,399,1.18854579184
414,450,1.02528113903
415,451,0.658538627704
416,352,1.59495385463
417,353,1.19727090154
418,357,0.805380362035
419,358,1.24553310581
420,359,1.3453062501
421,533,1.59905727451
422,38,1.60698308937
423,361,1.36272440662
424,364,1.63115313366
425,369,1.37817657246
426,139,0.887498516285
427,231,-1.18596676882
428,224,-1.0923255823
429,78,1.41103530485
430,229,1.16849003922
431,297,-0.72327129591
432,458,-0.863933779894
433,493,-1.01755954209
434,459,-1.37352051538
435,525,-0.51277904467
436,488,-0.873127347597
437,461,1.52504604167
438,97,-1.49237226746
439,445,-1.99794251417
440,129,-0.821942976957
441,8,-1.03891910869
442,373,-0.868918408208
443,187,-1.69414328035
444,210,-1.47930856317
445,265,-1.38428047122
446,149,-2.00842307892
447,302,-1.14926073885
448,307,1.50037310517
449,319,-1.7859790344
450,164,-1.58591433684
451,324,-1.33580332247
452,347,-1.3714587133
453,354,-1.22694925803
454,460,-0.924101621988
455,208,-0.814064077719
456,510,1.39821561566
457,87,-1.73885177253
458,535,0.560992263791
459,538,0.740730963555
460,243,0.969504278184
461,277,1.66813491916
462,285,-1.07738317007
463,517,-1.1171181165
464,519,1.4874013549
465,9,1.34826517952
466,11,1.46771574387
467,515,1.14936908852
468,532,1.03383971659
469,115,0.908690184476
470,469,-0.906420136139
471,470,-0.225263521351
472,506,1.30295988656
473,490,-1.01194215703
474,471,-1.46483128639
475,476,0.524341278127
476,474,1.4476745802
477,477,-1.57674475082
478,499,1.12532993942
479,429,-1.56593225052
480,505,1.46035557509
481,179,1.6443189653
482,497,-1.57705083321
483,540,0.397646257154
484,541,1.03367168364
485,170,1.09184451656
486,427,0.530419139581
487,171,1.57508993366
488,502,-0.86662701979
489,486,-1.8600952285
490,504,-1.08836478442
491,492,-1.04192647071
492,542,1.25979660933
493,453,0.875542785229
494,526,0.380062475641
495,418,0.73922579301
496,198,-0.483359581327
497,508,0.992015037328
498,527,1.95562094235
499,509,1.34657828628
500,544,1.60944148647
501,507,0.185227875751
502,511,-0.77972222852
503,512,0.615370912655
504,491,-1.15393427091
505,258,1.69721057828
506,494,1.13502094899
507,247,1.59814541435
508,249,-1.33952376779
509,250,-0.289953323865
510,252,1.7502693043
511,513,1.35614812385
512,516,1.22376643919
513,514,-1.00474430193
514,545,0.41187836166
515,495,1.90372050955
516,518,0.704649710274
517,498,-1.94764873276
518,546,1.28209883125
519,380,1.56622338586
520,314,1.55774338322
521,500,0.814498086498
522,521,1.45035379141
523,523,0.737375279201
524,343,-1.45264632886
525,547,0.815435559351
526,501,1.34832013762
527,503,0.825461305395
528,415,1.55891378866
529,524,1.67296953397
530,473,-0.981362424617
531,368,1.22461008874
532,522,-1.30536152061
533,539,-1.10783520706
534,496,-1.16240196387
535,475,-1.71261755999
536,481,-0.811109774583
537,543,0.714122438392
538,528,1.12146059135
539,520,-0.844039823935
540,462,1.60589576605
541,463,-1.41005540612
542,464,-0.612177901327
543,465,-1.36601776008
544,467,0.963932372902
545,466,1.03774296515
546,468,-0.561309085566
547,489,1.30743027065
