,legislator,theta
0,39,-0.979630398826
1,530,-0.762797528251
2,40,-0.821453020705
3,375,-0.927458099613
4,0,-1.13979132682
5,1,-0.800754164447
6,43,-0.810724451017
7,414,-1.03213449979
8,47,-0.908140207516
9,48,-1.20125595427
10,49,-1.20490558282
11,50,-1.25424108878
12,52,-1.37605374671
13,53,-1.33250192578
14,529,-0.809444591382
15,59,-1.08422425149
16,61,-1.29209965816
17,439,-1.45505520721
18,63,-1.07094300022
19,412,-0.979577578015
20,5,-0.755859885669
21,65,-0.931788952254
22,66,-1.01201829994
23,67,-1.28362024386
24,70,-0.887044477602
25,6,-0.975238998076
26,7,-0.928666767743
27,537,-1.00687146839
28,71,-0.809687587822
29,76,-1.02698360183
30,77,-1.06649353497
31,79,-1.40950126762
32,80,-1.27586240415
33,54,-1.08881066164
34,88,-0.8878934882
35,90,-0.845347129518
36,406,-1.39341103606
37,435,-1.05247665162
38,91,-1.26383661924
39,391,-1.05980293605
40,386,-1.32352392474
41,428,-0.958792847999
42,98,-0.842862814763
43,99,-0.831365277028
44,102,-1.01330436363
45,422,-1.11283435695
46,409,-0.83303843593
47,109,-0.753532469372
48,110,-0.64343508649
49,403,-1.37976226507
50,111,-1.27548407787
51,113,-0.65628532467
52,117,-1.16872121649
53,118,-1.67177779324
54,119,-0.659072707705
55,122,-0.966749657845
56,125,-1.08653060629
57,127,-1.26977338735
58,128,-0.516646389594
59,130,-1.18240335144
60,131,-1.5120257132
61,132,-1.3824730307
62,133,-0.9782096865
63,134,-0.706625761865
64,135,-1.36496457296
65,136,-1.5769758
66,137,-0.693478451657
67,140,-0.99918596735
68,141,-1.21880794013
69,12,-0.730026013278
70,142,-1.12497174037
71,143,-0.184130401973
72,13,-1.17579231013
73,144,-1.13287053821
74,145,-1.23366985566
75,146,-1.09021518588
76,147,-1.43938116856
77,148,-1.10013508766
78,151,-1.48879006106
79,150,-1.13612242417
80,14,-0.99847072234
81,154,-0.869847725145
82,55,-0.606427316006
83,156,-1.13315546621
84,15,-1.18875507489
85,158,-0.583289722839
86,159,-0.931223941835
87,160,-1.23605725153
88,161,-1.03643936406
89,16,-0.896834260508
90,163,-0.641833028852
91,165,-1.43349143639
92,166,-0.702850568923
93,426,-1.58353486142
94,423,-1.53674004858
95,174,-1.14893856005
96,175,-1.39075644395
97,176,-1.21924932342
98,177,-1.07149330038
99,178,-1.22237494221
100,181,-1.14638310207
101,183,-1.27329959515
102,184,-1.13924527781
103,188,-1.32958571429
104,189,-0.288227007578
105,190,-1.39774392466
106,438,-0.719600077838
107,193,-0.963698031086
108,196,-1.23025729318
109,195,-0.523363674048
110,18,-1.51107156668
111,197,-0.778105863586
112,199,-1.08756418467
113,200,-1.23281244672
114,388,-1.25124432438
115,201,-1.49778205072
116,202,-0.827156067345
117,204,-1.36225217003
118,19,-0.713392532383
119,207,-1.28403372327
120,214,-0.527104677946
121,217,-1.41241778315
122,219,-0.883291820227
123,220,-1.07561111364
124,222,-1.05864610023
125,225,-1.48722686877
126,226,-0.83494592571
127,378,-0.800824254612
128,230,-1.12203438986
129,232,-1.17410628126
130,236,-1.34763494874
131,23,-0.840575253229
132,237,-0.801328509988
133,238,-0.950894816152
134,425,-1.40846881604
135,240,-0.702382470146
136,413,-1.20266682085
137,242,-0.987071755569
138,245,-1.32261601062
139,244,-1.09342959896
140,25,-0.810568510509
141,440,-1.40066754752
142,248,-1.30024595514
143,251,-0.932718611338
144,256,-1.49478064497
145,257,-0.965232068804
146,259,-0.992525567274
147,260,-0.89909250405
148,56,-0.998432430412
149,261,-1.38519501316
150,262,-1.42313309307
151,29,1.18944470085
152,266,-0.950979374903
153,267,-0.994137979577
154,441,-1.29031754755
155,30,-0.824424759738
156,424,-1.48791647205
157,273,-1.19215195643
158,274,-1.1578027499
159,276,-1.75757629133
160,278,-0.864460414419
161,280,-1.54003809458
162,534,-1.18261452814
163,283,-0.786707345616
164,284,-0.635471495283
165,286,-0.927878820558
166,287,-1.49714105047
167,444,-1.23827265107
168,289,-0.95969984552
169,290,-0.867747904512
170,291,-1.13346876341
171,293,-1.04416299475
172,292,-0.762306297496
173,32,-0.949719264881
174,294,-0.823602303503
175,295,-1.43662254635
176,296,-0.955377962611
177,298,-0.960212455048
178,299,-1.22574727508
179,442,-1.08878831662
180,301,-1.2381569526
181,33,-0.536680438587
182,305,-1.24597060792
183,381,-1.32290056575
184,310,-1.44810923398
185,57,-0.848384675527
186,315,-1.3157601152
187,316,-1.31342540088
188,320,-1.11417076706
189,322,-1.34908686528
190,326,-0.771691604294
191,327,-0.96514384599
192,328,-0.832114056706
193,332,-1.19702894551
194,333,-0.571010086546
195,334,-1.23156998868
196,35,-1.21185409212
197,452,-0.967972751224
198,336,-0.92046711311
199,41,-0.944320329657
200,337,-1.44509674523
201,36,-0.910428986883
202,341,-0.777466634056
203,342,-1.38975710282
204,344,-0.987318116179
205,345,-1.04765445159
206,349,-0.803544318131
207,350,-0.86482263156
208,393,-0.767629981639
209,421,-1.18560408221
210,355,-1.38685474864
211,356,-0.939431034907
212,411,-1.03034597075
213,446,-1.79339416893
214,360,-0.972943069902
215,436,-1.37127281252
216,362,-1.33803380156
217,60,-0.822628445635
218,449,-1.58867736924
219,363,-1.36596728955
220,365,-1.07454491161
221,42,-0.72930296623
222,366,-0.954847524883
223,367,-1.23662566998
224,370,-1.29021067505
225,402,-1.22863027668
226,371,-0.681419082377
227,531,-1.08201174059
228,372,-1.09073590732
229,536,1.16454474144
230,44,0.432779706719
231,2,0.24613426868
232,45,1.59278676495
233,437,1.51626597606
234,46,1.59064832606
235,390,0.735090622144
236,51,0.56926718282
237,3,1.06226309034
238,58,1.41008930513
239,376,1.6749712656
240,62,1.46669047375
241,4,0.860945299758
242,64,1.19215879096
243,394,0.953500349555
244,410,0.680663863455
245,69,1.1856027478
246,72,1.22303954809
247,73,1.33154994473
248,395,1.11658541227
249,74,0.955019975672
250,75,1.17336034737
251,443,1.27119379798
252,448,1.08839706358
253,81,1.68710438419
254,82,1.55059256209
255,83,1.68097756884
256,84,1.30399244164
257,85,1.28294584871
258,86,1.08598475705
259,89,1.38898212912
260,92,1.05813853195
261,93,1.87886261641
262,94,0.70494759418
263,95,0.404004408296
264,96,1.12949871725
265,100,1.43120601194
266,101,0.376446551704
267,103,1.42090378646
268,105,1.33085180903
269,104,1.46831790218
270,106,1.13570408985
271,107,1.51792960677
272,417,0.894526743296
273,108,1.33785617752
274,377,0.992901278444
275,112,1.42425377653
276,10,1.24414584547
277,114,1.43446347407
278,116,1.46889665847
279,408,0.89081784875
280,120,1.71272951775
281,121,1.56179281417
282,123,1.2990249883
283,484,0.701960904516
284,124,1.44787985419
285,401,1.16518917399
286,126,1.44673510588
287,68,1.52511501641
288,382,0.855951797994
289,405,1.42554552094
290,138,1.43005545868
291,407,0.917085612443
292,487,0.537620162838
293,482,0.725466021122
294,383,1.19234690478
295,152,1.07373442247
296,153,0.643483908651
297,155,1.56284935355
298,157,1.45442826448
299,374,1.37374182057
300,472,1.18410283012
301,162,1.43327215174
302,455,1.09502419749
303,167,1.44324517731
304,168,1.00171470507
305,169,0.976908687872
306,17,1.56318815844
307,172,1.64446507305
308,485,1.1157887179
309,173,1.30608520495
310,389,1.40337384799
311,180,1.14070937925
312,182,1.13613807801
313,433,1.37964322537
314,186,1.43430698134
315,185,1.33965966032
316,191,1.16698613989
317,192,1.13392798876
318,457,1.41403236919
319,416,1.49319432959
320,419,1.37480080488
321,454,0.990268251836
322,194,0.945680283688
323,384,0.748385004725
324,430,0.98847842371
325,203,1.29252270903
326,205,1.14978317906
327,206,1.27723581511
328,209,1.87347655704
329,211,1.51835793627
330,212,1.67121971817
331,213,0.637108707675
332,215,0.932394464046
333,216,1.18469867516
334,398,1.73450937469
335,218,1.43300635701
336,431,0.897131257634
337,221,1.08419687169
338,223,1.10764603196
339,479,0.549305774821
340,434,0.668083640184
341,227,1.84337145475
342,20,0.13622884523
343,228,1.4252933209
344,21,0.92915638052
345,233,1.125380561
346,234,1.74333081313
347,235,1.70921995648
348,22,0.187724549331
349,239,1.01959404414
350,241,1.35467479354
351,432,1.35023349026
352,24,1.05933350526
353,26,1.37555010044
354,246,1.61350724981
355,27,1.17185718125
356,404,0.569322025463
357,253,1.85779631424
358,254,1.6880510578
359,255,1.62181431272
360,480,1.33422591286
361,420,1.06833237806
362,447,1.24375467586
363,28,0.409442121352
364,263,1.87271378432
365,264,1.42269592034
366,379,1.59482353058
367,268,1.49687183064
368,269,0.871125989119
369,400,0.665864067995
370,270,0.771251353488
371,271,0.177373529318
372,272,1.44919127832
373,456,2.08245397936
374,275,0.858139035363
375,279,1.23698891269
376,281,1.26558859578
377,31,0.438858347616
378,282,1.40990929441
379,288,1.0709971901
380,300,1.63456626755
381,396,0.681418864956
382,303,0.86728360576
383,304,1.28312949648
384,306,1.0295666977
385,338,1.30150755149
386,308,1.06944587488
387,309,1.6052794357
388,311,2.00909881711
389,312,1.30332178545
390,483,0.74783273266
391,313,0.561412160135
392,34,1.27591186107
393,318,1.36525851662
394,317,0.991121502062
395,321,1.80140840449
396,323,0.89692983924
397,478,1.08026279142
398,325,1.16476811801
399,387,0.444171132083
400,329,1.41431931937
401,330,1.3591537982
402,331,1.1736834024
403,335,1.63508489593
404,392,1.11786428583
405,397,1.43839861058
406,340,1.32262336086
407,339,1.2693794413
408,37,1.39310984308
409,385,1.19753682815
410,346,1.50480485802
411,348,1.39220312822
412,351,1.62758711062
413,399,1.0988053154
414,450,1.03668174562
415,451,0.649826541542
416,352,1.70723857486
417,353,1.18362301932
418,357,0.805748386244
419,358,1.23024863944
420,359,1.41752200465
421,533,1.48409162667
422,38,1.50342810969
423,361,1.31548269895
424,364,1.71461265742
425,369,1.39245562467
426,139,0.98701131863
427,231,-1.25977818866
428,224,-1.06155583256
429,78,1.49677668126
430,229,1.27512184681
431,297,-0.69990128965
432,458,-0.951395828767
433,493,-0.915695713278
434,459,-1.54665635991
435,525,-1.08865838858
436,488,-0.837619651148
437,461,1.7781806393
438,97,-1.92632110854
439,445,-2.05376967385
440,129,-0.872605847818
441,8,-0.973024669157
442,373,-0.893573104599
443,187,-1.57566773047
444,210,-1.49716771117
445,265,-1.5205437555
446,149,-2.41721602189
447,302,-1.17759632576
448,307,1.67177634692
449,319,-1.78277085824
450,164,-1.80222948555
451,324,-1.29072737967
452,347,-1.26168281783
453,354,-1.44092820524
454,460,-1.05708060898
455,208,-0.760947540819
456,510,1.63585056641
457,87,-1.57238742962
458,535,0.642087299858
459,538,0.740558499776
460,243,1.06726460951
461,277,1.58962340846
462,285,-1.1676277927
463,517,-1.32125733613
464,519,1.78760761704
465,9,1.87449588458
466,11,1.8458162391
467,515,1.300981458
468,532,0.913243158009
469,115,1.00098202165
470,469,-0.916707166095
471,470,-0.229127927094
472,506,1.24211303884
473,490,-0.897596721855
474,471,-1.5956160555
475,476,0.516484251608
476,474,1.43633045669
477,477,-1.31893999091
478,499,1.37058970088
479,429,-1.51094532019
480,505,1.53889530082
481,179,1.56549506472
482,497,-1.65359543272
483,540,0.481959907376
484,541,1.11206345451
485,170,1.0714305781
486,427,0.668075863912
487,171,2.03971773199
488,502,-0.988070951965
489,486,-2.18924674823
490,504,-0.965419199285
491,492,-1.07840869767
492,542,1.41400841054
493,453,0.952678463832
494,526,0.951742402577
495,418,0.809531305999
496,198,-0.524986185897
497,508,1.09017925138
498,527,1.18117669703
499,509,1.55884955474
500,544,1.87094746446
501,507,0.252656630821
502,511,-0.716348770451
503,512,0.722035396364
504,491,-1.28831428734
505,258,1.6242787638
506,494,1.28233086294
507,247,1.70114845982
508,249,-1.46826082887
509,250,-0.361028652622
510,252,1.59205095782
511,513,1.62979171645
512,516,1.04137743518
513,514,-0.905559379233
514,545,0.458360640403
515,495,2.22781372531
516,518,0.844590943894
517,498,-2.00088896795
518,546,1.53449965084
519,380,1.34460799066
520,314,1.57398248965
521,500,1.01005664981
522,521,1.77437265692
523,523,0.825320159518
524,343,-1.38336352281
525,547,1.02221935537
526,501,1.72319827069
527,503,0.76367601137
528,415,1.83829981805
529,524,1.80877329859
530,473,-0.949659698621
531,368,1.28656809795
532,522,-1.28882056131
533,539,-1.0530433437
534,496,-1.08878673995
535,475,-1.88372943206
536,481,-0.853606891932
537,543,0.647824546768
538,528,1.72159067191
539,520,-0.783802228077
540,462,1.86466864985
541,463,-1.45037237152
542,464,-0.620534447779
543,465,-1.62588969186
544,467,1.07209435346
545,466,0.929211112669
546,468,-0.630215397342
547,489,0.874677175373
