,legislator,theta
0,39,-0.978766586305
1,530,-0.721157067799
2,40,-0.818561341727
3,375,-0.942428587963
4,0,-1.09363486964
5,1,-0.828262903593
6,43,-0.783032883611
7,414,-1.03343412238
8,47,-0.877385556517
9,48,-1.22890738909
10,49,-1.17960851904
11,50,-1.25106702072
12,52,-1.42839641359
13,53,-1.35111152849
14,529,-0.765699313576
15,59,-0.99505810688
16,61,-1.30062655315
17,439,-1.43803778152
18,63,-1.06163957363
19,412,-0.966079607408
20,5,-0.83893225619
21,65,-0.916568791834
22,66,-1.05221865468
23,67,-1.25866585901
24,70,-0.899483886897
25,6,-0.930491276293
26,7,-1.02827104101
27,537,-0.999636791094
28,71,-0.833413400143
29,76,-1.05240215962
30,77,-1.02983917439
31,79,-1.38104943715
32,80,-1.22994325923
33,54,-1.05913880717
34,88,-0.917106570157
35,90,-0.821606016356
36,406,-1.39927454335
37,435,-1.02869433261
38,91,-1.22031175822
39,391,-1.07645969833
40,386,-1.33900337218
41,428,-0.936580910776
42,98,-0.930646860652
43,99,-0.854477230947
44,102,-0.987546562481
45,422,-1.07552622725
46,409,-0.833574568703
47,109,-0.727622003873
48,110,-0.670748570653
49,403,-1.36061300475
50,111,-1.3013161144
51,113,-0.671293457869
52,117,-1.17231900135
53,118,-1.70978488849
54,119,-0.684179646341
55,122,-1.00105636684
56,125,-1.10057094229
57,127,-1.30105034907
58,128,-0.481248889537
59,130,-1.16554425231
60,131,-1.52772804507
61,132,-1.40592918745
62,133,-0.992415780927
63,134,-0.687496409842
64,135,-1.36361182912
65,136,-1.56057479705
66,137,-0.734028386881
67,140,-1.03259284888
68,141,-1.21167253356
69,12,-0.718645497758
70,142,-1.10002554171
71,143,-0.234370089611
72,13,-1.19104166806
73,144,-1.17438739468
74,145,-1.21844782746
75,146,-1.10209079292
76,147,-1.41219058487
77,148,-1.11819012401
78,151,-1.46341111127
79,150,-1.11426914571
80,14,-0.999588637238
81,154,-0.839098250625
82,55,-0.5733679253
83,156,-1.13864610805
84,15,-1.15966065123
85,158,-0.572914985941
86,159,-0.951817334771
87,160,-1.26639000883
88,161,-1.03254694268
89,16,-0.933823255775
90,163,-0.670244991528
91,165,-1.43980995515
92,166,-0.693788922328
93,426,-1.6055102526
94,423,-1.52786383834
95,174,-1.12248743882
96,175,-1.39297465401
97,176,-1.23245534199
98,177,-1.07147811308
99,178,-1.29951626972
100,181,-1.11751045947
101,183,-1.21418125691
102,184,-1.1457841349
103,188,-1.38940639673
104,189,-0.28894769365
105,190,-1.38039576779
106,438,-0.70285191448
107,193,-0.996365212049
108,196,-1.22882706435
109,195,-0.570092395011
110,18,-1.48636384624
111,197,-0.76464047455
112,199,-1.09597656813
113,200,-1.20203802331
114,388,-1.27787552305
115,201,-1.47018577382
116,202,-0.812284470366
117,204,-1.3546049515
118,19,-0.767811487559
119,207,-1.29604369859
120,214,-0.579319837162
121,217,-1.38647481083
122,219,-0.881263513004
123,220,-1.06518630233
124,222,-1.05786564887
125,225,-1.47075741567
126,226,-0.873082813448
127,378,-0.806757759565
128,230,-1.06091755827
129,232,-1.21887433409
130,236,-1.30717149604
131,23,-0.823207510297
132,237,-0.835391545031
133,238,-0.986250580744
134,425,-1.40450633803
135,240,-0.682653814794
136,413,-1.25635733509
137,242,-1.08669724516
138,245,-1.2936524789
139,244,-1.10006201533
140,25,-0.826331841669
141,440,-1.31542206411
142,248,-1.23640966349
143,251,-0.966594076731
144,256,-1.52090197237
145,257,-0.959660590135
146,259,-1.01354939087
147,260,-0.89306817777
148,56,-1.06201550771
149,261,-1.32624541015
150,262,-1.42773147785
151,29,1.21229111602
152,266,-0.917684978421
153,267,-0.994306667235
154,441,-1.23164564137
155,30,-0.819563525891
156,424,-1.41044561547
157,273,-1.23737461102
158,274,-1.12397100239
159,276,-1.70850839752
160,278,-0.861750998796
161,280,-1.56017524295
162,534,-1.1774103847
163,283,-0.725529662275
164,284,-0.676962177179
165,286,-0.898747264826
166,287,-1.45509468191
167,444,-1.15926492061
168,289,-0.991382962721
169,290,-0.869481335692
170,291,-1.11959795983
171,293,-1.04124922642
172,292,-0.79837061315
173,32,-0.931280001737
174,294,-0.863798028101
175,295,-1.47851477245
176,296,-0.923998592237
177,298,-0.965833038006
178,299,-1.13600377502
179,442,-1.08012950709
180,301,-1.26722974245
181,33,-0.581093306583
182,305,-1.2719639417
183,381,-1.32709280976
184,310,-1.44615271881
185,57,-0.854454681406
186,315,-1.3191517979
187,316,-1.2709407948
188,320,-1.10321790158
189,322,-1.35487729206
190,326,-0.783152984032
191,327,-0.936390801473
192,328,-0.874606204073
193,332,-1.23838697896
194,333,-0.561979229433
195,334,-1.24350031256
196,35,-1.18792026412
197,452,-1.03179663279
198,336,-0.954288580051
199,41,-0.942964535071
200,337,-1.4098225797
201,36,-0.916415756708
202,341,-0.815193321685
203,342,-1.35656660373
204,344,-0.98258079278
205,345,-0.969499083852
206,349,-0.761061410739
207,350,-0.846603078484
208,393,-0.762964740351
209,421,-1.11599736858
210,355,-1.37154239039
211,356,-0.907694443725
212,411,-1.00194885867
213,446,-1.75105272058
214,360,-0.933669817263
215,436,-1.37851355445
216,362,-1.37511026181
217,60,-0.854239610136
218,449,-1.61441914353
219,363,-1.32196488009
220,365,-1.07087702545
221,42,-0.711824515833
222,366,-0.961400798298
223,367,-1.23699828321
224,370,-1.30121259563
225,402,-1.23205819859
226,371,-0.727993702381
227,531,-1.05409199743
228,372,-1.04832915811
229,536,1.17035072947
230,44,0.397310201937
231,2,0.207381804578
232,45,1.545675585
233,437,1.51849055668
234,46,1.62292117864
235,390,0.747279897967
236,51,0.600119471282
237,3,1.11689567067
238,58,1.41183811822
239,376,1.67904901766
240,62,1.47235382594
241,4,0.867714487004
242,64,1.20390136248
243,394,0.911854972822
244,410,0.701557060355
245,69,1.17413346089
246,72,1.17782686256
247,73,1.3531102655
248,395,1.06241088206
249,74,0.995067270459
250,75,1.18303193802
251,443,1.29660166752
252,448,1.06874334975
253,81,1.68450930659
254,82,1.50866746423
255,83,1.59177014773
256,84,1.2726998279
257,85,1.29805267714
258,86,1.11281218848
259,89,1.40609750518
260,92,1.04214184496
261,93,1.7888025107
262,94,0.66898279859
263,95,0.438346145965
264,96,1.11420659003
265,100,1.42541752949
266,101,0.415092537407
267,103,1.39802621179
268,105,1.36023471735
269,104,1.41561993756
270,106,1.10609485697
271,107,1.47736488633
272,417,0.891860732837
273,108,1.39767522206
274,377,0.92467686131
275,112,1.43105208675
276,10,1.25443439296
277,114,1.41287726348
278,116,1.47347786439
279,408,0.899841019704
280,120,1.70277843005
281,121,1.53917854871
282,123,1.28968299401
283,484,0.685077524609
284,124,1.39025215391
285,401,1.1698379102
286,126,1.49975643537
287,68,1.49714482397
288,382,0.839038197301
289,405,1.39773255023
290,138,1.46221885586
291,407,0.882609095512
292,487,0.553087627372
293,482,0.736286317956
294,383,1.20671761165
295,152,1.10313553645
296,153,0.644795403117
297,155,1.55557302251
298,157,1.46192588739
299,374,1.41202823487
300,472,1.16666063612
301,162,1.39939702716
302,455,1.16055990751
303,167,1.38355272003
304,168,0.966821250782
305,169,1.02104416301
306,17,1.5585999978
307,172,1.64511047789
308,485,1.15242089344
309,173,1.33455601783
310,389,1.39914849087
311,180,1.12693323749
312,182,1.12653387098
313,433,1.40379865994
314,186,1.36571615031
315,185,1.37264833581
316,191,1.1288248522
317,192,1.16693565832
318,457,1.39634071352
319,416,1.48518739467
320,419,1.41690493763
321,454,0.977083225137
322,194,1.00751851595
323,384,0.721865403329
324,430,0.937253157938
325,203,1.21394478703
326,205,1.1884785614
327,206,1.31443695763
328,209,1.84743682803
329,211,1.48431761344
330,212,1.64020535824
331,213,0.66663641935
332,215,0.916254113414
333,216,1.22787297541
334,398,1.70594567255
335,218,1.41858499697
336,431,0.919146575175
337,221,1.11234866073
338,223,1.12024320123
339,479,0.584791506581
340,434,0.686563549837
341,227,1.76951046742
342,20,0.178298738825
343,228,1.38853983325
344,21,0.98529826034
345,233,1.12696393823
346,234,1.70288294274
347,235,1.65349099465
348,22,0.151883058625
349,239,0.986560808801
350,241,1.38703617925
351,432,1.34865373994
352,24,1.08950011685
353,26,1.32178246264
354,246,1.63979979677
355,27,1.13714904926
356,404,0.544365603909
357,253,1.80980057697
358,254,1.6566223762
359,255,1.65015017956
360,480,1.34279711753
361,420,1.04876798732
362,447,1.20787451565
363,28,0.416862550558
364,263,1.82849799525
365,264,1.4724280825
366,379,1.56426034604
367,268,1.49092661625
368,269,0.89645111981
369,400,0.659941248836
370,270,0.809050741552
371,271,0.22732576461
372,272,1.46402556263
373,456,2.06896111124
374,275,0.841096770216
375,279,1.29268259664
376,281,1.28024964783
377,31,0.433853267885
378,282,1.3936974459
379,288,1.04813349284
380,300,1.64027851107
381,396,0.690500716234
382,303,0.895015935172
383,304,1.30186978315
384,306,1.01093645327
385,338,1.37654811657
386,308,1.09267543155
387,309,1.5323468277
388,311,1.91127295292
389,312,1.32528982023
390,483,0.747576646744
391,313,0.591262026022
392,34,1.24498647306
393,318,1.32913697967
394,317,0.990204415929
395,321,1.81090284758
396,323,0.893199216
397,478,1.08830932749
398,325,1.1405810776
399,387,0.462989211634
400,329,1.39405439183
401,330,1.34194264327
402,331,1.17805441727
403,335,1.61253684298
404,392,1.11490800236
405,397,1.46689608488
406,340,1.35530354785
407,339,1.19448050003
408,37,1.35101918446
409,385,1.2100038488
410,346,1.47551866002
411,348,1.36199858555
412,351,1.59901850307
413,399,1.10201915982
414,450,1.00555692195
415,451,0.703561641291
416,352,1.69491508069
417,353,1.16638020503
418,357,0.74590191777
419,358,1.26267908613
420,359,1.39043676232
421,533,1.56304350523
422,38,1.53693481099
423,361,1.29459945607
424,364,1.73940630061
425,369,1.43589750387
426,139,0.991925624529
427,231,-1.26168555339
428,224,-0.979321291786
429,78,1.51517548163
430,229,1.32948301628
431,297,-0.672812722061
432,458,-0.951111708526
433,493,-0.732140938039
434,459,-1.56682149808
435,525,-0.601925975805
436,488,-0.880367059625
437,461,1.69737038919
438,97,-1.70424284275
439,445,-1.93831923195
440,129,-0.983372304372
441,8,-1.00254133984
442,373,-0.911588838738
443,187,-1.53824604084
444,210,-1.46088921194
445,265,-1.45314725515
446,149,-2.26972351398
447,302,-1.12830750786
448,307,1.58767148072
449,319,-1.58730741933
450,164,-1.69225277934
451,324,-1.40229739936
452,347,-1.31574420502
453,354,-1.36678710265
454,460,-1.01271983752
455,208,-0.755481958977
456,510,1.41962746634
457,87,-1.6196696757
458,535,0.664748742283
459,538,0.769307931944
460,243,0.985277905234
461,277,1.61452595352
462,285,-1.22006939232
463,517,-1.28577978586
464,519,1.73028390138
465,9,1.87376486009
466,11,1.87247046945
467,515,1.24063293609
468,532,0.932964863771
469,115,0.920755062805
470,469,-0.954516372951
471,470,-0.239651581066
472,506,1.1815323557
473,490,-0.960269998331
474,471,-1.60445791059
475,476,0.569597282595
476,474,1.36382197146
477,477,-1.41801880056
478,499,1.29415271326
479,429,-1.5049510702
480,505,1.5856841997
481,179,1.55150230851
482,497,-1.61568369921
483,540,0.525054486955
484,541,1.04342618487
485,170,1.03839903107
486,427,0.703480397357
487,171,1.93739184841
488,502,-0.981914885443
489,486,-2.19163515405
490,504,-0.951053490504
491,492,-1.11590513341
492,542,1.35368347396
493,453,0.879601916111
494,526,-0.00796397977236
495,418,0.799618720316
496,198,-0.407481917353
497,508,1.13509453786
498,527,1.78059867616
499,509,1.56853350896
500,544,1.92982079556
501,507,0.164509291697
502,511,-0.749650947545
503,512,0.691543628986
504,491,-1.38311560034
505,258,1.59109354923
506,494,1.41593651149
507,247,1.81107625133
508,249,-1.46069462216
509,250,-0.262483683787
510,252,1.54471533524
511,513,1.51493555081
512,516,1.07015770281
513,514,-0.920586089891
514,545,0.422302300084
515,495,2.31975309645
516,518,0.867410720598
517,498,-1.90143998578
518,546,1.38001589473
519,380,1.26604499936
520,314,1.49206038874
521,500,1.06743210122
522,521,1.71898774629
523,523,0.820378534065
524,343,-1.37295979578
525,547,0.952365702312
526,501,1.72499582693
527,503,0.869771923289
528,415,1.76795689234
529,524,1.83122662692
530,473,-0.925892526626
531,368,1.31819272734
532,522,-1.36473361968
533,539,-1.05638478734
534,496,-1.17612452338
535,475,-1.88735382824
536,481,-0.843123110704
537,543,0.702289562297
538,528,1.70208416304
539,520,-0.531416701837
540,462,2.03670226542
541,463,-1.42507770236
542,464,-0.606838476266
543,465,-1.67278079939
544,467,1.359766453
545,466,0.569388175978
546,468,-0.651680220225
547,489,0.876756330525
