,legislator,theta
0,39,-0.983805001755
1,530,-0.874359123726
2,40,-0.745852048138
3,375,-0.920379520248
4,0,-1.03215897528
5,1,-0.821333729457
6,43,-0.806409662398
7,414,-1.07187664815
8,47,-0.909453599549
9,48,-1.17704105253
10,49,-1.10033681646
11,50,-1.30468758112
12,52,-1.34859367437
13,53,-1.33644007401
14,529,-0.844924891927
15,59,-1.17250289688
16,61,-1.19689290344
17,439,-1.3977348758
18,63,-0.922531094963
19,412,-1.04032980707
20,5,-0.826701883394
21,65,-0.957979192245
22,66,-1.08214577173
23,67,-1.0788603795
24,70,-0.895887957301
25,6,-0.969212172371
26,7,-1.20513878467
27,537,-1.0636912979
28,71,-0.788211694916
29,76,-0.988991530729
30,77,-1.009670986
31,79,-1.3258703733
32,80,-1.11786626613
33,54,-1.08939858751
34,88,-0.889253221534
35,90,-0.845838519258
36,406,-1.41326054248
37,435,-0.960392266518
38,91,-1.37747026024
39,391,-1.03468177824
40,386,-1.39438918961
41,428,-0.922887178509
42,98,-0.967760740097
43,99,-0.784099554285
44,102,-0.905270126226
45,422,-0.977516820268
46,409,-0.77835752733
47,109,-0.695895942404
48,110,-0.693763112909
49,403,-1.38339759554
50,111,-1.30924560778
51,113,-0.656632857062
52,117,-0.994409157928
53,118,-1.63980296475
54,119,-0.727004558493
55,122,-0.948187557882
56,125,-1.0476806558
57,127,-1.24282176987
58,128,-0.452256518764
59,130,-1.14413916576
60,131,-1.4470225697
61,132,-1.29563638933
62,133,-1.01246547491
63,134,-0.71802258662
64,135,-1.40964770788
65,136,-1.48701191282
66,137,-0.726283864815
67,140,-0.988769305665
68,141,-1.22100743905
69,12,-0.657815718151
70,142,-1.10822619379
71,143,-0.214181911914
72,13,-1.29164866549
73,144,-1.1188092757
74,145,-1.16216839992
75,146,-1.01643479004
76,147,-1.36336571784
77,148,-1.1534028274
78,151,-1.2052555556
79,150,-1.02908519153
80,14,-1.03532406799
81,154,-0.836522548742
82,55,-0.621186864708
83,156,-1.06090476716
84,15,-0.932896195565
85,158,-0.547306644811
86,159,-0.90282318716
87,160,-1.24092853929
88,161,-0.991121200013
89,16,-0.837911513644
90,163,-0.675434011955
91,165,-1.40260127139
92,166,-0.771605824925
93,426,-1.40964964203
94,423,-1.54321617241
95,174,-1.02558295191
96,175,-1.28454331733
97,176,-1.29596615635
98,177,-1.16231856202
99,178,-1.18393239694
100,181,-1.097614292
101,183,-1.18893740528
102,184,-1.16580534067
103,188,-1.3929256975
104,189,-0.291680068656
105,190,-1.48704373465
106,438,-0.636867814884
107,193,-0.957424234807
108,196,-1.04363984308
109,195,-0.595258708175
110,18,-1.40525193363
111,197,-0.841400455504
112,199,-0.933858396706
113,200,-1.12627893985
114,388,-1.18304598138
115,201,-1.36476830043
116,202,-0.737384631674
117,204,-1.19469534718
118,19,-0.706766646316
119,207,-1.37191828437
120,214,-0.554753097198
121,217,-1.31398896282
122,219,-0.919202772388
123,220,-1.04154612759
124,222,-1.0473382801
125,225,-1.40995161501
126,226,-0.884693803407
127,378,-0.874611703832
128,230,-1.02339108761
129,232,-1.17962917173
130,236,-1.29103157412
131,23,-0.883103806615
132,237,-0.770290999553
133,238,-0.924321165588
134,425,-1.30999491773
135,240,-0.713295704759
136,413,-1.30456449862
137,242,-1.09724012187
138,245,-1.17978231655
139,244,-1.13040577617
140,25,-0.826627694228
141,440,-1.19023306537
142,248,-1.24002719396
143,251,-0.974744731782
144,256,-1.44041124028
145,257,-0.905632340837
146,259,-0.953791557346
147,260,-0.945264320285
148,56,-1.09055062404
149,261,-1.18305668275
150,262,-1.26324368941
151,29,1.24496813744
152,266,-1.00643612919
153,267,-1.0141673629
154,441,-1.19381287168
155,30,-0.964202246347
156,424,-1.46516632543
157,273,-1.140751389
158,274,-1.18458211817
159,276,-1.37024922864
160,278,-0.828399131252
161,280,-1.34641562824
162,534,-1.08163920532
163,283,-0.760550209113
164,284,-0.615621714025
165,286,-0.949240860443
166,287,-1.31725665226
167,444,-1.20053103113
168,289,-0.921017202826
169,290,-0.953577613916
170,291,-1.06645290636
171,293,-1.024700829
172,292,-0.903122323868
173,32,-1.01505389156
174,294,-0.899689558438
175,295,-1.40891301561
176,296,-0.872483991659
177,298,-0.929914867513
178,299,-1.08850394659
179,442,-1.06146752453
180,301,-1.16723220944
181,33,-0.597802475291
182,305,-1.25445361889
183,381,-1.1266112252
184,310,-1.41806153135
185,57,-0.751080423857
186,315,-1.24933354807
187,316,-1.35340328764
188,320,-1.01934577494
189,322,-1.36599962865
190,326,-0.790992902017
191,327,-1.04926687139
192,328,-0.78555887241
193,332,-1.17199575742
194,333,-0.564572036445
195,334,-1.16338058315
196,35,-1.01244905346
197,452,-0.955030850275
198,336,-0.864091505813
199,41,-0.995467591295
200,337,-1.32763588177
201,36,-0.949890200438
202,341,-0.709596477348
203,342,-1.20793511843
204,344,-0.887561400687
205,345,-1.00183517627
206,349,-0.799555860601
207,350,-0.892027895661
208,393,-0.765807654996
209,421,-1.14112935973
210,355,-1.23216085701
211,356,-0.843716730586
212,411,-1.09155132341
213,446,-1.5922565143
214,360,-0.933807972593
215,436,-1.25785054088
216,362,-1.24067861369
217,60,-0.798795775121
218,449,-1.38592756716
219,363,-1.28420844741
220,365,-0.970714888219
221,42,-0.739591068118
222,366,-0.958447625805
223,367,-1.16864536075
224,370,-1.16965061222
225,402,-1.18159139485
226,371,-0.668778573275
227,531,-0.952620805105
228,372,-0.930783206058
229,536,1.07333751469
230,44,0.393450812769
231,2,0.209407394944
232,45,1.46467639916
233,437,1.35096829712
234,46,1.5803843796
235,390,0.822690099342
236,51,0.637500358633
237,3,1.17783974539
238,58,1.28445655031
239,376,1.50498392706
240,62,1.43634047669
241,4,0.948791746818
242,64,1.11483144106
243,394,0.931995292302
244,410,0.752488415445
245,69,1.18544885357
246,72,1.16885354048
247,73,1.38843565049
248,395,1.03140348718
249,74,1.06630041089
250,75,1.17290651061
251,443,1.36575782951
252,448,1.17130970657
253,81,1.49377342027
254,82,1.3839582359
255,83,1.59120704246
256,84,1.30110001909
257,85,1.27598826458
258,86,1.12564324954
259,89,1.45011481578
260,92,1.11642923637
261,93,1.56521605714
262,94,0.686905173827
263,95,0.375011886383
264,96,1.18173133402
265,100,1.39483487891
266,101,0.435064247674
267,103,1.36696294104
268,105,1.32643670658
269,104,1.36142600341
270,106,1.0829502502
271,107,1.48138106264
272,417,0.983280286071
273,108,1.3427616556
274,377,1.03467370527
275,112,1.36606941713
276,10,1.32143598421
277,114,1.28326043708
278,116,1.277720276
279,408,0.962655405962
280,120,1.613227909
281,121,1.55830881262
282,123,1.22509215155
283,484,0.734412409664
284,124,1.33775748218
285,401,1.10787225124
286,126,1.34162342566
287,68,1.47637976434
288,382,0.859309454524
289,405,1.3213612202
290,138,1.35885820857
291,407,0.979842249431
292,487,0.520573856034
293,482,0.664861257314
294,383,1.18342874055
295,152,1.19099667516
296,153,0.645087348374
297,155,1.47286098578
298,157,1.35846703936
299,374,1.40429507345
300,472,1.23297544162
301,162,1.39407467649
302,455,1.22891385507
303,167,1.28294641095
304,168,1.02651777151
305,169,0.951802696155
306,17,1.45794812943
307,172,1.50823949069
308,485,1.12136806725
309,173,1.16977260582
310,389,1.5116698391
311,180,1.0980666816
312,182,1.13695720588
313,433,1.22269068245
314,186,1.22875625465
315,185,1.22974095745
316,191,1.08715907486
317,192,1.15201546471
318,457,1.40369745508
319,416,1.38542528408
320,419,1.38879777267
321,454,1.02750220858
322,194,1.0135567704
323,384,0.811477019641
324,430,0.973060154709
325,203,1.26547798986
326,205,1.08695307993
327,206,1.29229388941
328,209,1.60277056913
329,211,1.33535786042
330,212,1.66334822799
331,213,0.7024270756
332,215,0.900019849962
333,216,1.1602112688
334,398,1.60670800127
335,218,1.30188097102
336,431,0.950378091139
337,221,1.20879538642
338,223,1.1375280777
339,479,0.551548217072
340,434,0.720738450608
341,227,1.35305101547
342,20,0.137144172478
343,228,1.32296493934
344,21,1.04869215387
345,233,1.17544610778
346,234,1.39561184873
347,235,1.45748112256
348,22,0.16758825649
349,239,1.06059727228
350,241,1.33384651433
351,432,1.24627465994
352,24,1.00017939648
353,26,1.26114351646
354,246,1.37763788908
355,27,1.14825119345
356,404,0.57733685976
357,253,1.64745434133
358,254,1.51416905811
359,255,1.50820464753
360,480,1.19383066083
361,420,1.00444255238
362,447,1.15633489667
363,28,0.427060208217
364,263,1.6000371738
365,264,1.31635530998
366,379,1.59449419645
367,268,1.52381109086
368,269,0.819398473225
369,400,0.650549866857
370,270,0.865207067054
371,271,0.181898066149
372,272,1.45125845002
373,456,1.75618716985
374,275,0.820065477508
375,279,1.17887231202
376,281,1.29059731231
377,31,0.412360241536
378,282,1.34800121053
379,288,1.02468770942
380,300,1.51964660768
381,396,0.676372470906
382,303,1.02062555584
383,304,1.28650769742
384,306,1.06915590203
385,338,1.37214251684
386,308,0.977046185074
387,309,1.37968971905
388,311,1.64317862292
389,312,1.47353902019
390,483,0.776249223746
391,313,0.592696008314
392,34,1.21564431869
393,318,1.33447713007
394,317,0.950228234506
395,321,1.58506649707
396,323,0.900669351023
397,478,1.04894075474
398,325,1.23174635135
399,387,0.474167477635
400,329,1.32026391484
401,330,1.37755149597
402,331,1.2310649402
403,335,1.44646362308
404,392,1.20584480779
405,397,1.41676077712
406,340,1.34968852799
407,339,1.16335458636
408,37,1.25623607647
409,385,1.26814714517
410,346,1.44286032971
411,348,1.43362854549
412,351,1.47361041394
413,399,1.08998615246
414,450,1.08207297686
415,451,0.624078332129
416,352,1.39924542095
417,353,1.14934971908
418,357,0.782929649543
419,358,1.15969801795
420,359,1.41855272753
421,533,1.62231473996
422,38,1.51116709094
423,361,1.37997291188
424,364,1.65484138494
425,369,1.21833346354
426,139,0.939592159815
427,231,-1.160209075
428,224,-1.16151044399
429,78,1.26800358888
430,229,1.28711124738
431,297,-0.695988847992
432,458,-0.790079479267
433,493,-0.622685456016
434,459,-1.4519691352
435,525,-0.632278317254
436,488,-0.973299387655
437,461,1.35844665822
438,97,-1.30622396919
439,445,-1.52942498993
440,129,-0.756779137228
441,8,-0.997343232594
442,373,-0.641695360327
443,187,-1.36385746247
444,210,-1.29536480446
445,265,-1.31243047894
446,149,-1.84475055117
447,302,-1.13274155889
448,307,1.48768544465
449,319,-1.72345914204
450,164,-1.50822226435
451,324,-1.33959593039
452,347,-1.29681482202
453,354,-1.13264812729
454,460,-0.784200657956
455,208,-0.727922879369
456,510,1.49896810442
457,87,-1.74410102933
458,535,0.489218349957
459,538,0.76403602053
460,243,0.944440203974
461,277,1.51709575291
462,285,-0.846332455516
463,517,-1.07997503458
464,519,1.46521594971
465,9,1.19912364224
466,11,1.603842646
467,515,1.33127617489
468,532,0.935161731049
469,115,0.975619513775
470,469,-0.891172030186
471,470,-0.294027559599
472,506,0.96855734661
473,490,-0.938968428104
474,471,-1.50580430111
475,476,0.551194493017
476,474,1.25899855946
477,477,-1.53087856815
478,499,1.17237618281
479,429,-1.38065176274
480,505,1.55742560214
481,179,1.39503853791
482,497,-1.32846577878
483,540,0.495576946843
484,541,1.09785603141
485,170,1.00731307405
486,427,0.591340484368
487,171,1.62814300147
488,502,-0.784449678582
489,486,-1.7513316088
490,504,-0.912078084396
491,492,-0.93812237189
492,542,1.12412038821
493,453,0.790221162505
494,526,1.30907800966
495,418,0.550168960081
496,198,-0.481314973269
497,508,0.881146630556
498,527,1.81046741301
499,509,1.3050838161
500,544,1.49689935639
501,507,0.210149073529
502,511,-0.650567544321
503,512,0.559340212869
504,491,-1.20631276621
505,258,1.40212813332
506,494,1.03967165786
507,247,1.30068507227
508,249,-1.20277202327
509,250,-0.350586986334
510,252,1.40329799637
511,513,1.5296477702
512,516,0.907164761073
513,514,-1.02815493342
514,545,0.480779932218
515,495,1.50729124662
516,518,0.801218443978
517,498,-1.7000670053
518,546,1.36231385419
519,380,1.60244311382
520,314,1.3767821765
521,500,0.984374648933
522,521,1.31896978012
523,523,0.672194960791
524,343,-1.24296496222
525,547,0.824376476657
526,501,1.19005808505
527,503,0.795115152479
528,415,1.32394754729
529,524,1.3371984258
530,473,-0.902644298764
531,368,0.938044133699
532,522,-1.15592217836
533,539,-0.964357538532
534,496,-1.40053250679
535,475,-1.40378040025
536,481,-0.803803803059
537,543,0.666247822776
538,528,1.39908016149
539,520,-0.672566380316
540,462,1.44932958963
541,463,-1.37858330401
542,464,-0.706971847657
543,465,-1.47955233669
544,467,1.28390004187
545,466,1.09130154718
546,468,-0.767525134206
547,489,1.33411881651
