,vote,alpha,beta
0,0,-0.232835889931,2.23637797948
1,1,-0.735046135995,-2.81211478557
2,2,3.13232242607,-0.133058803729
3,3,2.69008336615,-0.060444691018
4,4,0.779140031321,-1.60114001234
5,5,3.63141618807,0.0204289613323
6,6,2.39938321199,0.648429234313
7,7,2.24833506101,0.679510046059
8,8,0.337967766869,-1.78154337746
9,9,1.34083915797,-1.41733740714
10,10,2.49306176649,-0.147627223015
11,11,3.07974303364,0.0171766547811
12,12,2.17838726215,-0.0950547041752
13,13,3.00156596305,0.179782352574
14,14,3.30293448621,0.65274452562
15,15,2.28664416487,0.209303376364
16,16,0.2121709687,2.51069628977
17,17,0.752272402051,-0.622281311035
18,18,2.92379775856,0.401612361529
19,19,2.39732316609,-0.1874359791
20,20,1.53521655579,-0.632599969908
21,21,0.468779072558,-3.19147081319
22,22,-0.0676665973448,-2.47263983368
23,23,3.3878205906,-0.33352623976
24,24,0.973651642675,-2.42510621472
25,25,1.40133155071,-0.246910705634
26,26,-0.755280180826,-0.0768795867556
27,27,-0.0319223082213,2.93798734956
28,28,2.42923253896,0.0197859390608
29,29,2.62811061894,0.415405747563
30,30,2.84629710179,-0.104878360754
31,31,2.58326969693,0.22608630647
32,32,-0.0858286985721,-2.37279474369
33,33,-0.015555901902,-3.59168712926
34,34,1.36881836584,-0.393961579758
35,35,-0.310698068711,2.81873326164
36,36,-0.555196852897,-2.83229181034
37,37,0.203703900043,-2.40320424649
38,38,0.457359813613,-3.02895361458
39,39,-1.23782008415,-1.58481928812
40,40,2.26196714933,-1.72598718408
41,41,0.414594529606,3.13522470636
42,42,-0.400881793367,-2.4272566368
43,43,2.60222925253,0.299540295358
44,44,3.35962858477,-0.30853876789
45,45,3.50529263608,-0.238764356353
46,46,2.36705988534,0.205111847756
47,47,2.19686088072,-0.224235320872
48,48,2.83647887374,0.510430872295
49,49,2.58383975905,2.19151620477
50,50,0.0708459010882,-2.73245952916
51,51,0.0738596645101,-2.28716493249
52,52,-0.320042450628,3.40576732447
53,53,-0.255042006101,-2.8002198338
54,54,0.48920264402,-2.97580087019
55,55,-0.122593573758,-2.3867526861
56,56,0.656075056962,-2.54621973057
57,57,-0.545323333715,2.15517179811
58,58,0.208103122801,3.53888980104
59,59,-0.325360788932,-1.88704173082
60,60,0.880616333384,-2.26636183928
61,61,2.35469415616,0.337374056022
62,62,2.31579368276,0.198662561201
63,63,2.80761391011,-0.0490024176687
64,64,2.62670735978,-0.528644301833
65,65,2.50425116854,-0.245229434246
66,66,-0.245259258775,-2.45810357098
67,67,0.538316329256,-2.21583066597
68,68,1.34598241052,-2.20443973654
69,69,-0.519328976606,-1.7876013733
70,70,-1.13919216588,1.59009612521
71,71,-0.734361052964,2.08978349775
72,72,-1.07723446467,2.25213878513
73,73,-1.41672638234,2.83428561967
74,74,-0.843402093502,2.3997474011
75,75,-1.02222278425,2.35703102226
76,76,-0.554398037376,2.10291089543
77,77,-0.632287496124,1.26722579968
78,78,-0.119960945119,2.89220087015
79,79,1.3647762101,-2.44405580821
80,80,-0.916001534357,-2.38238010567
81,81,-0.528029506245,-3.21661473471
82,82,0.643925715608,-3.72604516494
83,83,0.0919045487899,2.6829812811
84,84,-0.211254806017,-1.87066058643
85,85,3.29076313737,0.443604723634
86,86,2.32558167276,-0.579927146227
87,87,0.0807247448754,-3.32631088651
88,88,-0.534786363466,-2.9061528061
89,89,-0.682564344465,-0.878482584839
90,90,0.285616339053,-0.595256548422
91,91,-0.319161662869,-1.89815701428
92,92,-0.915316808474,1.99411614713
93,93,-1.11687316433,-2.20517183382
94,94,0.35861890294,3.15377439276
95,95,2.2284204817,-0.111039554938
96,96,-1.4449799477,2.20588680848
97,97,-0.333918679144,1.76197625381
98,98,-0.429548149492,0.252788679394
99,99,-0.255821282077,1.82131647121
100,100,-0.29824724948,1.70519659489
101,101,-0.896785700177,0.442922968261
102,102,-0.389413718339,-1.8511812372
103,103,-0.849485656049,1.77235623286
104,104,-0.26169442312,-0.763258661429
105,105,-1.301799882,-0.0989213244827
106,106,0.817838723729,0.991078139659
107,107,0.212551886002,-1.40128353668
108,108,-0.542480856455,0.542101221535
109,109,-0.549996729793,0.630008002236
110,110,1.2487412023,1.47366941421
111,111,0.0809936599183,-1.88319263935
112,112,-0.485889786286,-1.34650024748
113,113,-0.458650358066,-2.11106697114
114,114,0.533018568906,2.93999552609
115,115,0.242075721226,-1.27666292835
116,116,3.2463482599,-0.044972459192
117,117,2.88455001284,-0.0757180354777
118,118,0.386046306222,-2.10504420153
119,119,2.077630739,-0.546329431026
120,120,2.55993625222,-0.169092033823
121,121,-0.456101033831,2.68552576859
122,122,1.39747250319,-1.46511765109
123,123,2.72786371613,0.0198259765472
124,124,0.892018568017,1.90388753364
125,125,0.590732414117,-3.12131191435
126,126,0.285155018298,-2.71039248233
127,127,-0.827433998341,0.708484766738
128,128,0.160733066401,-2.03609665134
129,129,-0.456369424971,-1.23976012934
130,130,-0.859137603056,-1.56247313553
131,131,0.85546669756,0.747153548488
132,132,-0.452246128753,-1.74145015315
133,133,-0.0614371114948,1.18019144398
134,134,0.48241642649,-2.29526444656
135,135,1.22774520985,2.24946363252
136,136,-2.37470269962,1.38946247173
137,137,-0.486720388499,0.690406734727
138,138,-1.34755019642,0.692022095252
139,139,-0.139897018749,2.25924730359
140,140,-0.458271407134,0.0389000161476
141,141,-0.600629635694,0.498737749234
142,142,0.15201550932,-1.88429430607
143,143,-0.89234763726,1.67144265385
144,144,-1.68391994107,2.11296912968
145,145,-0.812509888182,1.24096578757
146,146,2.0118250733,0.981920126507
147,147,-0.230091248726,1.12710638434
148,148,3.06260414604,0.379420730637
149,149,2.94978586472,0.292825424197
150,150,0.254484019646,3.05710344721
151,151,0.892645359793,-0.664440508609
152,152,2.6256266301,-0.258159689553
153,153,2.70497085496,-0.13075577472
154,154,2.85637696729,0.439684209265
155,155,0.234581717162,-3.02807864926
156,156,0.092630369557,-2.14042405842
157,157,3.38712403314,-0.194431427539
158,158,0.175815861804,-1.96172056647
159,159,1.86277772355,0.695629159411
160,160,0.359415728799,-2.5567487576
161,161,0.359974524664,-1.87006953287
162,162,-0.284711994311,2.2657221041
163,163,0.280518790357,-0.328098856815
164,164,-1.31997555668,-1.11446096429
165,165,-0.307293329713,1.54907947297
166,166,0.102507165891,-3.05894124802
167,167,-0.91954072238,1.55210465343
168,168,1.44680861161,1.7214498764
169,169,-0.0667805295799,0.10201820007
170,170,-1.05276142529,-0.584507522336
171,171,-1.71938659651,-1.41513306704
172,172,-0.87108267347,0.984420230646
173,173,-1.19333360176,-0.69616636794
174,174,-1.2768630403,-2.23199026206
175,175,0.255911830658,1.38590403509
176,176,0.0930322944943,0.618566014253
177,177,0.183764793334,-2.44815462858
178,178,-0.0121460777479,1.05547280972
179,179,-0.462302538501,-1.14154404489
180,180,-1.52092868326,-1.85984804721
181,181,0.993969452741,-0.418558650462
182,182,-0.36342810159,-1.30416120388
183,183,-0.0418779739958,1.08297024974
184,184,0.0399333358987,0.432559019357
185,185,-0.29448559393,0.272727775497
186,186,0.638726768584,-0.396100381691
187,187,-0.0091892168387,-0.371006139449
188,188,0.0448753706564,-0.758649607448
189,189,-0.095541330611,-0.417251588719
190,190,0.161415358021,0.30944527414
191,191,-1.54169285749,-2.25340252618
192,192,-0.667578187288,-2.65554249873
193,193,0.0356885648484,2.91962776505
194,194,-0.202927542026,-0.847538441587
195,195,2.24522028804,-0.0735470227797
196,196,2.32739310285,0.248006382687
197,197,0.110519647286,-2.65486719139
198,198,-0.69797848388,1.11508199374
199,199,0.445468208297,-2.27832504045
200,200,0.300572960457,1.73427743251
201,201,-0.403436073572,2.61445531785
202,202,0.981286706415,-1.9947233594
203,203,2.61360885118,0.188284306413
204,204,-0.164246983571,2.3970413046
205,205,0.546010586545,-2.52500230331
206,206,0.201494723543,-1.35511107316
207,207,0.332563409312,-1.67998751693
208,208,-0.372087322814,1.92384239288
209,209,-0.03026111036,-2.1395917587
210,210,0.510388824371,-0.548105712356
211,211,-0.376276111905,-2.35248436347
212,212,0.399048005136,1.80560602868
213,213,-1.0414293922,2.29659028057
214,214,-0.140706649821,2.98822224409
215,215,0.368050567989,-1.90960921915
216,216,2.19332884759,-0.837284254559
217,217,1.87088687275,-1.46116619155
218,218,2.57690358784,0.0678553258092
219,219,-0.239385406069,-2.62642365252
220,220,0.48150841213,-2.11455621804
221,221,1.95148150354,0.718252418264
222,222,-0.39325536717,2.55679319464
223,223,-0.321825759999,2.01294037675
224,224,-1.29436151601,1.77941445099
225,225,-0.516568641134,0.24693511496
226,226,-1.93688346939,-2.33008521082
227,227,-0.599409205774,1.83640299565
228,228,-1.6972498107,-2.08334060432
229,229,0.423255908341,2.16973183492
230,230,-1.58121311456,-1.67731581803
231,231,1.69553758572,0.815627705291
232,232,0.212299038022,1.64005861618
233,233,-0.579799910811,1.73165607004
234,234,-0.709230170943,1.91125600897
235,235,-0.740296113029,1.57207269351
236,236,-0.663439466724,1.4717766
237,237,-1.34352245593,0.749035218938
238,238,-0.981619541174,1.48456708529
239,239,-0.984723938426,1.3383027771
240,240,-0.519660623804,1.35039603692
241,241,-1.45593137542,1.95383750998
242,242,0.807016119518,-2.4168338051
243,243,-1.62280228627,-2.22810083549
244,244,-0.465851561463,2.00448388685
245,245,-0.00807102897812,0.95766211708
246,246,-1.19482728737,-0.644179263329
247,247,-0.324429328732,1.19217941754
248,248,-0.57749600922,0.250366725722
249,249,-0.389778237566,0.295937677152
250,250,-1.38760742842,0.91151785669
251,251,0.508896603883,1.28800411371
252,252,-1.64965720159,-1.27385919436
253,253,0.550468364272,-2.65544586524
254,254,0.016671961988,-2.05216234495
255,255,-0.52657261604,1.26968417241
256,256,-0.253308552533,0.517343040218
257,257,-1.20578406181,-1.55726939185
258,258,-0.325270981368,2.25536448117
259,259,0.0724502941842,-1.89954444067
260,260,-0.207668099419,-2.81015767518
261,261,-0.42598245767,-3.222390453
262,262,-0.301870642867,2.07983105824
263,263,-0.330816280465,-2.2331139314
264,264,0.0454667223822,-2.55019764812
265,265,-0.353536004693,3.00276665558
266,266,-0.347033958011,-1.83296498889
267,267,2.91464020376,-0.198089516569
268,268,3.5200140537,0.308755496829
269,269,3.364747544,-0.0109304664287
270,270,0.406091707638,-3.45479501679
271,271,0.520072640708,-2.60558104577
272,272,-0.896302192723,0.302262975704
273,273,-0.325317228832,2.75488541839
274,274,1.3788604844,-2.35428863228
275,275,-0.178363541933,2.40258184499
276,276,0.97036248475,-2.26317488249
277,277,0.0771904193817,-2.37978710283
278,278,0.370864576834,-2.30535324168
279,279,1.17704667279,1.70494785423
280,280,0.405707097655,-2.46214998365
281,281,0.133515191631,-1.92241387201
282,282,0.172109614619,2.9826969281
283,283,-0.63244235347,-3.15780015769
284,284,-0.507838565141,2.00442431439
285,285,0.174912256257,2.35229053113
286,286,-0.0627667201844,2.87916296982
287,287,-1.51516361279,-3.19209076633
288,288,2.11607370335,-0.0849188509527
289,289,3.2792283255,0.353996617481
290,290,0.369327866772,-2.80492599718
291,291,-0.428314030386,-2.65835590914
292,292,-1.45919455746,0.611771850674
293,293,1.34752437683,-2.28128712304
294,294,-0.395280590343,1.50129590338
295,295,-0.848218141911,1.24608078961
296,296,-1.65317131736,0.905323517045
297,297,-1.37444300503,-0.932725541917
298,298,-0.481894678086,1.54048176158
299,299,-0.583870748234,1.78303821234
300,300,-0.160267771686,-0.356302154316
301,301,0.424381504857,0.105832383698
302,302,-0.0905715925548,0.391655190221
303,303,0.257379554519,0.397807400071
304,304,1.19993620547,-0.614680280849
305,305,1.30027746385,0.541512027126
306,306,-0.467769966504,0.468979777749
307,307,0.544951926886,-1.92833636376
308,308,0.728417340641,-0.220196548936
309,309,0.434730679442,-2.24035600856
310,310,1.02682849672,0.727278417401
311,311,-1.1817435527,1.13901788071
312,312,-1.76226236859,1.88948198739
313,313,-0.223994481466,-0.506289721871
314,314,0.319053480841,-3.05353953833
315,315,0.480391484607,-2.90707547985
316,316,2.52951373481,-0.1531548268
317,317,0.848266951072,-2.92402362135
318,318,-0.221018921811,0.222436766893
319,319,0.479134062966,-1.89552276381
320,320,0.0735276753185,1.03492331696
321,321,-0.571785133289,-0.692274322304
322,322,0.705241661539,-2.26419874123
323,323,0.422828646459,0.366495114749
324,324,1.02290950012,1.09765001925
325,325,-0.699165270695,1.72331034782
326,326,-0.372383589513,1.8342153395
327,327,0.269306038749,-2.84527915743
328,328,-0.234544113353,1.03386406206
329,329,2.66669239296,-0.651897524008
330,330,0.0571690707997,0.112370645199
331,331,-0.221625581441,2.26008655064
332,332,1.0405477206,-0.992609439739
333,333,-0.426735420692,2.56808989906
334,334,-0.715275919048,2.08280158199
335,335,0.186056147117,3.28874943705
336,336,1.02448742313,-1.68601921524
337,337,1.90547859653,1.50358157384
338,338,0.310082439286,-2.48590442856
339,339,0.219378827786,0.5423065486
340,340,-0.18627635399,-0.45659406404
341,341,-0.473703571805,-0.955934801704
342,342,-0.675525160361,1.17964666323
343,343,-0.913102892586,0.859567726704
344,344,-1.03447807482,0.987391202572
345,345,1.67195987092,-0.512652378044
346,346,1.87265402627,-0.522474101549
347,347,-0.445441004818,2.64550474311
348,348,-0.490799874819,2.82241019016
349,349,0.0404563129743,-2.30315085672
350,350,0.564278587973,-1.63941256172
351,351,0.0515829832779,2.68073439158
352,352,0.430887408677,-2.27815605988
353,353,0.0116975249173,-2.86301944423
354,354,-0.306265677508,-2.42632855955
355,355,1.92062788717,0.0528389468135
356,356,0.583105574205,-2.00671394513
357,357,0.818322389319,-2.8874104293
358,358,0.0657212763691,-2.52274246967
359,359,1.49265952258,-2.38708799058
360,360,0.861220201141,-1.40294020889
361,361,-0.0784568045529,2.16831999393
362,362,-0.480447794868,1.85736766876
363,363,-0.166785837381,2.82424667377
364,364,-0.115336839054,2.844981941
365,365,-0.296714808948,2.85579122857
366,366,0.303128594505,-2.51922705953
367,367,-0.292605301888,2.89646713929
368,368,-0.0204743956607,-2.57141416421
369,369,2.96683176052,1.6744104518
370,370,3.12909143865,-0.317040507408
371,371,2.40740425874,0.0335392405859
372,372,2.5386741684,0.520611008897
373,373,2.29991459697,0.623866444186
374,374,2.0730315557,-0.0738629088265
375,375,2.8016571738,0.258594482309
376,376,2.7065605113,0.164437934122
377,377,2.29082396212,0.381866951341
378,378,-0.225081312943,-2.70454560051
379,379,-0.0301351048652,-2.35374673539
380,380,0.312397255711,-2.88224614278
381,381,2.63903301501,0.101863548905
382,382,3.29304123451,0.457929212979
383,383,2.43635362239,1.06661415165
384,384,0.0621982135099,-2.72181712904
385,385,0.300575082447,-2.42154841047
386,386,1.93415178441,0.516363497239
387,387,-0.545760067986,2.38057251102
388,388,-0.57456461658,2.14404589014
389,389,-0.770143423658,2.6156606034
390,390,-0.401857196596,2.96055607696
391,391,3.26757982713,-0.356027074756
392,392,-0.0239184091432,2.48209653339
393,393,0.507683001943,-1.90114821639
394,394,0.0876693963979,-2.77456086053
395,395,0.354918845452,-2.90836799258
396,396,0.0226422848682,-2.5082366532
397,397,0.130207699558,2.59107794919
398,398,-0.555008760532,-2.36614364846
399,399,0.307171967464,3.2016470697
400,400,0.388935471855,-3.26452301427
401,401,-0.428468065794,-2.30365521602
402,402,0.586436926202,-1.91560667324
403,403,0.819297780768,-2.12546480364
404,404,0.127957253288,2.61290635574
405,405,0.924619782602,-2.40722781574
406,406,0.932245728374,-0.751588757047
407,407,2.58807466696,-0.0662230805555
408,408,3.07285350127,-0.314645286496
409,409,2.73216967438,-0.142748524974
410,410,-0.403005334303,2.2682378864
411,411,2.72318591391,0.282788777725
412,412,0.379112292879,2.52527223918
413,413,3.02404532883,0.0176710704899
414,414,2.2857449508,0.00520283404489
415,415,-0.104094430528,-2.48703876224
416,416,0.0881982280876,-2.48986971808
417,417,0.160475106874,-3.24083513337
418,418,2.19562612084,-0.0201876339525
419,419,1.11049747386,-2.57971755261
420,420,-0.175022958632,-3.22204924469
421,421,2.57254773178,-0.0662528627318
422,422,-0.0454257325228,2.97805680294
423,423,1.63274645434,0.568836418182
424,424,-0.286460186871,-2.56996120667
425,425,-0.429805777106,-2.17701102955
426,426,2.30089222059,1.24108812425
427,427,-0.0522685604755,-1.5621591165
428,428,0.177974689251,-2.0310631233
429,429,1.61995395785,-2.40621730357
430,430,1.12550625421,-1.64346017599
431,431,0.934015404812,-2.16024868882
432,432,-0.0918047704204,-2.17764591212
433,433,0.300411307743,-2.6765242559
434,434,-0.287018365202,-3.40205849753
435,435,-0.135443320452,-2.96588841175
436,436,0.917986110855,-2.07087729101
437,437,0.934270647602,-2.03226927661
438,438,-0.186326017934,-3.37057864582
439,439,1.59172770781,-2.17764294239
440,440,-0.0415222232961,-2.81819764423
441,441,1.09672699855,-2.05574868755
442,442,-0.162952208058,-2.74647938245
443,443,2.1986742433,0.476190301438
444,444,0.298379498898,-2.40088936347
445,445,-0.118002032725,-2.7306738906
446,446,0.716522654537,-2.11325625591
447,447,0.372867898223,-3.08887296529
448,448,1.07884846087,-2.17686100457
449,449,3.64866490141,0.0574454339919
450,450,2.82378164836,-0.0386966414205
451,451,-0.46668116604,-3.33516976313
452,452,1.02410054386,-2.11417527576
453,453,-0.350449934835,-3.07555878885
454,454,0.832859418566,-1.92311680227
455,455,-0.0532469152041,-2.69836087652
456,456,-0.0238628168358,-2.65843115423
457,457,-0.197121015975,-2.67182788653
458,458,-0.404460117919,-2.45758152125
459,459,3.04019378419,-0.794701456605
460,460,0.184542430911,-2.82551966888
461,461,1.3916060522,-2.43608959313
462,462,3.2588873955,0.033117000379
463,463,0.27672696789,-2.86625567652
464,464,-0.966210039927,-1.46948347922
465,465,0.768070571191,-1.90926491693
466,466,0.036959555998,-3.44196229671
467,467,1.31167011012,-2.59485977065
468,468,0.199240916193,-2.45425568608
469,469,0.376789980352,-2.53476043137
470,470,-0.216862662403,-0.309135533142
471,471,0.696543391967,2.77607466342
472,472,-0.381091259472,-2.72040861648
473,473,1.09666787778,-2.08212199166
474,474,-0.471681840536,1.40771886356
475,475,1.95714256394,2.0599413266
476,476,2.15190568584,2.34926022753
477,477,2.39280913814,0.342478197491
478,478,3.73923350961,-0.194448408923
479,479,-0.030395816325,-2.4154016801
480,480,1.1199979133,-1.46479149238
481,481,-0.444139538273,2.36087953704
482,482,0.185275795397,-1.89917345564
483,483,-0.861765621715,1.08535988527
484,484,0.219310532588,0.0307002805838
485,485,1.82405278677,0.511325831454
486,486,2.24797676748,-0.173497257132
487,487,2.4787787468,0.188190613425
488,488,2.56060658003,-0.186355270894
489,489,0.0128997546188,-3.31876465489
490,490,0.70791441516,-2.79234762949
491,491,-0.824806884723,2.12786516537
492,492,0.0720146593179,3.36067296742
493,493,1.03090771882,-1.88665800468
494,494,-0.0160401980732,2.6115120036
495,495,1.27534403373,-1.355035016
496,496,2.54374503774,-1.15585198462
497,497,-0.033093348416,-2.37745847106
498,498,2.29492511775,0.15659852426
499,499,2.28665841159,-0.447445669032
500,500,-0.182090867348,-3.77898261393
501,501,0.00915011201365,-3.70476648093
502,502,0.410059442773,2.28994395934
503,503,-0.340165918406,3.02720053834
504,504,-0.19385112534,3.17514619735
505,505,0.593961611843,3.30822655193
506,506,-0.157147047208,-1.80900993938
507,507,2.95068611951,0.946962877714
508,508,0.108126692834,2.9264080305
509,509,-0.198976692947,-3.08534353298
510,510,2.52763465224,1.9838168555
511,511,0.176829973833,-3.84199271423
512,512,0.0711525723016,-2.33403773413
513,513,0.416300604697,-3.59307572008
514,514,-0.244906684059,2.18531160677
515,515,0.956678662108,-1.67195917364
516,516,2.37412373941,-0.200042579968
517,517,3.28779258435,-0.309038855253
518,518,-0.22151798793,-3.19134030228
519,519,0.100140996731,-2.57631377771
520,520,-0.151293735835,-2.91728720003
521,521,0.00178423372148,-3.08303028491
522,522,0.34562633808,-2.86752206972
523,523,0.333130549832,2.52705914297
524,524,0.00253899021811,3.15376332662
525,525,-0.226951905559,2.09685860214
526,526,0.489734831252,2.22768784571
527,527,0.00385946880321,2.33300782134
528,528,-0.647265445146,2.89962194667
529,529,-0.165105087468,-2.57186208573
530,530,-0.136770684616,-1.50154179898
531,531,0.644086529473,-2.5398212457
532,532,-0.182038044468,2.59501286585
533,533,-1.28329267391,1.5744495588
534,534,-0.455526872335,2.34598350744
535,535,0.438420578425,-2.09593249289
536,536,-0.359941995827,1.9872637404
537,537,-0.580643441733,2.60711816283
538,538,-0.363333757175,1.9681707108
539,539,-0.881931574144,2.17135285787
540,540,-0.757485797626,2.45086990168
541,541,-0.532338089003,3.11360241498
542,542,-0.886651832839,2.75945381607
543,543,0.930323807933,-2.04594321396
544,544,2.49134643681,0.505431274966
545,545,2.68289118627,0.343290924834
546,546,2.75594997833,0.400189921742
547,547,2.93049488078,-0.183129192924
548,548,2.46268657874,0.375593060691
549,549,0.276185146197,-2.81188045172
550,550,0.925183275323,-2.42725949255
551,551,0.574421237187,-0.855743977191
552,552,-0.775077541005,2.07852446118
553,553,-0.512084807535,2.19759940255
554,554,1.13611896215,-1.77711804772
555,555,1.29385091102,-0.834986235726
556,556,0.0270427654133,1.18928464573
557,557,-0.630025623945,0.234017715324
558,558,-0.677760650539,1.0092426508
559,559,0.64328435986,0.843567463441
560,560,-0.592001894188,1.25306789623
561,561,0.724831118996,-0.287151669945
562,562,2.08566345738,0.702373962437
563,563,2.48439189009,0.462471935414
564,564,2.9352808621,-0.64062560992
565,565,1.59353235249,-1.60495544598
566,566,3.38779338499,0.48889943215
567,567,2.47769366984,-0.431172346666
568,568,3.0690969685,0.322731612706
569,569,2.53509379224,-0.0849365016184
570,570,-0.0980562497234,-2.49034745352
571,571,-0.414105502753,-3.35135653264
572,572,0.293834532894,-3.16802215755
573,573,0.703416407019,0.0484860907033
574,574,1.21379246026,-0.357600235642
575,575,0.226941057051,-1.94998816784
576,576,0.433414070439,2.81637495117
577,577,0.468590357288,-1.85078120768
578,578,2.97986758376,2.13566366625
579,579,0.25187315119,-2.72978580146
580,580,0.3994121711,-3.42913900152
581,581,0.0433959057903,2.93173970147
582,582,-0.0732867834177,2.42524073316
583,583,-0.295428947,-1.9206900042
584,584,3.02559457224,0.486439504801
585,585,2.50073470139,0.12535023214
586,586,0.0255642420737,-3.67296310037
587,587,2.98679858182,-0.124065804141
588,588,-0.0205257029664,-2.40892171566
589,589,0.681656561915,-1.06721271714
590,590,-2.00787208387,2.84048493409
591,591,-1.67799632942,1.56532430539
592,592,-2.03969309234,1.49463843731
593,593,-3.05228554488,-2.61699217437
594,594,-1.10275630505,2.23506342074
595,595,-0.544234321538,-2.47440415094
596,596,0.658511682094,-0.52589321497
597,597,2.34787820279,-0.134245178541
598,598,2.02711130537,1.87823471669
599,599,0.439629601289,-2.30240437475
600,600,-0.319559436218,2.85885756415
601,601,-0.162479814587,2.41520901485
602,602,2.06206895625,-0.452195113157
603,603,-0.122130179184,-3.10284827236
604,604,-0.0687616278533,-3.21127309174
605,605,1.39438851383,0.727015182915
606,606,0.832612856159,2.49276598492
607,607,0.614958969983,-1.42230489178
608,608,-0.646717151456,1.22267315254
609,609,1.29703371494,-1.93285754312
610,610,-1.28103591357,2.198085616
611,611,2.10921834542,-1.57126434334
612,612,1.79407623979,0.515300715611
613,613,0.993881677494,0.470063571451
614,614,0.784964663856,1.32503105885
615,615,0.491957633836,0.566378208992
616,616,0.613964274933,0.685200051188
617,617,0.746759627408,0.514322398778
618,618,0.576224889713,0.656882273932
619,619,1.68607182766,-2.23319880877
620,620,0.998953398112,1.33052855106
621,621,2.1773154942,0.0253009243207
622,622,0.97524694699,-2.04411314635
623,623,1.99851671325,1.17968855774
624,624,0.653252769621,1.59795160438
625,625,-0.16850002113,-1.03556070911
626,626,-0.320375462488,-0.576421696158
627,627,0.60064670037,1.34037206861
628,628,1.25491789383,0.733705733154
629,629,1.77225961934,0.471249317865
630,630,-1.27952693981,-1.49384631742
631,631,-1.13856697546,-2.38323943264
632,632,-1.46569058196,1.20095812786
633,633,-0.958478644994,-1.45552442342
634,634,2.72001212291,0.198497984761
635,635,0.0796703738819,-0.126676463199
636,636,-1.0564161818,0.871125094448
637,637,-0.0330391781745,0.474895817914
638,638,2.79962335164,0.493948961287
639,639,0.0622290679801,0.140552081543
640,640,-0.550581919747,-1.76686877776
641,641,1.20015401701,0.414448547674
642,642,0.906104914835,0.825453198795
643,643,-0.581856741798,-0.973181863182
644,644,-0.414628856383,2.15886412981
645,645,0.121688225591,1.41087542362
646,646,0.774487642505,0.710343361099
647,647,2.11598808464,1.42961438884
648,648,2.26269927234,1.36691058333
649,649,0.485929069363,1.94366559926
650,650,2.24207189221,0.672850631349
651,651,-0.411146512149,-1.82281525304
652,652,-0.354543924357,-1.477733846
653,653,2.33940842251,0.134540839407
654,654,1.88172028664,2.27213474936
655,655,0.799264262807,0.787763881609
656,656,-0.629882376304,-2.00200762645
657,657,1.61986282679,0.499081915332
658,658,0.133761476056,1.12925188029
659,659,2.56565018607,0.668749333203
660,660,1.99744879281,1.8426005835
661,661,2.44683281704,2.46053285196
662,662,1.97531569963,1.99247858804
663,663,1.52359606171,1.79335250305
664,664,1.71229708438,1.79057101762
665,665,1.61275176494,2.03432746121
666,666,1.68466761828,1.6612765094
667,667,0.405212059666,-2.98858046102
668,668,-0.680941152099,1.75390231956
669,669,1.25871945168,1.33696653755
670,670,-0.448307241129,-1.76031500649
671,671,1.04161560763,1.0952611633
672,672,2.68839810429,-0.1731565627
673,673,-0.712045819809,1.77080834537
674,674,-2.37853201579,1.86937832827
675,675,1.12737258004,-0.808916176776
676,676,0.144313881671,1.6588921014
677,677,1.67954875781,1.17677356682
678,678,2.67931199849,1.39810055606
679,679,0.00763491582117,2.52459374192
680,680,2.01679066476,0.505430074762
681,681,2.4009826515,0.361145652005
682,682,2.69152279438,-0.187857510473
683,683,1.3197005985,0.910274867751
684,684,1.50839379229,1.74526572234
685,685,0.0212831617889,2.82006553737
686,686,0.356927828095,2.94090625416
687,687,-0.0518505233041,2.14876615814
688,688,0.196182826681,2.00114403199
689,689,-0.239193101352,2.09140881096
690,690,-0.890912416288,2.30030439214
691,691,2.86530150917,1.74538632225
692,692,2.02776255247,1.32627086323
693,693,-0.162688846102,-2.83175008716
694,694,2.11534340534,2.43528683894
695,695,-0.0689038899437,-2.04553475376
696,696,1.36311981318,2.0223142342
697,697,1.19195105155,1.70417891438
698,698,2.22100769266,0.391105042691
699,699,2.47735844054,0.692102397759
700,700,-0.0889351388597,-1.58523831819
701,701,-0.370052303344,1.07238240774
702,702,-0.611766176695,2.3792804081
703,703,-0.0412889038724,1.65816024454
704,704,-0.545391648749,-1.19576985351
705,705,-0.140284832573,2.12945452392
706,706,1.54807994935,1.70710981268
707,707,-0.530098059326,-2.02930245971
708,708,0.984486589482,1.9132003367
709,709,0.980309502804,0.997795767718
710,710,0.345013045927,-2.22598334445
711,711,1.18720261041,0.571584500546
712,712,-0.000274875711232,-0.690489992421
713,713,-1.18090652495,-1.62001550404
714,714,0.048295312542,-2.19973525316
715,715,-0.711712084665,2.10069616252
716,716,0.346336896258,3.18168647772
717,717,-0.0189099661554,-2.33340015479
718,718,0.828519255971,1.31013648829
719,719,0.290003770153,-1.54074807636
720,720,1.068721544,1.43786791449
721,721,-0.00677261573638,-1.34768740508
722,722,-0.512372583624,-1.54614033885
723,723,0.891990975642,0.917903748214
724,724,0.840655847033,1.48263723941
725,725,0.848053828574,0.711810725346
726,726,-0.900808562635,-2.61678059124
727,727,-0.602350571584,-1.33202759194
728,728,1.38421474878,-0.628337525182
729,729,1.58611923056,0.405788833828
730,730,-0.32770191162,-2.69439212606
731,731,0.362468782864,-2.85607344787
732,732,-0.110008610406,-1.99584068153
733,733,2.69500168554,0.411214258394
734,734,0.161189386326,-2.92854348145
735,735,0.531149178234,2.37236741907
736,736,-0.0863409966017,-1.19661084437
737,737,-0.864836243141,1.8395975195
738,738,1.66469272615,-1.41416690323
739,739,-1.85975041765,2.38647105094
740,740,1.28265379823,-2.07531099008
741,741,0.15263651347,2.37655361247
742,742,-0.554064697791,0.963136264859
743,743,0.901531004105,-1.24234220804
744,744,0.556576088688,0.372326687997
745,745,-1.13760693449,-1.63952539874
746,746,0.778130800513,-2.13858391195
747,747,0.798907639428,-0.654567204685
748,748,2.17520728101,-1.3875639972
749,749,0.0811402318167,-2.06715773797
750,750,-0.4604127711,-2.77386274372
751,751,-2.09469901952,-1.33512382331
752,752,0.264842148321,1.71708145676
753,753,2.73761314379,0.455420521631
754,754,-0.491030610294,-2.74127871379
755,755,-0.160478724106,-1.69563846891
756,756,-0.324747584956,-1.82663270293
757,757,0.154326781077,-2.42021407555
758,758,-0.934028205095,-2.16815382649
759,759,0.109926203269,-2.02232559649
760,760,-1.06816240594,-2.33520988823
761,761,-0.429758720578,-1.27036886446
762,762,0.226221193104,-2.10293306233
763,763,-0.22367615801,2.01293304641
764,764,1.97546864207,0.719398947386
765,765,0.387009195962,-1.77731754978
766,766,-1.02223955942,-0.912772410131
767,767,-0.18198201282,-2.7504209515
768,768,0.046486909113,-1.6630238761
769,769,-1.55960139207,-1.50285547086
770,770,-0.949116068258,-1.54870366731
771,771,1.3811378263,-2.46918948504
772,772,-0.927777878933,-2.72918393876
773,773,1.84690176655,-2.07529831588
774,774,2.08103109137,1.18349990102
775,775,1.02095870605,-2.57542242634
776,776,1.61340690724,-2.15192821227
777,777,-0.108455799906,1.54641294495
778,778,0.749819974992,1.0430026173
779,779,-0.189544979783,1.27123552216
780,780,0.240630184587,-1.11126743656
781,781,1.26304435049,2.39383517074
782,782,0.0982093433056,-2.83531953598
783,783,-0.0218175974572,-3.12756114645
784,784,0.602225784378,-2.36947295592
785,785,-0.615240581944,2.50814780273
786,786,-0.124608959302,2.41255749771
787,787,-0.340044886869,2.75854197982
788,788,-0.127009641439,2.73653118567
789,789,0.122319033892,-2.18799386199
790,790,0.0276303838952,-3.06079283093
791,791,-0.869407683299,2.64081853415
792,792,-0.215115244907,-2.38075335398
793,793,1.64549030396,-1.68961840653
794,794,-0.174783251312,2.35632905068
795,795,-0.251057512302,2.27712438781
796,796,-0.218794714296,2.4428139786
797,797,0.886756246051,-2.76536529396
798,798,1.88127142445,0.629470082069
799,799,2.57714834618,-0.214723753785
800,800,2.36904228824,-0.0298220908769
801,801,1.97810529765,0.14264712753
802,802,-0.0410730963931,-2.77660559119
803,803,0.503139819483,-2.71302415409
804,804,2.38027690467,0.0667935382167
805,805,-0.374822342491,3.12203274323
806,806,-0.0461049280027,2.44002557952
807,807,-0.473109715945,3.03270717105
808,808,0.1608469257,2.68321116382
809,809,0.343674858965,-2.0771440605
810,810,-0.0887236886356,-3.46822571651
811,811,0.186954986476,-3.31738433667
812,812,-0.00241389950379,2.76462507428
813,813,0.323672963299,3.38987429383
814,814,0.853704288454,-2.24778340763
815,815,2.4554944663,0.456847254453
816,816,-0.654557207928,2.67502749992
817,817,0.0962299033926,2.98877548927
818,818,1.20791878383,-3.01573808355
819,819,-0.022481718316,-2.92278425989
820,820,0.474854796993,3.12739795279
821,821,0.699523054795,-2.26961165337
822,822,3.05591543439,-0.046694938534
823,823,2.75472875387,0.044438686733
824,824,-0.249823708283,2.82570530376
825,825,0.195672076147,2.14030176202
826,826,2.80470496321,-0.237549827715
827,827,0.567276272556,3.31827966125
828,828,0.0491265453773,-2.10776262875
829,829,-0.133955758788,-2.45420202814
830,830,0.0859923853953,-2.3982765068
831,831,3.03407617466,-0.223411442717
832,832,0.639876277702,2.44177826256
833,833,0.0759233827005,2.89968314651
834,834,-0.383608050732,-2.04207461847
835,835,1.71183283491,0.320370434626
836,836,1.8877720253,0.623885008915
837,837,2.61686588329,-0.263192399264
838,838,1.9816398468,0.163026804349
839,839,0.368244693885,-2.60104243083
840,840,0.429841769005,-2.69194261077
841,841,-0.286551804163,3.11392320549
842,842,1.47577535097,-2.8750834995
843,843,0.261387091319,-2.78874979141
844,844,-0.1039014439,-2.59749121313
845,845,0.072282942918,2.06082352069
846,846,0.380967304906,2.60512515726
847,847,0.17848161722,2.39805150415
848,848,-0.0724262155857,2.70374945869
849,849,0.325215801543,2.72943823552
850,850,0.157959855122,-2.56765029321
851,851,-0.387400992082,3.20364503982
852,852,0.787678760638,-2.23780665905
853,853,0.172172482697,2.94805735695
854,854,0.396262410989,-2.76714278667
855,855,-0.092620389253,-2.58855062695
856,856,3.27547080629,-0.0807435958121
857,857,0.198728411238,-3.56097193437
858,858,-2.36309799994,0.163834283965
859,859,-1.87808426656,1.83503599341
860,860,-2.06039436137,1.53043782315
861,861,0.308342538825,-0.784477145685
862,862,-2.4245341209,-2.51863232676
863,863,-1.27349478878,2.21151523298
864,864,-0.640814934385,-2.40647847778
865,865,2.12484319366,0.411823913642
866,866,2.88442287725,-0.143267672259
867,867,2.69361775549,0.163753583184
868,868,0.239815438545,-3.11499783394
869,869,1.00373131847,-2.15843007092
870,870,0.554977925999,-0.910621141145
871,871,2.1545807165,0.390312471826
872,872,-0.125060558767,-2.96273837073
873,873,-0.656123339974,1.62600118578
874,874,-0.088210293295,1.24460580372
875,875,2.55251765994,0.565504284527
876,876,0.0659246056828,-0.426912156366
877,877,0.0135390881869,-1.01937865543
878,878,-0.63074275799,-2.70654959399
879,879,-0.0742032134103,-1.03873746155
880,880,-0.381746000342,1.37817252955
881,881,0.132535949206,3.10820029304
882,882,1.81591156154,0.155355367728
883,883,2.64629443005,0.517177513962
884,884,2.8826186824,0.0325369029161
885,885,-0.42852006063,-3.34026241156
886,886,-0.0467941847453,-2.60582615373
887,887,0.0354647708167,-3.50588146886
888,888,3.48352782012,0.271400018413
889,889,0.138266446498,-2.23106359112
890,890,0.327519195136,-2.42051761087
891,891,2.09694522453,0.993665091255
892,892,-0.109806397865,2.45786586892
893,893,0.508511600017,-2.83357114737
894,894,1.48623538494,-2.68699152437
895,895,0.3731866418,-1.9508252045
896,896,-0.381715514431,-3.24117750173
897,897,0.0931660974421,-2.84524038984
898,898,1.37232782895,1.31211651075
899,899,0.923129307061,-3.21410598118
900,900,1.34951541721,0.765332729168
901,901,0.352734654925,2.68917027654
902,902,1.08159311527,-1.25302945186
903,903,0.0295561376772,1.66465794187
904,904,-0.284913915105,1.60593035167
905,905,1.84675640632,0.632708724378
906,906,1.99835209338,0.867357810561
907,907,2.30756285946,1.20343586041
908,908,1.47402384321,-0.39974676984
909,909,2.47737942311,0.841929611672
910,910,2.97247378852,-0.259213834722
911,911,0.118313295063,2.22968248443
912,912,1.94681618346,0.0685057406856
913,913,3.34068113961,0.402657239509
914,914,2.12090807504,-0.657195357188
915,915,-0.0589780050843,1.47486804558
916,916,-0.0839611059591,2.17527270943
917,917,0.0174235007548,-2.00263558586
918,918,0.182900211508,-2.03065160685
919,919,2.04924655669,-0.9294934893
920,920,1.49441599405,-2.2120517936
921,921,0.654300780604,-0.1562496251
922,922,0.134577738664,-2.25615029765
923,923,0.562715495588,-1.97473048871
924,924,-0.540989716412,2.0184578796
925,925,-0.000460076559957,1.57868336222
926,926,-1.05128904872,-1.61939274733
927,927,0.0476820425692,-2.45434496373
928,928,-0.185923153103,1.02175134377
929,929,0.552385985383,1.54614237978
930,930,-0.260761988538,3.05978419723
931,931,2.67139642111,-0.012638352254
932,932,1.04624937883,-0.80715367651
933,933,2.9751083763,0.0413635439443
934,934,3.11419803009,-0.247509375392
935,935,-1.89407991518,-2.00281589199
936,936,0.687173720388,0.350378846523
937,937,1.17343107984,-0.642171153015
938,938,-0.0758672051603,-1.87839412102
939,939,-1.33975373895,1.52881042901
940,940,-0.445298118464,1.29827252941
941,941,1.11471468815,1.48555209493
942,942,2.22786842841,1.05024718239
943,943,-1.12031569811,0.253691528929
944,944,-0.0252367582095,0.818011180677
945,945,-0.260912546145,-1.64034707313
946,946,-2.14600316732,-2.15019265578
947,947,-0.214661883648,1.56106660927
948,948,-0.795808595506,-1.11343915631
949,949,-0.656389085358,-1.74314937198
950,950,0.315729821894,0.725968728752
951,951,0.257739415506,1.08175957113
952,952,-0.165519601242,-2.12522682591
953,953,-0.161206452179,-2.66117337768
954,954,0.320217843841,0.869621286307
955,955,-0.205169433168,-0.804388405759
956,956,0.483287011873,2.35349880166
957,957,0.235936974174,1.02437776677
958,958,0.68756277111,-2.26843644684
959,959,0.0318173731066,-2.16948516327
960,960,-0.237896547662,-2.19467680529
961,961,0.541274549522,-2.40559779031
962,962,0.410781359385,2.84444796055
963,963,0.968876782957,-0.550416360847
964,964,0.0425495673445,-2.50772713782
965,965,0.0689634330158,3.21111349014
966,966,0.930179581191,-0.0968427829028
967,967,2.83641222676,0.543780858484
968,968,-1.07058945121,-1.54475770604
969,969,-2.28454904959,-2.26578726271
970,970,-1.10541420563,-1.78054072488
971,971,0.0680814479671,1.23168297772
972,972,-0.696174594756,-0.49209050732
973,973,-2.01707701897,-2.17608566547
974,974,-1.53208995357,-1.75676313956
975,975,-1.44211235866,-1.42857068309
976,976,-0.817527626973,-1.70938533145
977,977,-0.515030606997,-2.05752511074
978,978,-1.42471127231,-2.31655555727
979,979,-0.595212479342,-2.12539923321
980,980,0.417372154915,-0.832017669103
981,981,3.2461178998,-0.0820809485368
982,982,0.123568534518,-2.52285451982
983,983,-1.46664959218,-2.0418184182
984,984,0.116904850951,2.81234559951
985,985,-0.250860155449,-1.46214994722
986,986,-0.750284982285,-1.63509334688
987,987,-0.911192683447,-1.74957449024
988,988,0.156985200059,1.09869492351
989,989,-1.10738077948,-1.8608231153
990,990,-2.35450241773,-2.93807712002
991,991,-0.329441272113,2.85510209994
992,992,0.0558620647058,-1.68879605661
993,993,-0.0226931194464,-2.43187206689
994,994,0.29978186016,-2.54878056803
995,995,2.0850329846,0.536253531546
996,996,0.562918705628,-2.66633083527
997,997,-0.886016083995,-1.55562767175
998,998,-1.65698674977,-1.65545845972
999,999,0.087413740918,0.376334611335
1000,1000,-0.680666394318,1.05581589277
1001,1001,-0.505001309052,0.84083630725
1002,1002,-1.09293975952,-0.98017586871
1003,1003,-1.7728815689,-1.05124521886
1004,1004,0.06220652017,2.12230524518
1005,1005,-0.531569550067,2.63513989735
1006,1006,1.09641133048,-1.60659876786
1007,1007,0.297001168571,-0.318279160857
1008,1008,-0.351100661614,2.22092481132
1009,1009,1.12933945007,-1.99838738149
1010,1010,2.59577611215,0.0978136326456
1011,1011,2.88356962129,0.0881938577503
1012,1012,2.64369506117,-0.0604292885157
1013,1013,0.880446813287,-1.96298934914
1014,1014,0.19494637268,2.10371932936
1015,1015,0.381129787507,-3.27189569734
1016,1016,-0.740202413657,-0.679794206362
1017,1017,-0.717422646735,1.89315809948
1018,1018,2.09919960865,0.321935646885
1019,1019,-0.216884524823,1.65831258173
1020,1020,0.447375319725,-1.92895838577
1021,1021,0.517185295345,0.0969894013056
1022,1022,0.27307325654,-1.75971108081
1023,1023,-0.933516079742,1.83473567465
1024,1024,-0.199078169735,0.927476998132
1025,1025,-0.169125804128,0.984233673494
1026,1026,0.741525133015,0.326828331485
1027,1027,-0.20691981207,-0.136209446001
1028,1028,-0.943118081834,0.257593245394
1029,1029,2.56140415011,0.147811256514
1030,1030,-0.493825320641,0.935038463574
1031,1031,1.17631534575,2.52961774098
1032,1032,-0.413204870603,0.826907361133
1033,1033,-0.922064525917,-0.420326404837
1034,1034,-0.379943559837,-1.59712905399
1035,1035,0.650861667615,-0.94508203377
1036,1036,-0.434803411416,-0.797942762988
1037,1037,0.000270472779555,3.0366916996
1038,1038,1.52381964193,-1.12626810854
1039,1039,2.70193566494,-0.9361152772
1040,1040,-0.237864539195,-3.24095985483
1041,1041,2.45253506071,0.291260607057
1042,1042,0.252240667968,-3.58602603758
1043,1043,-0.224116811767,-2.67539202422
1044,1044,-0.872801746684,1.58021395287
1045,1045,-0.959753701794,2.24175696056
1046,1046,-0.986679685259,2.3202187899
1047,1047,-0.372065329437,1.70328540699
1048,1048,0.945894879643,-1.8525401949
1049,1049,-0.0635198764108,3.00079782942
1050,1050,2.06200315023,-2.55336755198
1051,1051,0.562994226844,-2.40379856076
1052,1052,-0.624120963478,2.49407660903
1053,1053,-1.21777880306,2.49637398312
1054,1054,-0.662749169811,2.27681006254
1055,1055,-0.293933975279,2.57063626093
1056,1056,0.774279288729,-2.70715417516
1057,1057,0.808900715074,-2.05749491694
1058,1058,0.484014760412,-2.87427031298
1059,1059,0.300250401629,1.96000176578
1060,1060,-0.197061981587,2.54304074386
1061,1061,1.39858641524,-1.84589961038
1062,1062,0.0797162803008,-2.43621423365
1063,1063,0.665276325854,-1.92359235475
1064,1064,0.0350883609754,2.53290234736
1065,1065,-0.10192435369,2.52199840482
1066,1066,0.123960510485,2.10079147517
1067,1067,-0.28794520031,2.36094208763
1068,1068,0.418542474444,-1.72443178553
1069,1069,0.0830596542951,2.56680582149
1070,1070,-0.609413991755,2.37952916913
1071,1071,0.304131766464,-2.18900825182
1072,1072,2.69141775993,1.24847241129
1073,1073,-0.00559774386696,-2.72058273192
1074,1074,3.83225704885,1.17990962269
1075,1075,-0.787100512685,-0.97012056509
1076,1076,0.384181936806,0.58082774341
1077,1077,-1.32810411838,-1.18256534665
1078,1078,-1.07667340706,-0.981850479505
1079,1079,-0.622510137617,1.78566597924
1080,1080,-2.38802577621,-2.12984025181
1081,1081,-2.30379875703,-1.96308793784
1082,1082,1.96266131044,0.173646230313
1083,1083,-1.96912255303,-2.24234373851
1084,1084,-0.382521626229,1.85371410926
1085,1085,0.452777845819,1.40000843332
1086,1086,-0.107289958358,0.432258058759
1087,1087,-1.43321523555,0.924121307252
1088,1088,0.493264705163,1.55140434534
1089,1089,-0.510264737196,1.14567165861
1090,1090,-0.375305979066,-0.977493580474
1091,1091,-1.14707750367,0.888533969723
1092,1092,0.515700701996,1.43901352665
1093,1093,-1.2516841142,-2.08730559072
1094,1094,0.267134495091,-2.57023796959
1095,1095,-0.790008698831,2.34634371303
1096,1096,-0.0922891359198,-2.65818048882
1097,1097,-0.234316043255,-2.54797287526
1098,1098,0.306421687916,-2.4457708939
1099,1099,-0.0529469759852,-2.25114490276
1100,1100,0.500404320714,-1.8496913416
1101,1101,-1.85276007664,-2.1854095494
1102,1102,-0.419055136928,-2.16178386859
1103,1103,0.0873415144765,-2.94411542315
1104,1104,-1.19619690794,-1.61138535339
1105,1105,0.142416608932,-2.37536837225
1106,1106,3.01776118143,0.373527495214
1107,1107,-0.449530334117,2.36845956674
1108,1108,-2.09187527773,-2.08624481879
1109,1109,-0.17965756775,2.30553280754
1110,1110,0.432228006493,-1.17519382794
1111,1111,-0.21419583679,2.64326824462
1112,1112,0.90113849584,-1.75417445116
1113,1113,3.41619121699,-0.37355474322
1114,1114,1.66127372066,0.853642296434
1115,1115,0.16078005329,-2.41035594823
1116,1116,0.378378759571,-2.16003477167
1117,1117,-0.651098101075,1.19037761917
1118,1118,1.30036774104,-2.03915831871
1119,1119,1.53877215177,-1.07087338819
1120,1120,-0.526351235275,1.4105387073
1121,1121,-0.705100168814,2.22319435121
1122,1122,0.218093044943,2.60307942512
1123,1123,1.23240522066,0.368720728419
1124,1124,-0.720166240182,-1.54831537631
1125,1125,1.68822999042,-2.00615497345
1126,1126,-0.569566357587,2.97923648256
1127,1127,0.331849556185,1.30286351224
1128,1128,1.87136494056,-1.15011138497
1129,1129,-0.926107706891,2.33639548475
1130,1130,1.07232436391,-1.64447408357
1131,1131,-1.38011923727,-1.90868342336
1132,1132,0.70851182596,-2.00087729685
1133,1133,-0.263419873943,-2.47897040206
1134,1134,0.230732949085,-3.27572858782
1135,1135,0.932171125414,-2.14334275679
1136,1136,-0.243278957276,2.4991955649
1137,1137,0.0676106393794,-2.10470694287
1138,1138,0.356409629984,-2.42733609244
1139,1139,0.542222156532,-2.53106297443
1140,1140,-0.176472039386,2.600870073
1141,1141,0.508949938631,1.91145820852
1142,1142,-0.188930399211,2.68413392934
1143,1143,1.2867513297,-1.601440454
1144,1144,2.52696303593,1.65044925809
1145,1145,2.93950282641,0.0839432002605
1146,1146,1.22870093532,1.62369670609
1147,1147,0.564675997987,2.2374873345
1148,1148,0.235633088409,-2.84366933583
1149,1149,0.552155851519,-2.44216651112
1150,1150,3.34833457716,0.365255573561
1151,1151,-0.151007320055,2.69138298862
1152,1152,0.556577780817,3.28119623033
1153,1153,2.95007955324,0.435463933768
1154,1154,-0.357451934784,-2.82932411522
1155,1155,-0.0701381802828,-2.78738980868
1156,1156,2.12075115068,0.500788744199
1157,1157,-0.0467164641732,2.5874395794
1158,1158,2.14355233558,0.50987102868
1159,1159,2.67791295597,0.0733280658303
1160,1160,0.425201086629,2.56406602849
1161,1161,0.191479870339,-1.08823714464
1162,1162,-0.00803772434526,2.26546822003
1163,1163,0.354145054638,2.16298004011
1164,1164,0.535542128331,-1.54757565509
1165,1165,1.49696163946,0.544184446211
1166,1166,0.833215070062,1.96810429958
1167,1167,2.81587023441,0.22840757597
1168,1168,1.26029150042,-2.02588683129
1169,1169,2.97070227635,0.219870074569
1170,1170,2.29848776718,0.381001115025
1171,1171,-0.44907783242,-2.95967488475
1172,1172,0.646170425605,-2.93748465502
1173,1173,-0.414524593777,3.29989781533
1174,1174,-0.445583101389,3.37932093531
1175,1175,0.527550453929,2.10327907908
1176,1176,0.359343978877,3.09529151238
1177,1177,0.26296668931,-1.72679281556
1178,1178,1.53502130276,0.521093967778
1179,1179,-0.661342318057,-3.05127834315
1180,1180,-0.0780606090229,-2.49378692442
1181,1181,2.64359965691,0.466072995547
1182,1182,-0.805620394961,-2.50958893076
1183,1183,-0.583210772333,2.84015799613
1184,1184,-0.547311763531,2.46754125097
1185,1185,1.15416486701,-2.002425026
1186,1186,0.0666587616192,-2.40687691733
1187,1187,-0.473838595252,-2.35072639101
1188,1188,1.04713846011,-1.60652971614
1189,1189,0.18138510352,-2.78635254773
1190,1190,-0.861572127863,-2.57543733414
1191,1191,-0.178779234121,-2.9739492825
1192,1192,-0.586423110558,-2.50386247377
1193,1193,-0.358855663249,-2.28358878668
1194,1194,-0.344810844602,-2.10353480101
1195,1195,-0.733993798292,2.5490903495
1196,1196,2.19016856737,-0.174419330148
1197,1197,3.26633912511,0.573444346888
1198,1198,3.17959788774,0.494683694586
1199,1199,2.65265291084,0.364480574351
1200,1200,1.09836798621,-3.10685274159
1201,1201,1.08895458729,-2.32283576239
1202,1202,-0.724075191838,1.73825531551
1203,1203,-0.817464124487,2.59155808987
1204,1204,-0.404434101854,2.11584738616
1205,1205,1.83079923539,-2.38812325163
1206,1206,-0.00784478790722,2.38593602629
1207,1207,0.0637669943068,-2.53183402627
1208,1208,0.587179184018,-2.44506465631
1209,1209,2.90859841861,0.0349527067479
1210,1210,3.43811743281,0.38559047988
1211,1211,0.278516207302,2.37948747184
1212,1212,1.2311721098,-2.32458995181
1213,1213,3.00211275012,0.0765795018035
1214,1214,1.81592298563,0.577741107917
1215,1215,0.245972453825,-3.09786388832
1216,1216,0.218528922014,-1.77694526409
1217,1217,-0.184755054029,-2.31924109572
1218,1218,0.501541978024,-2.31035898916
1219,1219,2.34906804094,0.211275294894
1220,1220,1.51328383805,-1.2085715094
1221,1221,1.71684786585,-1.18564001269
1222,1222,1.40179077383,0.668161126768
1223,1223,1.42401927091,-1.11556735741
1224,1224,2.9943571826,-0.411670135087
1225,1225,2.89341228749,-0.246662970452
1226,1226,0.271461152996,-0.14143549185
1227,1227,-0.276713947665,3.32443687493
1228,1228,0.66919252163,-0.024018733304
1229,1229,-0.266104513144,2.42088827198
1230,1230,0.0932153255088,-3.48461546561
1231,1231,-0.280980505896,-2.73835247635
1232,1232,-0.244228433088,2.80920552109
1233,1233,1.66151790219,-2.6824130643
1234,1234,0.0980783862875,2.54174754988
1235,1235,0.290554621599,-2.10205369191
1236,1236,2.74839091606,0.249177679345
1237,1237,0.349383059113,-2.31038432632
1238,1238,-0.0136072836742,3.41705646729
1239,1239,1.1240231033,-1.89385173168
1240,1240,-0.0674267031308,-2.18569655122
1241,1241,2.49697669037,-0.132096862626
1242,1242,-0.302614760385,-2.93770129847
1243,1243,0.0825481788966,-3.26139450396
1244,1244,0.635776805761,-2.96424621438
1245,1245,-0.117112139989,3.08354095953
1246,1246,0.289784358874,-2.95506437058
1247,1247,-0.300006652042,2.56765438788
1248,1248,0.289141234447,3.49457196051
1249,1249,0.485727869227,-2.60299127605
1250,1250,0.220242196766,2.40594864598
1251,1251,-0.134973656299,3.35730350251
1252,1252,-0.0293815730668,3.08915647841
1253,1253,0.682240710332,-2.14281274668
1254,1254,2.53785211588,0.706041908622
1255,1255,2.6783195963,0.147775961274
1256,1256,2.92287253642,-0.0570611582462
1257,1257,3.01635778299,0.475843296383
1258,1258,2.14177928986,0.424014237108
1259,1259,2.72454903914,-0.216989534847
1260,1260,2.62898201628,-0.110935545034
1261,1261,2.7961765241,0.467300837835
1262,1262,0.139261555657,-2.1084539112
1263,1263,0.13300243784,-2.43593896016
1264,1264,2.26806284068,-0.167782249952
1265,1265,0.647161196089,3.4497564068
1266,1266,1.21407097709,-0.0880406936743
1267,1267,1.74608278884,-0.208214428348
1268,1268,-0.0705219103693,-2.44761243206
1269,1269,0.218651254266,-2.18595584041
1270,1270,1.79911815057,0.0534365763735
1271,1271,-0.104200075454,2.74800380454
1272,1272,1.83900858171,0.621138414489
1273,1273,-0.675543007222,-2.53582481376
1274,1274,0.635524325126,-0.638466374218
1275,1275,-0.0633930379797,2.99637955808
1276,1276,0.537268226404,-2.87534613741
1277,1277,0.708698264963,-2.93858417889
1278,1278,2.7449189426,0.422747999493
1279,1279,2.18112458014,0.236602931627
1280,1280,0.700879314688,-0.12369946462
1281,1281,2.85839384195,0.219361997178
1282,1282,2.83599013596,0.302678048325
1283,1283,2.57392955254,0.317895003329
1284,1284,-0.413643196896,-1.90838965674
1285,1285,1.07989578752,-1.80696811039
1286,1286,0.00955167489239,-0.45702425004
1287,1287,1.61622301143,0.516813867233
1288,1288,-0.216238060156,-2.31666729753
1289,1289,-0.631161434212,-2.68814204178
1290,1290,0.268645733714,-2.85378465431
1291,1291,0.918627572261,-0.534624441611
1292,1292,0.716189196906,1.8845930166
1293,1293,2.52799104114,0.547097954393
1294,1294,2.9008587675,0.13945722336
1295,1295,0.617386411306,-0.579417925425
1296,1296,-0.0211585273631,-3.1852550114
1297,1297,0.153309194042,-2.37664670005
1298,1298,1.99933410182,-1.24593757614
1299,1299,-0.437951661431,3.1234344084
1300,1300,1.49061052915,-2.86512561156
1301,1301,0.0984567741948,2.80261561287
1302,1302,-0.416790284387,1.64982673486
1303,1303,1.90855355339,-2.88106687369
1304,1304,-1.06628267786,2.83712469314
1305,1305,-0.382486762492,2.05193163556
1306,1306,-0.305061486349,2.16185162583
1307,1307,-0.344008585096,2.42834097205
1308,1308,-0.11067038305,2.5154673489
1309,1309,0.224246589729,2.65198707711
1310,1310,0.649474873186,-2.69293864484
1311,1311,-0.0353313615781,-2.49410369516
1312,1312,0.503550593526,2.73987261038
1313,1313,0.179839374068,-3.15897010352
1314,1314,1.98678367366,-3.23289506963
1315,1315,0.513991524319,-2.64163996391
1316,1316,-0.935470435413,2.3783187032
1317,1317,0.339913494693,2.63295745739
1318,1318,0.85269654937,-2.682942968
1319,1319,-0.604623408163,2.54649178727
1320,1320,0.244233243536,2.49668563634
1321,1321,-0.93117993385,2.37497562567
1322,1322,-0.229246619416,3.00142177766
1323,1323,-0.476834195162,3.01074110655
1324,1324,0.7996849455,-1.83653381742
1325,1325,1.11534344635,0.761538611443
1326,1326,2.79670641346,0.234814224127
1327,1327,-0.159065487656,-2.66659847516
1328,1328,0.328487771758,-2.92130646881
1329,1329,2.47206583653,0.473469718305
1330,1330,-0.343217375275,2.4167385906
1331,1331,1.02869180735,-2.01541065996
1332,1332,1.45785850919,0.501609313454
1333,1333,-0.0943305043033,-3.07064969669
1334,1334,0.0145135077108,1.79906957576
1335,1335,0.140242541734,1.74995913719
1336,1336,0.708666664761,1.89179782777
1337,1337,-0.656959477104,2.32660118512
1338,1338,1.96029819574,0.99662497706
1339,1339,0.305748000244,2.00676499253
1340,1340,1.28658363172,1.59888143461
1341,1341,1.70256662124,1.75542801169
1342,1342,1.59101379865,1.15986065123
1343,1343,0.130588454972,-2.16496624826
1344,1344,-0.651455423613,-2.07768841744
1345,1345,2.10336967755,0.867404863756
1346,1346,0.651542160133,2.18425348879
1347,1347,1.90362068435,0.261284579499
1348,1348,1.45085753158,1.84221346367
1349,1349,0.128596536331,2.53530139818
1350,1350,-1.20397142641,-1.60276822858
1351,1351,1.01568059068,0.590296624253
1352,1352,-1.37795414241,-1.06510749854
1353,1353,0.364545329403,-2.10477662268
1354,1354,0.298285898073,1.50999479735
1355,1355,1.41113401223,1.2069071456
1356,1356,1.57916500679,0.251637702925
1357,1357,1.32682991897,1.30025292972
1358,1358,0.394101151675,1.79017926594
1359,1359,0.673985071168,0.428266630341
1360,1360,2.00693865845,0.792451744937
1361,1361,0.582263165282,0.240964013666
1362,1362,-0.623682455139,-1.16250718329
1363,1363,-0.135352156903,-1.61449072412
1364,1364,2.06650289958,0.416573745282
1365,1365,1.52254357482,-0.677987498972
1366,1366,2.0264528357,0.15151721291
1367,1367,-0.458869312862,0.78082613207
1368,1368,0.739670295727,1.83954250699
1369,1369,1.11979558724,-1.94694070959
1370,1370,0.931594684415,2.05813098231
1371,1371,2.72476725805,0.0297476911887
1372,1372,2.70217607167,1.51362483377
1373,1373,-0.190209558914,1.38964244462
1374,1374,2.16806760955,0.924520614787
1375,1375,1.5627943917,1.33107814601
1376,1376,0.929735716486,1.11753074047
1377,1377,-1.66995723928,-1.66678788795
1378,1378,0.641184704145,-1.51185610948
1379,1379,1.7859113363,1.12948284415
1380,1380,0.0776508618566,2.0860287257
1381,1381,0.221315630419,1.08833538307
1382,1382,0.0356964692929,-1.56437071704
1383,1383,-0.000818460999342,1.38496600897
1384,1384,2.31803647767,1.24695933014
1385,1385,1.99229086308,0.540157924046
1386,1386,1.00423090473,0.528352678496
1387,1387,2.36583062201,1.62691884651
1388,1388,2.06319233823,0.0759925528163
1389,1389,1.41116726235,1.18447179363
1390,1390,0.285407048425,3.30763571935
1391,1391,0.0783366364409,2.47274301193
1392,1392,0.904636514306,-2.31266653792
1393,1393,0.670675626542,0.446647588665
1394,1394,0.810832524734,0.197884669599
1395,1395,2.24889329899,0.72642412106
1396,1396,2.13775841693,0.31709808876
1397,1397,1.88590887875,-2.04503752318
1398,1398,0.157861573378,1.38866050498
1399,1399,-0.426666960257,-2.29199358477
1400,1400,1.17997253549,0.375246599279
1401,1401,-1.27435640265,-0.817675354509
1402,1402,0.346497228861,2.38049272484
1403,1403,1.35847729798,-0.0976368457522
1404,1404,0.508027216588,2.27247951368
1405,1405,0.864296079122,1.15444738092
1406,1406,0.673818891913,3.20806389166
1407,1407,0.306413928251,4.14711159683
1408,1408,-0.122954554818,3.18354055441
1409,1409,0.960977043269,2.53293954409
1410,1410,0.512775593141,2.01359826603
1411,1411,-0.0274584424221,2.33461713265
1412,1412,-0.36859540895,3.24851814153
1413,1413,-0.243387988983,3.4128614531
1414,1414,0.394333574666,2.74637217274
1415,1415,0.344572671538,2.96185984438
1416,1416,0.160944010696,1.70715783146
1417,1417,1.82578717728,0.382595535135
1418,1418,-0.365673281912,2.24635509033
1419,1419,0.685979637461,0.324366580922
1420,1420,-2.03575850609,-1.73904221783
1421,1421,0.253145843284,-0.0710355867178
1422,1422,0.889407498363,0.0590002114621
1423,1423,3.92214623411,0.908954923723
1424,1424,-0.521668650591,-2.96057863607
1425,1425,0.387075437096,2.06582236192
1426,1426,-0.0630275384018,0.543298838258
1427,1427,2.53142880959,0.528614354138
1428,1428,3.06631612726,-0.34474893523
1429,1429,2.6083828989,0.120566993823
1430,1430,1.30933754443,0.464259429361
1431,1431,2.43987307501,-0.0859788252963
1432,1432,3.28550929833,-0.137181349246
1433,1433,2.74550547751,0.435419453022
1434,1434,0.771578054238,0.621982465053
1435,1435,1.54121263957,1.05142305478
1436,1436,-0.140749117727,-2.09575466165
1437,1437,2.44250183514,-0.146050076155
1438,1438,-0.732191436485,2.20639749571
1439,1439,1.63958263086,2.13227618585
1440,1440,1.09200816569,1.31075758595
1441,1441,0.448605521786,0.601812633165
1442,1442,0.691168922112,1.82878949382
1443,1443,0.322063122406,-2.32432851268
1444,1444,1.85397982241,1.88000476315
1445,1445,1.74694841351,2.09796235081
