,vote,alpha,beta
0,0,-0.393772982255,2.51069277256
1,1,-0.355032944879,-2.24377401696
2,2,2.63103570819,-0.00857139457708
3,3,2.5438747518,0.086109622437
4,4,0.632001462234,-1.48258382983
5,5,2.73808134649,-0.202178483237
6,6,2.00159495724,0.584599296853
7,7,2.01667377633,0.328935659373
8,8,0.264363148633,-1.98002015522
9,9,1.3296620109,-1.51681067101
10,10,2.68863935738,0.170498398589
11,11,2.81136149091,-0.232868321054
12,12,2.65111560207,0.675314200533
13,13,2.54856168001,-0.157410514464
14,14,2.61673753158,0.106222756275
15,15,2.12010307695,0.214230923333
16,16,-0.39455925963,2.41766399155
17,17,0.468847298713,-0.547189577622
18,18,2.42771359471,0.41966266034
19,19,2.921705874,-0.332244043565
20,20,1.61164114771,-0.820342845332
21,21,0.186122116798,-2.58534398909
22,22,-0.158964177202,-2.32659309398
23,23,2.77717743015,-0.269641071663
24,24,0.55146935059,-1.89344346787
25,25,1.33385692412,-0.286842143002
26,26,-0.744211429104,0.00942575538117
27,27,-0.249227034283,2.50607443177
28,28,2.59659536847,0.0774558467163
29,29,2.39439601312,-0.221494182753
30,30,2.39084577788,0.0715183601455
31,31,2.48204345132,-0.155562457073
32,32,0.504848654431,-2.31090788106
33,33,0.0849636441669,-2.4136112941
34,34,1.33813187445,-0.413210642095
35,35,-0.160086937655,2.14997599215
36,36,-0.148819912486,-2.17175851072
37,37,0.1410360359,-2.16740056222
38,38,0.16672960746,-2.26501270075
39,39,-0.832677936548,-1.36014585296
40,40,1.78372296049,-1.42032038318
41,41,-0.000657550253824,2.37815059248
42,42,-0.182446523401,-2.33176918787
43,43,2.33762953647,-0.0731781158348
44,44,2.57324846668,-0.0632597641836
45,45,2.72132589209,0.105419712929
46,46,2.35464509454,-0.0923533485557
47,47,1.85315193141,0.109494876639
48,48,2.56307010914,0.278546033635
49,49,1.56426682007,1.41925324363
50,50,-0.085496012576,-2.44931430169
51,51,0.471937950614,-2.50854276328
52,52,-0.438307795274,2.34697235677
53,53,-0.0459223851914,-2.54451113007
54,54,-0.0136827869514,-2.38199503624
55,55,0.328223258983,-1.90925220317
56,56,0.578066953467,-2.08480543102
57,57,-0.57348186729,2.02822080373
58,58,-0.0814347820538,2.71041956453
59,59,0.0827910205661,-1.75474600817
60,60,0.707182866232,-2.26282357136
61,61,2.17098094383,-0.0111355926193
62,62,2.49103630247,0.192550665452
63,63,2.37125203572,-0.0164812862372
64,64,2.6486664115,0.0833945498016
65,65,2.49525103458,-0.477674087533
66,66,0.385862012187,-2.22142055121
67,67,0.767106923785,-2.47331251407
68,68,0.772271609286,-1.93891754369
69,69,-0.340670942268,-1.69832113436
70,70,-1.1412813565,1.78177820974
71,71,-0.478261719023,1.63057644677
72,72,-0.657501028588,1.99494279203
73,73,-0.971912077215,2.21436422081
74,74,-1.02281267152,2.40147041009
75,75,-0.450741893056,2.13098406783
76,76,-0.243244861673,2.16572155344
77,77,-0.556873323428,1.40317713343
78,78,-0.282941099031,2.13891274628
79,79,0.655260839025,-2.02884075693
80,80,-0.545656499963,-1.88324076242
81,81,0.00440316346699,-2.29975981214
82,82,0.101585968811,-2.34824826129
83,83,0.0449307440252,2.49071443098
84,84,-0.146129817241,-1.98317126535
85,85,2.37259550632,-0.0171959249268
86,86,2.23267082793,-0.591522192931
87,87,-0.0726496095435,-2.42877418002
88,88,-0.0268745332111,-2.40834557271
89,89,-0.725928775594,-1.05834692495
90,90,0.164906939888,-0.581780055078
91,91,-0.355012641928,-2.08508534613
92,92,-0.579534136992,1.92276807964
93,93,-0.649275443377,-1.69258949301
94,94,0.185990852766,2.11448476061
95,95,2.18876802049,-0.190064311617
96,96,-1.19268038822,2.21386241177
97,97,-0.437261858778,1.99202934298
98,98,-0.443691809758,0.427177620823
99,99,-0.254956150907,1.89909342085
100,100,-0.0869267704574,1.82956707507
101,101,-1.13894015149,0.622509045049
102,102,-0.398218011078,-1.9239682377
103,103,-0.873573848571,1.62925579945
104,104,-0.389023816271,-1.01712003822
105,105,-1.15431043658,-0.0428966678957
106,106,0.62807705788,0.883248668782
107,107,0.285490581346,-1.42360309263
108,108,-0.456849136703,0.641342237723
109,109,-0.430280989121,0.564422624403
110,110,1.30658093012,1.44396266045
111,111,-0.197546877423,-2.26232564776
112,112,-0.435635938388,-1.38726871099
113,113,-0.430774459702,-2.17384962713
114,114,-0.0538524641612,2.22597413632
115,115,0.326457955986,-1.47598799335
116,116,2.42848330631,0.210286180205
117,117,2.46262003193,-0.131044463311
118,118,0.427857963821,-2.2843931388
119,119,1.97532571146,-0.497785678513
120,120,2.29060207599,-0.196635678146
121,121,-0.252584016663,2.13938257626
122,122,1.19289236061,-1.42455000697
123,123,2.35122062188,0.127949756966
124,124,0.562888258116,1.73635293261
125,125,0.609252493283,-2.47844860292
126,126,-0.149213281032,-2.1327857958
127,127,-0.842480796019,0.852306836682
128,128,0.310039236896,-1.91965981989
129,129,-0.344796615187,-1.43500106152
130,130,-0.799084901332,-1.38869789704
131,131,0.952954772995,0.920481948469
132,132,-0.578286960708,-2.0800235839
133,133,0.236913423606,1.57460175366
134,134,0.497664014576,-2.09501252288
135,135,0.92348071067,1.77276187667
136,136,-1.50116689856,0.955172179485
137,137,-0.503538143639,0.608480810205
138,138,-1.28161482802,0.830323882407
139,139,-0.12613986087,2.0825922412
140,140,-0.460784563099,0.00411310149786
141,141,-0.818020145763,0.514676574978
142,142,0.238833793142,-1.93073428151
143,143,-0.681938516524,2.12253122058
144,144,-1.20799242532,1.89691813593
145,145,-0.838416877021,1.39382616166
146,146,1.70097625738,0.631022885024
147,147,-0.185610714067,1.43783459638
148,148,2.58595062916,0.35506608701
149,149,2.42074312023,-0.0778669622342
150,150,-0.0723764352476,2.24412997841
151,151,0.834077693072,-0.738706684259
152,152,2.65456715116,-0.181433142596
153,153,2.53369447507,-0.122827208301
154,154,2.45048186069,0.0089349834095
155,155,-0.0463231971862,-2.79396010262
156,156,-0.134658118494,-2.18506743539
157,157,2.67876419814,0.0624592336171
158,158,0.148077854712,-2.22956748847
159,159,1.68190981982,0.584014154756
160,160,0.51891771714,-2.42771735403
161,161,0.461135524474,-1.81429657606
162,162,-0.1965177698,2.27122477395
163,163,0.361712378957,-0.42132206479
164,164,-1.0622127127,-0.995953652601
165,165,-0.209560280939,1.48100982904
166,166,0.187406109393,-2.57694858348
167,167,-0.714355207775,1.40763760909
168,168,1.0918201074,1.57471599587
169,169,-0.00290400441199,0.120915438115
170,170,-1.02373017487,-0.866154296349
171,171,-1.27157941051,-1.09596321531
172,172,-0.791490316567,0.96926995212
173,173,-1.17076126954,-0.598823087136
174,174,-0.857047356356,-1.74196889587
175,175,0.308239695159,1.56816385727
176,176,0.108099867304,0.829740586035
177,177,0.259482516597,-2.05560105874
178,178,0.0589411035577,1.07353003052
179,179,-0.403960237182,-1.43799651098
180,180,-1.12440252372,-1.52398498357
181,181,0.914127897014,-0.355484776138
182,182,-0.332525942419,-1.04583481918
183,183,0.139706835318,1.15134329214
184,184,0.0484224753873,0.580205858152
185,185,-0.367779496666,0.281016636112
186,186,0.493523664646,-0.409691055663
187,187,0.119964684826,-0.462940300474
188,188,0.095220533747,-0.888614397472
189,189,-0.107557045758,-0.264288389243
190,190,0.150419573787,0.336375569977
191,191,-0.939227457883,-1.78263513245
192,192,-0.0980437365892,-2.18190630481
193,193,-0.0519830582094,2.67498341005
194,194,-0.234113954262,-0.811888758994
195,195,2.30579647015,0.170935171296
196,196,2.26904986935,0.04501221652
197,197,0.256887650023,-2.57510480665
198,198,-0.946591341755,1.42915093833
199,199,0.185064363378,-1.89425972564
200,200,0.0994214750222,1.42299249967
201,201,0.0225363970935,2.38020595137
202,202,1.23362697904,-2.16009326389
203,203,2.38693417539,-0.359538171755
204,204,-0.684504164295,2.28799712226
205,205,0.621662355662,-1.96914115728
206,206,0.309623268852,-1.45881743276
207,207,0.0527121802484,-1.80772825361
208,208,-0.225137369101,1.72011371517
209,209,0.349568215794,-2.29782141719
210,210,0.421018078309,-0.581111018811
211,211,-0.316977167043,-2.31112303963
212,212,0.555856231253,1.86700672735
213,213,-0.759599141199,2.13132266264
214,214,0.0563399798681,2.14157481828
215,215,0.353300894094,-1.69678296871
216,216,2.18436394782,-0.987546447451
217,217,1.63265338918,-1.03247260497
218,218,2.48023503242,0.270157539209
219,219,0.115123951006,-2.22914468089
220,220,0.292114843904,-2.18853456829
221,221,1.77237538302,0.690738648591
222,222,-0.646466711482,2.13100181098
223,223,-0.00686765833163,1.99768010827
224,224,-0.900746465518,1.40772700908
225,225,-0.383564849438,0.192796726899
226,226,-1.06554176997,-1.59885742803
227,227,-0.636716679383,1.7679646371
228,228,-1.07300270672,-1.68705528041
229,229,0.30950590259,2.02821668659
230,230,-1.25379664226,-1.2401243765
231,231,1.7729009531,1.06370456702
232,232,-0.111367416269,1.7507006315
233,233,-0.516202683947,1.96495104511
234,234,-0.706424551115,1.83280857211
235,235,-1.04870871785,1.63346557668
236,236,-0.88015524283,1.62658905723
237,237,-1.2035762107,0.873308939277
238,238,-1.03486852069,1.38248474721
239,239,-0.743459395998,1.28343138266
240,240,-1.02402474875,1.69782680536
241,241,-1.02855300523,1.80355752155
242,242,0.204628231149,-2.03174731213
243,243,-0.949956171726,-1.73942584417
244,244,-0.645540600376,2.07030036465
245,245,0.0133304946945,1.05766562753
246,246,-1.33463981451,-1.00403666476
247,247,-0.297482681707,1.21622666872
248,248,-0.621206027019,0.237329075839
249,249,-0.404631282858,0.317050338252
250,250,-1.24602819481,0.74284404012
251,251,0.249535244814,1.32211549585
252,252,-1.75494961451,-1.43207031142
253,253,0.211341467378,-2.2650651615
254,254,0.27214856112,-1.80782688614
255,255,-0.576500640345,1.45403579854
256,256,-0.188705568233,0.70441864464
257,257,-1.33591618267,-1.72257972888
258,258,-0.224250461764,2.18511113449
259,259,0.0115417156536,-1.8253402684
260,260,-0.039664356202,-2.4775837592
261,261,-0.101387953539,-2.3562075586
262,262,-0.0120015640381,2.14084435825
263,263,0.331632749407,-2.46877329314
264,264,0.364168876761,-2.69635923849
265,265,-0.166573355548,2.45720265726
266,266,-0.547596390499,-2.26278066267
267,267,2.49323161701,-0.304941709055
268,268,2.43698710352,-0.244655829712
269,269,2.83642294573,-0.207998261412
270,270,-0.324365340921,-2.45281086185
271,271,0.375130904169,-2.13947160683
272,272,-0.902904243247,0.33627359865
273,273,-0.201532383493,2.56107370811
274,274,0.996846417567,-1.96186930848
275,275,-0.0775488178366,2.66262992657
276,276,0.594694384588,-2.01012257661
277,277,0.027539567301,-1.94189270766
278,278,0.0182319281713,-2.46868558936
279,279,0.920322025646,1.57966801987
280,280,0.584381770461,-2.19947554293
281,281,0.36362526725,-1.93673957345
282,282,-0.11564630635,1.74385410439
283,283,0.212264031922,-2.38137871356
284,284,-0.0701957650343,1.90490526715
285,285,-0.369501761041,1.98469830721
286,286,0.143893200525,2.75991639336
287,287,-0.346055379701,-2.05419304256
288,288,2.28703418281,0.259527412269
289,289,2.8398575327,0.18001954226
290,290,-0.287063685598,-2.30219006137
291,291,-0.00152117302313,-2.09735885823
292,292,-1.47171915562,0.8303413231
293,293,0.756721775301,-1.8765926266
294,294,-0.489835261453,1.60020315579
295,295,-0.778654287701,1.33148716217
296,296,-1.50215983483,0.602441361477
297,297,-1.05342062322,-0.844288964749
298,298,-0.554255104398,1.29074167327
299,299,-0.617418816795,1.84388769506
300,300,-0.190402122842,-0.527813825962
301,301,0.51574681844,0.109014700901
302,302,-0.175020382878,0.480154408564
303,303,0.22977548576,0.351877780222
304,304,1.18943875006,-0.646211291329
305,305,0.987107462222,0.420202204743
306,306,-0.380988547968,0.418788495229
307,307,0.532054638724,-1.56345095731
308,308,0.689485712304,-0.23369596466
309,309,0.231329675088,-2.28296870234
310,310,1.08245297829,0.797889627574
311,311,-1.07949683971,1.20777955135
312,312,-1.2869609837,1.56773539893
313,313,-0.0977900385352,-0.458201302401
314,314,0.258005999125,-2.50182469652
315,315,0.143674255069,-2.58377639427
316,316,2.37283179093,-0.0592308143591
317,317,0.573658371892,-2.12684026556
318,318,-0.166881200339,0.124568821285
319,319,0.3900976621,-1.64323558986
320,320,0.12657944757,1.23425106602
321,321,-0.826494962128,-0.770018260255
322,322,0.596364556551,-2.14932240457
323,323,0.47808932933,0.30131644082
324,324,1.13538030225,1.34664293051
325,325,-0.519198964903,1.60622896272
326,326,-0.140034499926,1.84868823842
327,327,-0.0537317517251,-2.63052267369
328,328,-0.140291541445,0.932969262836
329,329,2.52191282887,-0.82694544646
330,330,-0.0982580183391,0.194195524515
331,331,-0.518696824194,2.36255225739
332,332,1.10753025468,-0.981438569004
333,333,-0.272822855495,2.19457308145
334,334,-0.601823278582,1.89069278658
335,335,-0.170304281498,2.71671227739
336,336,0.862899753637,-1.6281956379
337,337,1.53913033243,1.19240277079
338,338,-0.161665642254,-2.53828406605
339,339,0.272999063502,0.563236900446
340,340,-0.11561882862,-0.488805218915
341,341,-0.40727072478,-0.835472328585
342,342,-0.636217086395,1.16025329388
343,343,-1.09672042467,0.951768188165
344,344,-0.960756218031,1.04767726775
345,345,1.50370897585,-0.465089728809
346,346,1.72987802561,-0.543468846883
347,347,-0.393745614878,2.16668424945
348,348,-0.477130909936,2.14498752317
349,349,0.0381096984811,-2.23521621321
350,350,0.556782229771,-1.9350275267
351,351,-0.167236498361,2.17671020908
352,352,0.271001750817,-2.07096548771
353,353,0.200988521083,-2.14262972895
354,354,0.204752339104,-2.26051446259
355,355,2.26412924063,0.117458678778
356,356,0.572017903638,-2.11748864701
357,357,0.612519751152,-2.3183003328
358,358,0.309658344932,-1.88784449525
359,359,1.10430911672,-1.97703751719
360,360,0.642199434297,-1.2948736308
361,361,0.00692132642341,1.96473159606
362,362,-0.436397847461,2.08182002473
363,363,0.145743513295,2.44855439383
364,364,-0.236453594866,2.30593155173
365,365,-0.165621080311,2.38701529492
366,366,0.375636636137,-2.27258339098
367,367,0.114505361947,2.39315260847
368,368,0.0734473663283,-2.24089066546
369,369,1.9351514962,0.907447758308
370,370,3.00129431065,0.177673097445
371,371,2.23348919871,0.200632328808
372,372,2.40250900767,0.520670011506
373,373,2.16317661701,0.466148867306
374,374,2.71960657865,0.0020833408957
375,375,2.19202901403,0.258742800225
376,376,2.24963867616,0.11027258395
377,377,2.01077626499,0.0900905408056
378,378,-0.039096875294,-2.50695533806
379,379,-0.0483462183802,-2.03529562134
380,380,0.263413625141,-2.56333990005
381,381,2.4311825013,0.0474373349075
382,382,2.79563465904,0.0460245549561
383,383,1.91855280835,0.661208213764
384,384,-0.00740555199387,-2.39575091205
385,385,0.179271316675,-2.30400995109
386,386,1.84339691307,0.282820050606
387,387,-0.560838352305,2.43356144503
388,388,-0.363233116301,2.00178222629
389,389,-0.5048303073,2.64062124087
390,390,-0.129836926787,2.428720096
391,391,2.85954258166,-0.225951039134
392,392,0.0786743670203,2.27767822648
393,393,0.723242560865,-1.96929836507
394,394,-0.150885127265,-2.37276997829
395,395,-0.223022759159,-2.70869740389
396,396,-0.278029926737,-2.44189405585
397,397,-0.359575029772,2.33118988874
398,398,-0.363597778705,-2.23691500449
399,399,0.0440734224237,2.56889128378
400,400,0.0871605874203,-2.12664833899
401,401,-0.325451718748,-2.08557736936
402,402,0.296176618798,-1.80090158506
403,403,0.966279155109,-2.27777821957
404,404,-0.0600475715973,2.4043086594
405,405,0.726482988008,-1.99891947963
406,406,0.932023712259,-0.78652212363
407,407,2.53821788818,-0.0512101348606
408,408,2.8798927792,-0.115250485671
409,409,2.92287457966,-0.0265786409804
410,410,-0.18169409137,2.21388820662
411,411,2.12039220611,0.129851418625
412,412,0.252034791373,2.16817057261
413,413,2.37262139638,0.246153459439
414,414,2.55867418613,0.268879505757
415,415,0.192120744373,-2.01638345341
416,416,0.174868323584,-2.28749724434
417,417,0.389340992568,-2.17417457368
418,418,2.32470292388,0.12666150778
419,419,0.650477806823,-2.05025360704
420,420,-0.10217272639,-2.6029074023
421,421,2.70534540337,0.248208498698
422,422,-0.167202121898,2.09976703693
423,423,1.2918599773,0.459432848859
424,424,0.0522282988618,-2.40454597766
425,425,-0.215503006517,-2.30789382641
426,426,1.818652669,0.947038205982
427,427,-0.117723419276,-1.82450160136
428,428,0.0457734200565,-1.85039848352
429,429,0.765942152099,-1.80456073226
430,430,1.06569241939,-1.81340944625
431,431,0.803795673188,-2.09554034658
432,432,0.0206884288828,-2.27377074139
433,433,0.248741327023,-2.21512592951
434,434,-0.102219912026,-2.39842122166
435,435,-0.472032240749,-2.65835068475
436,436,0.540749553355,-1.75991972809
437,437,0.746097695021,-1.78647252774
438,438,0.0775475324733,-2.76903018662
439,439,0.788612959779,-1.91142338621
440,440,-0.0737553274716,-2.38747577686
441,441,1.02885084579,-1.83023230548
442,442,0.0888194732487,-2.54267216666
443,443,2.18560271222,0.118364991877
444,444,-0.0578306315087,-2.32428098952
445,445,-0.0726561478211,-2.42946999526
446,446,0.639480280994,-1.92617102942
447,447,0.162712931487,-2.64863367612
448,448,0.851076052721,-2.14633916552
449,449,2.80592887022,0.144924572318
450,450,2.6745160331,-0.0442408874626
451,451,0.0198344661827,-2.55155050183
452,452,0.956305004221,-2.06638600232
453,453,-0.284998665606,-2.42582293735
454,454,0.693370735803,-1.77721433908
455,455,-0.325374844652,-2.53905561069
456,456,0.148753289852,-2.14731365561
457,457,-0.0956015345232,-2.46914133984
458,458,-0.120331146135,-2.05185729399
459,459,2.588647035,-0.0469347700529
460,460,-0.0769100963048,-2.37203286765
461,461,0.662836779333,-1.58243792864
462,462,2.17164000567,-0.0413808054742
463,463,0.130136944162,-2.4759263401
464,464,-0.893773593896,-1.54449065809
465,465,0.847168126609,-2.19399433047
466,466,0.277397465957,-2.65595365716
467,467,0.830802901266,-1.98772232517
468,468,-0.033987636667,-2.12944694057
469,469,0.0860315099422,-2.1707986129
470,470,-0.0578202691823,-0.362648165677
471,471,0.272447426828,2.16491798626
472,472,0.0858423076601,-2.07149445399
473,473,0.889452297313,-2.19869961097
474,474,-0.638668017554,1.71023637633
475,475,1.37291294943,1.55997400976
476,476,1.16179960787,1.5917296802
477,477,2.52541845417,-0.0744100077754
478,478,2.5491490922,0.102821860855
479,479,0.213694186506,-2.75265658339
480,480,0.890784783973,-1.43816135696
481,481,-0.320065931603,2.04612457701
482,482,-0.132575280103,-2.11980827103
483,483,-0.929131432706,1.24348021932
484,484,0.306696251044,-0.00624951730994
485,485,1.83334934546,0.621713942692
486,486,2.27137233597,0.198291726673
487,487,2.3725046266,-0.183506616606
488,488,2.58415417118,0.42034600082
489,489,0.344497636443,-2.27699549871
490,490,0.371661800936,-2.12163098386
491,491,-0.686399741476,1.78045449906
492,492,-0.00968315075741,2.50859769277
493,493,0.89174951047,-1.89040378164
494,494,-0.294641896946,2.30617193308
495,495,1.32386571892,-1.50330844597
496,496,2.05509707104,-1.07362110772
497,497,-0.132368259915,-2.21719054572
498,498,2.49968945235,-0.0184003888824
499,499,2.31975937704,-0.0106076572279
500,500,-0.173869597945,-2.47745689333
501,501,-0.017991717345,-2.6023185806
502,502,0.212685930588,2.39976333112
503,503,0.0501963682148,2.63224981354
504,504,-0.00651642670798,2.41517400155
505,505,0.0436401648401,2.13596244902
506,506,0.0751290371754,-1.83274431005
507,507,2.35015930906,0.378454940471
508,508,-0.0732478831362,2.30676126228
509,509,0.182925767469,-2.41746122409
510,510,1.66556554289,1.17977392393
511,511,0.064446852923,-2.54889512108
512,512,0.212265344765,-2.05784089033
513,513,0.179702719718,-2.89910330538
514,514,-0.255086904229,2.26708391782
515,515,0.889638896558,-1.55334141942
516,516,2.50802735738,-0.0717147950492
517,517,2.32840345171,0.311518664761
518,518,-0.170907472023,-2.80702195941
519,519,-0.220486550536,-2.56363334051
520,520,-0.141113861265,-2.46976771134
521,521,-0.316993949109,-2.20465845864
522,522,0.0500995923896,-2.30057463198
523,523,-0.135420542988,2.18406752939
524,524,-0.396328948649,2.30971403731
525,525,0.0546937426494,2.11209722409
526,526,0.292814067242,1.85370169213
527,527,-0.222411263127,2.07609571751
528,528,-0.482419307954,2.40953825459
529,529,0.0475025624721,-2.48805011258
530,530,-0.327393174109,-1.99743000703
531,531,0.499896131742,-2.36547646879
532,532,-0.0715068269095,2.334044967
533,533,-1.09417746184,1.38537913892
534,534,-0.296546844969,2.2815045372
535,535,0.381804234555,-2.27458400495
536,536,-0.397227951116,2.01101495755
537,537,-0.352064456538,2.39168341291
538,538,-0.273945389364,2.06435772684
539,539,-0.859956686806,2.18332103383
540,540,-0.5388107413,2.04087193701
541,541,-0.124319988435,2.21651899106
542,542,-0.728270712152,2.25066970994
543,543,0.736399699966,-1.78678342803
544,544,2.35465523943,0.278149552818
545,545,2.79024905038,0.0185140696079
546,546,2.62117042419,0.271883181422
547,547,2.54975469767,-0.329954809363
548,548,2.35220467451,0.189234834857
549,549,-0.0833954870275,-2.29128025962
550,550,0.239612602985,-2.21784098363
551,551,0.502212928912,-1.01067651636
552,552,-0.0925316533078,2.57201944377
553,553,-0.564778240429,2.0776342729
554,554,0.903964094716,-1.87653600924
555,555,1.28178669188,-0.790400913665
556,556,0.100944697336,1.23626110066
557,557,-0.659509731084,0.390480631559
558,558,-0.587440912027,0.889032411823
559,559,0.425338783852,0.883484084229
560,560,-0.640217366904,1.24549992232
561,561,0.916437971235,-0.467030314451
562,562,1.9341362746,0.660969531211
563,563,2.30543292119,0.299225635856
564,564,2.52862579706,-0.260961013552
565,565,1.41961086591,-1.47863890357
566,566,2.48715329623,0.0604583211704
567,567,2.48801685182,-0.0883069005315
568,568,2.40770534694,0.039820344264
569,569,2.6299955354,-0.137505966137
570,570,-0.00887171360182,-2.46339135693
571,571,-0.00293143632963,-2.51111956183
572,572,-0.100286655964,-2.38274903426
573,573,0.822288610206,0.205385950217
574,574,1.17627215488,-0.486967554579
575,575,0.309268880176,-2.29180891873
576,576,-0.0791429607703,2.59754235709
577,577,0.384122305644,-1.87865819982
578,578,1.63871978669,1.11219857984
579,579,-0.00633242430805,-2.73253623321
580,580,0.0789094569606,-2.77805903488
581,581,-0.189751639288,2.31847609621
582,582,-0.349588850321,2.03837563519
583,583,-0.162172871917,-1.71857335453
584,584,2.45988199279,0.121697572288
585,585,2.56316561859,0.222656271656
586,586,-0.301221622875,-2.77486154774
587,587,2.38454345683,-0.0787235074459
588,588,-0.0871279237378,-2.53660865032
589,589,0.799564953279,-0.988875965201
590,590,-1.14902149886,2.15990911958
591,591,-1.29132557514,1.39043438325
592,592,-1.78020957564,1.4576903431
593,593,-2.141434649,-2.00152010629
594,594,-0.941428040526,2.15540092874
595,595,-0.536122716913,-2.08805556151
596,596,0.709848837832,-0.542529103869
597,597,1.89836552367,-0.252306351102
598,598,1.61028483297,1.74575607754
599,599,0.23636541466,-2.06433903648
600,600,-0.109552847381,2.48080973335
601,601,-0.0916104712056,2.29989860403
602,602,2.04844618226,-0.392616249802
603,603,-0.0667390581917,-2.36823557081
604,604,0.35024495302,-2.7620591456
605,605,1.16535421579,0.918069809932
606,606,0.458940387891,2.89753616764
607,607,0.721133482311,-1.90443883456
608,608,-0.95451543658,2.29840843316
609,609,0.761581442408,-1.8899553189
610,610,-0.719066741099,2.22829222219
611,611,1.52167912552,-1.95760397607
612,612,2.47695984498,0.954133817748
613,613,1.39016149759,0.699935913994
614,614,1.1362553327,1.78081284629
615,615,0.795815954063,0.654641983305
616,616,0.425302656077,0.817651309937
617,617,0.833196216362,0.642921706143
618,618,0.665718868725,0.412260372941
619,619,0.249594841015,-1.53048243968
620,620,0.712771827254,1.4252028821
621,621,2.18220872189,-0.304775972913
622,622,0.354275966762,-2.06696744182
623,623,1.77663729502,1.10494263853
624,624,0.144925224639,2.77648433246
625,625,0.0180206090057,-1.10096911815
626,626,-0.587892032563,-0.614411896339
627,627,0.559607725427,1.52335116505
628,628,1.07332729335,0.433626871737
629,629,1.74032036026,0.796524555837
630,630,-1.10365210074,-2.05457003786
631,631,-0.457866696478,-2.33451246181
632,632,-1.8696395387,1.76943522639
633,633,-0.849635085811,-1.74293030102
634,634,2.39685562143,0.0772652059033
635,635,0.175497633344,-0.330992523877
636,636,-1.02628597256,1.1882076216
637,637,-0.24293753527,0.661319604091
638,638,3.72607860518,0.924039720632
639,639,0.566826696235,0.453270934448
640,640,-0.108109981005,-1.42723380389
641,641,0.797702685355,0.547132864548
642,642,1.45642154189,1.29480588288
643,643,-0.326270905714,-1.27073024948
644,644,-0.29687458632,2.50508776172
645,645,0.447369334445,1.50334085239
646,646,0.64403871828,1.17998987143
647,647,1.88553658343,1.67906652736
648,648,1.31794013003,0.973555585548
649,649,0.140513385747,2.09382217172
650,650,2.05085233284,1.02451148206
651,651,-0.311810333074,-1.57045452271
652,652,-1.10768532994,-1.988177077
653,653,2.05051520441,-0.413196964891
654,654,0.900226744895,2.01157383993
655,655,0.980274139916,0.986425320129
656,656,-0.845046877682,-1.83160606324
657,657,1.67117754822,1.00014907116
658,658,0.36546812765,1.92641772421
659,659,3.0827490845,-0.133413870517
660,660,1.33660618658,1.96782081433
661,661,1.29391458009,2.01618348996
662,662,2.04640404266,2.43967138856
663,663,1.27708609168,1.93805188957
664,664,0.888583283568,1.63895205633
665,665,1.20177083222,2.38987924456
666,666,1.91345461585,2.66629602831
667,667,0.991828794997,-2.89001867428
668,668,0.291985103645,2.90742737648
669,669,1.29636337064,1.42685769449
670,670,-0.121204023509,-1.82863994949
671,671,1.04537810317,1.3376555977
672,672,2.30724122408,-0.457403261409
673,673,-0.897128307246,1.85834040152
674,674,-1.39086995214,1.92573485604
675,675,1.45710039991,-0.992034950161
676,676,0.140638209799,1.70224248235
677,677,1.08456927242,1.27490526978
678,678,2.1493165704,1.34326834996
679,679,-0.0167403351763,2.58922134795
680,680,1.51880657802,0.468247704237
681,681,2.83171640088,0.375541238148
682,682,2.52894162157,-0.147316945622
683,683,1.61382111747,1.48645176994
684,684,1.22762560544,1.85628300527
685,685,0.3395680234,2.28868074155
686,686,0.0222089593037,2.35501781231
687,687,-0.230429652458,2.13192446298
688,688,-0.031562176502,2.7902084462
689,689,-0.154657277987,2.92158158904
690,690,-0.138330613467,2.36024532009
691,691,1.36119457738,1.00794773557
692,692,1.98501569389,1.59610350735
693,693,-0.364372992525,-2.32676336998
694,694,0.453255842846,1.82144019004
695,695,-0.1497434806,-1.73003984746
696,696,1.03768078736,1.88823813961
697,697,1.21355032695,2.03804892751
698,698,2.02754297329,0.55491263233
699,699,2.28398481231,-0.352940701207
700,700,0.138792102159,-1.58108222727
701,701,-0.110504537353,1.21159340578
702,702,-0.0505345658389,2.01122028908
703,703,-0.926545683392,3.23013979954
704,704,-0.538575970166,-1.42941597048
705,705,-0.298264241646,2.15376399469
706,706,1.06557397772,1.61182127806
707,707,0.00771916044947,-2.03270645184
708,708,0.528196069357,1.76322301651
709,709,0.962973497524,1.16716617334
710,710,-0.2455759467,-2.22834432209
711,711,1.10124012361,0.377813603669
712,712,-0.0875864169884,-0.669614411631
713,713,-1.17382480731,-1.80317554372
714,714,-0.143233058108,-2.81739765842
715,715,-0.516839879986,2.02460816022
716,716,-0.0691486249817,2.76689055491
717,717,-0.0892828173807,-2.74256037133
718,718,1.55031731711,2.21425742379
719,719,0.41710314847,-1.6020265517
720,720,0.988404360568,2.15037173628
721,721,-0.283749607655,-2.00102807948
722,722,-0.412062782214,-1.93243435559
723,723,1.10954868412,1.41604185034
724,724,0.219716015099,1.42367625458
725,725,1.09927178451,1.17358791837
726,726,0.368211723234,-2.67103608293
727,727,-0.460750461638,-1.67151235265
728,728,1.44487350099,-0.982247240116
729,729,1.78808933719,0.951065108184
730,730,-0.0185976636162,-3.05873677963
731,731,0.315220463654,-3.01409318302
732,732,-0.190506441494,-2.31318305764
733,733,2.45021362221,0.583595854502
734,734,-0.143465328291,-2.48655854418
735,735,0.366727638523,1.61274542311
736,736,-0.115742249984,-2.02202638237
737,737,-0.404918481892,1.90173204692
738,738,1.30050401306,-1.24429142022
739,739,-1.03744972567,1.93030125067
740,740,0.528913435791,-2.06202975205
741,741,0.272269905191,2.30715285517
742,742,-1.20185445342,1.53263486181
743,743,1.70798951236,-2.24467588598
744,744,0.960833234615,0.401304756391
745,745,-1.1962456829,-2.14255055375
746,746,0.13793663337,-1.5702893978
747,747,0.495240510382,-0.645793883735
748,748,1.90414719038,-1.54022068167
749,749,-0.348367999373,-2.9692219875
750,750,-0.236953804255,-2.54866471215
751,751,-1.79892179251,-1.42108951536
752,752,0.0343831017631,2.30577168514
753,753,2.14893451866,-0.0440914994461
754,754,0.234715763267,-2.70676994816
755,755,-0.334561855271,-2.04090755013
756,756,0.651989966204,-2.32474734741
757,757,-0.0479668740566,-2.18950540561
758,758,-0.35615693962,-2.55423383705
759,759,0.0937506673165,-1.733489314
760,760,-1.062313428,-2.98253890986
761,761,-0.3151169974,-2.02905805653
762,762,0.507612237758,-2.18533565003
763,763,0.112780848507,2.60227408857
764,764,2.05358244108,0.527114163679
765,765,-0.300528271694,-2.35299059195
766,766,-1.10488314442,-1.41968274211
767,767,0.203604982203,-3.07460978476
768,768,0.217308106783,-2.37742439752
769,769,-1.04729262531,-1.32779448734
770,770,-0.912883498155,-1.66509305931
771,771,0.2151216451,-1.61054447493
772,772,-0.636982773137,-2.2257167596
773,773,1.34181830896,-2.22053197089
774,774,1.88152050484,1.14334516477
775,775,0.60435896211,-2.48013800393
776,776,0.803265087185,-2.69054385812
777,777,-0.741827604935,2.11580323325
778,778,0.987037175235,0.95292700581
779,779,-0.0693600248117,1.80015020089
780,780,0.239889484568,-1.57331859294
781,781,0.260308255949,1.98460649433
782,782,0.253624451375,-2.18053183351
783,783,0.0136026604532,-2.02348321854
784,784,0.330929661885,-2.64682471438
785,785,-0.374094000121,2.14986379862
786,786,0.195223182905,2.40894810233
787,787,-0.442329220627,2.17018160778
788,788,-0.165591843025,2.21940274572
789,789,-0.160212861432,-2.22426111361
790,790,-0.0157651831707,-2.30502163459
791,791,-0.419333624488,1.81604694611
792,792,-0.148114278417,-2.33232972261
793,793,1.33806497198,-1.44870961364
794,794,-0.26683374351,2.09788787962
795,795,-0.252099437193,2.14066657948
796,796,0.067220835718,2.15929322036
797,797,0.533921785272,-2.28555579274
798,798,2.11108909908,0.984027463138
799,799,2.34124443983,-0.127167887926
800,800,2.47220562241,-0.415434205029
801,801,2.26109484477,0.215882915536
802,802,0.237784194946,-2.41921724161
803,803,0.104106987137,-2.20663080137
804,804,2.49735791824,-0.113765283947
805,805,0.0743800253011,2.36686863873
806,806,0.0541498883104,2.01823627155
807,807,-0.454558263545,2.31729037485
808,808,0.0748947506447,2.35186262983
809,809,0.471144458896,-2.02069966805
810,810,0.114839052722,-2.65301449808
811,811,0.209947375348,-2.35978978672
812,812,-0.145370641959,2.21962337998
813,813,-0.138815543034,2.63019903945
814,814,0.665460997499,-1.95133059708
815,815,2.29196065021,0.49414916151
816,816,-0.492899287694,2.03285940108
817,817,-0.0938923490035,2.58236568535
818,818,0.689646220745,-2.19454158046
819,819,0.0764982869829,-2.46696585286
820,820,-0.00139248431796,2.56580821526
821,821,0.323690996166,-1.93488267796
822,822,2.75559013392,0.0940471474522
823,823,2.736790079,-0.116326766507
824,824,-0.483157020482,2.44665379603
825,825,0.11587420777,2.18835314776
826,826,2.57537594899,-0.157155844881
827,827,0.220693390807,2.36857333263
828,828,0.202653313593,-1.79837381745
829,829,-0.0112323904687,-2.8317847369
830,830,0.0866004135102,-1.9880105634
831,831,2.29875224678,-0.310821159589
832,832,0.252234708568,2.18594274421
833,833,-0.106828022533,2.29671007854
834,834,-0.324769173373,-2.18377630121
835,835,1.85023509737,0.290091746342
836,836,1.47199599535,0.599280906379
837,837,2.27985415763,-0.573160856433
838,838,1.93474378326,0.221377501381
839,839,0.0245906033633,-2.27755821579
840,840,0.221425222838,-2.45409154081
841,841,0.054261430816,2.57584344659
842,842,0.795845390478,-1.94211651729
843,843,0.0540840208423,-2.42387310877
844,844,-0.0143913187081,-2.27942705824
845,845,-0.0771367181093,1.99634234216
846,846,0.435574783085,1.96765338787
847,847,-0.0499826186513,2.13267854924
848,848,0.0970277583079,2.07990403521
849,849,-0.0803075782474,2.08189058102
850,850,0.392784571223,-2.24192930103
851,851,0.157107042366,2.52633242133
852,852,0.875112538315,-2.4638791672
853,853,-0.110631345039,2.52548134721
854,854,0.466818222623,-2.1606328036
855,855,0.13692864729,-2.72344339588
856,856,2.54469661466,0.133508907498
857,857,-0.242329023673,-2.6835888274
858,858,-2.57998269843,0.00327059301338
859,859,-1.303923073,1.29285078429
860,860,-1.67770179834,1.3756261662
861,861,0.367503663474,-0.858939997868
862,862,-1.56428951234,-1.75051858488
863,863,-1.04599331787,2.07770738082
864,864,-0.488057280901,-2.07611860292
865,865,1.63702251339,0.15121334356
866,866,2.66774151811,0.332539219809
867,867,2.69419666646,-0.300528830413
868,868,0.236159179163,-2.52203224067
869,869,0.663023532126,-2.18507818656
870,870,0.444009916616,-0.962576762292
871,871,2.18534296206,0.599985218244
872,872,0.244252781973,-2.32496089792
873,873,-0.588572225609,1.51416116129
874,874,0.136515016081,1.44688972481
875,875,2.91455159077,0.14566703992
876,876,-0.0486246043759,-0.322436437975
877,877,0.0529094138584,-1.07359269215
878,878,0.0449671753714,-2.56229784598
879,879,-0.254922202163,-1.15636669485
880,880,-0.317586437056,1.39041487033
881,881,0.291854755604,2.39714801895
882,882,1.83517100962,0.113978957024
883,883,2.33140614714,0.483937032355
884,884,2.32075815926,-0.115551016156
885,885,0.0351689878424,-2.23676209936
886,886,-0.458765367906,-2.40337601553
887,887,0.427917366276,-2.49567878297
888,888,2.82529295679,0.352533828869
889,889,0.0493976469835,-2.2997724147
890,890,0.265240886092,-2.4033682952
891,891,1.92175088885,0.775558423665
892,892,-0.0467162237633,2.5642269593
893,893,0.493600564777,-2.25887755361
894,894,0.986579163277,-2.13465555497
895,895,0.695985039512,-2.31448652312
896,896,-0.00434728834628,-2.35415834835
897,897,0.253851884318,-2.22210029714
898,898,1.3439224681,1.39062598528
899,899,0.217241362484,-2.44380308015
900,900,1.38498145922,0.744802867312
901,901,0.140583925889,2.62855623092
902,902,1.17439381827,-1.44858733792
903,903,0.263031581085,1.86933675938
904,904,-0.421646120647,1.78960967436
905,905,1.8175595514,0.651120385354
906,906,1.65690293639,0.438236566219
907,907,1.76651039053,0.854858960784
908,908,1.19661238633,-0.16874739212
909,909,2.2239499447,0.566058824928
910,910,2.32089903106,0.163210213371
911,911,-0.315972405393,2.59928663874
912,912,2.34095827253,0.194060265793
913,913,2.44860586526,0.227885857104
914,914,2.0821414697,-0.656455315696
915,915,0.0996840446122,1.77041415851
916,916,-0.0898852256863,2.16317530117
917,917,-0.188974202856,-2.06246411362
918,918,0.0214929268404,-1.77549320122
919,919,1.72029099247,-0.536622945936
920,920,0.87568737542,-1.75166836114
921,921,0.710659967239,-0.0961746267321
922,922,0.187853579352,-2.21613834812
923,923,0.891597954246,-2.19870631299
924,924,-0.442802640043,1.96444516626
925,925,-0.182818896242,1.41115074015
926,926,-0.596558981519,-1.4663865464
927,927,0.431724692526,-1.95952177119
928,928,-0.0423536934556,1.19362709362
929,929,0.728918350351,1.89633503725
930,930,0.0395300209662,2.1228790452
931,931,2.18255934263,0.0469344003576
932,932,0.964381028364,-0.732659241144
933,933,2.29842301693,0.157927758608
934,934,2.7646027817,-0.0238775224048
935,935,-1.7265052679,-1.81994040333
936,936,0.790019802764,0.4945923341
937,937,1.02866543963,-0.589355527073
938,938,0.167944476524,-1.78933568556
939,939,-0.925898172778,1.18458903442
940,940,-0.35476483666,1.39096906648
941,941,1.2237913769,1.6581504561
942,942,1.81499527478,0.608275772367
943,943,-1.04347015399,0.257543111319
944,944,-0.014438650572,0.829828277501
945,945,-0.154267559179,-1.56228730678
946,946,-1.35187573943,-1.4312032138
947,947,-0.49144782904,1.64981059217
948,948,-0.988999642057,-1.18818103925
949,949,-0.589987679701,-1.92733472213
950,950,0.38399899441,0.871171129544
951,951,0.290867844385,1.20988606268
952,952,0.128605827036,-2.17114363739
953,953,0.15155667263,-2.89598140424
954,954,0.417654346515,0.79688379572
955,955,-0.362075422412,-1.00965114653
956,956,0.132517739654,2.0126932597
957,957,0.178513461276,1.045920646
958,958,0.603718043161,-2.16765033342
959,959,-0.0521792123109,-2.20918286767
960,960,-0.253559865272,-1.96840121653
961,961,0.324185542008,-2.28543398756
962,962,-0.178496108864,2.46123948426
963,963,1.07703504913,-0.651496700657
964,964,0.0229169865528,-2.10199595875
965,965,-0.516458684022,2.61971644438
966,966,1.03888811031,-0.173889899922
967,967,2.60718823757,0.184408343747
968,968,-0.775132460603,-1.42079424307
969,969,-1.47928125695,-1.65610092239
970,970,-0.79686455554,-1.47224617476
971,971,0.159401495805,1.79260416749
972,972,-0.840232911225,-0.632566867938
973,973,-1.41220644692,-1.80089442174
974,974,-1.348568293,-1.48769295353
975,975,-1.21453073946,-1.36025853325
976,976,-0.603180319892,-1.41400909139
977,977,-0.455105525859,-2.11450463919
978,978,-0.992794871828,-1.83672019956
979,979,-0.201068007031,-2.08597843932
980,980,0.416326061341,-0.794353735698
981,981,2.38243449573,-0.141898433319
982,982,0.0253969476692,-2.17748049379
983,983,-0.716874296545,-1.39671324635
984,984,-0.219555112314,2.88051126554
985,985,-0.179115445409,-1.36758881308
986,986,-0.596596485898,-1.48932081506
987,987,-0.9024243224,-1.77906474959
988,988,0.161697483929,1.21185308472
989,989,-0.954479242616,-1.50813471252
990,990,-1.26706734455,-1.96973194228
991,991,-0.0495937222116,2.75949165585
992,992,0.0322647077611,-1.58299782053
993,993,-0.145378288769,-2.37897954044
994,994,0.26961504727,-2.7051058842
995,995,1.90316400766,0.444348519194
996,996,0.402266145367,-2.20071640991
997,997,-0.680956863909,-1.35528898088
998,998,-1.02654336916,-1.12631951183
999,999,0.140775940572,0.334334432138
1000,1000,-0.525840501168,0.844221851189
1001,1001,-0.51597473546,0.936270517735
1002,1002,-0.964111672226,-1.15027649315
1003,1003,-1.53612217889,-0.879657966057
1004,1004,-0.126289384708,1.86789074781
1005,1005,-0.44655387633,2.65338947781
1006,1006,0.974264338896,-1.62373727586
1007,1007,0.308747864373,-0.311016539213
1008,1008,-0.284585881306,2.30276177381
1009,1009,1.1903172962,-2.011922751
1010,1010,2.16961356408,-0.0662359366967
1011,1011,2.62171770457,-0.068855925165
1012,1012,2.42590908712,-0.160238462641
1013,1013,0.936206904057,-1.95250056243
1014,1014,0.00576040699525,2.03429914966
1015,1015,0.441396602312,-2.35427217001
1016,1016,-0.71017112896,-0.667751568135
1017,1017,-0.45524388715,1.730100732
1018,1018,2.42019961797,0.0773101486548
1019,1019,-0.427842194461,1.85027464715
1020,1020,0.402010876477,-1.80238268189
1021,1021,0.486421563044,0.103977056789
1022,1022,0.0852337111661,-1.48638284337
1023,1023,-0.683079137236,1.96483678371
1024,1024,-0.326112533055,1.06338882299
1025,1025,-0.186676227158,0.988094206691
1026,1026,0.548713319976,0.380195774159
1027,1027,-0.283744988446,-0.165212855595
1028,1028,-1.08701696185,0.400048050086
1029,1029,2.3755422532,0.0262248883397
1030,1030,-0.528207105174,0.865785063531
1031,1031,0.586711969455,1.90981900237
1032,1032,-0.492381834563,0.880768005553
1033,1033,-0.839373942466,-0.286276467691
1034,1034,-0.384188734705,-1.68754928155
1035,1035,0.72942888323,-1.02954232393
1036,1036,-0.387967870427,-0.704741931494
1037,1037,0.20640147046,2.36351038165
1038,1038,1.29249374611,-0.820633682531
1039,1039,2.05304585825,-0.550445765524
1040,1040,0.0526671560753,-2.56995301238
1041,1041,2.30353155786,0.231253206318
1042,1042,0.234735948209,-2.11396152306
1043,1043,0.296452629637,-2.66632544049
1044,1044,-0.900401111682,1.70180328495
1045,1045,-0.640829301285,1.85686147203
1046,1046,-0.827667961515,2.15148369071
1047,1047,-0.589379544938,1.85096337647
1048,1048,1.10288769816,-2.00969654037
1049,1049,-0.228581250208,2.21471685422
1050,1050,1.51246998342,-2.01892007427
1051,1051,0.524753874441,-2.28499029267
1052,1052,-0.324906736049,2.25472600858
1053,1053,-0.563790331775,2.12606353544
1054,1054,-0.496790540764,2.30200454578
1055,1055,-0.0734392576299,2.63571696871
1056,1056,0.655949654103,-2.1850487335
1057,1057,0.750465392276,-2.20528413833
1058,1058,0.547914691473,-2.22393050733
1059,1059,-0.166689939033,1.70103927315
1060,1060,-0.214375923442,2.10384260258
1061,1061,0.964141760441,-1.62311380157
1062,1062,0.303553247168,-2.36871984414
1063,1063,0.915567689575,-2.08643826267
1064,1064,-0.447932013983,2.23770141751
1065,1065,-0.136091552526,2.37805644332
1066,1066,0.200845744078,2.29972798647
1067,1067,-0.38032103773,2.1588734357
1068,1068,0.430201637884,-1.98236935019
1069,1069,-0.137567412998,2.19973751932
1070,1070,-0.580944666168,2.33931980872
1071,1071,0.058490525499,-1.9458104123
1072,1072,2.12359811607,0.680929843304
1073,1073,-0.0165523447823,-2.57656025016
1074,1074,2.79601117194,-0.0661137910353
1075,1075,-0.926685999267,-1.01722601767
1076,1076,0.582301765821,0.713754533102
1077,1077,-1.15068953214,-1.04052910773
1078,1078,-1.28320627968,-1.21967597407
1079,1079,-0.802931754768,1.73778030937
1080,1080,-1.44328154211,-1.29628061496
1081,1081,-1.52655465692,-1.38393654489
1082,1082,2.02649826114,0.255405552399
1083,1083,-1.37524979817,-1.6273576566
1084,1084,-0.506720416997,2.01455954135
1085,1085,0.246834194777,1.37801042475
1086,1086,-0.0573703139562,0.380737799005
1087,1087,-1.37642013848,0.801884799508
1088,1088,0.460434001814,1.77796902325
1089,1089,-0.119140226719,1.41013216413
1090,1090,-0.387990713234,-0.919943438345
1091,1091,-0.941980647058,0.910636416398
1092,1092,0.401022704125,1.56858101547
1093,1093,-0.779799414526,-1.50376981487
1094,1094,0.19992882114,-2.37118938808
1095,1095,-0.678944780844,2.61048988402
1096,1096,0.460973011085,-2.52350569495
1097,1097,0.132069340068,-2.52289743424
1098,1098,0.423965526785,-2.19872291135
1099,1099,-0.0461831038618,-2.33557639854
1100,1100,0.543385478659,-1.83267592445
1101,1101,-1.0393318513,-1.39796853314
1102,1102,-0.312415878974,-2.14199304988
1103,1103,0.276020775851,-2.44712858027
1104,1104,-1.2529553099,-1.68096450626
1105,1105,-0.0409571827692,-2.27879771833
1106,1106,2.55427210753,0.0197171099157
1107,1107,-0.683069912105,2.31349580137
1108,1108,-1.49006284764,-1.57966416113
1109,1109,-0.235516043521,2.30438495806
1110,1110,0.443280293296,-1.31356527089
1111,1111,-0.424853092242,2.47349582149
1112,1112,0.755369420639,-1.55243223751
1113,1113,2.46623885755,-0.161606347664
1114,1114,1.56394272754,0.703269324369
1115,1115,0.496277498005,-2.63944502367
1116,1116,0.506240621799,-2.3224314049
1117,1117,-0.637943369673,1.18306477965
1118,1118,0.986170728598,-1.63583257353
1119,1119,1.47243407423,-1.0155329784
1120,1120,-0.673145030653,1.85429752173
1121,1121,-0.551708267743,2.16027643352
1122,1122,-0.386727137796,2.31736165678
1123,1123,1.2539167124,0.523977556763
1124,1124,-0.842323585792,-1.73710461512
1125,1125,1.03327990717,-1.69383214845
1126,1126,-0.470363682955,2.29746708092
1127,1127,0.432721962813,1.46702959754
1128,1128,1.67566975854,-1.08698941728
1129,1129,-0.726508668,2.305138139
1130,1130,0.981359372588,-1.64314230602
1131,1131,-1.19196693481,-1.79785919303
1132,1132,0.527575321348,-2.06652737059
1133,1133,-0.0424822004259,-2.4531216583
1134,1134,0.333043680693,-2.51583938356
1135,1135,0.581205754264,-2.02556328765
1136,1136,0.102545111551,2.5619175797
1137,1137,0.104481480809,-2.34113680298
1138,1138,0.419783376533,-2.64640782032
1139,1139,0.385442776033,-1.99686086606
1140,1140,-0.267681001821,1.98804553984
1141,1141,0.376147635321,2.01231695422
1142,1142,-0.331578594273,2.34743464575
1143,1143,1.06681639274,-1.48272273394
1144,1144,1.35918494283,0.763608128025
1145,1145,2.51521105732,0.11424540394
1146,1146,1.20171252329,1.55073045809
1147,1147,0.450484506598,1.9912917746
1148,1148,0.0227413462597,-2.60920314471
1149,1149,0.550921259494,-2.44109583018
1150,1150,2.59684332153,-0.0861205616154
1151,1151,-0.203910819717,2.66255536883
1152,1152,0.236163071356,2.87674024658
1153,1153,2.36659919119,-0.293504399285
1154,1154,-0.294131752133,-2.38008879142
1155,1155,-0.109057846645,-2.54599380294
1156,1156,1.79329843626,0.530556513778
1157,1157,-0.0484698893628,2.11191918497
1158,1158,2.13798331987,0.550113286473
1159,1159,2.57078877158,0.0247564617917
1160,1160,0.0233853388411,2.29738951558
1161,1161,0.215216304164,-1.14508503149
1162,1162,0.0444308525213,2.35498339061
1163,1163,0.312473301559,1.90701153202
1164,1164,0.704788612607,-1.86083440642
1165,1165,1.36938322483,0.487682675698
1166,1166,0.681934437942,1.9949953826
1167,1167,2.46122260522,-0.0614426567944
1168,1168,0.98600041232,-1.64120672055
1169,1169,2.46125849477,-0.336791664205
1170,1170,2.1196315144,0.0620605530534
1171,1171,-0.308366221753,-2.48215736165
1172,1172,0.330095592105,-2.27409810223
1173,1173,-0.381104515286,2.34137059026
1174,1174,0.0320960967974,2.58099662624
1175,1175,0.321630751066,2.17888153616
1176,1176,0.078712961822,2.58488961585
1177,1177,0.240922055095,-1.99216286184
1178,1178,1.63683330788,0.66493013567
1179,1179,-0.230480150258,-2.74922990661
1180,1180,-0.0236251436749,-2.75665263215
1181,1181,2.29596057138,0.209657443089
1182,1182,-0.406790917943,-2.51185933767
1183,1183,-0.0796801585573,2.61477976244
1184,1184,-0.374767046525,2.279202645
1185,1185,1.12117829472,-1.83830617711
1186,1186,-0.237855084383,-2.7038287855
1187,1187,-0.203644835579,-2.31091756534
1188,1188,0.934557143748,-1.64467105851
1189,1189,-0.438594217367,-2.65287205747
1190,1190,-0.253099181962,-2.40826967646
1191,1191,0.484256423995,-2.3137081941
1192,1192,-0.0994942989233,-1.98890121075
1193,1193,-0.121844036176,-2.00272749164
1194,1194,-0.222368766339,-1.85864018028
1195,1195,-0.296719984349,1.95420164418
1196,1196,1.87703106721,-0.0952770957783
1197,1197,2.55331508188,0.0287815673843
1198,1198,2.21378291419,-0.196487650477
1199,1199,2.36580784508,0.0756074100841
1200,1200,0.63938238409,-2.17193909839
1201,1201,0.741780735753,-1.88500469263
1202,1202,-0.576853037836,1.82269164828
1203,1203,-0.618541444568,2.35212286257
1204,1204,-0.307429423439,2.19076266645
1205,1205,1.13630911719,-1.98796019265
1206,1206,-0.120999055528,2.26112470504
1207,1207,0.170352964862,-2.58272444192
1208,1208,0.444429164448,-2.24512332775
1209,1209,2.22514448824,0.138032886012
1210,1210,2.54254798073,0.0932925990085
1211,1211,-0.179419792923,2.28657481233
1212,1212,0.875802067074,-2.02660986495
1213,1213,2.73211480665,0.356040668543
1214,1214,1.76444255861,0.458540863013
1215,1215,-0.162666392603,-2.61746732247
1216,1216,0.0889070767597,-1.64179867799
1217,1217,0.0129587260406,-2.60101155812
1218,1218,0.423085794943,-2.18289509452
1219,1219,2.34700817509,0.242839646156
1220,1220,1.42517628004,-1.25419808781
1221,1221,1.35661740347,-1.20127507122
1222,1222,1.26509232673,0.732621556484
1223,1223,1.40593357161,-0.98633350113
1224,1224,2.89532721644,-0.211761775633
1225,1225,2.6562163772,0.0867793976702
1226,1226,0.389086236219,-0.22691367066
1227,1227,-0.335473615643,2.58384269242
1228,1228,0.669774663882,-0.0209787548433
1229,1229,-0.202934255426,2.27177378241
1230,1230,-0.0381792667685,-2.49251282103
1231,1231,0.471731170607,-2.41964534971
1232,1232,-0.459002190799,2.7254196056
1233,1233,1.03903496837,-2.39052393735
1234,1234,-0.121235143895,2.42864161022
1235,1235,0.434381459274,-1.97174702291
1236,1236,2.4455576151,0.258403717516
1237,1237,0.553913618465,-2.3310701478
1238,1238,-0.0401392719787,2.31787368536
1239,1239,0.783931065955,-1.61725957572
1240,1240,-0.140715761797,-1.89580370795
1241,1241,2.50892065806,-0.135742150498
1242,1242,0.273500640755,-2.20916676349
1243,1243,-0.00916022157967,-2.48007826001
1244,1244,0.563777200446,-2.19256587275
1245,1245,-0.0607427484003,2.42832080945
1246,1246,0.180803135948,-2.42333337123
1247,1247,-0.0310412274159,2.30644804138
1248,1248,-0.244737147981,2.48124163165
1249,1249,0.617966643895,-2.41721373028
1250,1250,0.229027579035,2.26718888205
1251,1251,0.0634695278155,2.36418195249
1252,1252,-0.0824848809145,2.54482152571
1253,1253,0.711264699513,-2.03493764609
1254,1254,2.11560953175,0.562885907146
1255,1255,2.78315294872,-0.158502707478
1256,1256,2.32447897709,-0.0872162227135
1257,1257,2.60664875009,-0.0404506567948
1258,1258,2.43160253381,0.424001954241
1259,1259,2.23910769989,0.132337728673
1260,1260,2.6035108899,0.151315858851
1261,1261,2.40103997838,0.0111144914968
1262,1262,-0.0368148771522,-2.00139321229
1263,1263,0.31496705419,-1.94710853348
1264,1264,2.40494547036,-0.0454631218201
1265,1265,0.0334863188044,2.77687940075
1266,1266,1.13834465582,0.035142051985
1267,1267,1.67089867005,-0.224292593141
1268,1268,-0.0523179683202,-2.23215533965
1269,1269,0.172135304857,-2.2627558978
1270,1270,1.72446441778,-0.190790245944
1271,1271,0.0830122462433,2.46437629341
1272,1272,1.93343858557,0.734429613856
1273,1273,0.0920964322681,-2.032773162
1274,1274,0.784780745471,-0.465799635034
1275,1275,-0.0381424276816,2.61898348156
1276,1276,0.663830493113,-2.24785494169
1277,1277,0.272343071911,-2.08358608331
1278,1278,2.33093745905,0.0876731650192
1279,1279,1.9810845884,0.269803014499
1280,1280,0.767738590167,-0.17615312476
1281,1281,2.58201667568,-0.0678432044438
1282,1282,2.081762785,0.0590505305171
1283,1283,2.24893833047,0.207576393428
1284,1284,-0.525768173525,-2.20056266292
1285,1285,1.2729027921,-1.81251339411
1286,1286,-0.0702502005972,-0.501997156147
1287,1287,1.77503324955,0.972499887502
1288,1288,-0.157501547095,-2.14868326984
1289,1289,0.182245415842,-1.99766445173
1290,1290,0.176740405492,-2.18547173566
1291,1291,0.818959181467,-0.466925400125
1292,1292,0.489919494212,1.71535751062
1293,1293,2.17610478394,0.176907473558
1294,1294,2.62617666911,-0.0106541844944
1295,1295,0.793289222879,-0.894253971911
1296,1296,0.0731310969111,-2.4136695786
1297,1297,0.286558506588,-2.1095641208
1298,1298,1.5361984539,-0.879805726602
1299,1299,-0.0582731197916,2.33352956799
1300,1300,0.529986899112,-2.03532605159
1301,1301,0.109203491282,2.78163170414
1302,1302,-0.429426158998,1.78642528825
1303,1303,1.0373810708,-2.28395311029
1304,1304,-0.221619556981,1.95509813161
1305,1305,-0.243084486973,2.05269085537
1306,1306,-0.508708628278,2.51605394737
1307,1307,-0.379266977567,2.47135855807
1308,1308,-0.262857857221,2.12985350157
1309,1309,-0.464348036878,2.29597766563
1310,1310,0.432511256942,-2.26919217259
1311,1311,0.189955155963,-2.83280806914
1312,1312,-0.25601861172,2.40161822273
1313,1313,-0.0546001896231,-2.50303409741
1314,1314,1.28078519274,-2.44877275685
1315,1315,0.172889936819,-2.31833345681
1316,1316,-1.00573299957,2.32900315889
1317,1317,0.198340365477,2.42510400649
1318,1318,0.558844034545,-2.15781404491
1319,1319,-0.426919469099,2.07419896964
1320,1320,0.276543824052,2.33744226872
1321,1321,-0.678041876038,2.27649909476
1322,1322,0.0511372388282,2.25567370867
1323,1323,-0.00681978562721,2.22814029378
1324,1324,0.923140460724,-1.83861741444
1325,1325,1.09642352224,0.708080155306
1326,1326,2.33946070344,0.188881925329
1327,1327,-0.00871702020852,-2.4746851828
1328,1328,0.132002694237,-2.2986114456
1329,1329,2.46279823815,-0.0355878222606
1330,1330,0.0708573501229,2.57402862188
1331,1331,0.762498834849,-2.00527812575
1332,1332,1.73265542848,0.64791580681
1333,1333,0.15943091814,-2.22009547699
1334,1334,0.23294918394,1.75033042359
1335,1335,0.482235038011,2.31192732853
1336,1336,1.01344208557,1.85836087183
1337,1337,-0.116753348094,2.08547646611
1338,1338,1.84816367662,1.5057940565
1339,1339,0.198789102467,2.5722258411
1340,1340,1.05163164102,1.21385590146
1341,1341,1.12209333161,1.15703190739
1342,1342,1.48785499965,1.44343044293
1343,1343,-0.205322399606,-2.87269878791
1344,1344,0.133892103546,-1.96187120574
1345,1345,1.08115535916,0.67009927087
1346,1346,0.161757979745,2.08943013131
1347,1347,1.84476884489,0.423158379349
1348,1348,1.05908928507,2.04572974904
1349,1349,0.0544687859579,2.44194059656
1350,1350,-1.29786705466,-1.86813365329
1351,1351,1.89573531892,0.645353319599
1352,1352,-1.03414477414,-0.805651472937
1353,1353,0.236935046187,-2.11388472228
1354,1354,0.586272639234,1.78060448518
1355,1355,1.34382601904,1.31448973249
1356,1356,2.35866300433,0.556074402583
1357,1357,0.872361419374,1.62276701835
1358,1358,0.511210351958,1.7760411554
1359,1359,0.90669250385,0.532197699878
1360,1360,1.49161757889,0.36521704624
1361,1361,0.544861587492,0.529554794404
1362,1362,-0.938868920847,-1.60080484349
1363,1363,-0.436325484887,-2.15795277613
1364,1364,1.85393574551,0.448313581696
1365,1365,1.28884986546,-0.515909832719
1366,1366,2.44943878825,0.3471990837
1367,1367,-0.427977848279,1.1963310218
1368,1368,0.0396163061425,2.36915015152
1369,1369,0.0525108703437,-1.83530093196
1370,1370,0.362673800236,2.33645894731
1371,1371,2.76215995643,0.179579921749
1372,1372,1.88914451622,0.616545703864
1373,1373,-0.470899896582,1.96826559328
1374,1374,1.88576755014,0.668908891513
1375,1375,1.45776482766,1.37358337198
1376,1376,0.725331988449,0.989740831472
1377,1377,-0.930059606695,-1.31710274781
1378,1378,0.143949967026,-1.93863811291
1379,1379,1.54117931904,1.39039469108
1380,1380,0.523481492469,2.42430067184
1381,1381,0.717484952694,1.89144855784
1382,1382,0.198585005812,-3.19013532554
1383,1383,-0.257428673216,2.16348275067
1384,1384,1.9552530866,1.34007539365
1385,1385,2.57083348615,0.315417416737
1386,1386,1.44703751682,0.798506578945
1387,1387,1.79592516327,1.37060615435
1388,1388,3.14222460239,0.71052672886
1389,1389,1.49938467684,1.59141332363
1390,1390,-0.116594096041,2.28911693637
1391,1391,0.14602398187,2.16623122407
1392,1392,0.497386062545,-2.29476116014
1393,1393,0.708692296879,0.714476346964
1394,1394,0.973486726528,0.375106597605
1395,1395,2.36233302876,-0.0609440911269
1396,1396,2.63357831832,0.317547225072
1397,1397,1.49882704488,-2.21049733286
1398,1398,0.570769904851,1.79361146935
1399,1399,-0.217840798414,-2.2911028098
1400,1400,0.870029095945,0.477586525813
1401,1401,-1.48131232953,-1.16334748421
1402,1402,-0.20908050073,2.44903463894
1403,1403,1.22998885421,0.116843835774
1404,1404,-0.293376169691,2.113756559
1405,1405,0.928149853825,1.8521077909
1406,1406,0.12831511341,2.88990521456
1407,1407,-0.347798079967,2.90341160765
1408,1408,-0.0128088708311,2.1747612025
1409,1409,0.386032242615,3.29058070332
1410,1410,0.152459455784,2.31435820885
1411,1411,-0.0864740402083,2.3942974202
1412,1412,-0.409737958131,2.38449989274
1413,1413,0.1647503017,2.23832518483
1414,1414,0.0366712906787,2.50453564317
1415,1415,0.761676974082,3.13329362245
1416,1416,0.465497278369,3.04761368869
1417,1417,2.26463732348,0.180179765798
1418,1418,0.0534620992173,2.72461860326
1419,1419,1.15762321378,0.0930896147944
1420,1420,-1.01155425284,-1.35571625413
1421,1421,0.290686067283,-0.179225426543
1422,1422,1.04433426115,0.393336375918
1423,1423,1.97419663168,-0.171378145397
1424,1424,-0.340542992331,-2.53480408104
1425,1425,0.338147392033,1.93611898926
1426,1426,-0.0813133521789,1.03288962749
1427,1427,2.92656416719,0.922103414218
1428,1428,3.64953267811,-1.03123519891
1429,1429,2.52770992852,0.141272708407
1430,1430,1.75361425364,0.781392159317
1431,1431,2.27164032346,0.0845513717479
1432,1432,2.58058181313,-0.0149469171696
1433,1433,1.73173876381,-0.0842082938814
1434,1434,1.09385024389,0.942615150764
1435,1435,1.03771952313,0.763426819358
1436,1436,0.566303314503,-2.34865514674
1437,1437,2.19841742706,0.404314127147
1438,1438,-0.463372518263,2.00676246335
1439,1439,1.11957132482,2.32710231885
1440,1440,1.29167566762,1.94892969525
1441,1441,0.383023358545,0.972900948354
1442,1442,0.645735410529,1.74761403655
1443,1443,0.386082835731,-2.68795136851
1444,1444,1.85398199726,2.41840389328
1445,1445,0.519098255012,1.78938658681
