,vote,alpha,beta
0,0,0.0269765150593,2.34856375094
1,1,-0.335306243927,-2.47075533685
2,2,2.62598304116,0.206670346544
3,3,2.14846990611,0.181148068858
4,4,0.66664146015,-1.43642351362
5,5,2.68410491813,-0.412962769382
6,6,2.11592922067,0.328408412677
7,7,2.1821577692,0.414187214087
8,8,0.12492327985,-2.10765258648
9,9,1.33907544906,-1.512274229
10,10,2.57469423041,0.39104830839
11,11,3.01164601101,-0.278327296915
12,12,2.73251938623,0.656661736828
13,13,2.58658859035,-0.0271701965889
14,14,2.75586211354,0.0377129623425
15,15,2.12206840642,0.186684351918
16,16,-0.0753923524495,2.33926610569
17,17,0.539738307291,-0.539026155917
18,18,2.36603839651,0.256006084124
19,19,2.78291611235,-0.164932823864
20,20,1.56787521324,-0.786744440825
21,21,0.132133036656,-2.72561632222
22,22,0.209374417081,-2.38385045545
23,23,2.81784243875,-0.378899143703
24,24,0.643935141193,-2.00616787449
25,25,1.25028895824,-0.314445665508
26,26,-0.845929913688,0.0601799170333
27,27,-0.122821783652,2.69465998632
28,28,2.66469534545,-0.0038008244426
29,29,2.64826207319,0.194818620966
30,30,2.53155269761,0.175710900177
31,31,2.52484586246,-0.142406682619
32,32,0.292816734095,-2.39264894874
33,33,0.103749000285,-2.95333540523
34,34,1.53389959946,-0.445354639847
35,35,-0.0731566908396,2.1726736557
36,36,-0.198345450391,-2.21599767053
37,37,-0.0353340548968,-2.27947238659
38,38,0.212387941579,-2.16530466855
39,39,-0.871338256718,-1.35029986752
40,40,1.66720857694,-1.26042452484
41,41,0.224800449795,2.47801139339
42,42,-0.465047062097,-2.1789150881
43,43,2.748066164,0.0112371390442
44,44,2.99797112882,-0.213739145082
45,45,2.93149487464,0.0367399289909
46,46,2.32424260492,-0.0474085392458
47,47,2.02945966284,-0.0771786456234
48,48,2.58539476246,0.562925159747
49,49,1.74092329,1.49047074724
50,50,-0.0671822671028,-2.44341954086
51,51,0.185733744516,-2.55147262661
52,52,-0.282694140407,2.58771967177
53,53,0.254422624847,-2.79946472263
54,54,-0.18497380513,-2.81019198639
55,55,0.449124574704,-1.92156495339
56,56,0.748535833658,-2.42154251645
57,57,-0.578652475465,1.90464584123
58,58,0.439316201751,3.00928119836
59,59,-0.194445531914,-1.67423328492
60,60,1.01486107584,-2.61437610391
61,61,2.45194045284,-0.145833839951
62,62,2.69429309904,0.235139869197
63,63,2.63665101041,-0.228560448165
64,64,2.80783907357,-0.113905494021
65,65,2.42553561444,-0.268650901767
66,66,0.155218527139,-2.4421012615
67,67,0.552115394071,-2.57106909419
68,68,0.978003389754,-2.06158854427
69,69,-0.545449633731,-1.92710492036
70,70,-1.29331995574,1.72368390573
71,71,-0.773573306521,1.99409789618
72,72,-0.695481668397,2.31409285267
73,73,-0.899352622214,2.19103828472
74,74,-0.861562252642,2.3746072933
75,75,-0.524873451269,2.36235953962
76,76,-0.232421780664,1.98794014514
77,77,-0.615005240085,1.53464277811
78,78,0.228418701438,2.38337370559
79,79,0.898510934642,-2.03628964
80,80,-0.989057062042,-2.28208917753
81,81,-0.0401215444783,-2.40382652724
82,82,0.0363290240068,-2.78219130049
83,83,-0.152991769884,2.60631574012
84,84,-0.188570206228,-1.94139231143
85,85,2.66531755625,-0.0503721116878
86,86,2.37771456774,-0.617156709192
87,87,-0.0384112311777,-2.44639578466
88,88,-0.077108406729,-2.4923222431
89,89,-0.670526004119,-1.03169228261
90,90,0.209767418699,-0.473509396986
91,91,-0.381880176952,-1.87016628983
92,92,-0.942774904528,1.91001314555
93,93,-0.770115684037,-1.92015402581
94,94,0.211250472728,2.4197414734
95,95,2.15003136951,-0.172821846216
96,96,-0.991322912131,1.99890827526
97,97,-0.51997109706,1.91431014565
98,98,-0.401801069844,0.229630247276
99,99,-0.231526038681,1.81677342611
100,100,-0.0987464960586,1.57978879769
101,101,-1.13489412272,0.592300345373
102,102,-0.390819910994,-1.66559772171
103,103,-0.929550432575,1.73862366263
104,104,-0.316497455998,-0.835990091046
105,105,-1.22525110193,-0.093163981416
106,106,0.684836736321,0.916740493379
107,107,0.22741963009,-1.49417982126
108,108,-0.437153854235,0.475447844382
109,109,-0.505099254654,0.441365827796
110,110,1.29973938665,1.59543984194
111,111,0.134124811488,-2.34640158601
112,112,-0.46836244683,-1.54400126542
113,113,-0.320985240713,-1.83403490447
114,114,0.38510775913,2.79586696274
115,115,0.385856959858,-1.50248383264
116,116,2.69922020082,0.459770341093
117,117,2.62635887315,-0.143962785039
118,118,0.38648813455,-2.34353529793
119,119,2.01436783123,-0.496649984091
120,120,2.62018297109,-0.241302003429
121,121,-0.185464582467,2.05810446925
122,122,1.44756233692,-1.63044268867
123,123,2.39562741751,0.166691066593
124,124,0.703890350813,1.57452122572
125,125,0.58189771794,-2.68966698229
126,126,0.366083834285,-2.15954079555
127,127,-0.827968651529,0.814034580053
128,128,0.34917096217,-1.96686642858
129,129,-0.276612286432,-1.25949410941
130,130,-0.763460386516,-1.49475449341
131,131,0.999109599298,0.977887151113
132,132,-0.597670195492,-1.81811016917
133,133,0.0100978901487,1.46136340316
134,134,0.459528463104,-2.35261138115
135,135,1.00605307709,1.91806305115
136,136,-1.79438141636,1.24205193682
137,137,-0.608085744338,0.692003696599
138,138,-1.41835655176,0.790870027339
139,139,-0.0784511013094,2.18629595044
140,140,-0.56227197203,0.154994709947
141,141,-0.748869112788,0.466699757689
142,142,0.547433577265,-1.90403513009
143,143,-0.992766340705,2.18848119129
144,144,-1.39157510833,2.02862604237
145,145,-0.944185248063,1.33055734977
146,146,1.63009028483,0.716048327943
147,147,-0.163431662465,1.17396904426
148,148,2.71235003107,0.468586537093
149,149,2.78650933184,-0.102286996961
150,150,-0.00975633156535,2.39879573897
151,151,0.76015415504,-0.710603348741
152,152,2.70182441145,-0.156113034929
153,153,2.56352766244,0.00507708874066
154,154,2.65554087192,0.197493917271
155,155,0.286354600227,-2.64626076905
156,156,0.330022047048,-2.47789437493
157,157,2.78192075903,0.0249304760798
158,158,0.242917449376,-2.24133507052
159,159,1.91439916224,0.667645150168
160,160,0.404108771086,-2.18546084027
161,161,0.243804304028,-1.88821963591
162,162,-0.640230780295,2.21679402165
163,163,0.349263019173,-0.438880273779
164,164,-1.12749020801,-0.938919541882
165,165,-0.38758884142,1.49059148021
166,166,0.329839581988,-2.4396965636
167,167,-0.578761768102,1.36880872432
168,168,0.951243838191,1.37972865118
169,169,-0.0448271853119,0.185443644602
170,170,-0.957025817492,-0.695448100646
171,171,-1.16948966,-0.819346407314
172,172,-0.859303943866,1.13303184588
173,173,-1.14728935067,-0.737473789993
174,174,-0.770428797991,-1.99878110168
175,175,0.202931957363,1.5903288475
176,176,0.189249576813,0.824692687055
177,177,0.0282666253535,-2.16613963012
178,178,0.157257100454,1.14755728252
179,179,-0.425779553255,-1.36549053279
180,180,-1.11192484707,-1.44530687405
181,181,0.917563151375,-0.368347353618
182,182,-0.2820615572,-1.10305148619
183,183,0.0467788629822,0.946907817009
184,184,0.0625823290497,0.430082920117
185,185,-0.200601935666,0.35552842791
186,186,0.487693900451,-0.430217254068
187,187,0.20346094718,-0.54200413725
188,188,-0.042703200996,-0.76459044715
189,189,-0.101461009004,-0.270681112582
190,190,0.101153428933,0.326627217065
191,191,-1.28599592449,-1.95563883371
192,192,-0.0280327828412,-2.30911571511
193,193,0.109981394323,2.82803056667
194,194,-0.242632060224,-0.852458126763
195,195,2.36448274039,0.0561164914838
196,196,2.73478919948,0.498254367275
197,197,0.0216914312325,-2.51903399966
198,198,-0.782948187228,1.15318637297
199,199,0.151487359821,-1.85463493639
200,200,0.387055566147,1.57734940292
201,201,-0.0863975874495,2.56249030786
202,202,1.12785111412,-2.11201850809
203,203,2.97451517108,-0.484752671342
204,204,-0.454647978579,2.29096469917
205,205,0.349719951848,-2.25594976843
206,206,0.240017175823,-1.40475551264
207,207,0.516613299641,-1.98492545421
208,208,-0.461795984808,1.83646288924
209,209,0.244603444948,-2.62359190121
210,210,0.562527517618,-0.620047259587
211,211,-0.430145691928,-2.31967176784
212,212,0.760915862011,2.12220048807
213,213,-0.756609378536,2.13871395204
214,214,0.0934181657353,2.23582504927
215,215,0.131823573311,-1.89196353556
216,216,2.17077008065,-0.986116077383
217,217,1.76648051639,-1.18211282509
218,218,2.72433063918,0.122459749473
219,219,-0.15929428237,-2.42127629377
220,220,0.414835249715,-2.09091375353
221,221,1.80499925938,0.684520069893
222,222,-0.854775347369,2.25679890038
223,223,-0.273186676782,1.96070835245
224,224,-1.02028806002,1.64459197255
225,225,-0.482418564721,0.156843963796
226,226,-1.18947332431,-1.67819409718
227,227,-0.842604935809,1.93457343093
228,228,-1.27161135804,-1.86643159092
229,229,0.227627564908,1.80860243293
230,230,-1.48277821676,-1.45955789964
231,231,1.77210724215,1.05263089735
232,232,-0.1355477737,1.96070379664
233,233,-0.534568410389,1.78225164409
234,234,-0.981909311726,2.18444735025
235,235,-1.10056072129,1.89676981947
236,236,-0.587340452061,1.65588572086
237,237,-1.08755847451,0.656691155781
238,238,-1.00846101667,1.58508988896
239,239,-0.818589507141,1.47989996027
240,240,-1.01097799016,1.61164833957
241,241,-1.22612171825,1.78204348197
242,242,0.213082057099,-2.4308746493
243,243,-1.14455241362,-1.80024398708
244,244,-0.393682545123,2.06613990794
245,245,-0.00598343878264,1.09562580247
246,246,-1.180285884,-0.859618882712
247,247,-0.247827038705,1.14467448754
248,248,-0.696148036741,0.379128889698
249,249,-0.578374584896,0.318303332951
250,250,-1.27070157589,0.955590559869
251,251,0.467542501369,1.45412109717
252,252,-1.52959725403,-1.31167521852
253,253,0.173745100703,-2.36382655654
254,254,0.0287187959094,-1.95737189166
255,255,-0.663213569709,1.64809201697
256,256,-0.333578976527,0.584375287112
257,257,-1.35056277927,-1.741217627
258,258,-0.471016794204,2.3361909802
259,259,0.0477480332417,-2.0572669648
260,260,0.0282644999451,-2.40440171608
261,261,-0.119850706973,-2.6201506745
262,262,0.0613759340159,2.23515708003
263,263,0.399166000843,-2.82812207759
264,264,0.262110141739,-2.4473844939
265,265,-0.137819336962,2.54124127306
266,266,-0.724627956294,-2.29860040473
267,267,2.38986520656,-0.200327012134
268,268,2.74594799379,-0.15174213232
269,269,2.96657994144,-0.0953295938686
270,270,0.0769786897617,-2.61715495021
271,271,0.310946723169,-2.54021307273
272,272,-0.988328962635,0.155821481371
273,273,-0.13069417488,3.03148661912
274,274,1.26575533985,-2.20701507589
275,275,-0.334591651838,2.36369633731
276,276,0.758535076993,-1.83456774153
277,277,0.140587020894,-2.06213028326
278,278,-0.159908039141,-2.49294545971
279,279,0.967081163002,1.5476447015
280,280,0.83108986416,-2.27774605544
281,281,0.294922752162,-2.00444435024
282,282,-0.0823519591181,1.74924087616
283,283,-0.126788611966,-2.58617545666
284,284,-0.586580412728,1.94611848478
285,285,-0.190569073697,1.91557908629
286,286,0.326396206747,2.8019488111
287,287,-0.541199955963,-2.14774498256
288,288,2.22293768141,-0.0792352176262
289,289,2.59280407764,0.200212192561
290,290,-0.173817276333,-2.48258567729
291,291,-0.270742909143,-2.38362040914
292,292,-1.35802511204,0.511808432404
293,293,0.988492638917,-2.08043365144
294,294,-0.520248544338,1.36121534705
295,295,-1.01434037644,1.36743967012
296,296,-1.65530545427,0.916239470269
297,297,-1.16752681826,-0.839607799852
298,298,-0.509136298974,1.39271250684
299,299,-0.552212238392,1.84947427064
300,300,-0.240639918704,-0.411295330679
301,301,0.592060822801,0.13217588651
302,302,-0.0335878220333,0.488083771811
303,303,0.259700754034,0.359280764701
304,304,1.51682277677,-0.944543632987
305,305,0.963806969165,0.344505111934
306,306,-0.377147735785,0.46388862023
307,307,0.703953488237,-1.71008820541
308,308,0.877489579923,-0.345588615768
309,309,0.459171197924,-2.32803802791
310,310,1.05329993001,0.801809830269
311,311,-1.17954653744,1.10451039508
312,312,-1.17952369027,1.58619899824
313,313,-0.123444397995,-0.351769569469
314,314,0.0974530335449,-2.70583834667
315,315,-0.0966371661811,-2.83511673133
316,316,2.67683488345,0.15083548365
317,317,0.677681254021,-2.35720434137
318,318,-0.14589038977,0.229310579616
319,319,0.546138011723,-1.84172062009
320,320,0.170970896145,0.960059125322
321,321,-0.611935748168,-0.766248298464
322,322,0.650282155674,-2.17260628667
323,323,0.323642595679,0.346989535112
324,324,1.3352872543,1.60380797334
325,325,-0.582475720963,1.58054294632
326,326,-0.315275813673,1.70565349805
327,327,0.152762211853,-2.64372657538
328,328,-0.0619732965291,0.998279297697
329,329,2.70392690586,-0.885666958932
330,330,0.0375828940937,0.227782267771
331,331,-0.48984882324,2.04642589378
332,332,1.15277855854,-1.0305596738
333,333,-0.767744604744,2.48478024182
334,334,-0.711389417995,1.89277240708
335,335,-0.175820876829,3.08911943597
336,336,1.01760205761,-1.65721288243
337,337,1.74791086413,1.43737098353
338,338,0.121040831687,-2.51437595209
339,339,0.289810116425,0.583548012568
340,340,-0.0681396436233,-0.473843939951
341,341,-0.543636189644,-0.951969703042
342,342,-0.610398082296,1.20541839477
343,343,-0.903659302592,0.866932930379
344,344,-1.14945307703,0.976829836944
345,345,1.31184872866,-0.182071723091
346,346,1.86732578366,-0.476146576349
347,347,-0.517099781698,2.33159710551
348,348,-0.401822430776,2.59062998807
349,349,0.149354097935,-2.4594288308
350,350,0.392004281919,-1.88064382297
351,351,-0.173519843384,2.16656583544
352,352,0.410103752165,-2.05111238062
353,353,0.23510488987,-2.47514937473
354,354,-0.122063397905,-2.25395747087
355,355,2.17969624519,-0.0217983795748
356,356,0.629296006229,-2.28068103315
357,357,0.560871356266,-2.44627950938
358,358,0.120654193633,-1.93639908051
359,359,1.39202487881,-2.11138235984
360,360,0.699656613213,-1.47287282914
361,361,-0.173007094374,2.12761335163
362,362,-0.211044111925,1.93044654391
363,363,-0.189903649855,2.30582677722
364,364,0.0249239964041,2.48801485539
365,365,0.183565061275,2.55831757548
366,366,0.314068457764,-2.1153044554
367,367,0.212722280581,2.41702683714
368,368,0.149000245283,-2.00020875158
369,369,2.04936419357,1.10305272877
370,370,2.93098529114,-0.0667405891481
371,371,2.7292413421,0.00119195056852
372,372,2.68903493869,0.707449244078
373,373,2.0321674085,0.291622753012
374,374,2.78467951385,0.342970551192
375,375,2.50914263356,0.181285100471
376,376,2.52696753222,-0.12098923196
377,377,2.12838990256,0.153184725797
378,378,-0.0686517667268,-2.88160013857
379,379,0.0036872612696,-2.12833582346
380,380,0.477675053732,-2.72668917284
381,381,2.49034003871,-0.0276365581895
382,382,2.78957444876,0.186241173616
383,383,1.95716216675,0.798626445781
384,384,0.183478697976,-2.40052354705
385,385,-0.0637647882024,-2.7195138924
386,386,2.07053173192,0.667459715904
387,387,-0.664749079992,2.30635987729
388,388,-0.328299516041,2.21930109104
389,389,-0.508583847017,2.10950563195
390,390,-0.462494734043,2.41250509119
391,391,3.33642235015,-0.292383972519
392,392,0.0541182531842,2.19980243161
393,393,0.626732141383,-1.87954313104
394,394,-0.445438968595,-2.15212275156
395,395,-0.00341261299139,-2.61206178331
396,396,-0.383853793461,-2.08904889155
397,397,-0.205121909976,2.50604530781
398,398,-0.524827304953,-2.3548930883
399,399,0.187421164334,2.68577016688
400,400,0.208498386701,-2.38065770846
401,401,-0.199273778169,-2.13512066585
402,402,0.512860092024,-2.14748695933
403,403,0.830756704126,-2.18192829363
404,404,0.195793421942,2.5489525753
405,405,0.606354498628,-2.1309237321
406,406,1.08881685622,-0.784907190998
407,407,2.71303589985,0.00763392102715
408,408,3.29729176685,-0.287017184506
409,409,2.90443774333,-0.131783948513
410,410,-0.369389702823,2.13965682928
411,411,2.55330689451,0.280330092311
412,412,0.276637825557,2.37383718189
413,413,2.4256588343,0.428723141143
414,414,2.88444037295,0.156483964075
415,415,0.0116216997614,-2.36599494448
416,416,0.00924547047724,-2.48793314696
417,417,0.158468647211,-2.18288632382
418,418,2.36629981048,0.335707208271
419,419,0.621302744848,-2.23109974611
420,420,-0.0639231196268,-2.67290682553
421,421,2.52077079654,0.0975240869031
422,422,0.0820448430018,2.34054027352
423,423,1.56258816122,0.571910254093
424,424,0.0223874802635,-2.81376999972
425,425,-0.370303770362,-2.5069139788
426,426,2.13619602768,0.871246802649
427,427,-0.161938148941,-1.54423132895
428,428,-0.0273498384299,-1.9709985552
429,429,1.08639937753,-1.9501497062
430,430,0.950828701133,-1.75047331345
431,431,0.94914178615,-2.09409952517
432,432,0.0659376983849,-2.175341614
433,433,0.0543175998164,-2.11090537095
434,434,0.0280814156659,-2.32452908112
435,435,-0.220710613455,-2.8925307501
436,436,0.702892772492,-1.89870917324
437,437,0.662003044618,-1.65159739696
438,438,0.411487750851,-3.07065205976
439,439,1.16265905434,-1.79404800347
440,440,-0.194853583751,-2.46660362529
441,441,1.23381460161,-2.07520967724
442,442,0.455079033092,-2.50730014186
443,443,2.16712747293,0.346634526369
444,444,0.0807016529233,-2.12401354133
445,445,0.180291992952,-2.61904592018
446,446,0.965084403448,-2.12226657703
447,447,0.0054040186409,-2.92675910901
448,448,1.05404953517,-2.23167128927
449,449,2.84849091898,0.243496639587
450,450,2.72760120481,-0.237006592487
451,451,0.0834657357053,-2.92924237475
452,452,0.886507485905,-1.94016351543
453,453,0.0260059219153,-2.53881770487
454,454,0.614679913556,-1.80189765388
455,455,-0.227601652071,-2.6683941646
456,456,0.457182972611,-2.45141609467
457,457,-0.03853989818,-2.58820611775
458,458,-0.356618553211,-2.08995852507
459,459,2.9511193161,-0.0760559437812
460,460,0.18952204851,-2.66768603788
461,461,0.702628607009,-1.92811737419
462,462,2.34950913531,-0.0703555116347
463,463,0.574910212703,-2.71412233773
464,464,-0.969224970221,-1.46373543468
465,465,0.922893382623,-2.3461698321
466,466,0.372353457639,-2.53861527662
467,467,0.992228805137,-2.10721873992
468,468,0.204852045904,-2.1242502105
469,469,0.286014756433,-2.45016783595
470,470,-0.0078926109955,-0.360677507206
471,471,0.427609230122,2.26208169868
472,472,-0.0937857448007,-2.45053884295
473,473,1.21946700805,-2.50505820426
474,474,-0.447720988273,1.66993894772
475,475,1.65543884128,1.92436697357
476,476,1.44241128804,1.89506555938
477,477,2.65933487364,0.0302492696961
478,478,2.64382579543,0.0865838967048
479,479,0.114000909295,-2.51117334639
480,480,0.996989570047,-1.62666237161
481,481,-0.701985650944,2.21385097334
482,482,-0.125845580975,-1.91422501263
483,483,-0.744124510792,0.963530917494
484,484,0.268376695183,-0.00290721123305
485,485,1.78225040403,0.561330351213
486,486,2.29170595588,-0.0769463491907
487,487,2.47104756253,-0.398805203143
488,488,2.47954700773,0.391377979889
489,489,0.221998978378,-2.5612850991
490,490,0.524831282186,-2.20686045607
491,491,-0.890408647169,2.10783114253
492,492,0.0305186426217,2.78067550999
493,493,1.22273334408,-1.93517452238
494,494,0.201776058921,2.65842495224
495,495,1.01632108393,-1.21095474021
496,496,2.18787494543,-0.966269186209
497,497,-0.028707964147,-2.1347220978
498,498,2.61062597311,0.145208785366
499,499,2.0444653868,-0.204233801601
500,500,-0.504485854117,-2.67708406237
501,501,-0.131193137953,-2.85553929712
502,502,-0.00181044369536,2.43411158112
503,503,-0.337548290737,2.46192861781
504,504,-0.219287190747,2.68040654498
505,505,-0.18706923024,2.52038635261
506,506,-0.20539700867,-2.22149333368
507,507,2.52743309071,0.203426545935
508,508,0.157700444,2.59386315683
509,509,0.504810052982,-2.49655852667
510,510,2.01224943006,1.47153108208
511,511,0.235989276097,-2.82922020447
512,512,0.287486170384,-2.23434381507
513,513,0.218073722048,-2.99206750602
514,514,-0.252884502594,2.09195788674
515,515,0.789649305688,-1.55906858479
516,516,2.60407448934,-0.474693289379
517,517,2.47347143232,0.00107962820626
518,518,-0.0876869235946,-2.90165153401
519,519,-0.199957180911,-2.48109703248
520,520,-0.144592681107,-2.43034873263
521,521,-0.0148785159387,-2.47339937819
522,522,0.505764543752,-2.35107260646
523,523,0.0185664064062,2.20748739579
524,524,-0.259829512565,2.49680012447
525,525,-0.0886987848826,2.19910070605
526,526,0.0127078938487,1.84078584399
527,527,-0.208067131128,1.80055874894
528,528,-0.560204799132,2.35800430368
529,529,0.0244971540464,-2.80606409132
530,530,-0.301327471022,-1.68913066035
531,531,0.297530766604,-2.30663945197
532,532,-0.0610225072975,2.65084740617
533,533,-1.24129770103,1.46510594125
534,534,-0.490097157842,2.53171468251
535,535,0.622552113589,-2.24699319143
536,536,-0.480560790797,1.99970341494
537,537,-0.484176242422,2.25488565299
538,538,-0.259067040739,2.26800416053
539,539,-0.770194856296,2.16740843217
540,540,-0.788702316432,2.26932872673
541,541,-0.0541836868719,2.52775523537
542,542,-0.682994502238,2.61507535564
543,543,0.935699486487,-2.07345451263
544,544,2.34968263194,0.147860603354
545,545,2.70484488494,0.0894998443606
546,546,2.84847677247,0.350453240748
547,547,2.63592888992,0.0242817569142
548,548,2.35386113541,0.265485469653
549,549,-0.0977432347817,-2.24543918813
550,550,0.502791853223,-2.19312250544
551,551,0.617078115763,-0.952739386396
552,552,-0.411040023081,2.02569147089
553,553,-0.293236687668,2.1285441512
554,554,1.02846573911,-1.81163699289
555,555,1.35730794112,-0.80947334479
556,556,0.116129157884,1.10776762482
557,557,-0.563008472813,0.222690900425
558,558,-0.619173674444,0.904129463936
559,559,0.433498903476,0.621893091413
560,560,-0.701695064035,1.29922985338
561,561,0.805623861334,-0.331063586803
562,562,1.79784228681,0.480418007197
563,563,2.54728101211,-0.0374757444312
564,564,2.40683210222,-0.0665357117478
565,565,1.558241867,-1.6743073796
566,566,2.45221232738,-0.0891066683937
567,567,2.91848432514,-0.0690558927724
568,568,2.79568757266,-0.292407381561
569,569,2.58290510489,-0.332654538606
570,570,-0.107988653614,-2.38840550748
571,571,0.0515182112914,-2.8077123368
572,572,0.0182122541642,-2.70382970433
573,573,0.765755219635,0.127400323069
574,574,0.936687918112,-0.490052337773
575,575,0.525727181405,-2.21889147091
576,576,-0.0931194370906,2.76987023701
577,577,0.46777710045,-1.83971018321
578,578,1.70193074743,1.18489122331
579,579,-0.108063432902,-2.68675563346
580,580,-0.167747334583,-2.88232711324
581,581,-0.0116963352712,2.15926676086
582,582,-0.375294674872,1.95762865035
583,583,-0.27827874979,-1.66207449179
584,584,2.63378465022,-0.309345729376
585,585,3.00045139876,0.129942544322
586,586,-0.196546406418,-2.82529551874
587,587,2.58898478674,0.128873531128
588,588,-0.0512737422079,-2.60051658571
589,589,0.741309962396,-1.10609239553
590,590,-1.47721218919,2.25089321356
591,591,-1.35202921004,1.36269525508
592,592,-1.85284868759,1.42139968997
593,593,-2.64236325229,-2.37265434063
594,594,-1.31408892891,2.32568045167
595,595,-0.549694632945,-2.28612880967
596,596,0.680798256368,-0.557753480868
597,597,2.02917944654,-0.157261070173
598,598,1.72300615904,1.8645505726
599,599,0.530301979491,-2.2356925388
600,600,-0.16366396327,2.8435114812
601,601,-0.444458814205,2.33591576395
602,602,2.20771166902,-0.256865281899
603,603,-0.0323813400011,-2.42627814714
604,604,0.141645291779,-2.77154078838
605,605,1.17382468445,1.0161370891
606,606,-0.0938444104843,2.93507940713
607,607,1.12965681752,-2.02211181492
608,608,-0.902649208686,1.81128358936
609,609,0.984290995745,-2.04936988355
610,610,-1.08003923806,2.42703988426
611,611,1.46325738482,-1.80082851976
612,612,2.36778675529,0.731028850007
613,613,1.03619709832,0.74622201548
614,614,0.540971126148,1.38284792372
615,615,0.798284115972,0.453990039968
616,616,0.554413898831,0.695982950616
617,617,0.485803429391,0.56826543303
618,618,0.786836657891,0.775127080955
619,619,0.433771265215,-1.59478280758
620,620,0.965525897989,1.39893937178
621,621,2.41092128039,-0.368614987599
622,622,0.937756887635,-2.15654373567
623,623,2.04734728948,0.949475304004
624,624,-0.102787060168,1.90017952277
625,625,0.0456448304582,-1.30720766596
626,626,-0.522096840636,-0.595443624476
627,627,0.855550639265,1.64524286377
628,628,1.37465381143,0.644109676179
629,629,1.4247004792,0.582099258633
630,630,-1.36014332954,-1.99375781137
631,631,-0.141229806227,-1.7141116825
632,632,-1.85851965633,1.76386213116
633,633,-0.808771238162,-1.37428837638
634,634,3.1026393377,0.126370621587
635,635,0.0867620643175,-0.27157798433
636,636,-0.992051864648,0.821465162728
637,637,-0.158107620631,0.361513091683
638,638,3.91086679919,0.483499832945
639,639,0.365120176292,0.283249672519
640,640,-0.344835387448,-1.78007244086
641,641,1.00775886487,0.482479866722
642,642,1.33558133936,1.35548681323
643,643,-0.318848060346,-1.20631303301
644,644,-0.57868939457,2.86705223088
645,645,0.111553650388,1.86534531109
646,646,0.439023985754,0.834100788968
647,647,2.19637959886,1.59344666404
648,648,1.63070652868,1.16746668905
649,649,0.840696415342,1.6671858092
650,650,2.07733386027,0.64821132113
651,651,-0.200634258193,-1.58353110051
652,652,-0.558760365972,-1.88803460779
653,653,2.56834319601,0.506719230427
654,654,0.971111156079,2.28673188941
655,655,1.16365184253,0.847063872726
656,656,-0.675146173161,-2.33469789994
657,657,1.50886143168,0.681964482309
658,658,0.261952041257,0.963798351488
659,659,2.8951844329,0.299698701637
660,660,1.1617716714,1.35228376726
661,661,1.77279452723,2.43903883013
662,662,1.81012374346,2.28265770552
663,663,1.03306394049,1.33851484865
664,664,1.18893952919,1.44803477325
665,665,1.29546752165,1.62605133943
666,666,1.37533430407,2.21360846915
667,667,0.410356978416,-2.16496348524
668,668,-0.359350371742,2.77659677368
669,669,1.43793586518,1.83515506163
670,670,-0.346712099212,-1.85068327941
671,671,1.22621349633,1.48397394268
672,672,2.24660047121,-0.31372751629
673,673,-0.577781781755,2.13666020396
674,674,-2.02711833435,2.14099979416
675,675,1.29349644969,-0.853801354868
676,676,0.657896397313,1.99849046786
677,677,1.13113517235,0.961934304446
678,678,2.21434567906,1.28914665002
679,679,0.147906698923,2.53746110751
680,680,1.35867313985,0.498595915036
681,681,2.04377394,0.687819367093
682,682,2.72768821492,-0.447621371009
683,683,1.88557150226,1.70919888648
684,684,1.55761785188,2.13259831845
685,685,-0.0696144786368,2.76759610278
686,686,-0.222475344999,2.51292720406
687,687,0.269237934279,1.98097964067
688,688,0.0501192396894,2.27848242451
689,689,0.0575864871353,2.66702246971
690,690,-0.355390695474,2.50476431391
691,691,0.710914130518,0.670290309441
692,692,2.11151448111,1.70444177541
693,693,-0.696892805885,-2.82809136088
694,694,0.499875742551,1.25490941152
695,695,-0.239339908077,-2.00050565832
696,696,1.09801558635,1.82515155581
697,697,1.45136449651,1.82528593122
698,698,1.77021751876,0.12776466317
699,699,2.17425023712,0.343563432368
700,700,-0.133196809018,-1.79417676476
701,701,-0.227983975903,1.8236980154
702,702,-0.286576160238,1.85018906904
703,703,-0.746115119194,2.91001473107
704,704,-0.544938128832,-1.41899569248
705,705,-0.102368416224,2.10221804773
706,706,0.993091477371,1.70827441144
707,707,-0.0207763214608,-2.37309639155
708,708,1.41738788029,2.30472402995
709,709,1.27310485527,1.43474510832
710,710,0.0854842801607,-2.25042947712
711,711,0.939830496269,0.542163569455
712,712,-0.0486021345193,-0.506100707325
713,713,-1.41397424876,-2.05457343927
714,714,0.250473265872,-2.83932404544
715,715,-0.811521659164,2.33191171178
716,716,0.0593188955245,2.13839102732
717,717,-0.0421596303386,-2.32546073723
718,718,0.698731455598,1.79814336729
719,719,0.229191874371,-1.77432142977
720,720,0.793377022834,1.55874659208
721,721,-0.406229665849,-2.24055032362
722,722,-0.228952387215,-1.53059396203
723,723,0.803027716525,1.16246673479
724,724,0.781132012958,1.5221777227
725,725,1.03106524589,0.999114268498
726,726,0.112740516501,-2.48232590462
727,727,-0.54395162211,-1.971337678
728,728,1.19553863562,-0.649581684109
729,729,2.07911426065,0.814446544615
730,730,0.0851876159171,-2.30529387394
731,731,-0.0206546017407,-3.17788297557
732,732,0.127434544974,-1.89067747297
733,733,3.06439269713,-0.134819638177
734,734,0.515506206228,-3.14088100027
735,735,0.570064746748,1.93655250987
736,736,-0.658940980159,-2.53391453681
737,737,-0.178983054941,1.80857254414
738,738,1.26470123839,-1.28870730687
739,739,-1.50738173671,2.47439598684
740,740,0.870406625864,-1.85480042344
741,741,-0.216403648913,1.88987492015
742,742,-1.23580841111,1.51992363478
743,743,1.85702102942,-2.3032251306
744,744,0.741863598555,0.605956588775
745,745,-1.4455647846,-2.27297626823
746,746,-0.0475481381337,-1.83004757066
747,747,0.572538974894,-0.760388654926
748,748,1.97471076863,-1.25937384849
749,749,-0.013203009664,-3.02920034049
750,750,-0.118277070267,-2.69644021656
751,751,-2.01462930473,-1.49235259979
752,752,-0.294069567162,2.31200434075
753,753,2.87104893466,0.136708767911
754,754,-0.0839363199955,-2.59453672341
755,755,-0.293424435804,-1.85244090194
756,756,-0.00357200855334,-2.03068645979
757,757,0.117967499744,-2.16057600159
758,758,-0.702954057485,-2.59094522898
759,759,0.112074258041,-1.82265503133
760,760,-0.890885845653,-2.85818669419
761,761,-0.443259063183,-1.7252064491
762,762,0.772126396995,-2.39019530133
763,763,0.129362923556,2.67196166187
764,764,1.60886401067,0.137698881725
765,765,0.313841388969,-2.11544570232
766,766,-1.47955727821,-1.56882202665
767,767,-0.125721308866,-3.35799574112
768,768,0.268231420722,-2.15619088886
769,769,-1.70645909203,-1.60855396942
770,770,-0.696365787938,-1.97981331152
771,771,0.337243992209,-1.37411558439
772,772,-0.975140284226,-2.19667457332
773,773,1.5897974214,-1.95022963627
774,774,1.667315289,1.33283114897
775,775,1.12597310839,-2.46430767817
776,776,0.930058561569,-2.34003465968
777,777,-0.452710889029,2.62728041305
778,778,1.36758378269,1.49244455504
779,779,0.0720671837655,1.70064105862
780,780,0.424986089347,-1.63223744497
781,781,0.717038623296,1.85985650785
782,782,0.339820544417,-2.22270335582
783,783,-0.0210211222695,-2.44964316389
784,784,0.442253883608,-2.41356524536
785,785,-0.355123398878,2.05661974354
786,786,-0.00910390267551,2.18524399172
787,787,-0.470773597753,2.31891873191
788,788,-0.18106826566,2.63314370796
789,789,0.20351237946,-2.21979257676
790,790,0.134280212862,-2.78292039437
791,791,-0.52363207394,2.30137773151
792,792,-0.00783952755594,-2.45952544578
793,793,1.34258966305,-1.48042807359
794,794,-0.220740956166,2.11252771628
795,795,-0.164331696656,2.33865767285
796,796,-0.197962754535,2.23450884121
797,797,0.46903133644,-2.44681726158
798,798,2.32564774161,1.12286426076
799,799,2.58796924125,-0.0770017802039
800,800,2.41406320764,-0.0380696890813
801,801,2.2451194886,0.304844339189
802,802,0.246880796634,-2.73477879898
803,803,-0.0765469704779,-2.55728585437
804,804,2.7173475622,-0.0351405110221
805,805,-0.100454831737,2.45493977953
806,806,0.114508472622,2.09685925852
807,807,-0.339580144204,2.36471219282
808,808,0.11533403792,2.44485293713
809,809,-0.136941704919,-2.35341713433
810,810,0.0372931685857,-2.44605988367
811,811,0.035540013727,-2.61826842284
812,812,-0.190458188413,2.42788491213
813,813,0.00952868438414,2.76732992535
814,814,0.593115055588,-1.76703530894
815,815,2.56179809429,0.528869154487
816,816,-0.545902480192,2.21578687185
817,817,-0.129336316694,2.54981025956
818,818,0.773678544973,-2.31086446055
819,819,-0.00691308661913,-2.78602585805
820,820,-0.0552182357132,2.65455923027
821,821,0.283234385242,-2.10303780482
822,822,2.78084817674,0.136774775486
823,823,2.69000326827,0.130420154811
824,824,-0.464869511422,2.48739771561
825,825,-0.000806673628595,2.18645483737
826,826,2.81505785292,-0.161915248507
827,827,0.263073046447,2.881567801
828,828,0.134048413965,-1.87729267095
829,829,0.206184592168,-3.03081122148
830,830,-0.110981034446,-2.02271020522
831,831,2.39446121179,-0.201023329215
832,832,0.233100964074,2.25424930944
833,833,-0.0218444249253,2.57464224803
834,834,-0.17401920681,-2.14274633032
835,835,1.63171799453,0.303381572304
836,836,1.7402249319,0.698392914797
837,837,2.34972328043,-0.309625152872
838,838,1.80767020457,0.306438138926
839,839,-0.0166507079725,-2.02400448017
840,840,0.257682554707,-2.35599659146
841,841,-0.0980146692758,2.53457984374
842,842,0.836682926416,-2.20721926153
843,843,0.109528145999,-2.39329626452
844,844,-0.0700762404453,-2.59851580986
845,845,-0.0961059083506,1.95675035308
846,846,0.254484038611,1.91353651811
847,847,0.15879322199,2.30441451297
848,848,-0.00519420248879,2.07364145102
849,849,-0.0546934528435,2.17306228373
850,850,0.482856159645,-2.30953320598
851,851,0.153855625791,2.59779231714
852,852,0.991198334805,-2.10209278244
853,853,-0.311115780662,2.68224396125
854,854,0.326420165065,-2.49725721126
855,855,0.186132866933,-2.93453803667
856,856,2.767304008,-0.00480766193797
857,857,-0.158306522141,-2.81569960004
858,858,-2.76435788327,0.025869055826
859,859,-1.42785708876,1.61619150656
860,860,-1.61958156332,1.43376590264
861,861,0.309100843987,-0.856066879844
862,862,-1.78313693148,-2.07772844858
863,863,-1.20527709547,2.23211836072
864,864,-0.630978304961,-2.27771293339
865,865,1.83556384084,0.509708685738
866,866,2.65912570649,0.292118110523
867,867,2.75254350055,-0.0358154596644
868,868,0.259197103887,-2.52005262322
869,869,0.687778885718,-2.36058949249
870,870,0.479494698983,-0.804479426867
871,871,2.28712282629,0.455285108626
872,872,0.311279520298,-2.48541456664
873,873,-0.743681790446,1.82536242648
874,874,-0.139629869986,1.32270178753
875,875,2.98454171568,0.372566344381
876,876,0.0195915478898,-0.454162176018
877,877,0.108524458637,-1.11440339721
878,878,-0.240159555528,-2.70893662917
879,879,-0.0868659011526,-1.05400820006
880,880,-0.451940523885,1.37427933888
881,881,0.0816918304235,2.37748560242
882,882,1.75004504249,0.0759657300302
883,883,2.40071064442,0.505966961467
884,884,2.69421905599,-0.24685875117
885,885,-0.293538559716,-2.60426461095
886,886,-0.107859870785,-2.63100519672
887,887,-0.00737536439695,-2.68423402367
888,888,3.01899046535,0.243271715341
889,889,0.233448230919,-2.20496670045
890,890,0.341070606561,-2.67469462016
891,891,2.11771337979,0.903634795245
892,892,0.0741305739681,2.6239025826
893,893,0.482906057031,-2.56763358273
894,894,1.31605340203,-2.178920297
895,895,0.654495618151,-2.21200399074
896,896,-0.144953737566,-2.32340092621
897,897,-0.0168123276614,-2.47406376087
898,898,1.43139896798,1.39772101728
899,899,0.35222510769,-2.34531623201
900,900,1.58398229562,0.931665657973
901,901,0.287296757249,2.45851366847
902,902,1.13038850157,-1.51203996496
903,903,0.109515877031,1.96495529284
904,904,-0.375559215194,1.78008722256
905,905,2.05570901436,0.986617441759
906,906,1.80732272542,0.547743990575
907,907,1.6036148469,0.810929772307
908,908,1.1736752892,-0.313324579092
909,909,2.1564404259,0.521493496346
910,910,2.76409931587,0.0195835580557
911,911,-0.126153884233,2.55312205561
912,912,2.58443581725,0.323543466332
913,913,2.66263375302,0.193843208413
914,914,2.29198415653,-0.715160575603
915,915,-0.131649608321,1.39083668263
916,916,-0.154491279975,2.35973770321
917,917,0.13882753038,-2.02064397433
918,918,0.279871506029,-1.77367709542
919,919,1.74407490621,-0.555970785301
920,920,1.03328461938,-2.03923841388
921,921,0.529386757376,-0.235055963184
922,922,-0.164935905688,-2.56849294486
923,923,0.799164707315,-2.32301078673
924,924,-0.495365638031,1.96714910031
925,925,-0.151494583758,1.55727179291
926,926,-0.932407170751,-1.67149161505
927,927,0.262866340199,-2.22597859363
928,928,0.0118623900141,1.20706454984
929,929,0.81416357876,2.12730470042
930,930,0.0655211454606,2.26523187584
931,931,2.23967014298,-0.168945546529
932,932,1.02485524035,-0.769840312214
933,933,2.46617549908,-0.270948249371
934,934,3.17592034504,-0.201271649421
935,935,-1.78860572934,-1.9316766249
936,936,0.746490904244,0.476433883563
937,937,1.33273932379,-0.74316733264
938,938,-0.0694681295292,-1.64925018227
939,939,-1.03715373148,1.35857683016
940,940,-0.316042524715,1.53128483046
941,941,1.24124977433,1.50931946669
942,942,1.69687302459,0.712687420807
943,943,-0.956471540301,0.200549585955
944,944,0.0299528494438,0.76224682523
945,945,-0.155998479525,-1.88392562775
946,946,-1.41455983422,-1.50703346849
947,947,-0.364962829442,1.64724605916
948,948,-0.809290423336,-1.23781112852
949,949,-0.538228307408,-1.87207447861
950,950,0.426938687915,1.00852029719
951,951,0.360098736294,1.14086908705
952,952,0.0786458677108,-1.97641457323
953,953,-0.428154331686,-2.82628837786
954,954,0.49613887644,0.954044932581
955,955,-0.34189091718,-0.951814458237
956,956,0.267188497701,2.04869558309
957,957,0.230371068696,0.904763854744
958,958,0.653141165537,-2.27695483011
959,959,-0.127374707125,-2.27052582307
960,960,-0.368923212209,-2.23406913416
961,961,0.299693808603,-2.42807744995
962,962,0.0289942725447,2.52017210348
963,963,0.985415648283,-0.569747900888
964,964,0.312772574277,-2.57180164306
965,965,-0.249278544949,2.59818687803
966,966,1.05171531925,-0.246469086913
967,967,2.91286186757,0.42362477018
968,968,-0.8482466924,-1.41596538758
969,969,-1.82252748008,-1.76036741256
970,970,-0.985346809149,-1.62170945981
971,971,0.148684541561,1.82979990711
972,972,-0.88514390868,-0.661322623364
973,973,-1.86852469974,-2.14658044032
974,974,-1.36091061754,-1.65470339004
975,975,-1.39814055641,-1.55510252186
976,976,-0.543365093352,-1.4807332788
977,977,-0.615606183828,-1.95468102712
978,978,-1.31436505436,-2.14712967456
979,979,-0.223775055203,-2.19513028401
980,980,0.479752717701,-0.903168349547
981,981,2.70358804563,-0.266774544548
982,982,0.490558905037,-2.27409490719
983,983,-0.923350661447,-1.50469067127
984,984,-0.116651448919,2.92309520354
985,985,-0.246564474606,-1.54532890935
986,986,-0.732480656589,-1.61603172547
987,987,-1.07049992329,-1.84644920649
988,988,0.0855497715549,1.05156643418
989,989,-0.936092388072,-1.68351174269
990,990,-1.39824294936,-2.1332010111
991,991,0.0101772041397,2.99791795253
992,992,0.261013088017,-1.44954554047
993,993,-0.11854551868,-2.70465822933
994,994,0.500877292385,-2.83531539885
995,995,2.00836327969,0.546026143808
996,996,0.123948310412,-2.47185783792
997,997,-0.633588456798,-1.40544312206
998,998,-1.46259673724,-1.45099317566
999,999,0.0870101411989,0.350985056322
1000,1000,-0.540919773485,1.02612565343
1001,1001,-0.503979063767,0.818631268147
1002,1002,-1.12350747339,-1.18731162314
1003,1003,-1.53280291833,-0.803476354198
1004,1004,-0.115630753582,2.21093435596
1005,1005,-0.317848002567,2.35692397985
1006,1006,1.29924791776,-1.81803600579
1007,1007,0.195041172124,-0.321220151112
1008,1008,-0.142878693937,2.4243683705
1009,1009,1.01451958886,-1.75773504779
1010,1010,2.42522653553,0.159877520114
1011,1011,2.39940531797,-0.00368930290439
1012,1012,2.59309381939,-0.168150115007
1013,1013,1.01966726705,-2.24218061802
1014,1014,0.228190304304,2.13538970782
1015,1015,0.694199902527,-2.23083738669
1016,1016,-0.688046538897,-0.673230888332
1017,1017,-0.539265545564,1.93059363287
1018,1018,2.43666791996,0.021774646837
1019,1019,-0.148509645818,1.82230616388
1020,1020,0.481491835994,-1.88576336548
1021,1021,0.566913644154,0.0957781566411
1022,1022,0.159161370352,-1.68550420392
1023,1023,-0.395188132036,1.61094814384
1024,1024,-0.424083560815,1.04154879218
1025,1025,-0.162375869506,0.859173799582
1026,1026,0.602603962362,0.207879758965
1027,1027,-0.307135548426,-0.181940002019
1028,1028,-1.11275366287,0.358992335934
1029,1029,2.59669535407,0.397076107351
1030,1030,-0.524969230621,1.15640222245
1031,1031,0.865706651655,2.17878362572
1032,1032,-0.379137565336,0.907255403797
1033,1033,-0.809732117513,-0.361927270201
1034,1034,-0.343397422915,-2.12287245688
1035,1035,0.578683193219,-1.04928819829
1036,1036,-0.4439963957,-0.76508379488
1037,1037,0.184391460893,2.43007437324
1038,1038,1.26211585371,-0.816906498672
1039,1039,2.03312455617,-0.534445626354
1040,1040,0.107170690783,-2.83555161348
1041,1041,2.19703697352,0.283458103203
1042,1042,0.320146705123,-2.63354990195
1043,1043,0.157516091436,-3.21454107771
1044,1044,-0.874999216808,1.76757520576
1045,1045,-0.830491339813,2.03794308349
1046,1046,-0.694670560886,2.36038779599
1047,1047,-0.419680056965,1.70480520006
1048,1048,1.41962596628,-2.10926112886
1049,1049,-0.128356293252,2.52054537262
1050,1050,1.68124745827,-2.16593613343
1051,1051,0.312538021464,-2.3022343642
1052,1052,-0.561381612723,2.14635971035
1053,1053,-0.770989404706,2.44105816689
1054,1054,-0.63726652622,2.40699805232
1055,1055,-0.297397929662,2.73363764988
1056,1056,0.851184510635,-2.06981564075
1057,1057,0.657146202987,-2.40996484775
1058,1058,0.31926175819,-2.22787320079
1059,1059,0.100368493164,1.74535198494
1060,1060,0.102052973046,2.23454000707
1061,1061,0.897634357722,-1.57932639006
1062,1062,0.0949331323584,-2.42541173646
1063,1063,0.704540968714,-2.17758576115
1064,1064,-0.302616145103,2.00201765272
1065,1065,-0.274255516408,2.54760953585
1066,1066,0.0721816474208,2.45300340403
1067,1067,-0.339615626929,2.41840236753
1068,1068,0.580525925717,-1.97995597663
1069,1069,0.0803626887503,2.51018432057
1070,1070,-0.886146486323,2.64397696493
1071,1071,0.207699243706,-1.94091903529
1072,1072,2.13004719523,0.603944707672
1073,1073,-0.0613808227469,-2.9221204261
1074,1074,2.89404292316,0.476889785341
1075,1075,-0.929933573459,-1.11479415376
1076,1076,0.426052587261,0.565072184343
1077,1077,-1.4622175973,-1.37768022262
1078,1078,-1.10750827637,-1.0154287473
1079,1079,-0.686823118963,1.91971400193
1080,1080,-1.65841622428,-1.55482582643
1081,1081,-1.68924102994,-1.58212756186
1082,1082,2.12318736233,0.150238982793
1083,1083,-1.38072874019,-1.68806335052
1084,1084,-0.467292997523,1.89652705035
1085,1085,0.336134713869,1.36045183942
1086,1086,-0.147679325002,0.398582210276
1087,1087,-1.27015752355,0.822377667083
1088,1088,0.349638288727,1.76915162776
1089,1089,-0.235430056018,1.28231916747
1090,1090,-0.39004657838,-0.94661823339
1091,1091,-1.04607620642,0.936517725255
1092,1092,0.322310408273,1.45321031699
1093,1093,-0.662971612552,-1.61616557663
1094,1094,0.355635437399,-2.65294600932
1095,1095,-1.12209308752,2.79426967769
1096,1096,0.539435093514,-2.84179887163
1097,1097,0.27314397345,-2.3860832981
1098,1098,0.434712817872,-2.2124213775
1099,1099,-0.106416299686,-2.70540710566
1100,1100,0.602999633376,-1.94910716334
1101,1101,-1.35723926453,-1.70461178961
1102,1102,-0.347376973052,-2.11487122065
1103,1103,0.322435595373,-2.65474849613
1104,1104,-1.17947690414,-1.67996893388
1105,1105,0.118030597286,-2.39279907522
1106,1106,2.64805118145,0.22782606945
1107,1107,-0.407321078924,2.52249823546
1108,1108,-1.79985686175,-1.89530259182
1109,1109,-0.261096607572,2.42318936687
1110,1110,0.472176580731,-1.22203059418
1111,1111,-0.185023369961,2.58227300344
1112,1112,0.7468577852,-1.59581518022
1113,1113,2.47283305672,-0.0921201938195
1114,1114,1.61304024015,0.648492340247
1115,1115,0.172314241697,-2.6754655794
1116,1116,0.649489309494,-2.23090180136
1117,1117,-0.59777794692,1.28547122578
1118,1118,0.924912748246,-1.71991828463
1119,1119,1.54206948859,-1.17162672127
1120,1120,-0.807677937104,1.88101355729
1121,1121,-0.392876783272,2.29274448335
1122,1122,-0.16875211063,2.42728085941
1123,1123,1.18670088636,0.420531279299
1124,1124,-0.827240819506,-1.74920767321
1125,1125,1.28848794288,-1.68035213887
1126,1126,-0.395310044207,2.47240295319
1127,1127,0.39204459863,1.33095638446
1128,1128,1.61982358742,-1.0533142277
1129,1129,-0.780408333581,2.12555978299
1130,1130,0.925714801195,-1.63039455961
1131,1131,-1.23971415878,-1.7628424053
1132,1132,0.395893913478,-1.8428165504
1133,1133,-0.25780776109,-2.50543341033
1134,1134,0.325859515305,-2.87655414983
1135,1135,0.66612096437,-2.0754504207
1136,1136,0.202636116038,2.70801659266
1137,1137,-0.216044515444,-2.17923041146
1138,1138,0.243856678395,-2.41837045401
1139,1139,0.463514764809,-2.34238809497
1140,1140,-0.488253721568,2.04339434645
1141,1141,0.425730990864,2.05663902775
1142,1142,-0.247824098945,2.25072866565
1143,1143,1.12569502324,-1.48228037062
1144,1144,1.78337012632,1.11156915362
1145,1145,2.67795622592,-0.148296660967
1146,1146,1.24878349544,1.59891361933
1147,1147,0.540238567243,2.10778613597
1148,1148,0.159131954252,-2.51953068191
1149,1149,0.505909390406,-2.67181738316
1150,1150,3.10682149001,0.265933128488
1151,1151,-0.103029439531,2.52295325986
1152,1152,0.446701472682,2.78064555275
1153,1153,2.57132804651,-0.30910369533
1154,1154,-0.10216782932,-2.53340139545
1155,1155,0.106581058584,-2.63787202907
1156,1156,1.99575463468,0.614127107493
1157,1157,-0.220856081619,2.29455109771
1158,1158,1.84059015036,0.320033084405
1159,1159,2.60994430018,0.098036636368
1160,1160,0.278278566963,2.34556216735
1161,1161,0.195370809441,-1.10081400896
1162,1162,-0.123772730462,2.27854277527
1163,1163,0.385869262608,2.10673212297
1164,1164,0.860381581151,-1.86181884131
1165,1165,1.44051203509,0.455219444124
1166,1166,0.653017832906,1.75514297041
1167,1167,2.33749307207,-0.0646216277754
1168,1168,1.10968353043,-1.84420697651
1169,1169,2.55591114731,-0.249922137473
1170,1170,1.83513242306,0.301324040832
1171,1171,-0.0601938496409,-2.68148330464
1172,1172,0.293845741372,-2.55060661667
1173,1173,-0.594008097924,2.26739956623
1174,1174,0.220255150986,2.66769093331
1175,1175,0.245326536873,2.38650512767
1176,1176,-0.0550446731727,2.41653401224
1177,1177,0.300351599709,-1.89222139093
1178,1178,1.57676046369,0.434930982434
1179,1179,-0.120204110728,-2.46181992093
1180,1180,-0.166223045568,-3.10596266712
1181,1181,2.00930431952,0.283595503037
1182,1182,-0.693826131023,-2.71545475934
1183,1183,-0.248376576225,2.7637820914
1184,1184,-0.060977011076,2.55622665841
1185,1185,1.23243381737,-1.98964892853
1186,1186,-0.299949009548,-2.4423972173
1187,1187,-0.431070985991,-2.49080275379
1188,1188,1.00108964425,-1.50099968561
1189,1189,-0.0638519541472,-2.99281050341
1190,1190,-0.437460880432,-2.42128793079
1191,1191,0.125181738524,-2.54393905215
1192,1192,-0.228874033439,-2.15684217561
1193,1193,-0.00995773442984,-2.02183088967
1194,1194,-0.106396730052,-1.69522193499
1195,1195,-0.17708535953,2.33280609294
1196,1196,2.18848396291,0.00945889923465
1197,1197,2.67249459445,-0.0912973264731
1198,1198,2.4214901334,-0.0117396025933
1199,1199,2.51965982902,-0.0703855950266
1200,1200,0.653299741798,-2.66558514114
1201,1201,0.801914362324,-1.95701305232
1202,1202,-0.964482394548,1.94747222416
1203,1203,-0.867860009339,2.70301105466
1204,1204,-0.182084737533,2.2569665923
1205,1205,1.22109535836,-1.8679211005
1206,1206,-0.363065045781,2.46966543619
1207,1207,-0.212048560486,-2.64064709512
1208,1208,0.203117016076,-1.88261613133
1209,1209,2.31620259793,0.0275804490738
1210,1210,3.00795995381,0.274959248649
1211,1211,0.0830662611534,2.30255344346
1212,1212,1.19354926821,-2.30576599002
1213,1213,2.46262264836,0.171661919906
1214,1214,1.9760729196,0.375316836395
1215,1215,0.0280982315986,-2.70325196272
1216,1216,0.0436987811576,-1.96782832989
1217,1217,0.0416625047026,-2.49383153918
1218,1218,0.0173244251515,-1.91202720123
1219,1219,2.21826922483,0.132701596094
1220,1220,1.60475436772,-1.47998616916
1221,1221,1.36907146943,-1.15490860816
1222,1222,1.3490825103,0.751470107785
1223,1223,1.18679249093,-1.05193275976
1224,1224,2.84382119228,0.118806351884
1225,1225,2.82436699685,0.0737928616201
1226,1226,0.395419301225,-0.164559421377
1227,1227,-0.137247232302,2.78133096643
1228,1228,0.550566550747,0.0040405842434
1229,1229,-0.154712401654,2.41224371128
1230,1230,-0.225573996016,-2.6735742276
1231,1231,0.351023590407,-2.7538983193
1232,1232,-0.0582773021034,2.71246311778
1233,1233,1.05994852885,-2.09359099621
1234,1234,0.174426967513,2.37638566776
1235,1235,-0.0639311865086,-2.18550676198
1236,1236,2.56483935418,0.172241963371
1237,1237,0.38590373824,-2.37640398958
1238,1238,0.158584600586,2.60149488275
1239,1239,1.03040451646,-1.80511352372
1240,1240,-0.268647561376,-2.05852118983
1241,1241,2.54515500595,-0.198662619115
1242,1242,0.186416969487,-2.47204672581
1243,1243,0.0666815267835,-2.71603691734
1244,1244,0.57217894494,-1.99306674897
1245,1245,0.0118909725166,2.49932992986
1246,1246,-0.106370870242,-2.54564145907
1247,1247,-0.0409975283881,2.32084929188
1248,1248,-0.352336428547,2.70279933063
1249,1249,0.613821945533,-2.6674310963
1250,1250,0.236647030986,2.37242926987
1251,1251,-0.0668073914028,2.69227022861
1252,1252,-0.130473415542,2.61337529178
1253,1253,0.554284235981,-2.29059688351
1254,1254,2.32453783979,0.550124675383
1255,1255,2.66949489897,-0.0898499209374
1256,1256,2.0823775235,-0.10815776498
1257,1257,2.57879947826,0.000412228510202
1258,1258,2.35199658752,0.497652652144
1259,1259,2.42985189347,0.0697390506845
1260,1260,2.9108141785,0.0926367759081
1261,1261,2.44234864982,0.21504339051
1262,1262,0.0202996698531,-2.24757828609
1263,1263,0.139544058198,-2.01188548541
1264,1264,2.52314828738,-0.169146499503
1265,1265,0.33835453879,3.12695500987
1266,1266,1.15908663305,-0.0227756871358
1267,1267,1.82830690118,-0.276626020393
1268,1268,-0.146383735447,-2.30256288566
1269,1269,0.256352519382,-2.43907318746
1270,1270,1.67634016624,-0.0362835209491
1271,1271,0.165269426851,2.35170555869
1272,1272,1.90244647557,0.524799229295
1273,1273,-0.0873486732521,-2.28976232295
1274,1274,0.610981282328,-0.515953975099
1275,1275,-0.0449536552598,2.5880217817
1276,1276,0.443441466283,-2.33545341646
1277,1277,0.393375820872,-2.51847370343
1278,1278,2.59829361315,0.0494586830222
1279,1279,2.25461040396,0.0521803518021
1280,1280,0.607957877749,-0.19929040449
1281,1281,2.73899524137,-0.14540846553
1282,1282,2.48963659794,0.0169009413614
1283,1283,2.45006200769,0.415811711573
1284,1284,-0.473885773878,-1.89555826409
1285,1285,1.42017173275,-1.89856624706
1286,1286,-0.00900042295992,-0.557619320767
1287,1287,1.87342438074,0.922694615485
1288,1288,-0.32734558503,-2.13543300819
1289,1289,-0.0834497492206,-2.39125601382
1290,1290,0.263248279259,-2.20696819091
1291,1291,0.892839923797,-0.516088696511
1292,1292,0.662848146213,1.91369375759
1293,1293,2.30843788467,-0.106302070611
1294,1294,2.33642614763,0.0900936472217
1295,1295,0.61042631516,-0.571781288482
1296,1296,0.200284340675,-2.55705098623
1297,1297,0.299654263249,-2.61749558364
1298,1298,1.41331292194,-0.80168891096
1299,1299,-0.3564162038,2.73457000457
1300,1300,0.594357488842,-2.55200887534
1301,1301,0.0296520785534,2.62047463738
1302,1302,-0.575063208907,2.05905089519
1303,1303,1.33175366145,-2.40366216479
1304,1304,-0.213445953249,2.41698657998
1305,1305,-0.512252646452,2.28566220194
1306,1306,-0.472435736647,2.49187752437
1307,1307,-0.649648671588,2.41808957655
1308,1308,-0.22589277246,2.52458868103
1309,1309,-0.655098987666,2.3323537245
1310,1310,0.340068516594,-2.38540351998
1311,1311,0.052464472521,-2.95926511283
1312,1312,-0.477193120551,2.68077739321
1313,1313,-0.0744347101062,-2.30590984291
1314,1314,1.68875666246,-2.71879574052
1315,1315,0.207550212047,-2.33231744157
1316,1316,-0.591755782437,2.27592249419
1317,1317,0.12826422203,2.43433138285
1318,1318,0.511111258547,-2.12231038668
1319,1319,-0.343776073105,2.56035857818
1320,1320,0.103959135115,2.29254084092
1321,1321,-0.623542002926,2.24057976838
1322,1322,0.350248704198,2.19475198464
1323,1323,-0.142040661646,2.48479745863
1324,1324,0.678041241698,-1.84579964727
1325,1325,1.16274281546,0.843744100027
1326,1326,2.61411835124,0.295723925561
1327,1327,0.180908173392,-2.64568656464
1328,1328,-0.0751541096461,-2.38998736508
1329,1329,2.83424465095,0.14997187195
1330,1330,0.0813208536681,2.51387232825
1331,1331,0.874625761312,-1.90423534036
1332,1332,1.64355519008,0.554780958759
1333,1333,-0.0208422502051,-2.66948663186
1334,1334,0.309064314631,1.98328292675
1335,1335,1.14002704312,2.41297273142
1336,1336,1.08430742542,2.07817037218
1337,1337,-0.0664192898317,2.32901295868
1338,1338,1.63102991186,1.1405954106
1339,1339,0.349171805099,2.16007739553
1340,1340,1.11006283312,1.59393537546
1341,1341,1.32133224277,1.46525856331
1342,1342,1.58624250772,1.51779403895
1343,1343,-0.0936180410989,-2.37499676108
1344,1344,-0.223892357269,-2.12154190102
1345,1345,1.3048971368,0.855199548149
1346,1346,-0.0231613358761,1.84259058101
1347,1347,2.05156007705,0.444558361314
1348,1348,0.500585942758,1.49472510016
1349,1349,0.127093852164,2.61602873048
1350,1350,-0.766167371091,-1.75081616281
1351,1351,2.21441936171,1.03945979564
1352,1352,-1.04989092453,-0.860178399815
1353,1353,0.469528051527,-2.33747390388
1354,1354,-0.0290504829455,2.07876835462
1355,1355,0.954180405722,1.13183901532
1356,1356,2.57981764342,0.492929051099
1357,1357,1.12135847048,1.59110356818
1358,1358,0.59083858916,1.72558395277
1359,1359,0.962597916882,0.554289625755
1360,1360,2.10132273423,0.533001440746
1361,1361,0.550804762078,0.335803391968
1362,1362,-0.979728921104,-1.36796862029
1363,1363,-0.4460383591,-1.75526780973
1364,1364,2.05525746079,0.628921211095
1365,1365,1.64479834547,-0.832254520838
1366,1366,2.55759994203,0.389124643203
1367,1367,-0.761417554355,1.25305063436
1368,1368,-0.145203872569,1.81862508487
1369,1369,0.275220247341,-1.78934384892
1370,1370,0.391080893052,3.07823035475
1371,1371,2.27268238756,0.167664937862
1372,1372,1.42427324956,0.29396361895
1373,1373,0.155116679862,1.84228003547
1374,1374,1.71211709158,0.765060959723
1375,1375,1.35147205975,1.46151475369
1376,1376,0.79697740818,0.965809764003
1377,1377,-0.504519080626,-1.18039303618
1378,1378,0.665986486255,-2.24720651213
1379,1379,1.31707046205,1.11968906859
1380,1380,0.0625998385936,2.45183085778
1381,1381,0.585223564995,1.35390502136
1382,1382,0.340920991275,-2.95599703071
1383,1383,-0.0118636255891,2.27682337427
1384,1384,1.1898675712,0.540314466451
1385,1385,2.09635051275,0.784338789645
1386,1386,1.40282069998,0.898653253944
1387,1387,1.46751009203,1.26349244147
1388,1388,3.12872803976,1.14582333233
1389,1389,1.62345377423,1.52490835179
1390,1390,0.273991674264,2.57262444714
1391,1391,-0.306322727904,1.8063419971
1392,1392,0.806159352681,-2.11851256617
1393,1393,1.01488587439,0.657715861955
1394,1394,0.744923584721,0.189249279915
1395,1395,2.58011660794,0.028237422068
1396,1396,2.72110347542,0.46204711045
1397,1397,1.71874817956,-2.29927944138
1398,1398,0.684361695585,1.57825705503
1399,1399,0.0264124870725,-2.44220042691
1400,1400,0.97621871641,0.548709041761
1401,1401,-1.22786168513,-0.809488240603
1402,1402,-0.159051640488,2.55104570678
1403,1403,0.988158256848,0.0924007271163
1404,1404,-0.000485781567973,2.58250795219
1405,1405,1.07217277327,1.47668552721
1406,1406,0.021483303313,3.07664864143
1407,1407,-0.497103919765,3.46391904877
1408,1408,0.0372653393354,2.35903588338
1409,1409,0.230050372325,2.80401967985
1410,1410,-0.12691271628,2.60465479308
1411,1411,-0.0862350731317,2.460650689
1412,1412,1.08034742171,2.50815784247
1413,1413,0.311616029471,2.72208313845
1414,1414,0.0811512328693,3.2615830111
1415,1415,0.224899194458,2.97695387226
1416,1416,-0.249552910505,3.3249776398
1417,1417,1.77686659934,0.136038497781
1418,1418,-0.072806776144,2.84986645361
1419,1419,0.628701834979,0.220768424839
1420,1420,-1.53341494011,-1.42165622442
1421,1421,0.250591209691,0.196492710097
1422,1422,0.946758411462,0.201127163587
1423,1423,2.9265823253,0.242812981451
1424,1424,-0.344535552908,-2.90957667331
1425,1425,0.595441398776,1.57058464814
1426,1426,0.0175380311794,0.650345653654
1427,1427,2.98825812914,0.634649765564
1428,1428,3.6792370389,-0.915792231479
1429,1429,2.78471646436,-0.148610124427
1430,1430,2.39134804058,0.896296386823
1431,1431,2.40686113903,0.735099125438
1432,1432,2.55500431845,0.374166614913
1433,1433,1.92273258384,0.0792324891951
1434,1434,0.784102354075,0.873193068415
1435,1435,1.62935610622,1.19557538242
1436,1436,0.194270029643,-3.04355710377
1437,1437,2.33189916044,0.246176796077
1438,1438,-0.370334308096,1.69891376665
1439,1439,1.51808710439,2.23388968071
1440,1440,0.611751295841,1.43439828935
1441,1441,0.555066676806,0.633396276977
1442,1442,1.01740204039,2.00586870548
1443,1443,0.153469309329,-2.15308615296
1444,1444,1.82529280486,2.41102435205
1445,1445,1.0628054079,2.53816680136
