,vote,alpha,beta
0,0,-0.0880525704993,2.39133077187
1,1,-0.606428018495,-2.38542804075
2,2,2.74849298925,-0.167835578749
3,3,2.57968781893,-0.0888466271789
4,4,0.506427020895,-1.36505367157
5,5,3.29575454415,-0.581201763179
6,6,1.95006277133,0.507817061407
7,7,2.47102221199,0.712983718483
8,8,0.244625693106,-1.73990377805
9,9,1.18512813352,-1.38137806931
10,10,2.52532340172,0.0728636633475
11,11,2.71792103634,-0.54042069606
12,12,2.47478004204,0.464719193426
13,13,2.62520752956,-0.0185482534041
14,14,2.96065370892,0.274013211801
15,15,2.39030261986,0.266992598582
16,16,-0.00209110475517,2.39829017633
17,17,0.585903238172,-0.586783278399
18,18,2.87450997553,0.23976091051
19,19,2.5655441588,-0.26536246284
20,20,1.49344225216,-0.69056748378
21,21,-0.255708848721,-2.8904932626
22,22,-0.253788515188,-2.42515135586
23,23,3.11765817359,-0.0826234959089
24,24,0.677795582802,-2.13629315503
25,25,1.13026356173,-0.256454303185
26,26,-0.683120081338,-0.0543147562232
27,27,-0.324937991814,2.8047017587
28,28,2.32171595391,0.0235855724797
29,29,2.16781794397,0.54102886745
30,30,2.39316673174,-0.161755038329
31,31,2.67514228605,0.128685113611
32,32,-0.167462776587,-2.4774867057
33,33,0.101488679066,-3.36233919499
34,34,1.49393474955,-0.361958680806
35,35,-0.00878522158017,2.23931363458
36,36,-0.308049279245,-2.67457051907
37,37,-0.0208585050736,-2.36425972995
38,38,0.324171821358,-2.59719665833
39,39,-0.996314107832,-1.4987220195
40,40,1.96261930991,-1.49113163799
41,41,0.134856274393,2.78788307455
42,42,-0.436804121766,-2.22783174897
43,43,2.91642064458,0.546994590362
44,44,3.04312012844,0.0581330306235
45,45,3.79299082043,-0.311823647091
46,46,2.38134472923,0.0483615516282
47,47,2.28438819061,-0.224668237003
48,48,2.68863699733,0.608445692
49,49,2.18941726296,1.96700526073
50,50,0.00930139305121,-2.67242127682
51,51,0.0368633363436,-2.44333323047
52,52,-0.493851587279,3.10171223363
53,53,-0.389609005553,-2.84013788102
54,54,0.310519214306,-2.97736521088
55,55,0.100404959697,-2.21249901341
56,56,0.901692705058,-2.80028994269
57,57,-0.843763589133,2.21282129928
58,58,-0.174563414739,2.97168613661
59,59,-0.223982085793,-1.85560144011
60,60,0.938473201485,-2.46015550925
61,61,2.05747981472,0.280142011118
62,62,2.09742342511,0.139443541605
63,63,3.1752415691,-0.0478332392146
64,64,2.6871261234,-0.117961012415
65,65,2.88100719634,-0.0632708293416
66,66,-0.0391250649841,-2.60103941565
67,67,0.507787408301,-2.54264800543
68,68,1.14091273448,-2.32011743179
69,69,-0.342286973394,-1.73973759122
70,70,-1.25799614021,1.80971472818
71,71,-0.726381361181,2.17890096389
72,72,-0.855992816619,2.08557909732
73,73,-1.11008836716,2.42479814514
74,74,-0.987248140022,2.17821652835
75,75,-0.644365670792,2.302447177
76,76,-0.502914255237,2.16913907997
77,77,-0.862893696241,1.49927510427
78,78,0.353492546257,2.90788815363
79,79,0.716466801048,-2.1202912513
80,80,-0.892077290895,-2.10126865144
81,81,-0.458276780198,-2.92623676624
82,82,0.0084371470003,-3.31644160749
83,83,-0.350606204718,2.36682460415
84,84,-0.245198022946,-1.90154635294
85,85,2.82174398294,0.0380515377061
86,86,2.28932697726,-0.663748719063
87,87,0.104837290109,-2.95778950626
88,88,-0.333253000091,-2.60115341259
89,89,-0.785322740052,-1.02084916165
90,90,0.158507146929,-0.393662083728
91,91,-0.517310381735,-2.31561881307
92,92,-0.759083451626,1.9892096478
93,93,-0.92327445854,-1.90858417741
94,94,0.236840391231,2.71310556147
95,95,2.38606141714,-0.383621501536
96,96,-1.17339553807,1.99673882286
97,97,-0.829532096608,2.0465729783
98,98,-0.44816564632,0.204574902815
99,99,-0.390635578199,1.77724094468
100,100,0.0329153549935,1.93638646579
101,101,-1.01687748563,0.484438379992
102,102,-0.379207745831,-1.66217094269
103,103,-0.985602493736,1.81866030903
104,104,-0.216394392704,-0.853857842542
105,105,-1.29734600115,-0.141144938179
106,106,0.653153363337,0.878044590593
107,107,0.28986480411,-1.47264228779
108,108,-0.426893619744,0.468404788509
109,109,-0.581994379723,0.510632534527
110,110,1.40852059978,1.66439760028
111,111,-0.185644614262,-1.95967968839
112,112,-0.240994769314,-1.19415665789
113,113,0.0337521846148,-1.97061142911
114,114,0.388681053209,3.05932313582
115,115,0.458476426268,-1.4508427869
116,116,2.7359279182,0.0874385262172
117,117,2.46199812743,-0.338247659814
118,118,0.457064695328,-2.30851782466
119,119,2.14519642787,-0.413977554501
120,120,2.59854472024,-0.156855032501
121,121,-0.206438413112,2.50980717299
122,122,1.23518431989,-1.2546740103
123,123,2.50759312079,-0.0606603291785
124,124,0.844911120041,1.73640998722
125,125,0.216464400754,-2.80239480834
126,126,0.590577779273,-2.20685002028
127,127,-0.950000038073,0.603041801233
128,128,0.119862942797,-1.85372506555
129,129,-0.23523961788,-1.29535316219
130,130,-1.01517928405,-1.7035581519
131,131,0.914595123845,0.794119852587
132,132,-0.478245814614,-1.67957613574
133,133,0.107806906049,1.27064790147
134,134,0.589869291099,-2.31239138094
135,135,1.06292319629,1.93422706843
136,136,-2.01798667754,1.33277507276
137,137,-0.56529076937,0.83021695947
138,138,-1.4056490546,0.901442494411
139,139,0.217120359271,1.98587287347
140,140,-0.531544396235,0.059666034231
141,141,-0.691198133438,0.36555370386
142,142,0.262628432464,-1.86445078093
143,143,-0.728721736014,2.23212362369
144,144,-1.43370367212,2.06321614004
145,145,-0.715699045844,1.27639110361
146,146,1.88607392564,0.739822946029
147,147,-0.0894317794911,1.19355346647
148,148,3.11492807514,0.294257374665
149,149,3.02705867183,-0.202894578883
150,150,0.0968614933967,2.36526749424
151,151,0.872443838893,-0.767120366955
152,152,3.00445350346,-0.0110537273157
153,153,2.34227626238,-0.0604718984276
154,154,3.17180379188,0.695304694209
155,155,0.242533000128,-2.70562498057
156,156,0.296005996854,-2.3862395985
157,157,3.07572191465,-0.102583969742
158,158,-0.0106344453638,-2.3107176831
159,159,1.9878651243,0.817777104603
160,160,0.106626518488,-2.21017011235
161,161,0.736155519196,-2.06128586392
162,162,-0.362731544406,2.46112984703
163,163,0.35003153901,-0.423947735006
164,164,-1.21083293064,-1.11399180692
165,165,-0.329428296733,1.46869985297
166,166,0.395765853106,-3.20258345927
167,167,-0.621548421012,1.48125229512
168,168,0.787895343571,1.26023582279
169,169,-0.0922777244241,0.00557836256198
170,170,-0.951453347236,-0.668849581331
171,171,-1.18842081179,-1.14491507674
172,172,-0.967257580383,1.05767352168
173,173,-1.21548561954,-0.704812230814
174,174,-0.664847852971,-1.87258560801
175,175,0.151523136801,1.47102050711
176,176,0.293085540746,0.864940271966
177,177,0.321003549924,-2.32178665624
178,178,-0.108043119155,1.19995606367
179,179,-0.548943510943,-1.46825571051
180,180,-1.00731304698,-1.58119575295
181,181,0.936652588273,-0.271384042132
182,182,-0.429646599038,-1.08032050798
183,183,-0.0178700624447,0.967761082428
184,184,0.0240218458609,0.449447582513
185,185,-0.281118821607,0.231013384589
186,186,0.507490295716,-0.399786589421
187,187,0.218148629106,-0.424301444257
188,188,0.0183622651526,-0.761873517499
189,189,-0.0698661562972,-0.258188684313
190,190,0.0948732519944,0.307108411397
191,191,-1.49032608853,-2.25425534308
192,192,-0.227355238302,-2.91946541476
193,193,0.256414735635,2.79653164073
194,194,-0.356649559032,-0.773616686942
195,195,2.11125172378,0.0658151112021
196,196,2.77958210963,0.300750526191
197,197,-0.0724473000036,-2.82500193703
198,198,-0.866043485165,1.33089865441
199,199,0.418660704279,-2.00457406533
200,200,0.216640554197,1.6781191372
201,201,-0.0195161108584,2.33891914349
202,202,1.35984558369,-2.18422781501
203,203,3.10486017747,-0.140695868818
204,204,-0.414267535606,2.46213262668
205,205,0.353784138429,-2.29612959971
206,206,0.406087266453,-1.41848341269
207,207,0.312687705478,-2.05288301094
208,208,-0.585605121261,1.8516470261
209,209,0.324837085485,-2.474810446
210,210,0.539955799166,-0.689799203436
211,211,-0.343901206825,-2.2603909319
212,212,0.4667094771,1.85069279221
213,213,-0.739732660479,2.11316502661
214,214,-0.0255264308639,2.633316738
215,215,0.533834398515,-2.14448804487
216,216,2.25232598751,-0.996596366587
217,217,1.97787038911,-1.44340954301
218,218,2.35140756735,-0.0214194413895
219,219,0.121122648933,-2.49301055895
220,220,0.615499040668,-1.96369582659
221,221,1.96839088461,0.751657035341
222,222,-0.414116783236,2.24202635523
223,223,-0.124165273267,1.91679151339
224,224,-0.918789478178,1.5032845598
225,225,-0.402925297367,0.246412475869
226,226,-1.69193426482,-2.21082846706
227,227,-1.01280392984,2.09594307788
228,228,-1.39173546053,-1.806072229
229,229,0.158826308173,1.82838872323
230,230,-1.52772829431,-1.59893600707
231,231,1.78656322505,0.78566048238
232,232,-0.193975243672,1.70749823982
233,233,-0.415434370329,1.52393561824
234,234,-0.888811988786,2.06989249801
235,235,-0.817885686162,1.77206715198
236,236,-0.733820230468,1.45872780592
237,237,-1.11729684282,0.571849608026
238,238,-1.11940278758,1.70189213635
239,239,-1.00464760246,1.45159647829
240,240,-1.12218952246,1.6611766027
241,241,-1.36797279194,1.91209962109
242,242,0.478648063973,-2.75939292709
243,243,-1.12690113075,-1.94827281268
244,244,-0.812283707061,2.26344039938
245,245,-0.178285033836,0.923052190801
246,246,-1.29223296226,-0.919792558724
247,247,-0.336965624046,1.26018554167
248,248,-0.597997593434,0.367111357324
249,249,-0.503167264772,0.310878184232
250,250,-1.20085992805,0.793720764273
251,251,0.0768358819631,1.19818593786
252,252,-1.34186709008,-1.09609687677
253,253,0.400408735636,-2.28748513804
254,254,0.165207800126,-2.06085032852
255,255,-0.727407673791,1.55721248454
256,256,-0.282735880696,0.679975031786
257,257,-1.22364126972,-1.48228289046
258,258,-0.360149353806,2.30786100032
259,259,0.00921457550071,-1.82482706378
260,260,0.256875488185,-2.31692060138
261,261,-0.284731779685,-3.04652826039
262,262,-0.156084982505,2.04841049723
263,263,0.290879868704,-2.68783297595
264,264,0.257013750227,-2.45298238994
265,265,-0.0636013205651,3.14696193528
266,266,-0.302171510588,-1.91025528554
267,267,2.45399751538,-0.277668030753
268,268,3.35325026112,0.107707836721
269,269,3.6700847,0.0109673688016
270,270,0.0566205235878,-3.26378235794
271,271,0.449882414471,-2.64639376795
272,272,-0.952427770461,0.291561068321
273,273,-0.222885812105,3.01602028648
274,274,1.31441144817,-2.4159135129
275,275,-0.140854346948,2.38530510711
276,276,0.747497097687,-2.05141904125
277,277,0.317670408622,-2.4001426046
278,278,0.22129218342,-2.72558927355
279,279,1.14800811379,1.625321965
280,280,0.886987843676,-2.40222946795
281,281,0.306547978351,-1.89563975857
282,282,0.107170168306,2.68671160272
283,283,-0.281752066226,-3.19345193625
284,284,-0.490837935243,2.05890789653
285,285,-0.216218044092,2.05868083825
286,286,0.191726225978,2.62340514011
287,287,-0.730796771674,-2.88553229371
288,288,2.2995310048,0.030096472753
289,289,2.87563638474,0.297368782422
290,290,0.318595961279,-2.8339854701
291,291,-0.324766454824,-2.76618966884
292,292,-1.66895865754,0.756025214465
293,293,0.997027127344,-1.93939860499
294,294,-0.695193810015,1.49785061758
295,295,-0.971317662025,1.41734134776
296,296,-1.50622468443,0.727265602943
297,297,-1.23955752837,-0.875477607112
298,298,-0.545972638543,1.3993959771
299,299,-0.558305362152,1.88031350291
300,300,-0.111966274412,-0.398560830388
301,301,0.339599064709,0.0759663872731
302,302,-0.0703523142222,0.551814763882
303,303,0.327339061079,0.326108449461
304,304,1.25558013733,-0.656577916911
305,305,0.967074686817,0.403313499673
306,306,-0.477349083492,0.452648531052
307,307,0.805566215591,-1.75612404755
308,308,0.975186477648,-0.186418220015
309,309,0.442180175666,-2.2951655816
310,310,1.1508133811,0.749218274251
311,311,-1.27319956157,1.30037074971
312,312,-1.45731557951,1.70595319837
313,313,-0.158183941141,-0.388620920487
314,314,-0.241905640485,-3.05445521743
315,315,0.0856351090473,-2.62937512009
316,316,2.38060717325,0.118108438559
317,317,1.1547129,-2.92350444302
318,318,-0.309712391144,0.200222820776
319,319,0.225450752923,-2.02403014941
320,320,0.121069304951,1.07901546585
321,321,-0.683566199951,-0.846566643613
322,322,0.852175458186,-2.40047896821
323,323,0.308330869295,0.240123860919
324,324,0.916452971479,1.12990846937
325,325,-0.286937674054,1.4459496097
326,326,-0.177233618528,1.69434282771
327,327,0.286850211659,-3.05593634679
328,328,-0.180974256858,0.847037943002
329,329,2.37035467917,-0.838687784822
330,330,-0.0471641944981,0.246175991119
331,331,-0.521483716432,2.20688265941
332,332,1.09836553786,-1.07639937624
333,333,-0.569831686943,2.46746736225
334,334,-0.592434990561,1.99843562399
335,335,-0.243513504397,3.39055990687
336,336,1.05667129644,-1.76588377478
337,337,1.40986186739,1.10878226946
338,338,0.152223995371,-2.31263946761
339,339,0.195956263526,0.400045328092
340,340,-0.191102544071,-0.466518002415
341,341,-0.479318901676,-1.01327680045
342,342,-0.685980847994,1.17860809689
343,343,-0.940684635662,0.948818085836
344,344,-0.889319770261,0.88402931017
345,345,1.82173192845,-0.432805585031
346,346,1.71663164395,-0.456714840304
347,347,-0.214997645475,2.56584804502
348,348,-0.194557041401,2.54842234013
349,349,-0.114486964322,-2.29719191287
350,350,0.469808509512,-1.63750051807
351,351,0.0721075359731,2.67128455599
352,352,0.485562634998,-2.35693975621
353,353,0.110993421336,-2.63350445624
354,354,0.084535594294,-2.30733666662
355,355,2.40958121638,0.0704616608957
356,356,0.365472120433,-2.37319296823
357,357,0.700713539057,-2.50571430127
358,358,0.309712435163,-2.32356775775
359,359,1.56202918928,-2.13173564274
360,360,0.674511597289,-1.34655299836
361,361,-0.333711592333,2.13208912777
362,362,-0.527230190982,2.24638183941
363,363,0.00396338033911,2.42180388142
364,364,-0.230313986936,2.64333259866
365,365,0.0308341551538,3.07123821566
366,366,0.446338271299,-2.26639897857
367,367,-0.378574296419,2.58468299553
368,368,0.149496461746,-2.40102998866
369,369,2.46686349081,1.38941219185
370,370,2.79813550185,-0.122533215445
371,371,2.76145234954,-0.126558685468
372,372,2.50742772381,0.503068876654
373,373,2.27204333216,0.524964160004
374,374,2.72638989259,0.151497132602
375,375,2.4520525913,0.0310669762921
376,376,2.87945968704,0.148551449603
377,377,2.20090906971,0.249309944351
378,378,0.227635649568,-3.08269442573
379,379,-0.0644413262013,-2.69987885131
380,380,0.317364333209,-2.92199108553
381,381,2.69760548577,0.181346495871
382,382,2.98814507513,0.633482848566
383,383,2.40339125252,1.0839445446
384,384,0.186105711354,-2.68104443695
385,385,0.419289349967,-2.48425677873
386,386,2.05513663359,0.641249398062
387,387,-0.749420660891,2.4212506411
388,388,-0.37202025039,1.98007032044
389,389,-0.107530314633,2.27500067734
390,390,-0.989448694522,2.79170866517
391,391,3.41007692648,-0.0873908387816
392,392,0.0897890148035,2.3655767243
393,393,0.643986045987,-2.19021982726
394,394,0.0666308969149,-2.8057048312
395,395,0.353725729207,-2.92606274329
396,396,0.0832723121918,-2.34845321094
397,397,-0.387092470401,2.46303257829
398,398,-0.658874982916,-2.52555111731
399,399,0.123254482748,3.31703964143
400,400,0.22464739991,-2.7987708738
401,401,-0.311775849196,-2.03828379037
402,402,0.821160643339,-2.25013246664
403,403,0.735768823536,-2.04586233711
404,404,0.144254885921,2.39272022967
405,405,0.889348532382,-2.41193628391
406,406,1.05974750194,-0.876733588107
407,407,2.86397452368,0.00791203386164
408,408,3.2036183378,-0.324726550305
409,409,2.33974909624,-0.123283644086
410,410,-0.162402208643,2.20857513101
411,411,2.70688555024,0.268693644323
412,412,0.477436922053,2.23961376903
413,413,3.00455873602,0.0127607370379
414,414,2.57985567142,0.059638384283
415,415,0.10970465985,-2.29628175757
416,416,-0.464198405269,-2.587310353
417,417,0.128455475772,-2.52636127183
418,418,1.95821280392,0.0896940049656
419,419,0.900639763886,-2.27964775538
420,420,-0.048883024964,-2.35033863812
421,421,2.59817410251,0.132042140767
422,422,0.0847247953145,2.76234089736
423,423,1.62430791953,0.514493193306
424,424,-0.243042883532,-2.49938866019
425,425,-0.347499365582,-2.37169795511
426,426,2.48875700723,1.24860263344
427,427,-0.157078530725,-1.87914790896
428,428,-0.249777978394,-2.07156148745
429,429,1.19614787228,-2.02298313255
430,430,0.889376892596,-1.51872196537
431,431,0.731947291634,-1.84912410567
432,432,0.103662028522,-2.04200965652
433,433,-0.188262327048,-2.286835857
434,434,-0.271748904886,-2.91148483595
435,435,-0.325877649338,-2.96273469253
436,436,0.985754257674,-2.12228598245
437,437,0.878205282918,-1.95132114743
438,438,0.45852421531,-3.18670410918
439,439,1.38559115486,-2.13232254402
440,440,-0.189446239507,-2.97520510449
441,441,1.12242956736,-2.03270084912
442,442,-0.119044847482,-2.68898588199
443,443,2.16371076555,0.242878263477
444,444,0.00754920508331,-2.29041083428
445,445,-0.165814668133,-2.75441009087
446,446,1.42807138969,-2.28365529404
447,447,0.0196201222616,-3.00520951678
448,448,1.28396769509,-2.33735762081
449,449,3.20671488574,0.0909952310917
450,450,3.28609300605,-0.487995427942
451,451,0.170882382193,-3.48832251182
452,452,0.767713486293,-2.11280360702
453,453,-0.327411315622,-2.67005925371
454,454,0.563794293251,-1.79689060389
455,455,-0.206110957593,-2.69133620061
456,456,-0.00948888313814,-2.25192061206
457,457,0.210817962893,-2.70371138889
458,458,-0.238111167491,-2.55366433298
459,459,3.38319538784,-0.31261929287
460,460,0.112965598118,-2.67328114528
461,461,0.969849756394,-2.25092464343
462,462,2.62270874931,-0.0425537347568
463,463,0.304760806065,-2.49417579091
464,464,-0.854499457523,-1.43426245271
465,465,0.981763934193,-2.04983124482
466,466,0.0802234448232,-2.80349109787
467,467,1.04961056106,-2.25527290163
468,468,0.277376348039,-2.31189451034
469,469,0.416179592902,-2.41758779551
470,470,0.00106817756472,-0.340827779617
471,471,0.575979475105,2.18369835319
472,472,-0.0396815756178,-3.0522366743
473,473,1.30889531842,-2.5208915487
474,474,-0.372713373553,1.63734040717
475,475,1.87136430524,2.00817327465
476,476,1.61323276278,1.8370103553
477,477,2.56963729277,0.120368624694
478,478,3.51863858568,-0.24269912087
479,479,0.111551533262,-2.38096448508
480,480,1.11522837947,-1.64789612347
481,481,-0.67841889769,2.58588507729
482,482,0.125279473341,-1.92457833278
483,483,-0.971829198259,1.0373989888
484,484,0.223868670208,0.0479211500131
485,485,1.63672578267,0.448978402825
486,486,2.17371845996,-0.159253930662
487,487,2.8101318941,0.00870439066614
488,488,2.57934650164,0.147348265454
489,489,-0.201432739385,-2.98397580418
490,490,0.830331137316,-2.6755189953
491,491,-0.977256896594,2.31778587294
492,492,0.0651223163754,3.1037133018
493,493,1.11689744705,-2.06284316559
494,494,0.172510053736,2.78916643541
495,495,1.22357223188,-1.35943052949
496,496,2.56805372219,-1.04416302283
497,497,0.0266787957825,-2.01566008878
498,498,2.74822639281,0.378665539377
499,499,2.36462288199,-0.300247195687
500,500,-0.120558600122,-2.90737875962
501,501,-0.328387225092,-3.14515755694
502,502,0.217858060123,2.23748807516
503,503,-0.474916038067,2.67623856997
504,504,-0.205485650966,2.90576427016
505,505,0.538736937991,3.16021161818
506,506,-0.191381727534,-1.83791974666
507,507,3.05768508218,0.765351661189
508,508,0.387116979904,2.77661273954
509,509,0.0209466959712,-2.85174779468
510,510,2.49064754722,1.95824297269
511,511,0.404309883327,-3.13552601747
512,512,-0.163411552075,-2.65218472882
513,513,0.337895676517,-3.0331306415
514,514,-0.390033008615,2.63439501174
515,515,0.816210094499,-1.72127706167
516,516,2.61378438898,-0.0814027629096
517,517,3.17755915079,-0.212249896052
518,518,-0.291627917431,-2.84736059539
519,519,0.524682825167,-2.46842906808
520,520,0.0105993098189,-3.04367267441
521,521,-0.0582101147296,-2.54417280639
522,522,0.110498661316,-1.94254259419
523,523,-0.0832020113695,2.18973423837
524,524,-0.482621399769,3.00391598207
525,525,0.0392201977011,2.11538566873
526,526,0.0723874055476,2.02347118261
527,527,-0.0631947506048,2.08475655826
528,528,-0.777082084459,2.69110084503
529,529,-0.109781318909,-2.7084227506
530,530,-0.114841896943,-1.61760394674
531,531,0.191272600109,-2.43743205401
532,532,-0.513495206891,2.61320513892
533,533,-1.17402811845,1.51874062027
534,534,-0.709309544578,2.35874802055
535,535,0.717321603864,-2.05699202418
536,536,-0.571187475262,2.29001934702
537,537,-0.605704213296,2.4543947478
538,538,-0.493654905224,1.91689095306
539,539,-0.825599267599,2.35093746786
540,540,-0.684680889409,2.1738431654
541,541,-0.346159027917,2.7569932269
542,542,-0.933750799455,2.69645414127
543,543,0.750273712603,-1.82336201466
544,544,2.48875818445,0.393801684878
545,545,2.62975731828,0.320150767075
546,546,2.89605503298,0.0043756237237
547,547,2.72863768612,0.377742240928
548,548,2.38816993532,0.179409933971
549,549,-0.373712395831,-2.58579663508
550,550,0.580955712273,-2.33721452457
551,551,0.525204319844,-1.11904164611
552,552,-0.502222095641,2.24720062283
553,553,-0.501894308827,1.90825495045
554,554,1.0563931488,-1.77502667075
555,555,1.30675866995,-0.804638613965
556,556,-0.00773182248511,1.17214262756
557,557,-0.533183079293,0.164551780889
558,558,-0.575698490639,1.02950777829
559,559,0.597290621928,0.741859174827
560,560,-0.731171443845,1.27212745311
561,561,0.83661015255,-0.30306497301
562,562,1.7870386135,0.373320000388
563,563,2.91634302894,0.057110615743
564,564,2.61716280827,-0.411344612859
565,565,1.60449164782,-1.55461505404
566,566,3.14634179213,-0.196114572894
567,567,2.66403685175,-0.135221478673
568,568,2.66846237374,-0.0380922034506
569,569,2.51788046118,-0.035883127113
570,570,0.273317664246,-2.28566217318
571,571,0.0478802473043,-3.35299411341
572,572,0.0850552077561,-2.61965863226
573,573,0.922042707541,0.202650495141
574,574,1.00638948267,-0.453269562774
575,575,0.00185072450834,-2.40259111331
576,576,0.261615722014,2.64625277863
577,577,0.292203372078,-1.70649271746
578,578,2.18416412496,1.52947662691
579,579,-0.119957660451,-2.67440396758
580,580,0.0652306002382,-2.83020717989
581,581,-0.0225267953085,2.81729602576
582,582,-0.489098961854,2.28244100816
583,583,-0.235401310019,-1.86154058756
584,584,2.97697346924,-0.31206753611
585,585,2.41339612996,0.230496621202
586,586,0.251366487936,-3.13279644735
587,587,3.00112788914,0.313595424311
588,588,0.673281391949,-2.72488765838
589,589,0.818352817244,-0.935479316619
590,590,-1.83628393788,2.45889375953
591,591,-1.56881378232,1.6672120241
592,592,-1.66629809235,1.24879748065
593,593,-3.05054275374,-2.80177163361
594,594,-1.26798308238,2.15501818299
595,595,-0.606974077433,-2.42822009471
596,596,0.604480940859,-0.405340295646
597,597,2.0693346468,-0.132219395059
598,598,1.76886771649,1.86438681599
599,599,0.306462391908,-2.27107587209
600,600,-0.554036020065,2.81289900981
601,601,-0.0535735392,2.83799155363
602,602,2.22837800779,-0.404174436654
603,603,-0.0112792854357,-2.93987161357
604,604,-0.00454342726787,-2.87597703859
605,605,1.22483437605,0.70485648578
606,606,-0.189509479181,2.33284835373
607,607,1.08828531775,-1.83917586703
608,608,-0.384711312093,1.04200724785
609,609,0.988714943176,-1.9375132613
610,610,-1.38170136396,2.46405179659
611,611,1.86033025611,-1.86781056556
612,612,1.88997786614,0.0203173231978
613,613,0.991100913031,0.418033210043
614,614,0.878540474114,1.42780845846
615,615,0.770454334888,0.493776620748
616,616,0.554613653286,0.659621361475
617,617,0.750280024836,0.465513976415
618,618,0.804791893794,0.560249932834
619,619,1.22396175184,-1.52169115318
620,620,0.90954905937,1.35392117214
621,621,2.44916970278,0.336343865147
622,622,0.823706560027,-1.87124334727
623,623,1.81360963618,0.519192275679
624,624,0.423479686896,1.24037449627
625,625,-0.0457936012723,-0.986413191472
626,626,-0.443862754497,-0.635629429967
627,627,0.584182522783,1.25559759881
628,628,1.04302809578,0.52640894777
629,629,1.35652281931,0.573559888309
630,630,-1.05904035108,-1.54582318278
631,631,-0.395860461056,-2.37333130508
632,632,-2.0501772835,1.57305420788
633,633,-0.58119689033,-1.10463360916
634,634,2.7124856326,0.176476905525
635,635,-0.137163343057,-0.183201340412
636,636,-1.31910809749,0.844158374644
637,637,-0.0519284163678,0.432125780756
638,638,3.72961121093,0.191069827212
639,639,0.575357177661,0.319406038568
640,640,-0.850297180697,-2.04829861992
641,641,1.10736851141,0.528539511088
642,642,1.46980518302,0.974118557384
643,643,-0.85046405494,-1.34063528653
644,644,-0.428629651061,2.32159397744
645,645,-0.0129727017831,2.29666585502
646,646,0.721702020276,0.812067448893
647,647,2.05414510075,1.38290755679
648,648,1.95326725817,1.29258829928
649,649,1.05086857059,1.98192970667
650,650,2.67106155894,1.14763443859
651,651,-0.427356086486,-1.89136128981
652,652,-0.996206578394,-1.73393545598
653,653,2.33868706259,0.509365420408
654,654,1.47921998399,2.44164767061
655,655,0.372089378209,0.789468009735
656,656,-1.09862693127,-2.48384671172
657,657,1.70213508698,0.660779657797
658,658,0.155876898501,1.37138854304
659,659,3.11273259024,0.243912468498
660,660,2.00326406496,1.98199347583
661,661,1.73072329848,2.04849606638
662,662,1.93839584444,2.14605415625
663,663,1.19782718532,1.62730604743
664,664,1.97587979273,2.3310515633
665,665,1.27457838689,1.75506296776
666,666,1.36007452761,2.04699787533
667,667,-0.0226159572825,-2.82817985437
668,668,-0.59644652708,2.29477306827
669,669,1.15881699108,1.10474060319
670,670,-0.620247686392,-2.01618782163
671,671,1.63277566901,1.44519971315
672,672,2.83413740168,-0.314682003894
673,673,-0.333029949459,1.82998916918
674,674,-1.81426911301,1.84342688391
675,675,1.27585298579,-0.742289394456
676,676,0.00393685963442,1.83480091501
677,677,1.81979540397,1.20057773163
678,678,2.40671034656,1.1781764493
679,679,0.186666392336,2.49541493096
680,680,1.46740394898,0.609787251294
681,681,2.18379621659,0.22779367999
682,682,2.12944179196,0.220241104868
683,683,2.49489954958,1.71195203727
684,684,1.31806264178,1.72034366378
685,685,0.502362978764,3.12437475446
686,686,0.392038883731,2.2245991247
687,687,0.0737819163216,2.33034557355
688,688,-0.303427656276,2.27407796146
689,689,-0.582734529827,2.52705851648
690,690,-0.366148946283,2.34399877371
691,691,1.9941720124,1.42393496308
692,692,2.44400125263,1.69593781339
693,693,-1.07694340178,-2.94189420862
694,694,1.29160677995,1.81852874634
695,695,-0.272228315059,-2.21486518372
696,696,1.46942883141,2.19222463209
697,697,1.18053081208,1.78467620779
698,698,2.25989503718,0.446572500715
699,699,2.78012686963,0.190725692689
700,700,-0.121527270919,-1.38975898974
701,701,-0.759457269922,1.94966413927
702,702,-0.293566666339,2.09313650322
703,703,-0.249761379994,1.50720852198
704,704,-0.386862653163,-1.11440092047
705,705,-0.258261908132,2.25985495009
706,706,1.13566629648,1.46052001149
707,707,0.0922438697487,-2.29287111736
708,708,1.73807192655,2.13118926541
709,709,0.740957029814,0.86537335763
710,710,-0.268530605491,-2.23955507777
711,711,1.16496016249,0.255325408307
712,712,0.304594753519,-0.640331743357
713,713,-1.0640867524,-1.64565596783
714,714,0.392826386505,-2.63629114166
715,715,-0.358009091695,1.81498242038
716,716,-0.0258736575767,2.84824885392
717,717,-0.409260269618,-1.99169484637
718,718,0.749017765942,1.6196808186
719,719,0.158995192692,-1.09031595305
720,720,1.23547277111,1.90672869782
721,721,0.332728612364,-1.67489842161
722,722,-0.491980372076,-1.3938117975
723,723,0.662160646577,1.01432332349
724,724,0.577463817525,1.61289683657
725,725,1.17536421236,1.04322191152
726,726,-0.0434095564115,-1.98685769385
727,727,-0.967718822925,-1.55092185513
728,728,1.38221603056,-0.793015775356
729,729,1.8226665015,0.465503270381
730,730,-0.578274172039,-2.42895744612
731,731,-0.296319180555,-2.84079586149
732,732,-0.177941239477,-2.50705019706
733,733,3.60236946197,-0.276817651394
734,734,0.0440382888712,-2.66407680391
735,735,0.608948774871,2.32491837533
736,736,-0.558600498647,-2.50872766544
737,737,-0.451906116864,2.64306736062
738,738,1.73247574656,-1.75269824682
739,739,-2.29628022284,2.47030936081
740,740,1.13399186524,-2.26146691457
741,741,0.322997900157,1.59602073049
742,742,-1.36312278753,1.55336766155
743,743,1.44671158183,-1.5700576106
744,744,0.883125977857,0.441068545177
745,745,-1.06387089495,-2.15519547252
746,746,0.880900487358,-2.34027300432
747,747,0.710942340356,-0.398383356825
748,748,1.79897284468,-1.10465561936
749,749,0.137693090851,-2.47126771566
750,750,-0.205504350473,-3.15862624436
751,751,-1.95920723605,-1.14836724856
752,752,0.02138211009,2.39298885462
753,753,2.88301564431,0.659097174847
754,754,-0.974504001849,-2.57845641932
755,755,0.181822208309,-2.27940720914
756,756,0.554770895122,-2.48647284389
757,757,0.689647353858,-2.42333493233
758,758,-0.88434526807,-2.52023545096
759,759,0.204575037268,-2.63060958527
760,760,-0.944198458723,-2.55582265758
761,761,-0.35789730414,-1.13415428921
762,762,0.431471903265,-1.98406408613
763,763,0.0845411270912,2.38621874819
764,764,1.71240640412,0.673258055028
765,765,0.155532704377,-2.36446046002
766,766,-1.48750240335,-1.37436376342
767,767,-0.504875201632,-3.09534151111
768,768,-0.231573213221,-2.13831278593
769,769,-1.06773681906,-1.26079627423
770,770,-0.928812889222,-2.06426879929
771,771,0.421189521423,-1.66033862315
772,772,-1.20476759511,-3.09574670835
773,773,0.859545818374,-1.45468242219
774,774,1.73626244277,1.25940352644
775,775,1.34638053291,-2.63749413924
776,776,1.07109585619,-2.47804427292
777,777,-0.431687189753,2.24498523285
778,778,1.31003991347,1.37511219769
779,779,0.406174115368,1.32736818523
780,780,0.778536037498,-1.54144388537
781,781,0.747034499257,1.81094599004
782,782,0.00414903359826,-2.40481511476
783,783,0.0266072464967,-2.91153581521
784,784,0.507910902089,-2.44316159001
785,785,-0.248875049835,2.2473016994
786,786,-0.00620580832544,2.14615790307
787,787,-0.89300703728,2.48728398935
788,788,-0.727432066357,2.61847590935
789,789,0.264524231617,-2.09868499722
790,790,0.335944298552,-2.93460425898
791,791,-0.47827204452,2.65912606983
792,792,-0.0440060159781,-2.20853259491
793,793,1.54525145446,-1.78017240754
794,794,-0.291643481283,2.13029756821
795,795,0.0876633227565,2.07119368123
796,796,0.210068230305,2.27672176842
797,797,0.680040993456,-2.31891476895
798,798,2.0186977578,0.935189535921
799,799,2.64588072266,-0.132061891609
800,800,2.66520807446,0.00823172940338
801,801,2.38050936561,0.29763959667
802,802,0.477204194422,-2.71625311165
803,803,0.287872529437,-2.77354304072
804,804,2.43155973756,-0.120462561192
805,805,-0.312847209624,2.83621600878
806,806,0.128879117404,2.2249628706
807,807,-0.45767743922,2.51070831192
808,808,0.365487198557,2.44652155237
809,809,0.308563788101,-2.31762551717
810,810,0.31331976003,-2.96459378345
811,811,0.0865517254211,-2.87276234686
812,812,-0.0358150099614,2.18532331867
813,813,0.409924744189,3.10308788083
814,814,0.501585269221,-2.2248018903
815,815,2.56314875599,0.450787246016
816,816,-0.570058682931,2.35439385951
817,817,-0.216945002175,2.7967541774
818,818,0.939233733981,-2.77474359211
819,819,-0.189550659873,-2.72246955425
820,820,-0.118768172186,2.94874795016
821,821,0.432241153239,-2.4541560419
822,822,3.30573259789,-0.111231681601
823,823,2.8429601913,0.07346566708
824,824,-0.136300661472,2.7074839815
825,825,0.096424265221,1.95957362938
826,826,2.91686595932,0.260249915357
827,827,0.417198064492,2.89734188197
828,828,0.11045964527,-2.04207207157
829,829,-0.134868401797,-2.99529455216
830,830,0.0426113411956,-2.44714639302
831,831,2.93265016462,-0.0315142170073
832,832,0.38501458915,2.57616696163
833,833,0.235011628657,2.52929576301
834,834,-0.134131794008,-2.13834351446
835,835,1.6924323456,0.200826842431
836,836,1.71430041261,0.522457907984
837,837,2.30255187941,-0.0290214079889
838,838,1.77364571615,0.0680436647384
839,839,0.375822477391,-2.31724507022
840,840,0.343175150036,-2.59667717075
841,841,-0.234803225209,2.80262139372
842,842,1.16219771596,-2.82138470328
843,843,0.177654132072,-2.5811497482
844,844,-0.198436718883,-2.52504477485
845,845,0.182783587787,2.01820548465
846,846,0.0308945217312,2.09069086769
847,847,0.186975106681,2.65389846185
848,848,0.152209652896,2.12054189042
849,849,0.309548958439,2.55587610769
850,850,0.486768777613,-2.48335428339
851,851,0.123263803,3.06342740638
852,852,0.850399673623,-2.41769629958
853,853,0.17431034605,2.64623324387
854,854,0.583432558123,-2.76247639967
855,855,0.00420314038471,-2.9275187279
856,856,2.88140182867,-0.17432174722
857,857,-0.120805799511,-3.42437917736
858,858,-2.52890031369,-0.0453664850637
859,859,-1.71160384863,1.71806146028
860,860,-1.91793056497,1.53491587053
861,861,0.432077967352,-0.876809074024
862,862,-2.08787291912,-2.31455588995
863,863,-1.53821893262,2.51371901139
864,864,-0.475739001743,-2.06715363741
865,865,1.95192757378,0.457148293814
866,866,2.61180263297,0.13269998221
867,867,2.76892109229,-0.0928559006209
868,868,0.0511970374669,-2.51341639646
869,869,0.816266958725,-2.38260715609
870,870,0.430979249551,-0.918767002889
871,871,1.95045978365,0.346072387056
872,872,0.18128221077,-2.64528480635
873,873,-0.650342074275,1.80536332864
874,874,0.125522439247,1.34570492311
875,875,2.71171581909,0.616392815054
876,876,-0.136266744593,-0.476741710721
877,877,-0.0598799616206,-1.0128979889
878,878,-0.150091808656,-3.2424298007
879,879,-0.0641793459656,-1.18033189888
880,880,-0.559747645122,1.31597241314
881,881,0.291034401919,2.67881756497
882,882,1.71836615779,0.253949670836
883,883,2.44120992209,0.363425827993
884,884,2.44712023592,-0.0727478711043
885,885,-0.545739832675,-2.80448950837
886,886,0.208287905533,-2.91173171618
887,887,-0.411262127133,-3.15671479091
888,888,3.06669505021,0.0815040409751
889,889,0.301594272493,-2.18745832556
890,890,0.567903477218,-2.39125361476
891,891,2.0451693126,0.984049943012
892,892,0.00341061578163,2.49123091846
893,893,0.684284672679,-2.80817407901
894,894,1.29189257932,-2.28087197566
895,895,0.480702891642,-1.99422956539
896,896,-0.00584837027735,-2.81397633853
897,897,-0.126155990718,-2.9919131283
898,898,1.45568472206,1.49950617528
899,899,0.785045624961,-2.60822109849
900,900,1.44661496472,0.772027891356
901,901,0.0157813187401,2.61589510142
902,902,1.08637047405,-1.2534069816
903,903,0.072234051998,1.6662688232
904,904,-0.411508689882,2.04860886906
905,905,1.93261955577,0.71394541594
906,906,1.90428365563,0.836327756742
907,907,2.03054129077,1.1477845023
908,908,1.62133690656,-0.522273024233
909,909,1.99393886986,0.246112168891
910,910,3.02195101839,0.038443991789
911,911,-0.366883259664,2.59977721441
912,912,2.02719890283,0.181217631685
913,913,2.66276844412,-0.221361599173
914,914,2.39279796565,-0.928733240614
915,915,-0.159345597292,1.61069552357
916,916,-0.145610089309,2.27110868921
917,917,0.170661744573,-1.80148368357
918,918,0.0768412558559,-2.03231849092
919,919,1.87862428401,-0.655250566708
920,920,1.22134960339,-1.95763264307
921,921,0.565065858555,-0.17136177652
922,922,0.0284485812282,-2.35215693453
923,923,0.714474515164,-2.08473003659
924,924,-0.360561739314,1.7394808125
925,925,0.0840575767395,1.52005274815
926,926,-0.921451604227,-1.77239174762
927,927,0.169272081108,-2.2259706762
928,928,-0.164165682544,1.11632519709
929,929,0.640407547061,1.64687232746
930,930,-0.369558973345,2.65790258562
931,931,2.32438805647,-0.357485538284
932,932,1.04629951049,-0.714670172724
933,933,2.50256497666,-0.0724329687054
934,934,2.851273583,0.327376366426
935,935,-2.03096806321,-2.20344792887
936,936,0.712894411264,0.312849975837
937,937,1.18348284606,-0.620295115286
938,938,-0.215533613362,-1.95969210084
939,939,-1.21215985995,1.3373390799
940,940,-0.341365510666,1.47468676549
941,941,0.983814388982,1.34233632046
942,942,1.72291071692,0.686579211111
943,943,-0.966255219923,0.271331861308
944,944,0.00395654813694,0.767670685386
945,945,-0.0996876938124,-1.58972180209
946,946,-2.15453813152,-2.03162299616
947,947,-0.434804802,1.54498386724
948,948,-0.696781550987,-1.26349196724
949,949,-0.582194199598,-1.78578546392
950,950,0.359666298124,0.935650463032
951,951,0.360361080245,0.987891690738
952,952,-0.396931761104,-2.25342272213
953,953,-0.0825079966889,-2.8753720895
954,954,0.52321138153,0.948056379812
955,955,-0.226092547459,-0.927511784471
956,956,0.07191508491,1.91924364525
957,957,0.363736681594,0.988652223714
958,958,0.503024246011,-2.14013876896
959,959,-0.0428656942831,-2.27158540115
960,960,-0.402553328329,-2.12357046634
961,961,0.567634835238,-2.34837461866
962,962,-0.00323590751516,2.88748276344
963,963,0.867009663529,-0.45039216973
964,964,0.205173120586,-2.64616999737
965,965,-0.11174951845,2.46911318315
966,966,1.02599591833,-0.0283946318751
967,967,2.67196047465,0.507022881827
968,968,-1.18341945285,-1.62119470049
969,969,-2.28649925276,-2.23802740321
970,970,-1.21575221773,-1.90842498478
971,971,0.140545796944,1.45859516613
972,972,-0.818759199828,-0.679054562967
973,973,-1.53521825912,-1.87460966976
974,974,-1.25876981309,-1.62876628098
975,975,-1.566104704,-1.71266379965
976,976,-0.883172940136,-1.80171306366
977,977,-0.492216696905,-2.10215164193
978,978,-1.12740189927,-1.86063505604
979,979,-0.316126505022,-2.14796765486
980,980,0.440895239331,-0.783089119896
981,981,3.00814937469,-0.0212981257213
982,982,0.0418822848098,-2.40255810309
983,983,-1.1888970536,-1.77035983256
984,984,0.521684302467,2.75332329497
985,985,-0.141285020082,-1.39492329493
986,986,-0.706259267833,-1.58147314779
987,987,-1.12118019821,-1.99267024186
988,988,0.00912016200944,1.06735260011
989,989,-1.18638264418,-1.87594815708
990,990,-1.59745766324,-2.3648685188
991,991,-0.1891858312,2.94557076639
992,992,0.0181802835385,-1.78519344083
993,993,-0.175485650445,-2.18489181288
994,994,0.246743807606,-2.77318887577
995,995,1.90209970178,0.42023688631
996,996,0.171633553985,-2.29005845663
997,997,-0.701019098892,-1.44212931859
998,998,-1.33854003634,-1.56965707542
999,999,0.0802774559449,0.340160846991
1000,1000,-0.540421043568,0.92905800548
1001,1001,-0.519091413305,0.957090330914
1002,1002,-1.10535401214,-1.0915528857
1003,1003,-1.772837027,-1.03598996108
1004,1004,0.190363375842,2.21077895845
1005,1005,-0.480174904566,2.64586213862
1006,1006,1.26802852302,-1.65646187741
1007,1007,0.216445292025,-0.324322183546
1008,1008,-0.366243553042,2.3843863438
1009,1009,1.58144808159,-2.31098862817
1010,1010,2.42686133884,0.316657288532
1011,1011,2.74166388019,0.183097451035
1012,1012,2.70884715958,0.107709711979
1013,1013,0.746269055438,-1.81845581385
1014,1014,-0.0529963378726,2.35629143801
1015,1015,0.571209984051,-3.03020492283
1016,1016,-0.590567980952,-0.654242988375
1017,1017,-0.567260242385,1.73663076347
1018,1018,2.360686037,0.0779110296694
1019,1019,-0.194160118723,1.760140362
1020,1020,0.401602002451,-1.63648582159
1021,1021,0.519090791374,0.0679792479768
1022,1022,0.332894173327,-1.63091891829
1023,1023,-0.522745009699,1.64057988575
1024,1024,-0.210101330806,0.99685201407
1025,1025,-0.226095638126,1.06927158979
1026,1026,0.617456511107,0.373042026487
1027,1027,-0.240509641597,-0.173415284648
1028,1028,-1.20549573546,0.374054031093
1029,1029,2.35721618586,0.108436603978
1030,1030,-0.405990668044,1.02719141601
1031,1031,1.10899785407,2.34885081836
1032,1032,-0.491626132028,1.01171638257
1033,1033,-0.865107927701,-0.40304944274
1034,1034,-0.345009228964,-1.88227332812
1035,1035,0.667142441914,-0.908493070354
1036,1036,-0.417369648008,-0.86102924824
1037,1037,0.388249023177,2.89483818164
1038,1038,1.42074408991,-0.940636573447
1039,1039,2.37330146219,-0.758431589616
1040,1040,0.119168071245,-3.13320181376
1041,1041,2.4287731092,0.0737724717375
1042,1042,0.140655329528,-2.76694344909
1043,1043,0.0925496284698,-2.92136906565
1044,1044,-0.627666071446,1.68472167931
1045,1045,-0.891418000058,1.89294615957
1046,1046,-0.681590481624,2.16424325552
1047,1047,-0.297249452294,1.5055282362
1048,1048,1.06598687658,-1.90822469281
1049,1049,0.00953575173402,2.92274236401
1050,1050,1.71981125729,-2.23531692593
1051,1051,0.683801693627,-2.41593037503
1052,1052,-0.771998087026,2.05747896158
1053,1053,-1.00274852627,2.2855311058
1054,1054,-0.85709135328,2.33166564218
1055,1055,-0.0148247901271,2.71709646991
1056,1056,0.944077621041,-2.8242931126
1057,1057,0.414114144192,-1.9939779448
1058,1058,0.214322831033,-2.7982588572
1059,1059,0.0406599565328,1.7921241501
1060,1060,0.0573505339163,2.59304410818
1061,1061,1.23631882108,-1.6909972849
1062,1062,-0.096303956419,-2.39126894038
1063,1063,0.822660662614,-1.99416960315
1064,1064,-0.318776528219,2.28476725779
1065,1065,0.00650399942483,2.68967583705
1066,1066,0.0668358153535,1.88875836353
1067,1067,-0.352529183746,2.70237023544
1068,1068,0.667303507877,-1.82022812545
1069,1069,0.0570224302309,2.99152335937
1070,1070,-0.52031480669,2.22527193098
1071,1071,0.0742345400001,-2.07336732292
1072,1072,2.37055485347,1.02278469565
1073,1073,0.233674741477,-2.84173227767
1074,1074,3.60830345701,0.739189893563
1075,1075,-0.906828612118,-1.19134392178
1076,1076,0.556493715449,0.556722950448
1077,1077,-1.36776203865,-1.15628841519
1078,1078,-1.37657716638,-1.35486026002
1079,1079,-0.571305095906,1.6732904868
1080,1080,-1.99958571912,-1.85984801802
1081,1081,-2.21329498374,-1.86045038371
1082,1082,2.41438606787,0.113068648708
1083,1083,-1.61780720733,-1.68751271169
1084,1084,-0.293763831915,1.61198209209
1085,1085,0.557608822076,1.56202177072
1086,1086,-0.184006757727,0.369234497794
1087,1087,-1.32838086718,0.852548933724
1088,1088,0.408120729288,1.60867923427
1089,1089,-0.201577601933,1.0675603814
1090,1090,-0.452439201936,-0.972109303483
1091,1091,-1.11722021614,0.872391063599
1092,1092,0.304917082227,1.48648638339
1093,1093,-0.93001983533,-1.56494821505
1094,1094,0.0837460845206,-2.75853264288
1095,1095,-1.38199402007,2.95668315014
1096,1096,0.726900031883,-2.76778796025
1097,1097,0.182942668285,-2.47419123544
1098,1098,0.505426882031,-2.57626029208
1099,1099,-0.0338392358891,-2.5074210512
1100,1100,0.126097611524,-1.98629105595
1101,1101,-1.42029458851,-1.63662730077
1102,1102,-0.399736485662,-2.12507571005
1103,1103,0.331605387471,-2.47255774176
1104,1104,-1.1880119975,-1.64337125905
1105,1105,0.00922285977662,-2.36269707169
1106,1106,2.89090864361,0.173634690222
1107,1107,-0.311954119365,2.00325418376
1108,1108,-1.86148961379,-1.96823249026
1109,1109,0.0961547131618,2.06482700458
1110,1110,0.413371641442,-1.24514374646
1111,1111,-0.365762896498,2.68502051919
1112,1112,0.842408943685,-1.75372758321
1113,1113,3.081792784,-0.402937786915
1114,1114,2.00772660346,1.08728817525
1115,1115,-0.0623714940292,-2.86520348362
1116,1116,0.727427274268,-2.35478849565
1117,1117,-0.461692537523,1.05598855911
1118,1118,1.26316874024,-1.88925376972
1119,1119,1.38725613559,-0.953206940232
1120,1120,-0.820265306818,1.74085936506
1121,1121,-0.6526888743,2.27478635383
1122,1122,-0.251895844456,2.52420185326
1123,1123,1.15246126537,0.419910467223
1124,1124,-0.903538230775,-1.78280463633
1125,1125,1.52678655962,-2.01405238094
1126,1126,-0.243150466324,2.54701329086
1127,1127,0.416464163728,1.40114111155
1128,1128,1.51888171196,-0.922316665407
1129,1129,-0.492758579269,1.95238608166
1130,1130,0.865541637427,-1.5874156554
1131,1131,-1.28899047299,-2.00154540726
1132,1132,0.621847321527,-1.78390421938
1133,1133,-0.234432617111,-2.28284092486
1134,1134,0.330723929832,-3.09355830033
1135,1135,0.734164167881,-1.86189375158
1136,1136,-0.102921082752,2.81304508638
1137,1137,0.0317499190687,-1.9772778985
1138,1138,0.307258168182,-2.6280699405
1139,1139,0.705762340733,-2.50938143816
1140,1140,-0.404545092105,2.00722209438
1141,1141,0.473175572001,2.06406337003
1142,1142,-0.413710395724,2.66759657812
1143,1143,1.31595259054,-1.56215206924
1144,1144,2.22274050515,1.38408536257
1145,1145,2.68944115022,0.0974500110284
1146,1146,1.20172343426,1.55202696351
1147,1147,0.379996172475,2.26631023554
1148,1148,0.211043698964,-2.65470416472
1149,1149,0.606771850962,-2.62858026181
1150,1150,2.85446268703,0.297956372937
1151,1151,0.192854608704,2.51803518644
1152,1152,0.633507470168,2.87644203736
1153,1153,3.09670438156,-0.269326102769
1154,1154,-0.2450222728,-2.7353634059
1155,1155,-0.181588589033,-2.72485232303
1156,1156,2.24654897874,0.548714593852
1157,1157,0.229292511933,2.55835780509
1158,1158,2.30799272375,0.542214434601
1159,1159,2.49464771052,-0.0354682911909
1160,1160,0.152394199623,2.80569150916
1161,1161,0.101240237455,-1.05383571642
1162,1162,0.0192368274255,2.40473375835
1163,1163,0.550503269015,2.03466082533
1164,1164,0.592831695566,-1.95844318675
1165,1165,1.47363779529,0.509259050469
1166,1166,0.613879704705,2.01572889428
1167,1167,2.89508659017,-0.110407681647
1168,1168,1.09882992252,-1.83473228955
1169,1169,2.6632456714,0.275789681719
1170,1170,2.25998298024,0.240897479013
1171,1171,-0.0407026691617,-3.11717890005
1172,1172,0.391856676173,-2.86433974316
1173,1173,-0.593484095182,2.76194622777
1174,1174,-0.448474992787,3.04191896502
1175,1175,0.540776637594,2.42281617122
1176,1176,0.315719420669,2.99838160806
1177,1177,0.272775257279,-1.87891217124
1178,1178,1.79210479463,0.529865096712
1179,1179,-0.454130787169,-2.99441886858
1180,1180,-0.303290775752,-2.72529934964
1181,1181,2.68478934784,0.493636706026
1182,1182,-0.634526758358,-2.66746591094
1183,1183,-0.277453397547,2.70200498915
1184,1184,-0.362412106302,2.65135392593
1185,1185,1.36359112431,-2.0544218339
1186,1186,-0.159619099475,-2.32540723035
1187,1187,-0.454012881941,-2.28922905226
1188,1188,1.07402299079,-1.64991379725
1189,1189,-0.0760922650476,-2.87965790856
1190,1190,-0.463160186961,-2.55252588417
1191,1191,-0.289355148963,-2.34007498752
1192,1192,-0.43971234253,-2.45043169707
1193,1193,-0.52200945757,-2.48149920045
1194,1194,0.0894662996437,-1.89881195427
1195,1195,-0.161979988129,2.75649753407
1196,1196,2.17605233059,-0.0542057348441
1197,1197,2.86120116499,0.477359835608
1198,1198,3.12667201346,0.308577974565
1199,1199,2.43699486531,0.0144414289756
1200,1200,0.831373150022,-2.87938339295
1201,1201,0.876283575919,-2.27920451032
1202,1202,-0.715518066245,1.82117509784
1203,1203,-0.826718792935,2.63343651405
1204,1204,-0.433754429892,2.26862282242
1205,1205,1.58425271998,-2.31933762668
1206,1206,-0.245596892724,2.59893554598
1207,1207,0.0201847863138,-2.53313278618
1208,1208,0.641773365035,-2.45166226868
1209,1209,2.54944733935,0.207319523273
1210,1210,3.05122114138,0.315870415043
1211,1211,0.0257117822286,2.41855999007
1212,1212,0.981581204514,-2.14917751158
1213,1213,2.59420977669,0.224048023663
1214,1214,1.87995485251,0.665624388814
1215,1215,-0.0433142510455,-2.79204364767
1216,1216,-0.00340478014592,-1.93485094957
1217,1217,-0.0584010367496,-2.32061873204
1218,1218,-0.0174053357411,-2.08259255744
1219,1219,2.30475738449,0.268441907613
1220,1220,1.779024495,-1.5163791996
1221,1221,1.70302262642,-1.43732734644
1222,1222,1.24734336451,0.652360677046
1223,1223,1.5485710781,-1.23728932136
1224,1224,2.74818232324,-0.187073989961
1225,1225,2.5864796055,-0.23160115361
1226,1226,0.30141083975,-0.172266056788
1227,1227,-0.215240008837,3.23828472474
1228,1228,0.762899146086,-0.1647121713
1229,1229,0.123938673862,2.41588873844
1230,1230,0.147099544729,-3.01014029993
1231,1231,0.320284419026,-2.88691892696
1232,1232,0.117239240299,2.90998913147
1233,1233,1.18375986401,-2.33093083198
1234,1234,0.0521810072154,2.68744398624
1235,1235,0.0487636994119,-2.18763552736
1236,1236,2.54367543195,0.389149945569
1237,1237,0.388969550186,-2.33769718411
1238,1238,0.219234876332,3.1811130538
1239,1239,1.10383670608,-1.82087003888
1240,1240,-0.20320409105,-2.00104914922
1241,1241,3.01632233321,0.170759819229
1242,1242,0.216633972871,-2.43742618928
1243,1243,0.214538687733,-2.94360792473
1244,1244,0.702463607852,-2.48139627285
1245,1245,-0.435691862752,2.99009093973
1246,1246,0.120773678357,-2.59791478646
1247,1247,-0.223316249139,2.80340368502
1248,1248,-0.0789526817647,3.24565532769
1249,1249,1.09000910343,-2.75311320402
1250,1250,-0.447809767264,2.34463106191
1251,1251,-0.0706691281515,3.16922187655
1252,1252,0.0946787255997,3.04285326638
1253,1253,0.71395897512,-2.18089456211
1254,1254,2.25518601568,0.632215484046
1255,1255,2.50905118516,-0.0273052282903
1256,1256,2.55012865158,-0.235542410562
1257,1257,2.69474558865,0.354751429667
1258,1258,2.46870170952,0.633916920538
1259,1259,2.51710618318,-0.107257446039
1260,1260,2.61018260228,0.0188610878898
1261,1261,2.78368362419,0.34727998706
1262,1262,0.392184567951,-1.95762430254
1263,1263,-0.0629704908383,-2.11316131338
1264,1264,2.24146044684,-0.108931315791
1265,1265,0.413495714917,3.44010281873
1266,1266,1.32957120787,0.0437359668994
1267,1267,1.75386384902,-0.325701956301
1268,1268,0.0487985648579,-2.40841908954
1269,1269,0.253014646776,-2.3608038219
1270,1270,2.05974280309,-0.276807688772
1271,1271,0.522860864163,2.8545569021
1272,1272,1.84994477266,0.509004174827
1273,1273,-0.422870256138,-2.11590073413
1274,1274,0.701062796015,-0.52952800155
1275,1275,-0.191034627496,3.07583737211
1276,1276,0.26437171123,-2.4652251119
1277,1277,0.893178248774,-2.94157829511
1278,1278,2.53295377472,-0.118560090442
1279,1279,2.13475710453,0.0823214643426
1280,1280,0.745052081687,-0.169095451883
1281,1281,2.46743724644,-0.034830165081
1282,1282,2.46478671774,-0.135220825608
1283,1283,2.57081962153,0.420832620858
1284,1284,-0.497783858371,-1.88617452406
1285,1285,1.53635422425,-2.11045568368
1286,1286,0.0635401010661,-0.507756125098
1287,1287,1.53713004652,0.663507097881
1288,1288,-0.28039041443,-2.40627331982
1289,1289,-0.0515454880822,-2.4848454723
1290,1290,0.247569739442,-2.49141926389
1291,1291,0.894209736616,-0.411638128163
1292,1292,0.481517196372,1.6144754746
1293,1293,2.38544294811,0.165102204907
1294,1294,2.81811780785,-0.0527955707819
1295,1295,0.728000526777,-0.593277020913
1296,1296,-0.16169900718,-3.02673013429
1297,1297,0.333887167162,-2.61908579685
1298,1298,1.49937018648,-0.903566572965
1299,1299,-0.117249611213,2.77446467901
1300,1300,0.845081763234,-2.72099275377
1301,1301,0.130283598066,2.489164893
1302,1302,-0.325918979137,1.8111407361
1303,1303,1.51589260865,-2.53165617825
1304,1304,-0.663231879688,2.56096176125
1305,1305,-0.410627166521,2.13287894804
1306,1306,-0.524905551677,2.20010713026
1307,1307,-0.564776308407,2.68023055725
1308,1308,-0.757135201214,2.5589282118
1309,1309,-0.40789272568,2.86157197531
1310,1310,0.597012827636,-2.70380856153
1311,1311,-0.217083876019,-2.72015926029
1312,1312,-0.0362387758039,3.11054734777
1313,1313,0.283158437799,-2.55951810823
1314,1314,1.52269029549,-3.10534880351
1315,1315,0.406385648175,-2.11205978531
1316,1316,-0.615800416649,2.42717162708
1317,1317,0.311381595598,2.64382464776
1318,1318,0.57453048807,-2.56831922294
1319,1319,-0.0701216221166,2.73955505973
1320,1320,0.0360966259568,2.77731243087
1321,1321,-0.744682407966,1.96716580528
1322,1322,0.0677330470997,2.52313449833
1323,1323,-0.0793562645766,2.48115058139
1324,1324,0.675427936587,-1.99127952553
1325,1325,1.06109763111,0.874260975751
1326,1326,2.657014435,0.176258767467
1327,1327,0.306588250918,-2.583927503
1328,1328,0.0406997997094,-2.47781449154
1329,1329,3.15468132551,0.266989555711
1330,1330,0.0583514579169,2.81718649596
1331,1331,1.14760577998,-2.32246367393
1332,1332,1.38789327438,0.261988353452
1333,1333,-0.0750938706249,-2.67666733919
1334,1334,-0.524187637139,2.26993377224
1335,1335,0.438677536745,1.83397162673
1336,1336,0.822926137854,1.68917262697
1337,1337,-0.205677936833,1.34708710569
1338,1338,1.50457729751,0.839261325009
1339,1339,0.195339229702,2.09215019127
1340,1340,1.80857768239,1.58768120382
1341,1341,1.53798994679,1.69444566864
1342,1342,1.63697031622,1.49041646445
1343,1343,-6.4565230097e-05,-2.48641609578
1344,1344,-0.0787751419662,-2.01639542363
1345,1345,1.72876590193,0.893564542615
1346,1346,0.767945131769,1.98286130516
1347,1347,1.78452848558,0.263736187381
1348,1348,1.32255796821,1.98550701403
1349,1349,-0.0811483354312,2.70572981386
1350,1350,-1.17984241337,-1.57327091639
1351,1351,2.06860539579,0.883898445532
1352,1352,-0.916979621973,-0.753562023906
1353,1353,0.959556098083,-1.83076393393
1354,1354,0.108923437513,1.50546799935
1355,1355,1.04627085273,0.676028544607
1356,1356,1.91931660619,0.409725119552
1357,1357,1.49099695322,1.76073054572
1358,1358,0.809678005313,1.71462900388
1359,1359,0.658733636429,0.338834889577
1360,1360,2.68984472848,0.878852142665
1361,1361,0.251313113185,0.272675635511
1362,1362,-1.15628985713,-1.57657741281
1363,1363,-0.460543233029,-1.1781093643
1364,1364,1.9545720706,0.844606761506
1365,1365,1.40341420526,-0.67141455624
1366,1366,2.34933210162,-0.177225782684
1367,1367,-0.336795611349,0.749075866094
1368,1368,0.200061724437,2.22911256622
1369,1369,1.49641576506,-2.0620345488
1370,1370,0.686714375564,1.83384895873
1371,1371,2.58858470339,0.00178305248917
1372,1372,1.85577125182,0.479254799795
1373,1373,-0.290679191838,1.63396249632
1374,1374,1.98974166538,0.968182115808
1375,1375,1.04936141819,0.764509589133
1376,1376,0.735023329971,0.815169598966
1377,1377,-0.929804839066,-0.826805505085
1378,1378,0.28560379811,-1.38997479956
1379,1379,1.58311336798,1.07520356829
1380,1380,0.102801917245,2.35232203233
1381,1381,0.787120906456,1.28329116036
1382,1382,0.129025235406,-2.14608390448
1383,1383,-0.150939333289,1.79017770647
1384,1384,1.29009667324,0.785022925125
1385,1385,2.23657275864,0.733904643025
1386,1386,1.79308587862,1.13234443432
1387,1387,1.79643095432,1.38244226842
1388,1388,2.77734810783,0.555111419511
1389,1389,2.10221059393,1.64668338604
1390,1390,-0.00863572442222,2.64646669152
1391,1391,-0.284529744427,2.08645021318
1392,1392,1.10848407023,-2.55798153052
1393,1393,0.577090010937,0.550715040123
1394,1394,0.847217827421,0.0667537776376
1395,1395,2.51622019616,0.317798022894
1396,1396,1.77181161649,0.0426260078561
1397,1397,1.92360441289,-2.38554643216
1398,1398,0.125666424904,1.26900829619
1399,1399,-0.210425804777,-2.31269382369
1400,1400,0.991594475178,0.237971051777
1401,1401,-1.37602774415,-0.801093969058
1402,1402,-0.215380051407,1.9951811188
1403,1403,0.955643317485,0.0966059604806
1404,1404,0.805270802208,2.39112925596
1405,1405,1.39239134924,1.71417315174
1406,1406,-0.249350303236,2.87032035353
1407,1407,0.463222545443,4.63067524584
1408,1408,-0.299761564827,3.61327181277
1409,1409,0.400225770327,3.46160236947
1410,1410,0.255384860097,1.73215878397
1411,1411,0.480647043348,2.62893956565
1412,1412,0.152543095065,2.53274764767
1413,1413,0.381212074708,3.04218202755
1414,1414,0.247031425582,1.86986287778
1415,1415,0.508711403556,2.91014482358
1416,1416,0.186195617436,2.76789321396
1417,1417,1.51817508757,0.0165288632746
1418,1418,-0.144168657142,2.14049994927
1419,1419,0.803135606124,0.464720441185
1420,1420,-1.65105096372,-1.23022623786
1421,1421,0.179238956603,-0.0297008303802
1422,1422,1.01768179036,0.0832456017399
1423,1423,3.14329163856,0.0295571358661
1424,1424,-0.0543669164433,-3.34121244435
1425,1425,0.0997389687453,1.55237458531
1426,1426,0.00366140051996,0.407438223839
1427,1427,1.98572284309,0.292973658545
1428,1428,4.04596081213,-1.21458962497
1429,1429,2.63369462171,-0.160165785498
1430,1430,2.38562166778,0.955725989534
1431,1431,2.77373241274,0.489916484509
1432,1432,3.23117703636,0.303973180306
1433,1433,2.14163591794,0.362934209061
1434,1434,0.90301532569,0.692550873764
1435,1435,1.6287520794,1.09439689861
1436,1436,-0.341752573466,-2.41230374122
1437,1437,1.63297031929,0.340697869159
1438,1438,0.10359641094,1.65264483684
1439,1439,1.46874602995,1.65628249501
1440,1440,1.61582755278,2.14257581104
1441,1441,0.651832929848,0.650786936563
1442,1442,0.924670088785,2.38554920091
1443,1443,0.482835812427,-2.51364455495
1444,1444,2.34307960267,2.5787754206
1445,1445,0.86487726312,2.3298620598
