,vote,alpha,beta
0,0,-0.125545041755,2.5439428225
1,1,-0.548011082121,-2.79397189962
2,2,2.74414734434,-0.180324950677
3,3,2.54001637434,-0.231198784546
4,4,0.834982095963,-1.59133463795
5,5,3.52394128297,-0.476746431436
6,6,2.42831366838,0.827137510442
7,7,2.49342535804,0.790379987055
8,8,0.250799012223,-1.8125623065
9,9,1.12276653133,-1.3105672331
10,10,2.54637573397,-0.131894259573
11,11,2.80888992667,-0.465380439723
12,12,2.61104527331,0.153778307699
13,13,2.70446758749,0.185534845403
14,14,3.25388719016,0.3860719475
15,15,2.17114916279,0.23027175292
16,16,0.250200450646,2.56329824638
17,17,0.574555347575,-0.502396669671
18,18,3.04540992646,0.50710393653
19,19,2.60838275311,-0.214493509932
20,20,1.50353057489,-0.570975090007
21,21,0.0248662377466,-3.25889230511
22,22,-0.345547180058,-2.49376924109
23,23,3.57079324974,-0.182895089673
24,24,0.998064616193,-2.45622755915
25,25,1.30546091012,-0.211437316334
26,26,-0.721032426781,0.0243570855941
27,27,-0.0347690105498,2.83405674911
28,28,2.52342458104,-0.209341575852
29,29,2.56506026964,0.609820823191
30,30,2.61974973112,-0.0430440809992
31,31,2.97111782018,0.143376213997
32,32,-0.0607839237159,-2.61351848614
33,33,-0.179711670027,-3.66258110047
34,34,1.39563762665,-0.496255763593
35,35,-0.198186063635,2.47631352518
36,36,-0.776879603989,-2.93181939697
37,37,0.0695714983303,-2.47334788713
38,38,0.325230390936,-2.8311506011
39,39,-1.13587528312,-1.54892406756
40,40,1.96774548533,-1.58407772366
41,41,0.269354344002,2.95297020297
42,42,-0.278873035262,-2.27929574189
43,43,2.60863828594,0.352826102344
44,44,3.12410088262,-0.264566098695
45,45,3.40617997072,-0.180577823
46,46,2.47352540361,0.124773246625
47,47,2.41013726286,-0.338601556246
48,48,2.90241777948,0.295747254613
49,49,2.4999171081,2.1498506994
50,50,0.0157132415963,-2.7401134069
51,51,0.0961577131905,-2.55741347146
52,52,-0.473788198713,3.09392149194
53,53,-0.251900043078,-2.84916606721
54,54,-0.0058385154788,-2.9709484152
55,55,0.31287078434,-2.61760663929
56,56,0.882849890941,-2.58369683518
57,57,-0.910856832205,2.05765688622
58,58,0.0945892615733,3.36991732013
59,59,-0.0944153318263,-2.02967106497
60,60,0.813551223439,-2.43215323904
61,61,2.19125876512,0.0216697689363
62,62,2.11880016647,0.155603441213
63,63,3.19399792443,0.0637448372932
64,64,2.44109375785,-0.177338127798
65,65,2.50344901179,-0.446710302192
66,66,0.0408149876313,-2.736596644
67,67,0.742474817345,-2.26710024965
68,68,1.11685176772,-2.27487850743
69,69,-0.525476036851,-1.81632395613
70,70,-1.19735975404,1.68111210121
71,71,-0.990215975528,2.33824304298
72,72,-0.659078607646,2.21206869413
73,73,-1.0257762644,2.53592006669
74,74,-0.770606659104,2.15912001925
75,75,-0.809634419078,2.2222412475
76,76,-0.462176852043,2.02321113195
77,77,-0.580558667996,1.42347995201
78,78,0.0977922768472,2.68003270647
79,79,1.02867628433,-2.3779557299
80,80,-0.78419820973,-2.19566896521
81,81,-0.429555020986,-3.04379428088
82,82,0.269943566882,-3.33379786617
83,83,0.128804448893,2.38833419531
84,84,-0.404370678499,-1.89009880347
85,85,2.84076524193,0.515352112458
86,86,2.55801742993,-0.801661639588
87,87,0.18258137631,-3.37597576534
88,88,-0.314917082753,-2.80274966152
89,89,-0.51976164283,-0.848434906768
90,90,0.237687049864,-0.554767202103
91,91,-0.220317337666,-2.07891514938
92,92,-0.787202387266,1.94766389421
93,93,-0.854922014437,-1.96742327634
94,94,0.434580105666,3.04665917801
95,95,2.18343516993,-0.35314376399
96,96,-1.23424920003,2.24560246959
97,97,-0.690718153388,2.07694863807
98,98,-0.324350159286,0.325249903186
99,99,-0.129645371774,1.96209893926
100,100,-0.202928984413,2.04869502465
101,101,-0.921462415685,0.44859465061
102,102,-0.29917682777,-1.64423727025
103,103,-0.732891645132,1.57836652021
104,104,-0.440928143868,-0.913956587455
105,105,-1.2574702892,-0.0114771466196
106,106,0.667190909153,0.940046249963
107,107,0.332956340972,-1.3482466647
108,108,-0.607206546776,0.598829362352
109,109,-0.361603174245,0.567664185079
110,110,1.52810074806,1.65314782833
111,111,0.0789406542847,-1.96510511824
112,112,-0.303280617926,-1.27761728553
113,113,-0.0641294712928,-1.73440990522
114,114,0.377975797585,3.19291672777
115,115,0.249922631778,-1.38912157591
116,116,2.75617730247,0.0076504040714
117,117,2.53957481479,-0.292803994352
118,118,0.404324521851,-2.10496918303
119,119,2.01486891742,-0.428583374811
120,120,2.47142786831,-0.0474937577299
121,121,-0.607327837346,2.45968066602
122,122,1.10558072773,-1.30821606224
123,123,2.58847575544,-0.0372276501716
124,124,0.811518505458,1.86390462837
125,125,0.437272552049,-2.96996621703
126,126,0.500691609258,-2.70356876006
127,127,-0.804165937846,0.677442788529
128,128,0.195158858013,-2.21525566152
129,129,-0.201392311001,-1.27301802251
130,130,-1.12854506751,-1.59775106902
131,131,0.834980876742,0.758192621504
132,132,-0.142134784899,-1.48663104636
133,133,0.151117622094,1.48342710329
134,134,0.665370497148,-2.56084691628
135,135,1.5783459397,2.21115610968
136,136,-1.979608004,1.37297767506
137,137,-0.618751569021,0.650588885829
138,138,-1.50287592815,0.808681768347
139,139,-0.0300447697779,2.13151427025
140,140,-0.554020984055,0.110817418291
141,141,-0.619199422103,0.506674370675
142,142,0.397211489348,-1.9828052742
143,143,-0.586498744875,1.98631024958
144,144,-1.73334471949,2.2441876162
145,145,-0.802889767475,1.25077164245
146,146,2.24153600299,0.914536271977
147,147,-0.187265729468,1.28965769314
148,148,2.84698828645,0.512298839049
149,149,3.00474475639,-0.0201512826271
150,150,-0.0211021593118,2.78336259769
151,151,0.756226490489,-0.688027751884
152,152,2.62636806094,0.0347576538166
153,153,2.60475914113,-0.0391643202004
154,154,3.10073188383,0.43238916514
155,155,0.19482407539,-2.85470896682
156,156,0.563259884442,-2.27039286218
157,157,3.49390159189,0.161334797246
158,158,0.1621656688,-2.17480937186
159,159,2.16175391027,0.868915520731
160,160,0.350848580899,-2.54236724947
161,161,0.502087520265,-1.79850098097
162,162,-0.374332335313,2.47402638228
163,163,0.460718038332,-0.471494656677
164,164,-1.2210953614,-1.06906460655
165,165,-0.280892469312,1.80341541889
166,166,0.181305390626,-3.12608088169
167,167,-0.741210330689,1.37508957486
168,168,1.23419012356,1.54390270839
169,169,-0.128920405054,-0.048258908795
170,170,-0.99352923169,-0.695224066453
171,171,-1.43928077145,-1.16907292434
172,172,-1.04143014765,1.10766665954
173,173,-1.2484830632,-0.673793165771
174,174,-1.25825500356,-2.34633105376
175,175,0.240372194691,1.40278976453
176,176,0.153484595165,0.78385818255
177,177,0.233016748843,-2.4263151218
178,178,0.0721447406351,1.17580588328
179,179,-0.584606830099,-1.40765017745
180,180,-1.31372872055,-1.91140362417
181,181,0.835500243941,-0.26295301375
182,182,-0.367365983352,-1.19885159304
183,183,0.051382854595,0.973960210847
184,184,-0.0399200732461,0.358973102096
185,185,-0.157607486336,0.318664989201
186,186,0.58850486156,-0.461889184215
187,187,0.133061811615,-0.471241351294
188,188,0.0363132167202,-0.821983411081
189,189,-0.0723055262437,-0.172576740715
190,190,0.152935936511,0.380330019148
191,191,-1.46141368288,-2.21913687373
192,192,-0.288392876127,-2.48281677616
193,193,0.210883225304,2.83057452195
194,194,-0.295772740216,-0.665441942678
195,195,2.24253919025,0.0944162932535
196,196,2.66354490528,0.176995008298
197,197,-0.136107337763,-2.97373554181
198,198,-0.879685680062,1.28916190166
199,199,0.431506981104,-2.38931752347
200,200,0.314836695676,1.53936156541
201,201,-0.460738880612,2.48414555141
202,202,1.1500138544,-2.02158314806
203,203,2.61300007906,-0.0316320054269
204,204,-0.501205780711,2.43470735414
205,205,0.204819164979,-2.39498118678
206,206,0.319031610133,-1.30396313731
207,207,0.438666797407,-1.93044320326
208,208,-0.277947201751,1.98991580559
209,209,0.0763778774321,-2.65530683438
210,210,0.61090461902,-0.647475083149
211,211,-0.554872412634,-2.44710973348
212,212,0.452482468328,1.70930587339
213,213,-0.716426241773,2.02308094077
214,214,-0.210076179928,2.86893033298
215,215,0.525298056719,-2.10594576288
216,216,2.2047245632,-0.953737683936
217,217,2.23968968318,-1.49909564332
218,218,2.663951185,-0.36197670343
219,219,0.175533758523,-2.50134528331
220,220,0.478187331994,-1.9746157761
221,221,2.1479551385,0.929800744927
222,222,-0.164670612907,2.32860060823
223,223,-0.198473747884,1.88755707145
224,224,-1.08411661359,1.58367263311
225,225,-0.412998832346,0.200280786765
226,226,-2.01285634013,-2.31545529451
227,227,-0.856826811564,1.83755631545
228,228,-1.29397826253,-1.80078115754
229,229,0.205506261237,1.91834753928
230,230,-1.61307447338,-1.43892960221
231,231,1.60039133635,0.734249685143
232,232,-0.0167375560896,1.59065302408
233,233,-0.606013242879,1.75778987441
234,234,-0.809039097403,1.82089073632
235,235,-0.924624543887,1.67831088081
236,236,-0.534841495855,1.41167194549
237,237,-1.13031626599,0.661560828858
238,238,-1.36508948519,1.77109078313
239,239,-1.12946391181,1.46907856168
240,240,-0.68743258049,1.26602367924
241,241,-1.31474751708,1.98495911597
242,242,0.580006723412,-2.44819945327
243,243,-1.2875758995,-1.95950014241
244,244,-0.398065844962,1.97607016264
245,245,-0.0939279325552,0.840150487362
246,246,-1.0645473085,-0.675809711273
247,247,-0.359996283128,1.07476837364
248,248,-0.754900950328,0.271357907536
249,249,-0.490427641438,0.3411365149
250,250,-1.28827519414,0.984667462461
251,251,0.123988823413,1.15466911372
252,252,-1.58237582075,-1.24808521939
253,253,0.0667620651157,-2.28889323963
254,254,0.0865195075828,-2.07714070697
255,255,-0.751569858625,1.64195957808
256,256,-0.284635952012,0.742984882244
257,257,-0.957451597241,-1.32660963728
258,258,-0.430807848353,2.24907518542
259,259,0.042216175913,-1.81686176419
260,260,-0.095141482311,-2.72835245674
261,261,-0.386016844617,-3.52694797407
262,262,-0.379110716191,2.16530182515
263,263,-0.163898864386,-2.66455185292
264,264,0.264371930788,-2.72841357816
265,265,-0.228449014898,3.03620144828
266,266,-0.348395974129,-1.87965598151
267,267,2.78736378974,-0.298407346478
268,268,3.2713432922,0.116391170058
269,269,3.56464169923,-0.0277968275986
270,270,0.228169849908,-3.43094759193
271,271,0.553192933491,-2.72800731315
272,272,-0.935801727317,0.247618006382
273,273,-0.50424783825,2.99346073405
274,274,1.35969483682,-2.15960811664
275,275,-0.273751651834,2.12023265297
276,276,0.882574046048,-1.92696253746
277,277,0.241585295999,-2.3722586416
278,278,0.520570220456,-2.50572904929
279,279,1.11006197168,1.56482202471
280,280,0.882293470553,-2.51965831941
281,281,0.104450661057,-1.91285974989
282,282,0.25579034392,2.86069607338
283,283,-0.506932967138,-3.22413262345
284,284,-0.512955233972,2.20214372214
285,285,-0.0207708224655,2.55685715087
286,286,-0.00926073911796,2.57643249104
287,287,-1.18892066068,-3.09844960846
288,288,2.51137864941,-0.0218104201263
289,289,3.35496220621,0.272821069627
290,290,0.43013515908,-2.90463290042
291,291,-0.24811734794,-2.80692864949
292,292,-1.61755396372,0.833008511127
293,293,1.06910878618,-2.23621494736
294,294,-0.624593599863,1.64871269034
295,295,-0.993928628889,1.39254688871
296,296,-1.57188139123,0.905043950399
297,297,-1.43105318793,-1.10672003251
298,298,-0.489336999115,1.30085268277
299,299,-0.593868337057,1.83378873023
300,300,-0.159687061652,-0.319264361331
301,301,0.457450783518,0.136442161728
302,302,-0.248195102819,0.509384960271
303,303,0.198995733361,0.240640823455
304,304,1.33078332136,-0.731815690312
305,305,1.01537241128,0.396760355557
306,306,-0.534042442822,0.56090146474
307,307,0.76414028903,-1.92218040381
308,308,0.829846383611,-0.248164573526
309,309,0.60452522337,-2.26122720802
310,310,0.972617004119,0.599674166674
311,311,-1.47011149777,1.33342221199
312,312,-1.44602177259,1.89681770814
313,313,-0.278493896487,-0.39538464264
314,314,0.22873428011,-2.88354042103
315,315,0.55821165764,-2.77609246479
316,316,2.86414163427,-0.16353285548
317,317,0.784178204417,-2.92712456535
318,318,-0.243933522701,0.210385726702
319,319,0.653442496703,-1.90734697522
320,320,-0.00139600418815,0.991223219237
321,321,-0.789205071909,-0.899257499629
322,322,0.956616675037,-2.34217852881
323,323,0.290453255585,0.285688894189
324,324,1.00515236231,1.20825416594
325,325,-0.373548102195,1.70366830033
326,326,-0.286716472511,1.50486519762
327,327,0.154196069722,-3.10600861913
328,328,-0.251623062531,0.984937356439
329,329,2.76015917041,-0.724368605932
330,330,-0.0967861461051,0.217771216562
331,331,-0.306307317006,2.19448557926
332,332,1.0196927081,-0.912070324471
333,333,-0.788775618979,2.58382712032
334,334,-0.568851378448,1.94169601371
335,335,0.362453270072,3.7289581732
336,336,0.903440529706,-1.63076051917
337,337,1.72855850322,1.42919416971
338,338,-0.00581199141408,-2.44973504825
339,339,0.395179490484,0.671066480249
340,340,-0.111911371924,-0.454500832223
341,341,-0.456607271029,-0.959649268895
342,342,-0.63852761154,1.1174801079
343,343,-1.0391883672,0.891342089685
344,344,-0.953537594088,1.07957832713
345,345,1.62303411266,-0.36671577685
346,346,1.6915602441,-0.300751736931
347,347,-0.350892655353,2.40049034113
348,348,-0.626767008495,2.75974807342
349,349,-0.00735680551592,-2.18808866235
350,350,0.692713211245,-1.83936402982
351,351,-0.0653745815115,2.8568314583
352,352,0.607345728993,-2.54368618611
353,353,0.199025289465,-2.68369163452
354,354,-0.0779288323767,-2.53085844138
355,355,2.29013228119,-0.0149927901383
356,356,0.439833732027,-2.26578812471
357,357,1.00716897626,-2.70454079539
358,358,0.0629091081288,-2.74618713132
359,359,1.47928534019,-2.11336990434
360,360,0.560365320144,-1.33423370256
361,361,-0.373054818251,2.22480751942
362,362,-0.542846148097,2.07634200342
363,363,-0.0937576649788,2.63274700608
364,364,-0.140030652491,2.84201949602
365,365,-0.291040677994,2.96181574765
366,366,0.412852318485,-2.17513590706
367,367,-0.441252756296,2.62714655784
368,368,0.0559052141317,-2.52410560881
369,369,2.70373437009,1.50778779835
370,370,2.87628469547,-0.497209116532
371,371,2.24953195764,0.169770043138
372,372,2.22652064269,0.509108115913
373,373,2.36902837696,0.448830588918
374,374,2.39181934447,0.11100340154
375,375,2.66586824347,-0.203042982345
376,376,2.67416310516,0.335732041232
377,377,2.2787418619,0.396979267645
378,378,0.0246682761307,-2.80630429147
379,379,-0.0884751578387,-2.47665529798
380,380,-0.142669968911,-2.96672357663
381,381,2.83027136631,0.108881322365
382,382,3.18813524204,0.645660910861
383,383,2.30730634567,0.994219337053
384,384,0.163991577902,-2.82318624539
385,385,0.483557105607,-2.60116429134
386,386,1.91354054475,0.596670722658
387,387,-0.706074760043,2.38829232936
388,388,-0.566034195316,2.16892545736
389,389,-0.500917667331,2.60602723857
390,390,-0.490829019865,2.90766374765
391,391,3.28166463525,-0.173147550115
392,392,0.0299233829089,2.64360726682
393,393,0.35750514206,-1.93458545318
394,394,0.104063917065,-2.81378587411
395,395,0.454374185184,-2.73440617797
396,396,-0.30773596984,-2.44883074741
397,397,0.0544892463799,2.50136079395
398,398,-0.75020590561,-2.41560675441
399,399,0.314287320129,3.10610632639
400,400,0.567412198212,-2.92265645557
401,401,-0.24760938817,-2.08328389531
402,402,0.545295619419,-1.80594697293
403,403,0.825264848843,-2.10134028746
404,404,0.132871585888,2.47048749067
405,405,1.13044412977,-2.47512028074
406,406,1.07064986841,-0.89744696317
407,407,2.86487807982,-0.147402788622
408,408,3.02336303199,-0.171451737232
409,409,2.48016908282,-0.105220729959
410,410,-0.238402652421,1.95007563815
411,411,2.51082039171,0.273062140368
412,412,0.521325487484,2.51413138912
413,413,2.87701329143,0.0206421029611
414,414,2.4579768346,0.111326517894
415,415,-0.00546749797604,-2.34794241415
416,416,-0.0386546711789,-2.687870236
417,417,0.169894623744,-2.85469120378
418,418,2.37128005073,-0.15811745889
419,419,1.06203239386,-2.32438200895
420,420,-0.277146008914,-2.61647448647
421,421,2.58992800208,0.183245312256
422,422,0.366039498208,2.77724503323
423,423,1.67537485375,0.551976669458
424,424,-0.424716391612,-2.6125044539
425,425,-0.592094784429,-2.22799410608
426,426,2.37426129004,1.16898227668
427,427,0.107616502725,-1.6672844074
428,428,-0.300563676792,-2.0760111082
429,429,1.44624746747,-2.23037437448
430,430,1.12469054305,-1.76553793907
431,431,0.836772143231,-2.17567252851
432,432,-0.079509754654,-2.32287132337
433,433,0.361722747606,-2.38675077479
434,434,-0.134218205237,-3.24480220573
435,435,-0.0538397133307,-2.77305150919
436,436,1.13361265268,-2.2750754819
437,437,0.690801143606,-1.92531170576
438,438,0.187465416525,-3.16227932447
439,439,1.48200571076,-2.17561363994
440,440,-0.186611941726,-2.85403509839
441,441,1.11571383735,-2.20654336301
442,442,-0.105409194486,-2.60031638352
443,443,2.04497857143,0.300705483695
444,444,0.0736703949319,-2.69679264327
445,445,-0.244662590203,-2.74987369012
446,446,0.92104729739,-2.49070266751
447,447,0.216829212463,-3.06600127676
448,448,1.24076211398,-2.37819082959
449,449,3.77646466667,0.206853165807
450,450,3.36201695031,-0.117240095167
451,451,-0.0716049144553,-3.15079483488
452,452,0.830614638609,-2.26976138111
453,453,-0.246284373315,-2.55569937353
454,454,0.936867603174,-2.04771147428
455,455,-0.528249503123,-2.92453108754
456,456,0.011564897727,-2.51392607129
457,457,0.0847906663359,-2.87389963926
458,458,-0.326823272164,-2.42014353607
459,459,3.2613260863,-0.541606676136
460,460,-0.0683199291228,-2.66290375257
461,461,1.22871212221,-2.6715855406
462,462,2.94658299353,-0.095898936995
463,463,0.227218834709,-2.60941462066
464,464,-1.00536288145,-1.42812230478
465,465,0.804571892502,-1.88988705452
466,466,-0.158653600838,-3.18861398369
467,467,1.09562824898,-2.31657669844
468,468,0.309081529588,-2.41921839102
469,469,0.277446529014,-2.29871935767
470,470,-0.147646729204,-0.326706698453
471,471,0.447565604985,2.1845921102
472,472,-0.142441492659,-2.93903200809
473,473,1.16880132428,-2.0751189585
474,474,-0.691568838896,1.57704667774
475,475,1.77590176412,2.10374855256
476,476,1.9578797967,2.12826046304
477,477,2.6950555448,0.0230041802063
478,478,3.72027943336,-0.224772951376
479,479,-0.0176281864513,-2.44063709342
480,480,1.3600752893,-1.71514148066
481,481,-0.539014421887,2.06143124757
482,482,-0.232246604675,-1.90777020287
483,483,-0.80571979605,1.02592488299
484,484,0.209377914574,0.0872799740117
485,485,1.55725484961,0.385235356127
486,486,2.32183343337,0.133155658725
487,487,2.61230004182,0.10081707054
488,488,2.35571860252,0.10005164966
489,489,-0.062902189604,-3.18058165304
490,490,0.46905559302,-2.83230743216
491,491,-0.792478948112,2.15960436076
492,492,-0.00700268828338,3.1724386287
493,493,1.28335403252,-2.22648505857
494,494,0.311679187876,2.48987919278
495,495,1.10880685318,-1.39214751249
496,496,2.7801535406,-1.3705248337
497,497,-0.081070577809,-2.45228120674
498,498,2.70334490026,0.227725357981
499,499,2.31496584887,-0.0857819272008
500,500,-0.210150457633,-3.2425871807
501,501,-0.325333296919,-3.44469897543
502,502,0.307491746474,2.35196148078
503,503,-0.370646987306,2.51124806219
504,504,-0.474037502718,3.02883068308
505,505,0.531044717752,3.11242827319
506,506,-0.245252949336,-1.89447010006
507,507,3.05628807005,0.991538055475
508,508,-0.044353910797,2.84376895725
509,509,-0.187694205322,-3.08736419406
510,510,2.66797152358,2.14436459278
511,511,0.606084740823,-3.61261903556
512,512,-0.0561281326409,-2.44487469802
513,513,0.45611789707,-3.17884276768
514,514,-0.347964812739,2.32097145472
515,515,0.909927803002,-1.5901204886
516,516,2.3197974619,-0.298179179064
517,517,2.80333072879,-0.511016028473
518,518,-0.353822046334,-3.04382118891
519,519,0.430760387214,-2.59146939059
520,520,0.0158220228678,-3.19234991881
521,521,0.0271052062189,-2.71796534976
522,522,0.203057374296,-2.29665893135
523,523,0.198844652454,2.61950658153
524,524,-0.328576459456,2.97721559064
525,525,-0.136449463211,2.11725233276
526,526,0.183582257565,2.36696236591
527,527,-0.0113044536017,2.35227326283
528,528,-0.385715212271,2.60529306744
529,529,-0.4441628563,-2.64877837308
530,530,-0.190178684283,-1.55515954749
531,531,0.37842840224,-2.48089764414
532,532,-0.483956421184,2.32860944406
533,533,-1.27807769801,1.6267759589
534,534,-0.656752041559,2.29966351274
535,535,0.544980867158,-2.10985746159
536,536,-0.362049508561,2.28166260107
537,537,-0.645564706573,2.36560080381
538,538,-0.317942346318,2.1045152282
539,539,-0.963160398467,2.33952488457
540,540,-0.847229637651,2.41532241883
541,541,-0.440188579813,3.05395780316
542,542,-0.65369946767,2.8575706817
543,543,0.997265960286,-1.91378849045
544,544,2.12242783978,0.353649510309
545,545,2.58213338254,0.138753611874
546,546,3.01724074802,0.181661450631
547,547,2.87918980916,0.297032432195
548,548,2.63452877539,0.4587239983
549,549,-0.11548209995,-2.57085671915
550,550,0.860388766678,-2.35224388455
551,551,0.580286980341,-1.03384427782
552,552,-0.459609482114,2.33270841232
553,553,-0.0586493260312,1.81145140309
554,554,1.11259786601,-1.98405836819
555,555,1.40127546696,-0.861105265481
556,556,0.0594975901436,1.06984331237
557,557,-0.624848740229,0.251879489694
558,558,-0.744115538631,0.954561609848
559,559,0.384052149905,0.696654787849
560,560,-0.676880367964,1.39433649664
561,561,0.827662505568,-0.322105580997
562,562,2.05319533459,0.683652145984
563,563,3.04564573638,0.198835746423
564,564,2.89318513335,-0.465369562547
565,565,1.66816488954,-1.73406781103
566,566,3.21801625624,0.329855458481
567,567,2.72470163137,-0.336713136754
568,568,2.58530614758,0.0663295552598
569,569,2.73753012166,0.161215830754
570,570,0.0870795255704,-2.57295810211
571,571,-0.17298496901,-3.2854058
572,572,0.157100777978,-2.98086056003
573,573,0.820073916715,0.173356779057
574,574,0.939028304133,-0.305809644247
575,575,0.176496828833,-2.21534766515
576,576,0.376925407051,2.81755814961
577,577,0.480597208743,-1.85730104315
578,578,2.6321540978,1.92054592845
579,579,-0.256902190423,-2.84507990514
580,580,0.0646410301588,-2.88364637307
581,581,0.0167008905,2.84316110405
582,582,-0.259304927856,2.21252238385
583,583,-0.296123847053,-1.95936901369
584,584,3.01976521525,-0.0825103467076
585,585,2.21313417934,0.0915051578377
586,586,0.0926103076219,-3.25013153892
587,587,2.76451250817,0.0389353624347
588,588,0.390287686637,-2.85690994819
589,589,0.733193054485,-1.08817519901
590,590,-1.82168341101,2.61070206083
591,591,-1.83861870525,1.72205924121
592,592,-1.62142591391,1.26118566191
593,593,-2.10684169422,-1.99479063329
594,594,-1.12159940178,2.18101123146
595,595,-0.701253506484,-2.36501876237
596,596,0.723858859479,-0.439411312077
597,597,2.37035410791,-0.217306671857
598,598,1.85093601042,1.81067150644
599,599,0.278060855234,-2.14379457337
600,600,-0.347543714057,3.04925920301
601,601,-0.131701643536,2.91968565303
602,602,1.97566809523,-0.418228177937
603,603,0.377520290935,-3.00835133038
604,604,0.0296548286139,-3.11861276985
605,605,0.886285031775,0.499556620641
606,606,0.106194799456,2.44031969442
607,607,1.24703952822,-1.6852244743
608,608,-0.632002288951,1.48003305955
609,609,1.03790018694,-1.78603745817
610,610,-1.02794179765,2.85052770289
611,611,2.06957044782,-1.76762374966
612,612,2.02272894655,0.270834978296
613,613,0.68869931212,0.482010168848
614,614,0.949981411605,1.2911866633
615,615,0.909155599774,0.313408953447
616,616,0.367187836295,0.69393081388
617,617,0.827915542757,0.786402345867
618,618,0.516072778696,0.396090377097
619,619,1.4640323785,-2.10731145205
620,620,1.06656639116,1.23340795212
621,621,2.57962023836,0.600919224746
622,622,0.790231289506,-1.93833223229
623,623,1.64698113731,0.434294948509
624,624,0.638983601138,1.78480971359
625,625,-0.00467349487656,-1.13819461874
626,626,-0.500182014687,-0.691423583002
627,627,0.411360272396,1.12439117324
628,628,1.59278805536,0.797715653474
629,629,1.83037862052,0.411322387253
630,630,-1.29139332414,-1.45925686052
631,631,-0.450104642106,-2.60078149456
632,632,-1.29299757392,1.24241663444
633,633,-0.655503964107,-1.23625064885
634,634,3.20641676165,-0.129029882353
635,635,-0.0931258152337,-0.331906000379
636,636,-1.19159892005,0.743158329239
637,637,-0.225209653649,0.5306416146
638,638,2.826072356,0.492507246821
639,639,0.601507634746,0.107044022775
640,640,-0.367980992998,-1.59661415404
641,641,0.861801543201,0.359664200303
642,642,1.3564409515,0.958301775556
643,643,-0.459824980069,-1.11393984869
644,644,-0.425551230451,2.33902406016
645,645,0.0205500105224,1.34266829629
646,646,0.624474772801,0.65591991759
647,647,2.13597696715,1.30497616396
648,648,2.12984224466,1.55001515868
649,649,0.858156329295,1.79920616299
650,650,2.61629514939,1.05943590344
651,651,-0.239574549975,-1.42789573181
652,652,-1.11844312575,-1.77109365182
653,653,2.48268561282,0.137796063881
654,654,1.8787565993,2.52664457921
655,655,0.957138729817,0.698450226082
656,656,-0.880270134052,-1.82249115283
657,657,1.84084309288,0.438230428677
658,658,0.244843071858,1.46626720173
659,659,3.29430058697,0.761416094147
660,660,1.97105662735,1.96119939987
661,661,1.542836238,2.0280791449
662,662,1.96387979504,2.56619121151
663,663,1.24408586664,1.82204689103
664,664,1.73739745105,1.93560612997
665,665,1.89818969892,1.73688930624
666,666,1.71325676209,2.16510624755
667,667,0.930159490691,-2.71916984374
668,668,-0.390396306396,1.47478919044
669,669,1.06723146352,1.31885796993
670,670,-0.291118489768,-1.40666924775
671,671,1.12969299567,1.01363298749
672,672,2.27439394507,-0.349143566052
673,673,-1.08228334058,2.01371855142
674,674,-1.685467258,1.97738248593
675,675,1.50861999434,-0.766907104774
676,676,0.584392526356,1.96324023733
677,677,1.80949400631,1.32063765145
678,678,2.22194585554,1.43511200789
679,679,0.0653496702316,2.35813298056
680,680,1.66943106923,0.636115450543
681,681,2.2309529786,0.613555131861
682,682,2.80010575805,-0.237797107095
683,683,1.68918903335,1.19742642369
684,684,1.53171295314,1.70012051927
685,685,0.382227260515,2.87398250922
686,686,0.396135720814,2.23438375093
687,687,0.0702927133502,2.07386422263
688,688,0.39851751526,2.23027470818
689,689,-0.0790886100502,2.39404176456
690,690,-0.113584595844,2.0200567667
691,691,2.26557961513,1.57904303365
692,692,2.1954068042,1.9593616241
693,693,-1.04237009058,-2.76575852721
694,694,1.17264232275,2.01977937233
695,695,-0.489910079543,-1.73088597696
696,696,1.01301886914,2.04843894006
697,697,1.22567123058,2.01306176938
698,698,2.22843429121,0.639382874332
699,699,2.4188755348,0.347220614814
700,700,0.406681854767,-1.39238816057
701,701,-0.250509775382,1.03077561924
702,702,-0.547069596489,2.20514136958
703,703,-0.559902300547,2.19794362227
704,704,-0.260860488885,-1.27813542318
705,705,-0.0884798645892,1.66977067681
706,706,1.12026291226,1.730558063
707,707,-0.0280866594732,-2.07891436924
708,708,1.53241786569,2.27315892933
709,709,1.02738643284,1.13482416172
710,710,0.235394673777,-2.64911908063
711,711,0.977436500447,0.377762637631
712,712,-0.128144012168,-0.524645539237
713,713,-1.20240897931,-1.56200406764
714,714,0.735277036225,-2.54810527445
715,715,-0.98681729895,2.00943132134
716,716,0.521382624782,2.69343029432
717,717,-0.161355345518,-1.92760074662
718,718,0.92294094363,1.24061164052
719,719,0.19790548883,-1.35079141841
720,720,1.24187912567,1.7816128767
721,721,0.105392709377,-1.29447247706
722,722,-0.394792520451,-1.12547864066
723,723,1.19113178566,1.03380154563
724,724,0.547180079462,1.07672357362
725,725,0.821740801052,0.952106690516
726,726,-0.1165626831,-2.60680712156
727,727,-0.210278223492,-0.835315266178
728,728,2.10372790523,-1.32549508109
729,729,1.94786455299,0.433997379505
730,730,-0.512953107619,-2.45552189108
731,731,-0.0309244344147,-3.14965492862
732,732,-0.0914023483934,-1.81314281302
733,733,2.25148526542,0.134495269004
734,734,-0.347126989338,-2.8882790061
735,735,1.05154011437,2.84311242471
736,736,0.0405325048481,-1.39946326458
737,737,-1.1236308869,2.12844009573
738,738,1.93015049408,-1.79760719814
739,739,-2.13343259096,2.65356748916
740,740,1.18725807279,-2.37809528716
741,741,0.182720804904,2.51618637689
742,742,-0.965223066088,1.24487013647
743,743,1.18221543498,-1.28776372526
744,744,0.854659432195,0.543293240589
745,745,-0.985400925334,-2.16281406659
746,746,0.491112278861,-2.3037577857
747,747,0.679071843607,-0.531431449098
748,748,1.99817681183,-1.26871307631
749,749,-0.12698814711,-1.98787617174
750,750,-0.464319768994,-2.75702709202
751,751,-1.33966272515,-0.94829900699
752,752,0.373569587882,2.06469936065
753,753,2.80780029716,0.0942575890346
754,754,-0.240072765632,-2.77647452013
755,755,0.319799599533,-2.22946552444
756,756,-0.115663366409,-2.15166219761
757,757,0.688823340963,-2.35682248213
758,758,-0.825986690758,-2.59189251893
759,759,-0.0787119907925,-2.0846213204
760,760,-0.947606402258,-2.65382607081
761,761,-0.496891850042,-1.83444347781
762,762,-0.193609525462,-2.08829421905
763,763,0.178607034687,2.53956044461
764,764,1.30041323005,0.165777548557
765,765,0.729432263705,-2.42566991543
766,766,-0.906335140555,-1.08932347138
767,767,-0.670810753783,-3.15165147197
768,768,0.143081252384,-2.09248256042
769,769,-1.56078907089,-1.42899018762
770,770,-0.400757591846,-1.27288251432
771,771,0.555333802948,-2.08951449445
772,772,-0.723458947432,-3.12038005434
773,773,1.09107351346,-1.35085513896
774,774,1.81405346492,1.33642512237
775,775,0.877164202054,-2.43875993828
776,776,1.10164989742,-2.27346566276
777,777,-0.188074383236,1.89515093301
778,778,0.578362333788,0.896713415228
779,779,-0.126111100219,1.10078617621
780,780,0.596787770319,-1.84013888503
781,781,0.783544505821,2.47283892225
782,782,-0.0691188839209,-2.41621531823
783,783,0.154948901732,-2.88663438764
784,784,0.508507093468,-2.21468610517
785,785,-0.235627746642,2.25743630322
786,786,-0.0728683607841,2.40569781921
787,787,-0.715516376224,2.73143664702
788,788,-0.300953741253,2.6268629065
789,789,0.368478726843,-2.21559556865
790,790,-0.329523701672,-2.79785794269
791,791,-0.747402653761,2.89064337694
792,792,-0.104556532342,-2.48822384492
793,793,1.61248094237,-1.73075458058
794,794,-0.0161928633245,1.99088190939
795,795,0.142208856719,2.20957331886
796,796,-0.110159969458,2.54117666705
797,797,0.65290405805,-2.51871045331
798,798,2.21496397336,0.785546305897
799,799,2.80607705762,0.0531841831718
800,800,2.70304968951,-0.189356963592
801,801,1.86442540601,0.0249155018783
802,802,0.253966061674,-2.66239771419
803,803,0.337602320665,-2.67510754577
804,804,2.53667796109,0.118763301586
805,805,0.111768413167,2.87289324443
806,806,0.14963114002,2.27615451483
807,807,-0.445999890226,3.06848137767
808,808,0.514799650015,2.65335969682
809,809,0.285085946172,-2.6295707819
810,810,0.236276728867,-3.40732974503
811,811,0.250986798408,-2.83272237252
812,812,-0.116842729316,2.40908193699
813,813,0.543253292498,3.36300877974
814,814,0.680808211298,-2.09541326868
815,815,2.32806418101,0.388422789687
816,816,-0.54360595102,2.49288279908
817,817,-0.194259394866,2.87404509981
818,818,1.08871262677,-3.0152537619
819,819,-0.165716490102,-2.81144534597
820,820,0.160335829714,3.03705714651
821,821,0.220363665277,-2.27146764247
822,822,3.15063562614,0.0212112436212
823,823,3.10591645575,-0.209065000292
824,824,-0.107744738185,2.74850147413
825,825,0.0239195203799,2.07492835151
826,826,2.67678185747,0.0648182726519
827,827,0.364419496545,3.2703633937
828,828,0.0989960436257,-2.29039686088
829,829,0.122289595369,-2.59646669638
830,830,0.164753682252,-2.50420683227
831,831,2.77952907948,-0.0919561420223
832,832,0.39463333255,2.55731950868
833,833,0.0889511923736,2.60039877001
834,834,-0.262272529225,-1.90519191865
835,835,1.88384947451,0.238267585444
836,836,1.57933534973,0.544678463324
837,837,2.33473127238,-0.0603477402162
838,838,1.94805015664,0.14234114003
839,839,0.523674186312,-2.4830360052
840,840,0.56056858082,-2.76897170874
841,841,-0.503654050487,2.999211975
842,842,1.40308856246,-2.83686674213
843,843,0.254650338404,-2.58306720651
844,844,-0.13189234363,-2.52339475369
845,845,0.00998997555657,2.00523209066
846,846,0.451996401464,2.54688071721
847,847,0.0931769467571,2.43274857275
848,848,-0.215969063573,2.15204954612
849,849,0.21673977943,2.66647290935
850,850,0.13423319104,-2.4532777235
851,851,-0.0722093252681,2.9833567954
852,852,0.802123395177,-2.10326669605
853,853,-0.0101531499221,2.89871595308
854,854,0.504643713844,-2.7406149413
855,855,0.227640080275,-2.57503085756
856,856,3.05980769046,-0.31079588259
857,857,0.120983213139,-3.10512331697
858,858,-2.49982239435,-0.187785614567
859,859,-1.78027298968,1.73239159764
860,860,-1.99647216677,1.57076061052
861,861,0.476340590771,-0.878644887903
862,862,-2.2574781549,-2.34699567359
863,863,-1.68477709561,2.4554337151
864,864,-0.667129541189,-2.26140070122
865,865,2.00982327272,0.346702207082
866,866,2.76930493589,-0.198647874104
867,867,2.8177336209,0.38420941054
868,868,0.277996059509,-2.58326800148
869,869,0.90840493964,-2.01329065255
870,870,0.503982222363,-0.87889494975
871,871,1.96726805433,0.484623139418
872,872,-0.224164041755,-2.84766283634
873,873,-0.611551247032,1.84894039331
874,874,-0.0422791018126,1.30477463406
875,875,2.69709210387,0.502154768451
876,876,-0.0457241013187,-0.4233978498
877,877,-0.0174312926226,-1.11515915623
878,878,-0.934979501648,-3.09325591487
879,879,-0.113759357095,-1.18053170985
880,880,-0.66580477377,1.3375314625
881,881,0.352222876812,3.0398118339
882,882,1.91369958543,0.0850163254907
883,883,2.77737895958,0.293832410231
884,884,2.60756492474,-0.410474859837
885,885,-0.696250538191,-3.22228072666
886,886,0.0855467928624,-2.98581971276
887,887,-0.377131077836,-3.48358471516
888,888,3.02148934999,0.161435494694
889,889,0.29745542273,-2.28808005674
890,890,0.313582964038,-2.65584469784
891,891,2.02001594265,0.909600272024
892,892,0.00384894876124,2.3716077389
893,893,0.590967552836,-2.77244284443
894,894,1.45548566909,-2.42126592192
895,895,0.790203687039,-2.17551463685
896,896,-0.510754139878,-2.99271589497
897,897,0.0951916196681,-2.83168632255
898,898,1.5811306226,1.36240728518
899,899,0.735404874211,-3.01003601814
900,900,1.27279920589,0.744431147609
901,901,0.260084659007,2.75594803021
902,902,1.00326624658,-1.21177504056
903,903,-0.131552880239,1.79544182615
904,904,-0.409134428548,1.64881384173
905,905,1.52838033638,0.549405945428
906,906,1.85170003168,0.639311896753
907,907,2.26189950534,1.26489681214
908,908,1.33043011446,-0.394737560673
909,909,2.26425577909,0.526015007708
910,910,3.15813056048,0.0484732315979
911,911,0.10317003204,2.56482509474
912,912,2.15668775939,0.135952621101
913,913,2.59342834257,-0.116686999118
914,914,1.95966999115,-0.688000382813
915,915,-0.0408823289821,1.60227711803
916,916,0.0441082503217,2.00322313563
917,917,0.0228035005322,-1.69584850955
918,918,0.118781168758,-2.08168876377
919,919,2.02622297978,-0.818386609964
920,920,1.18220726993,-2.05399405984
921,921,0.591952891645,-0.211013374155
922,922,0.408569709916,-2.65014856933
923,923,0.78496257768,-1.7861787204
924,924,-0.634915456823,1.88777344616
925,925,-0.0186506009633,1.52884889253
926,926,-1.12741213922,-1.75859788242
927,927,0.302960256477,-2.09670713437
928,928,-0.125266519168,1.09254481188
929,929,0.541053133873,1.64800391885
930,930,-0.077549307371,2.76658649075
931,931,2.82964604131,-0.138178066352
932,932,1.08867873545,-0.822712981955
933,933,2.55526134719,-0.174185191275
934,934,2.95618202868,-0.0669896337138
935,935,-2.105304527,-2.19571668312
936,936,0.763145261604,0.359006999471
937,937,1.22374167995,-0.554497403146
938,938,-0.245105949958,-1.72946353005
939,939,-1.63010379313,1.77251805384
940,940,-0.216654021944,1.45898489622
941,941,1.23513772113,1.65285592178
942,942,2.01064334257,0.771629710418
943,943,-1.03165668397,0.251980110419
944,944,-0.0813711887143,0.829789985141
945,945,0.125701283917,-1.70194036489
946,946,-2.17086100476,-2.19424820794
947,947,-0.367320222448,1.54616036311
948,948,-0.858625542569,-1.22018187039
949,949,-0.563818089725,-1.79322933896
950,950,0.531659836329,0.846419183077
951,951,0.24440039767,0.931685339022
952,952,-0.176430674011,-2.21274130873
953,953,-0.120457999946,-2.91109941695
954,954,0.457980217687,0.831189534946
955,955,-0.38404738998,-0.863174463348
956,956,0.407815500106,2.34558310225
957,957,0.431252911818,1.09438764558
958,958,0.571674899175,-2.21315291412
959,959,-0.125291937037,-2.05723059278
960,960,-0.489699120204,-2.48386415337
961,961,0.219170765864,-2.4751471398
962,962,0.24166048673,3.07337572183
963,963,1.00052420802,-0.56661853193
964,964,0.247506670721,-2.73192436968
965,965,0.0693884701485,2.90570897297
966,966,1.16651288528,-0.194299788039
967,967,2.95392161458,0.571315035786
968,968,-1.09125310838,-1.53632589014
969,969,-1.95648663647,-2.20941433896
970,970,-1.32352209187,-1.76669315333
971,971,0.0365091775825,1.4167335696
972,972,-0.858311175823,-0.480575071791
973,973,-1.95752073093,-2.09485220608
974,974,-1.42904073498,-1.74404169396
975,975,-1.45984904447,-1.50524817857
976,976,-0.836176320284,-1.81984157769
977,977,-0.570374927737,-2.06744712486
978,978,-1.23728254047,-2.03482068099
979,979,-0.538296522315,-2.1777396651
980,980,0.367935382492,-0.715513644222
981,981,3.02421416119,0.0658603502504
982,982,0.0121824766294,-2.41618177589
983,983,-1.3538244662,-1.92967752251
984,984,0.510525280474,2.74660996164
985,985,-0.225719612295,-1.46540985547
986,986,-0.722999236777,-1.6957599578
987,987,-0.93807698329,-1.73840403634
988,988,0.0875236032007,1.20426374733
989,989,-1.17616588236,-1.87096205472
990,990,-1.99384761686,-2.65465914788
991,991,0.00325755084193,2.96406679347
992,992,0.169836175925,-1.50313007955
993,993,-0.242445569121,-2.21869179344
994,994,0.282031495785,-2.78623538381
995,995,2.0722604915,0.458318953079
996,996,0.397946849078,-2.51736668289
997,997,-0.842657213964,-1.58319698358
998,998,-1.70087064138,-1.74004733402
999,999,0.0559340239404,0.269133595892
1000,1000,-0.706136589928,1.08064908408
1001,1001,-0.493116613488,0.875439615233
1002,1002,-0.980588660831,-0.969448774811
1003,1003,-1.52345775759,-0.896617356215
1004,1004,-0.0362936303505,2.09849982693
1005,1005,-0.319583727931,2.91267841052
1006,1006,1.48028803477,-1.86090460511
1007,1007,0.384231783303,-0.366912821827
1008,1008,-0.438506937626,2.23918739022
1009,1009,1.16965136132,-1.90361672675
1010,1010,2.27540346775,0.224853761332
1011,1011,2.96930808037,0.048721706393
1012,1012,2.59023290534,0.067124995622
1013,1013,0.765887564237,-1.7041372782
1014,1014,0.103407053738,2.12630861687
1015,1015,0.452427003633,-3.10491855266
1016,1016,-0.851560796845,-0.604561321963
1017,1017,-0.490812188859,1.82805499145
1018,1018,2.41640137476,0.0300367111543
1019,1019,-0.428837388963,1.56990946946
1020,1020,0.254525484812,-1.67986203481
1021,1021,0.771723885591,0.0928849677613
1022,1022,0.331149548237,-1.78721766217
1023,1023,-0.583785675012,1.69722329642
1024,1024,-0.195783419633,0.853587600369
1025,1025,-0.0796863290774,1.01674033062
1026,1026,0.62962223119,0.288124632709
1027,1027,-0.16553048176,-0.113110122251
1028,1028,-0.870233150715,0.198693846207
1029,1029,2.58485416137,0.0480132543858
1030,1030,-0.553574446016,1.01327614227
1031,1031,0.937063882674,2.33972780295
1032,1032,-0.287318099032,1.02096765681
1033,1033,-0.843054415893,-0.418925153351
1034,1034,-0.423482851782,-1.67995929164
1035,1035,0.553991275352,-0.755181705925
1036,1036,-0.488796401734,-0.751343703499
1037,1037,0.417015379222,2.94480911049
1038,1038,1.47403619692,-1.03435373848
1039,1039,2.69531604523,-0.920894296974
1040,1040,-0.0355308801801,-3.18569633881
1041,1041,2.36721198518,0.156706643483
1042,1042,0.160794851028,-3.26420128938
1043,1043,0.0380051172481,-2.8917811228
1044,1044,-0.822365358165,1.68103398456
1045,1045,-0.875262203427,2.06567540877
1046,1046,-0.686810050972,2.26905607451
1047,1047,-0.336435446384,1.81274787453
1048,1048,1.05176208217,-1.89071231541
1049,1049,0.125191050501,2.95680316533
1050,1050,2.25823415064,-2.58599138338
1051,1051,0.551322088112,-2.45438553008
1052,1052,-0.855327282392,2.40198135363
1053,1053,-1.05718640367,2.28580529202
1054,1054,-0.516061075166,2.35561438828
1055,1055,-0.0552739734647,2.55406165405
1056,1056,1.02637186592,-2.76923815718
1057,1057,0.483146080543,-2.03478466599
1058,1058,0.135106756797,-2.43073401959
1059,1059,0.07540621896,1.71013315045
1060,1060,-0.141315383722,2.47914677578
1061,1061,1.34365115022,-1.80388182362
1062,1062,-0.253803255182,-2.35429524123
1063,1063,0.787264881698,-1.97162068687
1064,1064,-0.0910419730648,2.47093688764
1065,1065,-0.26093914329,2.43548362059
1066,1066,0.151693906774,2.26479999304
1067,1067,-0.501402806304,2.12726481173
1068,1068,0.478023755475,-1.93356522195
1069,1069,0.277831211945,2.80452179027
1070,1070,-0.399560437094,2.25139401307
1071,1071,0.216916921332,-2.25243050681
1072,1072,2.61621043423,1.22088443649
1073,1073,0.215073850697,-2.82961593564
1074,1074,4.11645540214,1.15547329104
1075,1075,-0.870968020874,-0.918615652421
1076,1076,0.577476973738,0.647241529026
1077,1077,-1.22444101915,-1.10673225888
1078,1078,-1.28365099317,-1.04438805346
1079,1079,-0.757230849579,1.80233230431
1080,1080,-2.09527016303,-1.98939660052
1081,1081,-2.08329372583,-1.80415977103
1082,1082,2.21753444114,0.101254044921
1083,1083,-1.76497392788,-1.84654823487
1084,1084,-0.300157003423,1.78209974385
1085,1085,0.469020472156,1.5334882004
1086,1086,-0.159504242138,0.403724216407
1087,1087,-1.09833362446,0.670985349138
1088,1088,0.450828598793,1.61934649825
1089,1089,-0.279031113566,1.17938787321
1090,1090,-0.55659331985,-0.919910261822
1091,1091,-0.877793194744,0.788425880247
1092,1092,0.389747315364,1.46867056163
1093,1093,-1.20243616377,-2.15197669012
1094,1094,0.121411147031,-2.59253798671
1095,1095,-0.878295183519,2.51806754464
1096,1096,0.330663034624,-2.79760070956
1097,1097,0.072082133424,-2.73711271692
1098,1098,0.303140629463,-2.46251971965
1099,1099,-0.0745392976776,-2.2693928843
1100,1100,0.417575155483,-1.79923492014
1101,1101,-1.75835580306,-2.06687757149
1102,1102,-0.456048100897,-2.02482784047
1103,1103,0.128495813154,-2.90030653401
1104,1104,-1.33425480111,-1.64410663598
1105,1105,0.0528006784194,-2.42321083375
1106,1106,2.64155584552,0.0892015250145
1107,1107,-0.266446223496,2.02885461567
1108,1108,-1.75974353293,-1.92695956767
1109,1109,-0.116637149936,2.02832493558
1110,1110,0.475907452485,-1.22275819842
1111,1111,-0.464297969178,2.52471447637
1112,1112,0.679900646813,-1.56788327972
1113,1113,3.08457651613,-0.584473183063
1114,1114,1.75556302919,0.756058913595
1115,1115,0.368447751054,-2.59549538684
1116,1116,0.72305304588,-2.18050726633
1117,1117,-0.497418278704,1.15595201529
1118,1118,1.09355372088,-1.9177057283
1119,1119,1.51422275768,-0.919965574969
1120,1120,-0.853959934671,1.81649514159
1121,1121,-0.878530580864,2.25499878057
1122,1122,-0.156383534956,2.75743050084
1123,1123,1.08666352167,0.310821303515
1124,1124,-0.676508929655,-1.47192322122
1125,1125,1.57733411025,-1.91685695805
1126,1126,-0.448380241739,2.6319884759
1127,1127,0.348806607665,1.23791808793
1128,1128,1.58424256251,-1.03745616913
1129,1129,-0.798390540686,2.08150405858
1130,1130,1.16558597142,-1.92418298419
1131,1131,-1.64364352663,-2.39760358506
1132,1132,0.302552378793,-1.78330094913
1133,1133,-0.357550776843,-2.34841063812
1134,1134,0.460067954244,-3.36195359723
1135,1135,0.7432577746,-1.93714100385
1136,1136,-0.182783204695,2.73258364849
1137,1137,-0.135373400683,-2.06030322684
1138,1138,0.406632841939,-2.30210629079
1139,1139,0.63553934136,-2.55148383385
1140,1140,-0.104854101529,2.4366730398
1141,1141,0.532832369432,2.32677574333
1142,1142,-0.359178356097,2.10152058448
1143,1143,1.26615157739,-1.63939526442
1144,1144,2.30346554673,1.52666828395
1145,1145,3.07792739408,0.13860641438
1146,1146,1.36222961609,1.70844917351
1147,1147,0.493545905389,2.19966720044
1148,1148,0.273076807631,-2.72731130421
1149,1149,0.428636815004,-2.55671059703
1150,1150,3.17346434133,0.170856799084
1151,1151,0.134071259683,2.50456963051
1152,1152,0.87159551337,2.94222525548
1153,1153,2.96890264855,0.360612812702
1154,1154,-0.348646450465,-2.96119725811
1155,1155,-0.104267507479,-3.16224907692
1156,1156,1.99882234914,0.579551708778
1157,1157,0.0499645638596,2.51549346417
1158,1158,2.06600418422,0.55987634375
1159,1159,2.2019873043,0.108643914647
1160,1160,0.482273456361,2.53208255169
1161,1161,0.0381182148603,-1.12216694869
1162,1162,-0.0333821924727,2.41369948124
1163,1163,0.255008738019,2.10076911559
1164,1164,0.675510504207,-1.81102421285
1165,1165,1.47330568724,0.410438104557
1166,1166,0.863642321812,2.02308361907
1167,1167,2.77581851037,0.124252042546
1168,1168,1.03519457858,-1.75453326188
1169,1169,3.12418854553,0.246132044821
1170,1170,2.17027536515,0.396455467497
1171,1171,-0.167778808021,-2.96105850503
1172,1172,0.456030427326,-2.99121871637
1173,1173,-0.453476287878,3.12410480998
1174,1174,-0.691990274708,3.14007429617
1175,1175,0.54577495787,2.10324280366
1176,1176,0.219003832301,2.93025792526
1177,1177,0.233588844277,-1.59031050535
1178,1178,1.58029337372,0.365950449818
1179,1179,-0.527835992432,-3.03333586011
1180,1180,-0.231941976601,-2.82410761231
1181,1181,2.39567447611,0.455269026348
1182,1182,-0.626501386008,-2.62811897452
1183,1183,-0.27787619812,2.63374370955
1184,1184,-0.212877876907,2.30453995195
1185,1185,1.22989650609,-2.02280845101
1186,1186,0.20361592702,-2.50324229913
1187,1187,-0.495946801823,-2.37886822374
1188,1188,0.981776818193,-1.63846220301
1189,1189,-0.0425505294683,-2.61342742998
1190,1190,-0.573092465843,-2.7107173624
1191,1191,-0.402509545321,-2.74985874071
1192,1192,-0.276579546928,-2.32807730136
1193,1193,-0.427533061294,-2.40320799521
1194,1194,-0.267273971079,-1.84974979811
1195,1195,-0.323380993875,2.68301758249
1196,1196,2.39896974226,-0.146375537337
1197,1197,2.92068884602,0.416419345907
1198,1198,2.85397122301,0.502367956647
1199,1199,2.84917462874,0.330422725187
1200,1200,0.773837914489,-2.96128464401
1201,1201,1.09860028731,-2.27003720154
1202,1202,-0.660015290315,1.68856889558
1203,1203,-0.794196451216,2.54864366903
1204,1204,-0.463214474259,2.36724463946
1205,1205,1.54209971669,-2.31255026332
1206,1206,-0.50314969841,2.40967376915
1207,1207,0.077647111609,-2.3643235479
1208,1208,0.513691331278,-2.28151292735
1209,1209,2.710035714,0.0964843403817
1210,1210,3.19037103185,0.433964329627
1211,1211,0.0308120623226,2.18444485334
1212,1212,1.14610189587,-2.18556830436
1213,1213,2.70492350951,0.17125756943
1214,1214,1.71702278235,0.663246739777
1215,1215,-0.0287742194747,-2.87486221164
1216,1216,0.192448496057,-2.01241613467
1217,1217,-0.0285040148547,-2.58560535352
1218,1218,0.371711575125,-2.24275495943
1219,1219,2.02696883227,0.249283029701
1220,1220,1.48777673901,-1.41634506569
1221,1221,1.71950798398,-1.40298723633
1222,1222,1.38346286139,0.665495545855
1223,1223,1.42033319489,-1.06879829384
1224,1224,3.14871088593,-0.173584623783
1225,1225,2.65014332326,-0.19159964114
1226,1226,0.259525925537,-0.0556689054617
1227,1227,-0.0690643804168,3.54378213315
1228,1228,0.792882945218,-0.135295511589
1229,1229,0.0849868399268,2.80178429481
1230,1230,0.20864016996,-3.08739835082
1231,1231,0.331953650808,-2.76161292252
1232,1232,0.288733094981,2.94532438399
1233,1233,1.38758539429,-2.31181261408
1234,1234,0.195489644924,2.43007771942
1235,1235,-0.0458428634701,-1.95866771439
1236,1236,3.02761564654,0.21006761223
1237,1237,0.329758276802,-2.29510294188
1238,1238,-0.199514915712,3.32647668403
1239,1239,1.27407705917,-2.06524612192
1240,1240,-0.19477476039,-1.9440455799
1241,1241,2.72382384073,-0.214254217655
1242,1242,-0.173109607511,-2.72526304925
1243,1243,0.209118919319,-2.83587382178
1244,1244,0.614147915798,-2.66938704734
1245,1245,-0.160580504553,2.78294050326
1246,1246,0.231786401397,-2.48330870539
1247,1247,-0.198006147535,2.87776539048
1248,1248,-0.0464584910634,3.32581796339
1249,1249,0.925926013775,-2.58626962707
1250,1250,-0.364501118109,2.45939062951
1251,1251,0.0554625248733,3.32879531232
1252,1252,0.0924261301514,2.82357002992
1253,1253,0.739304755378,-2.22604193855
1254,1254,2.39432703192,0.727258903824
1255,1255,2.88057819739,0.154918269187
1256,1256,2.8049134383,-0.140508235276
1257,1257,2.87696836006,0.281185655241
1258,1258,2.25949635462,0.443703516616
1259,1259,2.62080755225,0.0223173564159
1260,1260,2.55073718058,-0.00111560166591
1261,1261,3.01976714388,0.535668705786
1262,1262,0.0170169409138,-2.05683842501
1263,1263,0.0703382790355,-2.36997008849
1264,1264,2.36681242156,-0.319098336056
1265,1265,0.539293021732,3.66153655416
1266,1266,1.24093966882,-0.0267265648569
1267,1267,1.82180376999,-0.174829820363
1268,1268,0.0443913843981,-2.36703683771
1269,1269,0.196745363757,-2.6882499588
1270,1270,1.86867348475,-0.341164478162
1271,1271,0.473663610525,3.05079090164
1272,1272,1.84534053916,0.466176875939
1273,1273,-0.258940466663,-2.3955701996
1274,1274,0.570986076532,-0.52730092115
1275,1275,-0.36353379229,3.16707979508
1276,1276,0.449482830537,-2.70811786515
1277,1277,0.744329049294,-3.00594137448
1278,1278,2.42775269462,0.131171886176
1279,1279,2.31535170574,0.275158393414
1280,1280,0.691502554952,-0.26512861497
1281,1281,2.70269074716,0.207690280426
1282,1282,2.68252374633,0.188599678844
1283,1283,2.60822318502,0.18251098923
1284,1284,-0.278079165031,-1.73402485953
1285,1285,1.28573997093,-1.78024841561
1286,1286,0.013765109234,-0.573591782717
1287,1287,1.55670821543,0.650988607176
1288,1288,-0.365870171708,-2.34711128208
1289,1289,-0.192789736225,-2.33626045769
1290,1290,0.179208256826,-2.46576185834
1291,1291,0.900969818185,-0.568351017738
1292,1292,0.478470493804,1.70687365452
1293,1293,2.43042352611,0.570612579461
1294,1294,2.98430580035,0.0189574673734
1295,1295,0.701473032308,-0.644873626582
1296,1296,-0.140205749865,-3.16536580402
1297,1297,0.255489034641,-2.34087671222
1298,1298,1.7196682271,-1.11846099304
1299,1299,-0.395954662878,3.07770286486
1300,1300,1.24990474554,-2.84094107191
1301,1301,0.191766155191,2.86453442482
1302,1302,-0.19856820597,1.69395723229
1303,1303,1.74218625997,-2.72000337763
1304,1304,-0.829867342021,2.80550007427
1305,1305,-0.424912274537,2.12506308972
1306,1306,-0.412382920387,2.07939562991
1307,1307,-0.807304914565,2.75135028969
1308,1308,-0.481384531083,2.57298345143
1309,1309,0.284298886899,2.48158037591
1310,1310,0.93708575736,-2.78276761088
1311,1311,-0.223414999281,-2.47243086098
1312,1312,0.401820186947,2.96019288472
1313,1313,0.108559922735,-2.79127257549
1314,1314,1.74849035099,-2.97880498217
1315,1315,0.412996812451,-2.48112723984
1316,1316,-0.765994662514,2.19709970927
1317,1317,0.33367466694,2.57321139543
1318,1318,1.14651059236,-2.67979940377
1319,1319,-0.300045249434,2.81776911167
1320,1320,0.165485960349,2.74714230098
1321,1321,-0.705978960051,2.07043914234
1322,1322,0.127007001933,2.84276529754
1323,1323,-0.161674621335,2.80729779436
1324,1324,0.854013036118,-2.11919385839
1325,1325,1.30213132926,0.873994765948
1326,1326,2.96976966836,0.0773340820598
1327,1327,0.261061793522,-2.52216576895
1328,1328,0.0864991417622,-2.70718300248
1329,1329,3.02126846661,0.517018385782
1330,1330,-0.122422692049,2.63253091087
1331,1331,1.31987818041,-2.20896392071
1332,1332,1.50909403591,0.422925679839
1333,1333,0.130614683441,-3.01321174884
1334,1334,-0.0718204056597,1.8484507476
1335,1335,0.129838933439,1.45128825224
1336,1336,0.843634519369,1.89842782193
1337,1337,-0.358098392982,2.03033661357
1338,1338,1.7197850232,0.946710803895
1339,1339,-0.0776960679684,1.63649781375
1340,1340,1.3630950794,1.34366521201
1341,1341,2.18886260131,1.79863979807
1342,1342,1.80712518884,1.24635306691
1343,1343,0.437514146822,-2.30846291998
1344,1344,0.132158874624,-2.4531725207
1345,1345,1.61981339786,0.857399214637
1346,1346,1.20395537156,2.18897283764
1347,1347,1.96732960498,-0.101606049942
1348,1348,1.27576005032,1.82264939634
1349,1349,0.394330315248,2.7522486762
1350,1350,-1.08649154165,-1.40280813007
1351,1351,2.16655864245,0.988257293341
1352,1352,-0.877467314837,-0.735250312323
1353,1353,0.540463141629,-2.0100239508
1354,1354,0.378121686449,1.53381966582
1355,1355,1.49033824222,0.95721721098
1356,1356,2.05705328145,0.331502891378
1357,1357,1.11194138976,1.78989564372
1358,1358,0.517689281563,1.7601957464
1359,1359,0.766403146225,0.446169889394
1360,1360,1.94401600787,0.466399965219
1361,1361,0.725013058465,0.251040259148
1362,1362,-1.04209688078,-1.48083853193
1363,1363,-0.782904381678,-1.51816405485
1364,1364,2.24635052554,0.534897858532
1365,1365,1.82217003915,-0.814588318622
1366,1366,1.99235914641,-0.0113918178818
1367,1367,-0.328159531782,0.702382354035
1368,1368,0.296564680686,1.85817131579
1369,1369,0.890803306949,-2.09654498623
1370,1370,0.675577988216,1.92474934813
1371,1371,2.43567105127,-0.0896639483111
1372,1372,2.06813924929,0.789483631233
1373,1373,-0.202254598247,1.37537625147
1374,1374,1.90020772032,0.701982940902
1375,1375,1.32594683635,1.43994380548
1376,1376,0.998970386394,0.864776129687
1377,1377,-1.04716469317,-1.26523176577
1378,1378,0.212296916443,-1.53557061937
1379,1379,1.87450591139,1.32075826277
1380,1380,0.159572099516,1.50198619232
1381,1381,0.800546170313,1.28573554495
1382,1382,0.13598023449,-2.60012117077
1383,1383,-0.034481471889,1.75705735734
1384,1384,1.93170356238,0.65137755601
1385,1385,2.31198925682,0.691853851334
1386,1386,1.77469107194,0.710787130116
1387,1387,2.28101772091,1.52376720362
1388,1388,2.72086398877,0.460114758892
1389,1389,1.52073649854,1.32757192901
1390,1390,-0.0881167335085,3.33786721486
1391,1391,-0.446538875093,2.60316038188
1392,1392,1.06643152845,-2.35353365679
1393,1393,0.672840682583,0.503787765692
1394,1394,0.825316981748,0.151156748606
1395,1395,2.05426661674,0.238679781783
1396,1396,2.00620715197,0.108608172964
1397,1397,1.84718756661,-2.06926885259
1398,1398,0.789589541769,1.35213379217
1399,1399,-0.171229910421,-2.20781451521
1400,1400,1.30763814735,0.336311887928
1401,1401,-1.70788082563,-1.00147259176
1402,1402,0.354706125058,2.13090665206
1403,1403,1.32083218546,0.112259643214
1404,1404,0.703525384159,2.01198398676
1405,1405,1.068198284,1.53368986077
1406,1406,0.239661915856,3.16057185202
1407,1407,0.534879328695,4.45247085404
1408,1408,-0.497873784721,3.86124624519
1409,1409,0.392956968016,2.61528316548
1410,1410,0.665067796813,1.82748871353
1411,1411,0.251034658118,2.26297913889
1412,1412,0.0141101258625,2.84489644592
1413,1413,-0.0747379676865,2.92576785664
1414,1414,1.01119310487,2.00980379118
1415,1415,0.118975885669,3.14549707075
1416,1416,0.206973692927,1.7104609874
1417,1417,1.93368411984,-0.00570155131114
1418,1418,-0.154208855447,1.85730565311
1419,1419,0.864370354465,0.298303503069
1420,1420,-1.86193686023,-1.58397034207
1421,1421,0.0773754556961,-0.0215620618175
1422,1422,0.906279120086,0.0508100353084
1423,1423,2.95862343196,0.505082901444
1424,1424,-0.429315962872,-3.30963819689
1425,1425,0.526320604166,1.78941392206
1426,1426,0.171206705456,0.598262522609
1427,1427,2.1080554531,-0.125780188249
1428,1428,3.82412476314,-0.640129821976
1429,1429,2.55950304926,-0.134699909632
1430,1430,1.55770154793,0.536789524709
1431,1431,2.37137898233,0.153392193862
1432,1432,3.17413355827,-0.0662065368264
1433,1433,2.33328225521,0.417618404521
1434,1434,0.757957493795,0.529128413335
1435,1435,1.75284840013,1.42390499406
1436,1436,-0.166981600126,-2.28297975474
1437,1437,2.42289738577,0.422846713446
1438,1438,-0.569353099712,1.69985371254
1439,1439,1.48818306449,1.95230183517
1440,1440,1.02261145813,1.52848873765
1441,1441,0.302230361939,0.477646260248
1442,1442,0.634654025599,2.09416265529
1443,1443,0.383909659917,-2.69296157824
1444,1444,2.10591173759,1.98946131333
1445,1445,1.18071817024,2.30339866996
