,vote,alpha,beta
0,0,-0.215674673158,2.47707451359
1,1,-0.237391369282,-2.3298470963
2,2,2.66688379978,0.092201007954
3,3,2.54130605131,-0.00573927598182
4,4,0.570851322696,-1.36590206706
5,5,2.56746085765,-0.206290224898
6,6,2.16523920422,0.414104743343
7,7,1.92513038935,0.28022311173
8,8,0.241529468233,-2.02507410325
9,9,1.39073924115,-1.60337503391
10,10,2.6023553423,0.196604480049
11,11,2.97035286908,-0.225450492074
12,12,2.64432555801,0.574045324342
13,13,2.60772357349,-0.105815133406
14,14,2.81449701898,0.0751310972339
15,15,2.06683250483,0.208625013406
16,16,-0.15394551005,2.46246919552
17,17,0.586784198998,-0.589733145846
18,18,2.57347051366,0.464930987736
19,19,3.0054946851,-0.176985750862
20,20,1.49483855083,-0.737250743599
21,21,0.158524880764,-2.6789447601
22,22,-0.22203716308,-2.29756932145
23,23,2.99476466905,-0.361334137678
24,24,0.747220523626,-2.01488249111
25,25,1.28363534307,-0.284652573609
26,26,-0.79773007178,0.0353973556335
27,27,-0.119119280805,2.45687732929
28,28,2.64822634657,-0.0187379725427
29,29,2.62104893088,0.128698288359
30,30,2.33575871388,0.160966724678
31,31,2.43223611949,-0.197140980364
32,32,0.455658914541,-2.33921121458
33,33,0.188940038579,-2.48580880527
34,34,1.43637413236,-0.391557253159
35,35,-0.288766494776,2.18324902351
36,36,-0.233619620935,-2.23165801115
37,37,-0.107136859865,-2.18306972171
38,38,0.156003404432,-2.16057141229
39,39,-0.678276855313,-1.21709365708
40,40,1.77003640614,-1.35617848828
41,41,0.0712151901414,2.33785944687
42,42,-0.283831819164,-2.32852122016
43,43,2.33636056197,-0.0430831339207
44,44,2.64274842901,-0.0231001692543
45,45,2.69463736235,0.124105808056
46,46,2.27684378096,-0.130635231654
47,47,2.12474077266,-0.0598897829934
48,48,2.69376929803,0.450740385006
49,49,1.5512853847,1.35907841785
50,50,-0.100901405247,-2.36880987161
51,51,0.282173706069,-2.5205134178
52,52,-0.273326710289,2.44980281112
53,53,0.132313025476,-2.66903001676
54,54,0.0677650024181,-2.55751177357
55,55,0.203008209211,-1.96143875764
56,56,0.682597260231,-2.11842206178
57,57,-0.432442164039,2.05012881641
58,58,0.016724741197,2.91221069673
59,59,0.00749979406228,-1.79666013293
60,60,0.822888477457,-2.23731387419
61,61,2.18296775398,0.169662782753
62,62,2.76118196106,0.092373312791
63,63,2.51154710067,-0.190802499707
64,64,2.69778505103,0.0393233823257
65,65,2.66220374711,-0.587841865638
66,66,0.259744100572,-2.2466917089
67,67,0.595961228692,-2.48760106668
68,68,0.887127500323,-1.9111023725
69,69,-0.38996235715,-1.72255863268
70,70,-1.14750456347,1.91240334594
71,71,-0.559761097709,1.79088149624
72,72,-0.759664747573,2.17401662301
73,73,-0.917279322737,2.21776169655
74,74,-0.68157718446,2.28884169129
75,75,-0.412276731417,2.20545202516
76,76,-0.529108467233,2.09229268482
77,77,-0.654345118943,1.4040490263
78,78,-0.182316462404,2.25856892172
79,79,0.916354287233,-2.18202856901
80,80,-0.686789065558,-1.96757784108
81,81,0.0940743686548,-2.38662531808
82,82,0.0655169737672,-2.35949215199
83,83,0.133164915245,2.5997734164
84,84,-0.0324703799698,-1.9029670806
85,85,2.54466432639,-0.067052115833
86,86,2.26040040004,-0.603957219738
87,87,-0.157907798006,-2.58380990353
88,88,-0.121980137172,-2.34811662015
89,89,-0.498238533548,-0.943873661426
90,90,0.271208691774,-0.629554101177
91,91,-0.203665582228,-2.00842131499
92,92,-0.655583971911,1.77893964596
93,93,-0.815787312293,-1.83498432251
94,94,0.302291716,2.25613512322
95,95,2.37982552015,-0.198757871743
96,96,-1.13107991346,2.1453296292
97,97,-0.474854847826,2.04764903066
98,98,-0.34433340578,0.286765654248
99,99,-0.3133876686,1.90039876232
100,100,0.0789935934195,1.76383039242
101,101,-1.01532691752,0.487299802295
102,102,-0.233412508205,-1.88398110589
103,103,-0.881915549672,1.68651373768
104,104,-0.252940443969,-0.99016238285
105,105,-1.19082357481,-0.0395913145721
106,106,0.578803244429,0.930150021908
107,107,0.253003087537,-1.56470957195
108,108,-0.444868230685,0.563862080345
109,109,-0.577799387102,0.519692907952
110,110,1.18093303119,1.48280110124
111,111,-0.149000944194,-2.33978684936
112,112,-0.396238211847,-1.40293957596
113,113,-0.388331546209,-2.1107391597
114,114,-0.0501180324044,2.40621602958
115,115,0.252260896123,-1.44271514403
116,116,2.63617372386,0.0923481756778
117,117,2.51283393773,-0.254981441275
118,118,0.61472123436,-2.26251679213
119,119,1.95979457198,-0.479543353566
120,120,2.23303312729,-0.0902788603801
121,121,-0.140464113318,2.20653461971
122,122,1.29925525991,-1.51854824297
123,123,2.22071857377,0.212899164007
124,124,0.477840969573,1.64481606252
125,125,0.650763414699,-2.54635481065
126,126,-0.0305133096576,-1.97129747165
127,127,-0.856714040384,0.772383612137
128,128,0.237205179256,-1.95188249899
129,129,-0.0783822437858,-1.38608284138
130,130,-0.782685213793,-1.50564837667
131,131,0.981485460786,0.889487613066
132,132,-0.622827621629,-1.95925308312
133,133,0.153876919813,1.53544490722
134,134,0.588150347015,-2.02436998124
135,135,1.02944899259,1.91872474858
136,136,-1.5478764282,0.986932356582
137,137,-0.600076307995,0.685722281882
138,138,-1.19179642421,0.749554853248
139,139,-0.261192010396,2.20563764447
140,140,-0.389555199305,0.107070046999
141,141,-0.82390019137,0.424114182444
142,142,0.359607836556,-1.90484514022
143,143,-0.744866824005,2.2981583785
144,144,-1.44614782146,2.08180210509
145,145,-0.793400834815,1.39470725143
146,146,1.82048587184,0.647008295289
147,147,-0.128051063515,1.25400056927
148,148,2.59125589381,0.402873509498
149,149,2.4821216283,-0.122766559041
150,150,-0.104620280539,2.32539118792
151,151,0.826278010613,-0.680423409415
152,152,2.84589431376,-0.221377977818
153,153,2.44062849164,-0.132086303874
154,154,2.64420367386,-0.0129926589699
155,155,0.0203603728116,-2.7110845058
156,156,0.0351573654491,-2.26718763821
157,157,2.86020588424,0.179061933026
158,158,0.0543874660584,-2.18423426623
159,159,1.85800538999,0.643712176907
160,160,0.492620401885,-2.36723167752
161,161,0.443278508306,-1.79377928253
162,162,-0.207057844287,2.21388918506
163,163,0.391579396709,-0.322371204964
164,164,-1.25452751402,-1.07473185276
165,165,-0.417623083579,1.49936018065
166,166,0.273896129455,-2.52273950222
167,167,-0.635124608664,1.50932048431
168,168,1.07642009953,1.40251535895
169,169,0.0260600465561,-0.00160791644615
170,170,-1.02745327338,-0.740043695829
171,171,-1.16219185986,-1.0526546454
172,172,-0.789025811249,1.01384245262
173,173,-1.20255966387,-0.660873360411
174,174,-0.767246430205,-1.74076305169
175,175,0.395829993475,1.54159144787
176,176,0.175880769922,0.730069113092
177,177,0.321441736949,-2.15647272826
178,178,0.0348328116219,1.13030911329
179,179,-0.402924988794,-1.33150139176
180,180,-1.10433091939,-1.57860209156
181,181,0.888725309156,-0.330386338905
182,182,-0.327021701628,-1.11569746494
183,183,0.00577536915878,1.13358239659
184,184,0.0562206291222,0.518866412589
185,185,-0.20335722333,0.251756795036
186,186,0.57948029904,-0.349359351003
187,187,0.174840385438,-0.485933365043
188,188,0.0405328414349,-0.749794451013
189,189,-0.0505070382389,-0.194671972438
190,190,0.147532075995,0.282666199796
191,191,-1.1293998611,-1.92421400226
192,192,-0.159880963633,-2.13213397344
193,193,0.0791043514886,2.78943157969
194,194,-0.369777664691,-0.89093204653
195,195,2.31847165197,0.292827818986
196,196,2.38238256307,0.143591654815
197,197,0.172917147694,-2.6003394556
198,198,-0.981861174005,1.40898869965
199,199,0.268887550022,-2.04283444101
200,200,0.304001887244,1.47126346916
201,201,-0.13073179511,2.39045417297
202,202,1.3016157014,-2.31179297853
203,203,2.60018302725,-0.264760102094
204,204,-0.634509446853,2.05595175781
205,205,0.485937005702,-1.91527582212
206,206,0.385735244259,-1.47556318821
207,207,0.340739558797,-1.83088271428
208,208,-0.237452839116,1.72333416189
209,209,0.374455681144,-2.32827583059
210,210,0.395128479713,-0.688151520258
211,211,-0.437624298113,-2.16208397306
212,212,0.507262384646,1.92883965684
213,213,-0.798884824933,2.06614893135
214,214,0.0833404334737,2.14682926439
215,215,0.275330382347,-1.67549145613
216,216,2.22947221562,-0.946209599415
217,217,1.55526603487,-1.2069694224
218,218,2.64015545572,0.370981171014
219,219,0.104140343642,-2.38509369397
220,220,0.237913027552,-2.26777636153
221,221,1.80505444492,0.671443176445
222,222,-0.77417531201,2.15546009551
223,223,0.203886316627,2.1565438291
224,224,-0.930912021984,1.57082197873
225,225,-0.432202693685,0.203565815843
226,226,-1.12575853578,-1.68730995161
227,227,-0.623131966615,1.6918192617
228,228,-1.13564530712,-1.76039086179
229,229,0.512622232869,2.0964296786
230,230,-1.26410653603,-1.30500435345
231,231,1.91223217011,1.03347813095
232,232,0.0830974722984,1.60092019273
233,233,-0.618494103619,1.76651789613
234,234,-0.665971036747,1.80525464069
235,235,-1.08367952308,1.80807126832
236,236,-0.844487064413,1.61381492896
237,237,-1.1979539198,0.831420445104
238,238,-1.10760750749,1.49726817872
239,239,-0.831178459318,1.22354776172
240,240,-0.966177624511,1.79767981796
241,241,-1.09567705201,1.80518000554
242,242,0.310439075061,-2.18133375824
243,243,-0.992113532654,-1.65898305469
244,244,-0.58308028623,2.00650446508
245,245,-0.145409731498,0.877470969852
246,246,-1.32469975406,-0.918909705753
247,247,-0.189174132845,1.05148249938
248,248,-0.591144922377,0.27055151321
249,249,-0.638601019922,0.252839883757
250,250,-1.31879368376,0.88814380887
251,251,0.251755265705,1.25195523547
252,252,-1.64472571341,-1.28139601448
253,253,0.255217143752,-2.21623190612
254,254,0.328993197785,-1.91919454014
255,255,-0.642164582677,1.46603009685
256,256,-0.236347229617,0.679429771111
257,257,-1.27589708073,-1.62467237747
258,258,-0.176941393501,2.29358409286
259,259,0.158302417209,-1.838529075
260,260,-0.103254679388,-2.48356105684
261,261,-0.135278074114,-2.53390891441
262,262,0.110689269836,2.15707283105
263,263,0.381684299475,-2.64353557044
264,264,0.293689579491,-2.47531067437
265,265,-0.238367192527,2.62425344888
266,266,-0.528022143703,-2.10975789832
267,267,2.36934533997,-0.282849877465
268,268,2.45436357647,-0.0160636374384
269,269,2.94405930886,-0.104255419291
270,270,-0.149316970642,-2.52402467145
271,271,0.413974132887,-2.29304397727
272,272,-0.899635077035,0.26186483083
273,273,-0.23939476798,2.57219518032
274,274,1.17901758776,-1.9580434016
275,275,-0.0788962749684,2.51043597756
276,276,0.655262821409,-1.98730061523
277,277,0.136050503698,-1.9932466504
278,278,-0.102763327195,-2.47767817029
279,279,0.949809160369,1.48869987905
280,280,0.527988402696,-2.22290174007
281,281,0.0366701556436,-1.9502841128
282,282,-0.297406728069,1.88794150227
283,283,-0.0244544069956,-2.42405780065
284,284,-0.102343549745,2.01492316277
285,285,-0.306170910652,1.94947519906
286,286,0.207067121538,2.67609136102
287,287,-0.382721531627,-1.8803859065
288,288,2.4266695402,0.0510428523978
289,289,2.86033491975,0.270340134321
290,290,-0.163431078609,-2.34873786097
291,291,-0.181528561544,-2.20284058935
292,292,-1.48502355878,0.624720911628
293,293,0.834731937366,-1.98598929861
294,294,-0.443790771814,1.42088468882
295,295,-0.868933081298,1.41400354306
296,296,-1.64622827252,0.653403882035
297,297,-1.04353045502,-0.763788281168
298,298,-0.379721491733,1.38620547005
299,299,-0.76612640059,1.88188403867
300,300,-0.17564889473,-0.558316238207
301,301,0.518669050619,0.0905292672061
302,302,-0.106145472302,0.444977134879
303,303,0.140654891314,0.388434948365
304,304,1.15642148592,-0.700778035988
305,305,1.05204776487,0.433807080806
306,306,-0.34662661226,0.421852021529
307,307,0.861438543686,-1.74341035869
308,308,0.91979595008,-0.195488835811
309,309,0.412675418404,-2.40856776772
310,310,1.11025490507,0.856489913504
311,311,-1.10013882751,1.2138139795
312,312,-1.12007984312,1.65060526542
313,313,-0.347497424708,-0.340214744127
314,314,0.154189898449,-2.48193870779
315,315,0.046850972593,-2.49437608691
316,316,2.51314970136,0.00544040126091
317,317,0.609303814437,-2.15905656969
318,318,-0.296878894326,0.257699389245
319,319,0.378701144652,-1.81243478428
320,320,0.285220704752,1.06048682319
321,321,-0.6769353586,-0.846929781707
322,322,0.787655953518,-2.1569986565
323,323,0.299321755239,0.280129512368
324,324,1.32202531828,1.54264309878
325,325,-0.536277266018,1.58777894875
326,326,-0.51128040248,1.79433624987
327,327,0.0373316847779,-2.69480801392
328,328,-0.0503458707997,0.81037409877
329,329,2.49411218847,-0.757852324178
330,330,-0.000149687507772,0.163888056378
331,331,-0.509617756416,2.3932526124
332,332,1.25428170027,-1.08225793224
333,333,-0.499652558127,2.30252912582
334,334,-0.758254810574,1.86347433613
335,335,-0.178546034256,2.83227100093
336,336,0.963982946197,-1.66475089616
337,337,1.49859458664,1.39267665326
338,338,-0.174733250448,-2.41955878503
339,339,0.320624032527,0.621318661789
340,340,-0.148260349384,-0.380091571271
341,341,-0.509569465147,-1.02308645092
342,342,-0.617210622988,1.27973673273
343,343,-0.802720075142,0.846532962979
344,344,-1.07851471541,1.06985609635
345,345,1.48907012789,-0.552027616176
346,346,1.88333122648,-0.491161848807
347,347,-0.351815531707,2.2589960945
348,348,-0.518741591719,2.27439427191
349,349,-0.127673042321,-2.30357081714
350,350,0.427355771572,-1.87354505669
351,351,-0.108520173144,2.22899121117
352,352,0.440813239117,-2.29831888202
353,353,0.219626287913,-2.13442713786
354,354,0.0519139819346,-2.28528346164
355,355,2.27693765418,0.0325202107956
356,356,0.590183756658,-2.40242285756
357,357,0.883804388055,-2.229479473
358,358,0.330905428328,-1.67837848414
359,359,0.964981621488,-2.04864179705
360,360,0.677786212231,-1.28523878644
361,361,-0.178716481823,1.99982954221
362,362,-0.232094581491,1.92036902031
363,363,-0.107387061948,2.3284102973
364,364,-0.176028332606,2.26028467679
365,365,-0.151903792018,2.45092932859
366,366,0.305504756957,-2.08814072182
367,367,0.100744191139,2.44106515751
368,368,0.116313503467,-2.20575209921
369,369,2.06680966881,0.910282537029
370,370,2.8467903325,0.187134477079
371,371,2.46501403118,0.063153103877
372,372,2.57029649283,0.572800401281
373,373,2.03290874423,0.506954752187
374,374,2.58629473479,0.118527228185
375,375,2.28011706799,0.270028573042
376,376,2.35174418262,-0.00734865632035
377,377,2.0935926796,0.148993223705
378,378,0.0707646919034,-2.49039009774
379,379,0.0143328068934,-1.9545237337
380,380,0.417066474331,-2.79331334726
381,381,2.56548027309,0.104792729923
382,382,2.89685664164,0.0623984109334
383,383,1.84612557811,0.553088690272
384,384,0.000664995011529,-2.40447884026
385,385,0.151275125,-2.34445323058
386,386,1.85273984451,0.442599068726
387,387,-0.737425653359,2.20515770531
388,388,-0.231147703741,1.98883322557
389,389,-0.554042805388,2.45863713591
390,390,-0.200635809292,2.41662244331
391,391,2.8462596127,-0.209456603427
392,392,-0.0861474502731,2.20060179823
393,393,0.435338458383,-1.79657674406
394,394,-0.0804240199519,-2.34261419552
395,395,-0.286865151677,-2.67601292865
396,396,-0.409868921353,-2.40405523866
397,397,-0.288270496932,2.49068295022
398,398,-0.354395432642,-2.15814032431
399,399,-0.00547610682168,2.50737429252
400,400,-0.0112169985114,-2.38836013675
401,401,-0.12791138101,-2.00452475265
402,402,0.495064074627,-1.98371313915
403,403,0.987041438756,-2.21175356104
404,404,-0.0419480446289,2.40134382343
405,405,0.678868359723,-2.14093341689
406,406,0.968041195052,-0.773785847881
407,407,2.41667395112,-0.0184657624586
408,408,3.02044138188,-0.284388718104
409,409,2.98415267121,0.0902063058333
410,410,-0.392424765713,2.27819736344
411,411,2.28836687288,0.204522509798
412,412,0.222438722307,2.08975106904
413,413,2.40050881644,0.195286309741
414,414,2.72238573452,0.322329666493
415,415,-0.00198235941055,-2.14037689538
416,416,0.204740829394,-2.28447784867
417,417,0.279979825721,-2.16010869394
418,418,2.40158016848,0.0981473566012
419,419,0.718111701558,-1.98356218302
420,420,-0.186442955493,-2.64015429873
421,421,2.7474082704,0.268039231916
422,422,-0.118940788826,2.25090900908
423,423,1.4113790407,0.435584692442
424,424,0.10730253358,-2.59675043298
425,425,-0.289959171586,-2.27738656293
426,426,2.02487622622,0.857219869391
427,427,-0.144032455457,-1.82603309737
428,428,0.093126192918,-1.93606166425
429,429,0.972151335862,-1.74405485029
430,430,1.07309442664,-1.76544014516
431,431,0.735063786997,-1.99003372432
432,432,0.0202058772874,-2.32878479839
433,433,0.204558622637,-2.2594326631
434,434,-0.145373020979,-2.4750288732
435,435,-0.300690797383,-2.62803127864
436,436,0.608956257775,-1.75662639069
437,437,0.741721795999,-1.68067768525
438,438,0.261642020458,-2.95631322217
439,439,0.904883658482,-1.83777793885
440,440,-0.271649262109,-2.42415550276
441,441,1.05502887742,-1.78473867733
442,442,0.0722447999393,-2.47891512895
443,443,2.10202871094,0.220662818399
444,444,-0.147032852013,-2.38298678832
445,445,0.106534543997,-2.51214470956
446,446,0.920611430871,-1.96378041943
447,447,0.0628833055639,-2.80417486269
448,448,1.01044834236,-2.19850928835
449,449,2.77134473802,0.191206752413
450,450,2.63841372545,-0.0801992796811
451,451,-0.206920816374,-2.68372318721
452,452,0.873495878651,-2.080004607
453,453,0.0508690290878,-2.46126587032
454,454,0.701982065533,-1.89160901631
455,455,-0.162569320421,-2.60525138316
456,456,0.186507397106,-2.29545947003
457,457,-0.149349781866,-2.43126649552
458,458,-0.124950959785,-2.12177110765
459,459,2.74657201401,0.114627583258
460,460,-0.0208579948258,-2.36449976513
461,461,0.507302628484,-1.60554595645
462,462,2.44570095241,-0.186917326056
463,463,0.145981675059,-2.48504315981
464,464,-0.803888746088,-1.47306913182
465,465,0.886216918037,-2.28789357807
466,466,0.213178833108,-2.72955467609
467,467,0.785019722303,-1.92869946158
468,468,-0.022424124105,-2.063352437
469,469,0.125088445808,-2.13827944597
470,470,-0.0777128779494,-0.206202565674
471,471,0.25297956368,2.12947613532
472,472,-0.0427300574621,-2.18411904221
473,473,0.97534490415,-2.30792758219
474,474,-0.617730935083,1.72628215831
475,475,1.52587702699,1.75587624155
476,476,1.37558540603,1.69626389735
477,477,2.31809015307,-0.0740215375183
478,478,2.54093332103,-0.00872036166252
479,479,-0.0310363013904,-2.87020307451
480,480,1.24404356222,-1.56920571438
481,481,-0.460944705268,2.07737886204
482,482,-0.00218296030901,-2.04760700995
483,483,-0.745710439922,1.14823195911
484,484,0.151980652611,0.0597079050256
485,485,1.86185013368,0.694832578227
486,486,2.29400000858,0.0130908303655
487,487,2.25925173179,-0.198516780826
488,488,2.52930446464,0.550412019237
489,489,0.223944520332,-2.41559866903
490,490,0.314678746069,-2.22428441612
491,491,-0.80600988196,1.98461129215
492,492,-0.0818207416448,2.77964864654
493,493,1.02394292733,-1.85222331084
494,494,-0.173311403504,2.46431018743
495,495,1.21760253695,-1.46887890018
496,496,2.22907158594,-1.05249450326
497,497,-0.139764965619,-2.03836285365
498,498,2.57791304847,0.0696347709754
499,499,2.04998885014,-0.0647628458873
500,500,-0.191597213934,-2.59216359919
501,501,-0.195487719734,-2.67904953282
502,502,-0.161984867488,2.54693749174
503,503,-0.125536331475,2.38217724856
504,504,-0.199326358893,2.35604653345
505,505,-0.0875628778965,2.23185191096
506,506,0.100162825689,-1.80559736934
507,507,2.34511974082,0.360816948126
508,508,-0.0688285241165,2.44634013318
509,509,0.187630212303,-2.33675799623
510,510,1.70441832806,1.28507314304
511,511,0.0410952668615,-2.62334694955
512,512,0.286670709145,-2.19094533239
513,513,0.0967129076239,-2.91918185144
514,514,-0.288219742656,2.10078639957
515,515,0.750848084178,-1.64126994712
516,516,2.55339393513,-0.156484336338
517,517,2.22126068705,0.217785710502
518,518,-0.359151011372,-2.79260078978
519,519,-0.197659431948,-2.5446674736
520,520,-0.0629186270188,-2.52132286809
521,521,-0.309699338026,-2.44705232998
522,522,0.244350661354,-2.28949090704
523,523,-0.0149985553654,2.16355849109
524,524,-0.253804450293,2.31108741763
525,525,0.0618005960548,2.03072743789
526,526,0.242386259957,1.86196816893
527,527,-0.371181176518,2.01812526044
528,528,-0.601478499173,2.19782660024
529,529,0.0408386029665,-2.63572395783
530,530,-0.282686007851,-1.74082407538
531,531,0.414844518889,-2.4943127788
532,532,-0.19498911729,2.52943684631
533,533,-1.04240218743,1.51735347693
534,534,-0.304242744818,2.28472085948
535,535,0.560236189162,-2.176468974
536,536,-0.418013883277,2.04501705481
537,537,-0.468053837285,2.41052148318
538,538,-0.350373360021,2.05354765127
539,539,-0.849561499932,2.17716957668
540,540,-0.565039556263,1.95724164776
541,541,0.101471723909,2.33827757574
542,542,-0.691626060511,2.13448231561
543,543,0.891483748622,-1.7834064229
544,544,2.45082252643,0.206937703583
545,545,2.76855068032,0.0570429781673
546,546,2.66251842248,0.306439034915
547,547,2.58253902813,-0.265579223351
548,548,2.40676948024,0.105394616473
549,549,-0.100533441081,-2.38207961702
550,550,0.349743323058,-2.1203174861
551,551,0.567785076811,-1.0315982553
552,552,0.0288762758707,2.51880184957
553,553,-0.631178343156,2.05151592723
554,554,0.970237698633,-1.84505411452
555,555,1.06973919171,-0.71719043951
556,556,0.00501702141176,1.29707991269
557,557,-0.650635370738,0.243889492559
558,558,-0.726266281359,0.935262426205
559,559,0.490388809544,0.708051586055
560,560,-0.583833605562,1.34764613092
561,561,0.859830841562,-0.407886432843
562,562,1.90042343666,0.65142122643
563,563,2.41562488145,0.188356037501
564,564,2.50814634452,-0.424923025569
565,565,1.44573728856,-1.45129119662
566,566,2.5800886001,0.14030773045
567,567,2.75923213372,-0.0466751731398
568,568,2.54203604468,-0.112072667863
569,569,2.64921058821,-0.165775199561
570,570,-0.132376014662,-2.45939579523
571,571,-0.173303173375,-2.50540765964
572,572,0.0298127215345,-2.44555942839
573,573,0.875360958792,0.241813526669
574,574,1.09943703261,-0.435464460147
575,575,0.260216734688,-2.24138382942
576,576,-0.0590050860085,2.6250608926
577,577,0.445682386367,-2.01667127347
578,578,1.69294810461,1.1315892954
579,579,-0.00899102071497,-2.69927159629
580,580,-0.0894667837496,-2.82804020793
581,581,-0.233358806163,2.19361123118
582,582,-0.367755872085,2.04395046777
583,583,-0.122135510411,-1.72122406171
584,584,2.21664291258,0.0889797944646
585,585,2.6206542329,0.073001099571
586,586,-0.115054348472,-2.79254048415
587,587,2.48800917591,-0.159405981132
588,588,-0.162763900543,-2.61265121379
589,589,0.618256249071,-1.06225840092
590,590,-1.29550153002,2.08688621758
591,591,-1.38471859779,1.27199941644
592,592,-1.91000179825,1.44120495719
593,593,-2.30763425001,-2.31226457571
594,594,-1.05697447914,2.19385717942
595,595,-0.316940871036,-2.16602637417
596,596,0.779875448352,-0.514234160646
597,597,2.01294784712,-0.139796762025
598,598,1.69956424704,1.74699331642
599,599,0.366912273914,-2.06377951891
600,600,-0.164336661723,2.50553316991
601,601,0.00232777638051,2.24399990228
602,602,2.20451235162,-0.394831724797
603,603,-0.0270494621003,-2.49108976966
604,604,0.223536320925,-2.79382636999
605,605,1.06354027398,0.898680211236
606,606,0.444833285679,2.85771416609
607,607,0.912547291446,-1.85640074959
608,608,-0.931461970452,1.9910236829
609,609,1.18668929406,-2.01434722258
610,610,-1.14004945434,2.07102731592
611,611,1.74023051756,-1.72576977731
612,612,2.38958357251,0.803422401223
613,613,0.618476737963,0.884929447928
614,614,1.17215636155,1.39604124708
615,615,0.628808251927,0.379326625508
616,616,0.580764763113,0.786581637676
617,617,0.619531559455,0.632801418236
618,618,0.544714564136,0.61243017161
619,619,0.624895900594,-1.78943510665
620,620,0.819771923682,1.58016173212
621,621,1.83761075607,-0.102155617582
622,622,0.717115741083,-2.11729783772
623,623,1.71437686699,1.07251408494
624,624,0.273996003136,2.65272166951
625,625,-0.35558059508,-1.22107485364
626,626,-0.401633289092,-0.784961258151
627,627,0.35118853437,1.37661637502
628,628,1.13958571337,0.690371981936
629,629,1.71904510965,0.38221766316
630,630,-1.33761997971,-2.1051302706
631,631,-0.69674986303,-2.38108813224
632,632,-1.69966360884,1.72318710731
633,633,-0.687525698454,-1.58373165033
634,634,2.75727472456,0.257752173594
635,635,-0.288299358791,-0.28400596969
636,636,-0.983276249064,0.577202148726
637,637,-0.0103845152137,0.512218030431
638,638,3.86669642575,0.738087740668
639,639,0.362783927092,0.0866061823238
640,640,-0.607476287897,-1.65776797729
641,641,0.818025631504,0.499536811532
642,642,1.51889218286,1.22448002116
643,643,-0.432347238917,-1.35739424515
644,644,-0.497606864342,2.59656481968
645,645,0.274071810563,1.49747730701
646,646,0.761329226955,1.00843892452
647,647,2.225166296,1.6593025126
648,648,1.73139532691,0.993240789015
649,649,0.259374129475,1.93709249149
650,650,2.12307625736,0.820221813454
651,651,-0.0530631910943,-1.66214937667
652,652,-0.989422653557,-1.9811248452
653,653,2.64474598075,-0.057239750273
654,654,1.08426367314,2.19252592844
655,655,1.04097556942,1.20180655587
656,656,-0.746070628247,-2.00200159896
657,657,1.74350466095,0.68473629716
658,658,0.327466780867,1.80209119996
659,659,3.2212047455,0.10919390349
660,660,1.51691049516,1.96291802552
661,661,1.14352756669,2.08708113248
662,662,1.86617142433,2.36025303962
663,663,0.97664512162,2.07421866414
664,664,0.737431461773,1.78611772474
665,665,1.23809505972,2.07785613953
666,666,1.67522552037,2.54572920311
667,667,0.892299675289,-2.77235479901
668,668,0.155793166278,2.57230964323
669,669,1.26774030823,1.34956262407
670,670,-0.23036419018,-1.58802252819
671,671,1.3306226,1.26885274767
672,672,2.4314259221,-0.221160998137
673,673,-1.06707846283,2.19577468764
674,674,-1.63100582173,2.16431656136
675,675,1.1437703026,-0.781468070626
676,676,0.554851925966,1.80969906321
677,677,1.0154546939,0.861891056267
678,678,1.9768581265,1.30993565216
679,679,-0.0450494073106,2.3653260056
680,680,1.8489922031,0.495904094815
681,681,2.40082841068,0.421275161875
682,682,2.5405273647,-0.359113407839
683,683,1.6446683228,1.37460778267
684,684,1.39567393183,2.08041931911
685,685,0.485617268749,2.27910997348
686,686,-0.0173333923996,2.59560228331
687,687,-0.27274247201,2.45928532303
688,688,0.34597208305,2.56453104232
689,689,0.0565421888465,3.16518166027
690,690,-0.200855923201,2.6516568501
691,691,1.3291720377,0.954336100452
692,692,2.04883218497,1.71016280843
693,693,-0.555637123158,-2.20515456269
694,694,0.400472044274,1.56860208548
695,695,-0.373745360466,-1.74924818324
696,696,0.993712846119,1.63110996176
697,697,1.14317018019,1.9264978079
698,698,2.3600510517,0.697436776761
699,699,2.06245104325,-0.178821191911
700,700,0.149289974556,-1.44518284611
701,701,0.0693791073133,1.10150464602
702,702,-0.291128155522,2.02728060082
703,703,-0.980507777861,3.01623678704
704,704,-0.576084445466,-1.40245978461
705,705,0.258359836815,2.12546425747
706,706,0.871011871698,1.30351282631
707,707,-0.100317321973,-1.87471565145
708,708,1.03408011746,1.74870903307
709,709,0.679917015692,1.23129021281
710,710,-0.306226009264,-1.93569665608
711,711,0.715540214712,0.458703213536
712,712,-0.245964505034,-0.554244918677
713,713,-1.44914979486,-2.19995202539
714,714,-0.13531067178,-2.50691971341
715,715,-0.557682401756,2.13157292088
716,716,-0.519031187881,2.71241086741
717,717,-0.078531924284,-2.63164288607
718,718,1.42389864179,2.17600606841
719,719,0.416172370411,-1.47660533052
720,720,0.930635215746,1.73680193902
721,721,-0.548206333168,-2.32034891483
722,722,-0.366873323008,-1.50346981253
723,723,0.924023248911,1.23550562282
724,724,0.436826092021,1.4461176082
725,725,1.15760930049,1.2011599413
726,726,0.161309780748,-2.76730173059
727,727,-0.440130861534,-1.5807172513
728,728,1.18331823112,-0.601812280119
729,729,2.16985001231,0.64716682853
730,730,-0.0570877644257,-2.72529788286
731,731,0.418258355923,-3.18006872114
732,732,0.0184629390167,-1.89062400292
733,733,2.52231346212,0.341449743464
734,734,-0.251688957627,-2.54518299487
735,735,0.135642839661,1.34539475296
736,736,-0.205579497488,-2.35755922106
737,737,-0.763813922913,1.80825416427
738,738,1.12926858842,-1.42128107451
739,739,-1.15264986183,2.1642922453
740,740,0.821797310232,-1.75382146952
741,741,0.30401552371,1.97933685849
742,742,-1.14873054728,1.57871946711
743,743,1.65401798791,-2.10635110611
744,744,0.758159429706,0.584873625042
745,745,-1.15044931758,-2.33665760336
746,746,0.0971047318077,-1.61144963578
747,747,0.496824640404,-0.448842820359
748,748,1.88784398055,-1.35002355284
749,749,-0.457876287935,-2.79703017188
750,750,0.182143534775,-2.92717395327
751,751,-1.88162850504,-1.40630435988
752,752,0.0110818832861,2.2174279879
753,753,2.2958811059,0.0217847202453
754,754,0.0109509946785,-2.74100963276
755,755,-0.248832425392,-1.97515815645
756,756,0.293236687036,-2.24097672201
757,757,0.261624301744,-2.18390831472
758,758,-0.33774247518,-2.02787118045
759,759,-0.0364109417562,-1.98094811338
760,760,-0.806734569983,-2.67853464942
761,761,-0.470129810889,-1.61250929818
762,762,0.355924509591,-2.09936223524
763,763,0.210575622391,2.43301202742
764,764,1.60110862163,0.236723081385
765,765,0.317507429111,-2.04360442543
766,766,-1.41462121307,-1.51256590686
767,767,0.649052889191,-3.23527623666
768,768,0.281150668522,-2.47531250072
769,769,-1.45825998876,-1.01470611369
770,770,-0.555486469954,-1.59937257819
771,771,0.0869682723251,-1.26303674939
772,772,-0.96820217918,-2.30925975136
773,773,1.28514337159,-1.97825848237
774,774,1.75650017663,1.38785859841
775,775,0.977303087176,-2.55120737332
776,776,0.714094417982,-2.46061591236
777,777,-0.599081859055,2.40729724853
778,778,0.633632836433,0.929491692656
779,779,0.131752224849,1.83286864389
780,780,0.507934147033,-1.70133499238
781,781,0.196206609318,1.93574423439
782,782,0.220418231594,-2.25353545063
783,783,-0.133569737715,-2.10740939318
784,784,0.32087949104,-2.44043606493
785,785,-0.390166885339,2.27965234062
786,786,0.153163076183,2.26701448621
787,787,-0.30396019409,2.34188115203
788,788,-0.212269386595,2.245586438
789,789,0.0483900322845,-2.25049615086
790,790,-0.109258717178,-2.42722410961
791,791,-0.617508564742,1.98779814967
792,792,-0.156512906648,-2.48944676997
793,793,1.47587867148,-1.50714000943
794,794,-0.2461445698,2.09708317389
795,795,-0.0759064516283,2.07064890294
796,796,0.0893330169051,2.17585036719
797,797,0.436349455344,-2.51061293559
798,798,2.11003870428,0.957533633824
799,799,2.27852916744,0.138178345405
800,800,2.53795085513,-0.213120717782
801,801,2.19845143842,0.359561841398
802,802,0.337808038321,-2.51671014583
803,803,0.0673788910764,-2.39659526727
804,804,2.60895971009,0.0266852710351
805,805,-0.0904644777887,2.36724026875
806,806,0.0100940206736,2.12975318113
807,807,-0.484645783923,2.40732341873
808,808,0.142722878046,2.34349091916
809,809,0.269124873851,-2.24642374809
810,810,0.149193001745,-2.45028539935
811,811,0.194018434441,-2.40492082481
812,812,-0.171275063302,2.26913932623
813,813,-0.150140136492,2.64598906021
814,814,0.731786170323,-1.99267988589
815,815,2.43368627407,0.614834849809
816,816,-0.399832486322,2.07220525766
817,817,-0.279269198042,2.60574418173
818,818,0.703110706106,-2.15918503577
819,819,0.0995225313309,-2.55885071837
820,820,-0.0107537132654,2.47668415122
821,821,0.408883391023,-2.00481099432
822,822,2.92015823508,0.0223659592068
823,823,2.57008936382,-0.0366239660276
824,824,-0.553665151058,2.43642203351
825,825,0.123806979822,2.2908788764
826,826,2.67464318276,-0.0763075065959
827,827,0.229364882849,2.6527818411
828,828,0.289704081263,-1.85478808665
829,829,0.196454909028,-3.06019188825
830,830,0.0584445804091,-2.05933897152
831,831,2.37306306602,-0.261277810725
832,832,0.118596901418,2.23284489716
833,833,-0.197183034756,2.365945976
834,834,-0.291424375792,-2.24035687531
835,835,1.76983803004,0.279452670612
836,836,1.56176771059,0.594454597835
837,837,2.18043180583,-0.683645134852
838,838,2.07067069612,0.160005066462
839,839,-0.0086171009416,-2.18404948222
840,840,0.287251138337,-2.55230461544
841,841,-0.093425484133,2.56852531513
842,842,0.6927679118,-2.21573479327
843,843,0.283861382333,-2.32944748986
844,844,-0.00483652944927,-2.30229137075
845,845,-0.144879158714,2.02795175373
846,846,0.289118307567,2.08243966496
847,847,0.0272719117739,2.28285997345
848,848,0.166294999528,2.23347626176
849,849,-0.232417468719,2.31739938266
850,850,0.452855957147,-2.27979848218
851,851,0.248421193699,2.69873012737
852,852,0.932361266137,-2.32235686468
853,853,-0.134682727032,2.43427097116
854,854,0.376673277898,-2.45743111788
855,855,0.223007888324,-2.82978332811
856,856,2.66242398889,0.117566336097
857,857,-0.329546890122,-2.67750158478
858,858,-2.64583402191,0.116332093825
859,859,-1.22101088244,1.28845536386
860,860,-1.81229060376,1.61370550978
861,861,0.239706104841,-0.857758741178
862,862,-1.74561704171,-1.93999584321
863,863,-1.06706974847,2.06578936052
864,864,-0.632746697066,-2.18333208161
865,865,1.66782107278,0.238440631886
866,866,2.60565273921,0.422231451451
867,867,2.63119296656,-0.280328676487
868,868,0.110203468501,-2.6106868679
869,869,0.56520119063,-2.14761301849
870,870,0.436789493688,-0.92685200344
871,871,2.082489082,0.437522257843
872,872,0.340359629235,-2.38426402545
873,873,-0.612181348902,1.77666316096
874,874,-0.0745206146047,1.30495073596
875,875,2.80344865818,0.299771105736
876,876,-0.0691901626293,-0.452804637347
877,877,-0.0196011131897,-1.09805617304
878,878,-0.021589181369,-2.47414479846
879,879,-0.121568666675,-1.16592052849
880,880,-0.35419208303,1.3471913341
881,881,0.180645376156,2.39383775959
882,882,1.81026648241,0.0951895074134
883,883,2.47835476868,0.57626583493
884,884,2.31727662857,-0.0870792121337
885,885,-0.157376060609,-2.36185913189
886,886,-0.406026227866,-2.4260556476
887,887,0.203137714104,-2.66807752717
888,888,2.87328820682,0.230210083485
889,889,-0.0233196232118,-2.30056742218
890,890,0.278731711459,-2.49137617618
891,891,2.01253586071,0.929882936609
892,892,-0.0986286154821,2.5167694023
893,893,0.575805404895,-2.26978953747
894,894,0.981557927834,-2.13867054485
895,895,0.752644804546,-2.49552753619
896,896,-0.152365846027,-2.41723442166
897,897,0.0281861791399,-2.35825112041
898,898,1.3643733896,1.30170505662
899,899,0.237507764342,-2.3897019202
900,900,1.36859067064,0.753042523555
901,901,0.212738231409,2.62206895978
902,902,1.15746621936,-1.43187456547
903,903,0.205438849878,1.98704873625
904,904,-0.287946669152,1.57832097858
905,905,1.82450656914,0.735654718274
906,906,1.60320944439,0.57521097896
907,907,1.71245121833,0.940921866396
908,908,1.25492200987,-0.294282494711
909,909,2.20483016791,0.549006076551
910,910,2.39276558022,0.144829317763
911,911,-0.248907850468,2.48185021299
912,912,2.35518554798,0.188993153451
913,913,2.49912136128,0.10060380498
914,914,1.92955826912,-0.715520114411
915,915,-0.162782958236,1.6218715623
916,916,-0.0786869389094,2.31265523395
917,917,-0.113845487224,-2.20048021502
918,918,0.0426124293168,-1.7815460205
919,919,1.67703691989,-0.651189863262
920,920,0.908635023357,-1.79139304458
921,921,0.643689474565,-0.321504853737
922,922,0.175395559182,-2.54691870814
923,923,0.902991966951,-2.25682954352
924,924,-0.541729327657,2.0172497738
925,925,-0.255236837473,1.43049294394
926,926,-0.853549010425,-1.51591532676
927,927,0.370932958923,-2.07527638404
928,928,-0.0802667710766,1.12409576955
929,929,0.841998124473,1.92936304153
930,930,0.0605010737751,2.1274890405
931,931,2.13017488864,-0.091084336492
932,932,1.04808121643,-0.798825048053
933,933,2.46284229845,0.00490476188615
934,934,2.94731046189,-0.0415898599011
935,935,-1.65965496115,-1.74465032185
936,936,0.788369802177,0.511015248888
937,937,1.13282675073,-0.654115825649
938,938,0.12406957432,-2.02031711018
939,939,-0.989843021343,1.33431290027
940,940,-0.424059288536,1.37151120347
941,941,1.30137335253,1.67149960683
942,942,1.75120594926,0.600603961322
943,943,-1.06154886892,0.135048856909
944,944,0.11152254674,0.774457371288
945,945,-0.117777506457,-1.6416754824
946,946,-1.37232218957,-1.42890423789
947,947,-0.420617965503,1.60296915871
948,948,-0.767140367785,-1.14429212874
949,949,-0.652857689087,-1.90809446737
950,950,0.514539778037,0.968589233083
951,951,0.179851862797,1.05762381422
952,952,0.250953990522,-2.13198470441
953,953,-0.114443913599,-2.82690074817
954,954,0.600621690159,0.97288366717
955,955,-0.244426027806,-1.0000325953
956,956,0.113925340628,1.96963033102
957,957,0.105938598889,0.818473936555
958,958,0.58524169829,-2.36744908027
959,959,-0.0194972671058,-2.00286900172
960,960,-0.207372526648,-2.08739468781
961,961,0.263156976669,-2.17769283031
962,962,-0.205622794278,2.44273290802
963,963,0.912130150731,-0.519087294621
964,964,0.269352489109,-2.12966569252
965,965,-0.483053881105,2.56368778448
966,966,1.030220865,-0.300768032932
967,967,2.54479436361,0.307319649379
968,968,-0.693856110838,-1.33590367406
969,969,-1.49853271422,-1.77237762412
970,970,-0.898180778209,-1.50021492457
971,971,-0.0517356110135,1.83076071904
972,972,-0.641358115321,-0.588626306311
973,973,-1.59466475716,-1.83828322425
974,974,-1.21285973086,-1.50188021018
975,975,-1.35401272155,-1.4893986625
976,976,-0.531939487323,-1.40180510669
977,977,-0.48461645161,-2.06554368613
978,978,-1.13603397983,-1.91494409602
979,979,-0.262027654561,-2.14353657051
980,980,0.300298279864,-0.857928430266
981,981,2.63400756405,-0.159965604317
982,982,0.0346122186107,-2.23025170745
983,983,-0.941425351312,-1.42614914992
984,984,-0.318058023347,2.94343158629
985,985,-0.142631845418,-1.42051245719
986,986,-0.58277452511,-1.56257709622
987,987,-0.886026044336,-1.92292722071
988,988,0.246654535507,1.28671812629
989,989,-0.866430489301,-1.58290548329
990,990,-1.24540003448,-1.96143102327
991,991,-0.0371513342256,2.90242783468
992,992,0.0150613831393,-1.53562163143
993,993,-0.210401613454,-2.36204066795
994,994,0.356829084686,-2.74753369024
995,995,1.97984220655,0.380353287163
996,996,0.593740231081,-2.27256191696
997,997,-0.588886171277,-1.4745011261
998,998,-1.17964467262,-1.18882410972
999,999,0.11622327935,0.269240313091
1000,1000,-0.426432550802,0.868097417137
1001,1001,-0.521225721428,0.92991672962
1002,1002,-1.01198321263,-1.0684735641
1003,1003,-1.47639008494,-1.01042963891
1004,1004,-0.183447284971,1.97394867061
1005,1005,-0.28772076427,2.48847373121
1006,1006,1.03829200415,-1.60560641403
1007,1007,0.286278079015,-0.349977072651
1008,1008,-0.258824913718,2.31695760588
1009,1009,1.12252375558,-1.8461668133
1010,1010,2.29655668471,-0.0155158875823
1011,1011,2.43332922881,-0.0257049693836
1012,1012,2.45370824051,-0.299573224723
1013,1013,0.946989360267,-2.09587710968
1014,1014,0.0199160326356,2.08022190199
1015,1015,0.455224782571,-2.32668538527
1016,1016,-0.748442761892,-0.650594076699
1017,1017,-0.45792238464,1.81211483725
1018,1018,2.61685862002,-0.0593298578003
1019,1019,-0.439668897818,1.7917210964
1020,1020,0.421621915728,-1.66188221257
1021,1021,0.535922134997,0.0467739963244
1022,1022,0.108700984823,-1.51490252608
1023,1023,-0.61578467342,1.72560114125
1024,1024,-0.295401164252,0.987843607593
1025,1025,-0.272288127935,1.00473151275
1026,1026,0.518208915082,0.368017386527
1027,1027,-0.400083579741,-0.142961379889
1028,1028,-1.00589020907,0.31651994228
1029,1029,2.53521427587,0.290450492066
1030,1030,-0.345292938506,0.91409632947
1031,1031,0.530962660473,2.00886208822
1032,1032,-0.43716320148,0.925276840499
1033,1033,-0.865770573204,-0.375854134698
1034,1034,-0.424387959002,-1.84310430107
1035,1035,0.789224103282,-1.00831566479
1036,1036,-0.266244238954,-0.650350206044
1037,1037,0.266930420382,2.31529389643
1038,1038,1.25435756986,-0.794842741943
1039,1039,2.10322332211,-0.644639675372
1040,1040,0.115562321498,-2.6738149568
1041,1041,2.37065928087,0.276839466829
1042,1042,0.242772558658,-2.30355171902
1043,1043,0.277275342886,-2.86550683029
1044,1044,-0.796474736752,1.62110054989
1045,1045,-0.816644463068,1.97245069197
1046,1046,-0.740615449807,2.23375759885
1047,1047,-0.421150349854,1.97523155236
1048,1048,1.12535793995,-2.02629197715
1049,1049,-0.241997919658,2.34248970296
1050,1050,1.45001061518,-2.01779228865
1051,1051,0.449176399536,-2.24802985723
1052,1052,-0.347187352889,2.22849522569
1053,1053,-0.600092628061,2.07603140464
1054,1054,-0.71347628241,2.44642701003
1055,1055,-0.16882707832,2.83191303002
1056,1056,0.739034986627,-2.19779320723
1057,1057,0.729548925471,-2.31620312211
1058,1058,0.272318293995,-2.29005669372
1059,1059,-0.22228976381,1.77843876925
1060,1060,-0.15825390798,2.16488123172
1061,1061,0.858553794763,-1.58717041232
1062,1062,0.191702157388,-2.28144508354
1063,1063,0.983867886696,-2.26407341825
1064,1064,-0.39979052005,2.05340601467
1065,1065,-0.295494437849,2.51565457115
1066,1066,-0.00641390768368,2.4167377133
1067,1067,-0.307352208695,2.49342440542
1068,1068,0.708152000117,-1.84388297442
1069,1069,0.0681834298167,2.36145813677
1070,1070,-0.89901944431,2.42024549399
1071,1071,0.0816175672445,-2.00666556748
1072,1072,2.01927448686,0.673650966546
1073,1073,0.0793160317058,-2.72126571638
1074,1074,2.9572471213,0.109291549835
1075,1075,-0.911711478034,-1.01059260294
1076,1076,0.639327216024,0.683991724841
1077,1077,-1.13981594477,-0.976990521521
1078,1078,-1.2875682689,-1.17887947454
1079,1079,-0.727721525143,1.77852760908
1080,1080,-1.51830636105,-1.43455393028
1081,1081,-1.62433165031,-1.40793660953
1082,1082,2.2038321937,0.148968551442
1083,1083,-1.22984968463,-1.51539760958
1084,1084,-0.734155500204,1.99550534227
1085,1085,0.351718928184,1.32934976324
1086,1086,-0.206948626404,0.479904105587
1087,1087,-1.42451966384,0.93637177552
1088,1088,0.587796577425,1.6800644804
1089,1089,-0.209782104757,1.31213264264
1090,1090,-0.39560105739,-1.02946162538
1091,1091,-1.02253847863,0.83794447916
1092,1092,0.494370843277,1.53628165735
1093,1093,-0.887179276063,-1.73638600266
1094,1094,0.240806419041,-2.45737192053
1095,1095,-0.938372433627,2.55743716337
1096,1096,0.550270392128,-2.74214652243
1097,1097,0.270844261464,-2.41279525379
1098,1098,0.499974441117,-2.16645721924
1099,1099,0.14408810022,-2.37850621047
1100,1100,0.607779072289,-1.9506618398
1101,1101,-0.996193804377,-1.41052713784
1102,1102,-0.350034483108,-2.18867404194
1103,1103,0.369792350103,-2.47418902972
1104,1104,-1.27672246042,-1.74235647326
1105,1105,-0.0756194120385,-2.42381655044
1106,1106,2.4829029496,0.0801684625372
1107,1107,-0.706646345246,2.40939556555
1108,1108,-1.55041321196,-1.78135351477
1109,1109,-0.20672797563,2.32433361256
1110,1110,0.512479587757,-1.24065646865
1111,1111,-0.483676520712,2.51708242357
1112,1112,0.655608834865,-1.69193877285
1113,1113,2.22772354651,-0.208279760062
1114,1114,1.5239371032,0.576806945075
1115,1115,0.397814425665,-2.76229401075
1116,1116,0.650682590642,-2.32240263346
1117,1117,-0.596620046356,1.133591737
1118,1118,0.922685970681,-1.69437474105
1119,1119,1.43643588109,-1.1046722097
1120,1120,-0.72417101344,1.84348229112
1121,1121,-0.652973537066,2.27586743359
1122,1122,-0.298081426831,2.45414147515
1123,1123,1.19921335551,0.331288658481
1124,1124,-0.824248359477,-1.85201134099
1125,1125,1.18440140803,-1.6903434559
1126,1126,-0.620824987987,2.30357029111
1127,1127,0.425083718362,1.2891577842
1128,1128,1.70177553747,-1.10137710102
1129,1129,-0.737543916792,2.22662529382
1130,1130,1.00784769952,-1.66662211387
1131,1131,-1.24753001578,-1.90411781733
1132,1132,0.327340637591,-1.87674455964
1133,1133,0.0792275799359,-2.45595002671
1134,1134,0.38907256792,-2.58966216872
1135,1135,0.758685613738,-1.91038899631
1136,1136,0.0578338590793,2.71539345211
1137,1137,-0.0262549266669,-2.36071480733
1138,1138,0.399828103173,-2.51664992469
1139,1139,0.261823898777,-2.00727601954
1140,1140,-0.279620498854,2.11013679191
1141,1141,0.321733990205,2.28285182141
1142,1142,-0.242047060317,2.50158290181
1143,1143,1.14874746734,-1.47991382874
1144,1144,1.49132818568,0.798808944636
1145,1145,2.59230058904,-0.0430970637192
1146,1146,1.11258685452,1.56159346207
1147,1147,0.435859713561,2.14770043659
1148,1148,0.291666582281,-2.63024184967
1149,1149,0.641250468223,-2.62895255791
1150,1150,2.86699989403,0.129616551053
1151,1151,-0.306437126262,2.5004136792
1152,1152,0.398211436719,2.9967243732
1153,1153,2.42921192138,-0.406309926112
1154,1154,-0.230366780918,-2.47092578019
1155,1155,-0.106021565167,-2.58274544578
1156,1156,1.87958372713,0.468944979997
1157,1157,-0.149642583888,2.17091166541
1158,1158,1.94595338484,0.55287035471
1159,1159,2.56239955207,0.13984123887
1160,1160,-0.034294336978,2.15164590577
1161,1161,0.115529069036,-1.19839256102
1162,1162,-0.112850658208,2.30212713682
1163,1163,0.544191568362,2.0133029327
1164,1164,0.780811042858,-1.96636833956
1165,1165,1.43313464249,0.496449691241
1166,1166,0.648481421641,2.07725847178
1167,1167,2.52199824144,-0.195731566209
1168,1168,1.03752302791,-1.70802245458
1169,1169,2.49746035216,-0.219925102881
1170,1170,2.11113769761,0.0917508523223
1171,1171,-0.134730438103,-2.48640212444
1172,1172,0.288811688812,-2.38028630636
1173,1173,-0.554566126248,2.45502864182
1174,1174,0.17489387456,2.72762052974
1175,1175,0.293325362552,2.16716072787
1176,1176,0.0203780568093,2.47578936664
1177,1177,0.343019688729,-2.00958511534
1178,1178,1.61474750249,0.595290037165
1179,1179,-0.0800144060272,-2.53193668729
1180,1180,0.147620641289,-2.80458398149
1181,1181,2.28147732631,0.199077481933
1182,1182,-0.525361216413,-2.47155301165
1183,1183,-0.126844846812,2.6452211547
1184,1184,-0.241635327927,2.23205887924
1185,1185,1.21945243974,-1.97348100634
1186,1186,-0.212150113466,-2.67007225431
1187,1187,-0.262358822452,-2.29915212614
1188,1188,1.10200633034,-1.61633530882
1189,1189,-0.315146517282,-2.58020812484
1190,1190,-0.348028877755,-2.65140913806
1191,1191,0.281901576451,-2.22960037539
1192,1192,-0.149429488643,-2.10554926544
1193,1193,-0.0974774646745,-2.01902601765
1194,1194,0.0112032289959,-1.84255884999
1195,1195,-0.143040435143,2.10654697018
1196,1196,1.87381471255,-0.0631432920794
1197,1197,2.4038776126,-0.0596299631777
1198,1198,2.36839915103,-0.147527405816
1199,1199,2.56679804681,-0.00944924504373
1200,1200,0.692910297678,-2.20938490048
1201,1201,0.854255221088,-1.84760090416
1202,1202,-0.698589839495,1.74097859767
1203,1203,-0.718673395224,2.36291810011
1204,1204,-0.282170396693,2.15973263862
1205,1205,1.03626238933,-1.98227446478
1206,1206,-0.317707244924,2.28870922483
1207,1207,-0.0541292506636,-2.59191040272
1208,1208,0.350122832991,-2.03805796638
1209,1209,2.24607648457,0.0804690762997
1210,1210,2.59885663784,0.138131673858
1211,1211,-0.0790558628068,2.29839569483
1212,1212,1.12364547371,-2.00029581253
1213,1213,2.75257783125,0.449402032165
1214,1214,1.62688545074,0.441146081649
1215,1215,-0.0437339474881,-2.67209785072
1216,1216,0.0936741904323,-1.63653668147
1217,1217,0.0793000773966,-2.45335521209
1218,1218,0.270332142541,-2.0695575653
1219,1219,2.34296050919,0.205357363885
1220,1220,1.41728021936,-1.32813471368
1221,1221,1.20933621646,-1.07452501391
1222,1222,1.12740030538,0.568704244746
1223,1223,1.31329070763,-1.10923352287
1224,1224,2.83726012031,-0.026815919163
1225,1225,2.76238296877,0.0989607335867
1226,1226,0.420255294005,-0.263908438964
1227,1227,-0.141523506898,2.54915939443
1228,1228,0.682427826747,-0.11713137161
1229,1229,-0.235037405603,2.27547657351
1230,1230,-0.0577027717178,-2.47569832337
1231,1231,0.364497724526,-2.43923900468
1232,1232,-0.429003900848,2.6548521315
1233,1233,1.20689884313,-2.24722510079
1234,1234,-0.0116510152311,2.50393044777
1235,1235,0.274554809671,-1.84574568591
1236,1236,2.44529981974,0.244584779986
1237,1237,0.37008099901,-2.30565831528
1238,1238,0.229656859948,2.40738298284
1239,1239,0.804369433744,-1.72511815615
1240,1240,-0.0451659700844,-1.88731858982
1241,1241,2.36210651967,-0.215472431214
1242,1242,0.253356001858,-2.31974353827
1243,1243,0.147749979479,-2.4333459687
1244,1244,0.405756751084,-2.10308578485
1245,1245,-0.147287518206,2.57044251803
1246,1246,0.323017471113,-2.27217354635
1247,1247,0.145622923041,2.0665349335
1248,1248,-0.29839879972,2.52487849351
1249,1249,0.682557268462,-2.44763395008
1250,1250,0.191806853388,2.37058227322
1251,1251,0.0560961589886,2.40100683118
1252,1252,-0.0158241263328,2.62844715274
1253,1253,0.682876106801,-2.13376608538
1254,1254,2.35203018724,0.503202501012
1255,1255,2.62455377149,-0.224320543014
1256,1256,2.38794979175,0.0769796831802
1257,1257,2.64536372334,-0.217660451468
1258,1258,2.37160118499,0.455825489451
1259,1259,2.22363219284,0.18156970664
1260,1260,2.51950530536,0.142898502738
1261,1261,2.43791588654,0.0442684132668
1262,1262,0.0224191714372,-1.91822983132
1263,1263,0.246929988091,-1.9712553735
1264,1264,2.54004399821,-0.0924072703383
1265,1265,-0.00401098609169,2.9423070305
1266,1266,1.25583661503,0.084531006098
1267,1267,1.81660031239,-0.326785586482
1268,1268,0.0508611307928,-2.2947241379
1269,1269,0.0199364474821,-2.23775414796
1270,1270,1.77971578424,-0.140101643583
1271,1271,0.105892324021,2.56265787565
1272,1272,2.02319455651,0.590867176465
1273,1273,-0.0629592497713,-2.06019891338
1274,1274,0.604004222647,-0.462643210063
1275,1275,-0.0661139435529,2.43879118047
1276,1276,0.616929142155,-2.31666550491
1277,1277,0.410021997232,-2.22077249286
1278,1278,2.33944139646,0.133409969163
1279,1279,1.96865171235,0.154940552846
1280,1280,0.804643348171,-0.161320878951
1281,1281,2.69161965625,-0.132532792727
1282,1282,2.17201818742,0.196537229187
1283,1283,2.35494331347,0.425877626211
1284,1284,-0.425326896282,-2.09025156491
1285,1285,1.39835781893,-1.86714854367
1286,1286,0.00562043670818,-0.68309808965
1287,1287,1.95800462394,0.919391174463
1288,1288,-0.180063379208,-2.19633036793
1289,1289,0.163102630515,-2.00350616337
1290,1290,0.167326875477,-2.24963602943
1291,1291,0.909986523033,-0.423878673157
1292,1292,0.567797815274,1.66860278563
1293,1293,2.27247738924,0.0337978320182
1294,1294,2.58108088282,-0.0331095849204
1295,1295,0.737931730279,-0.695181850726
1296,1296,0.170496184836,-2.39339205981
1297,1297,0.240553406812,-2.27841721444
1298,1298,1.47756849359,-0.932270100313
1299,1299,-0.112768546655,2.48560755736
1300,1300,0.390668548028,-2.14043129702
1301,1301,0.0773080415203,2.71388016116
1302,1302,-0.386767424795,1.7992737719
1303,1303,1.08539779274,-2.33962872485
1304,1304,-0.401723893281,2.15912167125
1305,1305,-0.375509275391,2.19375250521
1306,1306,-0.371463197728,2.57801572448
1307,1307,-0.587179561884,2.61336868126
1308,1308,-0.206588098485,2.09014230893
1309,1309,-0.475056591999,2.33019884627
1310,1310,0.56363842009,-2.2894856531
1311,1311,0.181774384546,-2.84938456276
1312,1312,-0.312090183806,2.54776090316
1313,1313,0.022688927777,-2.53652430754
1314,1314,1.29874795231,-2.5472909855
1315,1315,0.218544318923,-2.3218966028
1316,1316,-1.0038018138,2.32426255093
1317,1317,0.182419597514,2.45338363269
1318,1318,0.429401361161,-2.15209679315
1319,1319,-0.61497541996,2.09739955945
1320,1320,0.136194618177,2.37045271372
1321,1321,-0.751912987212,2.18038222453
1322,1322,0.202299185599,2.30253299001
1323,1323,0.0891830731157,2.21654727238
1324,1324,0.94218602482,-1.97926237326
1325,1325,0.994136577226,0.748586410715
1326,1326,2.37747868124,0.29072922568
1327,1327,-0.027948204846,-2.47728584056
1328,1328,0.254300739651,-2.30313305143
1329,1329,2.43529528605,0.0496339045565
1330,1330,0.104326654656,2.76928285716
1331,1331,0.872188865965,-1.98621625052
1332,1332,1.71402711538,0.697986767773
1333,1333,0.309534197472,-2.1281088063
1334,1334,0.114314536302,1.93062765394
1335,1335,0.544484430105,2.21883121129
1336,1336,1.13328620066,2.07769120835
1337,1337,0.033333973658,2.01619440059
1338,1338,1.72822379425,1.30571303842
1339,1339,0.101757640414,2.71310619944
1340,1340,1.19993478735,1.33783148327
1341,1341,1.03740979957,1.25007011623
1342,1342,1.37489402586,1.42561555496
1343,1343,-0.302721446413,-2.6270022896
1344,1344,0.29322696028,-1.96746288285
1345,1345,1.4334613816,0.691430394032
1346,1346,-0.0228312125604,1.68009001069
1347,1347,1.59265788673,0.405269606023
1348,1348,0.833035150096,1.69315929715
1349,1349,0.227424327988,2.26063607988
1350,1350,-1.44266994119,-2.0737092358
1351,1351,1.76391952653,0.833756872314
1352,1352,-0.919841461855,-1.01016828168
1353,1353,0.110941380118,-2.25697075963
1354,1354,0.326146886948,1.82019140979
1355,1355,1.33727598475,1.10393728086
1356,1356,2.15096839243,0.564308938283
1357,1357,0.829116496505,1.54841653223
1358,1358,0.728476155296,1.63002930203
1359,1359,0.909912872652,0.714833675907
1360,1360,1.82878938288,0.608926649939
1361,1361,0.432066368981,0.407061067143
1362,1362,-0.708528458329,-1.70150456085
1363,1363,-0.260017712016,-1.89454664789
1364,1364,1.72484186672,0.1934002688
1365,1365,1.63667098933,-0.592200121463
1366,1366,2.97081108885,0.625710257718
1367,1367,-0.378816484316,1.12712586472
1368,1368,0.232463478038,2.38154115924
1369,1369,0.170915709152,-2.06823236074
1370,1370,0.738936259817,2.23399846105
1371,1371,2.82479430764,-0.014190902281
1372,1372,1.80902050756,0.618395589219
1373,1373,-0.176138652444,1.83261533341
1374,1374,1.67911172051,0.508982150798
1375,1375,1.75618513596,1.67983935366
1376,1376,0.59864019122,1.20665494294
1377,1377,-1.15866008769,-1.29817178526
1378,1378,0.27372056616,-1.81643574816
1379,1379,1.44551656236,1.24820897094
1380,1380,0.123995556083,2.39603955154
1381,1381,0.789279826834,1.59222936012
1382,1382,0.084487280317,-3.21190503472
1383,1383,-0.456391596087,2.53225352102
1384,1384,1.92951680027,1.22032142606
1385,1385,2.50617677011,0.447726870208
1386,1386,1.2344445349,0.848236103789
1387,1387,1.77419369584,1.40491716742
1388,1388,3.19910765457,0.827343362668
1389,1389,1.74855372997,1.3334666905
1390,1390,0.111666548023,2.49167087193
1391,1391,0.0710776309875,2.18954201091
1392,1392,0.487985057846,-2.50215541368
1393,1393,0.671929609913,0.5028802992
1394,1394,0.814720209506,0.166558551743
1395,1395,2.58438068178,-0.403796931066
1396,1396,2.64090167036,0.813370819507
1397,1397,1.44504388241,-2.37802653823
1398,1398,0.630142141601,2.04110074969
1399,1399,-0.0792382689476,-1.88882634382
1400,1400,0.876773099415,-0.0364709003781
1401,1401,-1.65058916218,-1.28313947068
1402,1402,-0.1377430784,2.36542239697
1403,1403,1.08893651019,0.11088498596
1404,1404,0.0339809218712,2.27194773814
1405,1405,0.940979987657,1.18398876811
1406,1406,-0.0876709396375,3.31447377588
1407,1407,0.0329765204191,2.87884030928
1408,1408,-0.160964199342,2.10317874224
1409,1409,0.365071650789,3.11715959779
1410,1410,0.159089730587,2.13846193354
1411,1411,-0.0982236080277,2.31285438669
1412,1412,-0.301154950492,3.0317344182
1413,1413,-0.0484519977369,2.08990163055
1414,1414,-0.0817695119106,2.95711627555
1415,1415,1.06040054174,3.02715009761
1416,1416,-0.1078543462,3.45230701934
1417,1417,2.09900937672,0.362162032121
1418,1418,-0.227359126773,2.5470592682
1419,1419,0.925482560258,0.346059249348
1420,1420,-1.1770612605,-1.19238408863
1421,1421,0.160749771796,0.117504802434
1422,1422,0.858404483563,0.0817268028321
1423,1423,2.0497799257,0.119036935387
1424,1424,-0.157679837363,-2.98147349929
1425,1425,0.418219893658,1.54669262502
1426,1426,0.127551338279,0.56543984325
1427,1427,3.2705260125,0.589015607013
1428,1428,3.90646257748,-0.891185349468
1429,1429,2.25994266049,-0.128602772119
1430,1430,1.82618876645,0.751196603178
1431,1431,2.23929801973,0.282681159373
1432,1432,2.57373385439,0.236156204677
1433,1433,2.06006036318,-0.156777850878
1434,1434,0.930856718669,1.01754986573
1435,1435,1.35139748586,1.06286143107
1436,1436,0.248129761685,-2.78819602897
1437,1437,2.07890048991,0.353766945787
1438,1438,-0.282432314805,1.59516117334
1439,1439,1.27941389266,2.15890505365
1440,1440,0.881140886929,1.93996415071
1441,1441,0.178321649084,0.564930798928
1442,1442,0.395333071824,1.90206743271
1443,1443,0.591102696794,-2.36954285051
1444,1444,1.8719604098,2.11815526595
1445,1445,0.98038132569,1.83754580409
