,vote,alpha,beta
0,0,-0.0250193422107,2.3948860897
1,1,-0.698636185469,-2.59032851668
2,2,3.06188917691,-0.00958138325485
3,3,2.64080075757,-0.160860728835
4,4,1.05445254083,-1.66685003414
5,5,3.57114231032,-0.190006474846
6,6,2.34676638093,0.483097871602
7,7,2.34958430409,0.821662439634
8,8,0.0312493672203,-1.98472631827
9,9,1.35781838637,-1.41519644304
10,10,2.54588532861,0.0449586361168
11,11,3.03102433388,-0.0931904600339
12,12,2.20472568947,-0.110173197487
13,13,2.78820044958,0.278795478936
14,14,3.19568160594,0.504789997134
15,15,2.24930308941,0.242829880097
16,16,0.101528300508,2.46595841203
17,17,0.532207742696,-0.612763121825
18,18,2.82502157883,0.468736460364
19,19,2.57144042206,-0.0597003587698
20,20,1.61135323102,-0.754541629798
21,21,0.360469425918,-3.27976053382
22,22,-0.150475701034,-2.43420407214
23,23,3.5519554415,-0.25576110686
24,24,0.785985139688,-2.53236703705
25,25,1.32047143392,-0.255281865168
26,26,-0.840191639455,-0.0232037145437
27,27,-0.0913415328773,2.8472234147
28,28,2.57078270866,-0.197676611356
29,29,2.47695551267,0.42532920577
30,30,2.89766858169,0.102432950008
31,31,2.73007767434,0.457077271998
32,32,-0.100485563979,-2.45288610025
33,33,-0.15189750955,-3.56595975256
34,34,1.4631138016,-0.427962518237
35,35,-0.359464652616,2.4127241698
36,36,-0.701578235347,-2.70493700924
37,37,0.114790870348,-2.29012160827
38,38,0.393818470621,-2.9891454246
39,39,-0.896014810743,-1.43286281945
40,40,2.31179530452,-1.66509537244
41,41,0.36186600159,3.13156273451
42,42,-0.374411994164,-2.39972767424
43,43,2.40754338061,0.288891680754
44,44,3.37994154832,-0.492490786484
45,45,3.41342231258,-0.349929059716
46,46,2.53267277177,0.226869231992
47,47,2.19422164196,-0.282285689958
48,48,2.74370012991,0.609257832188
49,49,2.50656614272,2.07444251933
50,50,-0.0751250174783,-2.71008382307
51,51,0.0755904439958,-2.47517420622
52,52,-0.574187245142,3.32779105349
53,53,-0.333638937387,-2.98142245922
54,54,0.0458629871657,-2.94398428662
55,55,-0.0182273191475,-2.41261386291
56,56,0.855907908455,-2.52721521761
57,57,-0.803229354661,2.12625819568
58,58,0.451660837481,3.46851883777
59,59,-0.508099516581,-1.94624028719
60,60,0.719652081437,-2.20991872964
61,61,2.28999512693,0.225628577893
62,62,2.24143871682,0.165639872694
63,63,2.93291680294,-0.126058695897
64,64,2.67015825345,-0.516421541741
65,65,2.62748338852,-0.453302360689
66,66,-0.21154636773,-2.53414513903
67,67,0.529511326648,-2.20554237749
68,68,1.08641790831,-2.26734844742
69,69,-0.498812942482,-1.69823179164
70,70,-1.21814743451,1.61722918738
71,71,-0.733592556328,2.25893381057
72,72,-1.02174700826,2.30496352209
73,73,-1.29723578715,2.6805483809
74,74,-0.779221588087,2.3414235229
75,75,-0.849692344056,2.33083270243
76,76,-0.641456819115,2.30440898189
77,77,-0.721536133273,1.43029165577
78,78,-0.0578058940449,2.83543220663
79,79,1.07798632972,-2.55408180477
80,80,-1.02556232208,-2.21376361975
81,81,-0.424965068018,-3.25141525621
82,82,0.553206569179,-3.59653045556
83,83,0.0669316368411,2.57758985345
84,84,-0.33657774518,-1.89070812334
85,85,3.22222183589,0.419432684288
86,86,2.40760285954,-0.651716883609
87,87,0.0292236324197,-3.4130058336
88,88,-0.414673712299,-2.85090809884
89,89,-0.619650502516,-0.825464967375
90,90,0.301240045933,-0.433096527124
91,91,-0.0827835651614,-1.96898437328
92,92,-0.939343008175,2.0377404946
93,93,-1.19619158285,-2.09252573017
94,94,0.412224669896,3.0087719318
95,95,2.00769247993,-0.345742223546
96,96,-1.23377598367,2.13191438192
97,97,-0.453551625177,1.84452088123
98,98,-0.429815908881,0.235893672456
99,99,-0.381052735512,1.86857223648
100,100,-0.242978691109,1.68264426164
101,101,-0.816355606641,0.450412686136
102,102,-0.104115534892,-1.7631537212
103,103,-0.800487886597,1.77542160476
104,104,-0.420831898177,-0.863203022211
105,105,-1.08750630088,-0.100172325073
106,106,0.936892596251,0.981778424102
107,107,0.296394695551,-1.3770682951
108,108,-0.350051616891,0.452872693974
109,109,-0.381688567473,0.450772940855
110,110,1.5671272537,1.56941592352
111,111,-0.00683707140917,-2.08346621285
112,112,-0.421293354193,-1.51105951578
113,113,-0.554193110293,-2.08352106239
114,114,0.449906887455,3.03733686457
115,115,0.377275835879,-1.38208831933
116,116,2.98790627041,-0.0989372198266
117,117,2.81295363915,-0.126469945844
118,118,0.339856845593,-2.18519445682
119,119,2.02153093145,-0.488658940685
120,120,2.44262815953,-0.0364840802522
121,121,-0.534745588942,2.80938258785
122,122,1.28321858862,-1.3479413211
123,123,2.75678009122,0.205644157492
124,124,0.865872666909,1.75107888549
125,125,0.680633784754,-2.9165707212
126,126,0.222703326851,-2.90045404572
127,127,-0.883324400945,0.700950580456
128,128,0.124592504562,-2.09531512106
129,129,-0.210410549416,-1.19035373107
130,130,-1.03771148986,-1.58541752108
131,131,0.882097753675,0.704672487401
132,132,-0.498637633226,-1.79653494348
133,133,0.204028768279,1.33053692122
134,134,0.531113183062,-2.34608526367
135,135,1.39139243085,2.20454576237
136,136,-1.99311910515,1.31163236752
137,137,-0.509951329076,0.600157403212
138,138,-1.34203867668,0.868317868913
139,139,-0.0376735407819,2.35657978151
140,140,-0.607840763591,0.107138855372
141,141,-0.855508576276,0.500996124151
142,142,0.364178701624,-1.99370369419
143,143,-0.775164418284,1.86114913063
144,144,-1.60362853694,2.18609723946
145,145,-0.811975205003,1.27930634207
146,146,2.05335656267,0.899527110662
147,147,-0.271260434222,1.20490294448
148,148,2.84726926466,0.371432026908
149,149,2.78542916121,0.223703118948
150,150,0.294627259372,2.90846581219
151,151,0.796497626018,-0.656345433073
152,152,2.60986612122,-0.139136975677
153,153,2.61287959794,0.018211924052
154,154,2.91995417478,0.398401530871
155,155,0.184608901783,-2.87879504194
156,156,0.0684593333237,-2.22505036102
157,157,3.40920085842,-0.14658227575
158,158,0.0131886304025,-2.13488832398
159,159,2.08388414373,0.702350804078
160,160,0.426696331349,-2.4844129058
161,161,0.481644250476,-1.7902187618
162,162,-0.450002444401,2.37326014472
163,163,0.32051595631,-0.430196255182
164,164,-1.24676409267,-1.16248284681
165,165,-0.478652606014,1.56902530819
166,166,0.169529604335,-2.97932911668
167,167,-0.86385840526,1.60263943589
168,168,1.3703123314,1.66521112572
169,169,-0.139918071878,0.034333298198
170,170,-0.872629966946,-0.696798100982
171,171,-1.57492150562,-1.27994111968
172,172,-0.94784222544,0.963223537135
173,173,-1.37194479457,-0.880118532108
174,174,-1.19205591042,-2.23436802723
175,175,0.1983333044,1.4771223684
176,176,0.319732753595,0.810076466427
177,177,0.0576417407857,-2.34154554284
178,178,0.114184915194,1.23822044798
179,179,-0.335550662436,-1.29193447768
180,180,-1.48674083401,-2.01849248238
181,181,0.928623046586,-0.326925527297
182,182,-0.422937342997,-1.20213687559
183,183,0.177309126131,1.04251582108
184,184,-0.0581190936123,0.417967051329
185,185,-0.310713804392,0.312617386131
186,186,0.500437973499,-0.381011052902
187,187,0.0604551858769,-0.469167593883
188,188,-0.123325869868,-0.650098442312
189,189,-0.0187392589125,-0.225925452729
190,190,0.00571441121521,0.323046229071
191,191,-1.69015820639,-2.36413121822
192,192,-0.560685906939,-2.70656919263
193,193,0.0774280922432,2.99502206438
194,194,-0.283952786627,-0.851228866294
195,195,2.33268948374,-0.0270233975657
196,196,2.29522208281,0.254615233392
197,197,0.0626672988553,-2.80154769874
198,198,-0.639851224361,1.2078104271
199,199,0.247909832804,-2.5237977749
200,200,0.357281251263,1.63130779905
201,201,-0.259493400998,2.62045241752
202,202,0.936946323437,-2.02655727042
203,203,2.72411839224,0.189727209573
204,204,-0.0855179995998,2.37878272716
205,205,0.712112777369,-2.27674549437
206,206,0.189652446863,-1.23450856697
207,207,0.245175672477,-1.84169988135
208,208,-0.356792373377,1.81495286155
209,209,-0.0295934564263,-2.39189833298
210,210,0.563125928804,-0.660019871297
211,211,-0.517499151144,-2.46011578902
212,212,0.222896726126,1.68875398451
213,213,-0.937786796856,2.08907326646
214,214,-0.0163688042406,3.21207421397
215,215,0.456232024356,-1.90813480571
216,216,2.0162378007,-0.784174055259
217,217,1.97629334408,-1.53391169645
218,218,2.73415379974,-0.165065439063
219,219,-0.141317247036,-2.50993902961
220,220,0.413355736418,-2.08992482979
221,221,1.79580299004,0.661633014388
222,222,-0.303098300137,2.56560469476
223,223,-0.293742419744,2.07589987109
224,224,-1.15966907274,1.53018213896
225,225,-0.398443477775,0.194178085874
226,226,-2.06642710929,-2.46524372385
227,227,-0.660201578203,1.81440729818
228,228,-1.59464404189,-2.05520633852
229,229,0.411057808787,2.05286681004
230,230,-1.46758123792,-1.47607987987
231,231,1.62597912956,0.750274940606
232,232,0.189241716436,1.7090346051
233,233,-0.699001759142,1.72560604156
234,234,-0.741577201477,1.86040377547
235,235,-0.928634328246,1.74342393093
236,236,-0.573716531813,1.45987224659
237,237,-1.41879635623,0.837471652296
238,238,-1.054786016,1.69613295108
239,239,-0.856195600347,1.31447135798
240,240,-0.773331296671,1.3998240716
241,241,-1.32229847251,1.91493300963
242,242,0.32741802985,-2.50013316382
243,243,-1.39874222492,-2.14706763948
244,244,-0.393951668171,1.98799818008
245,245,-0.113172450271,0.953723355735
246,246,-1.18076270123,-0.805428920451
247,247,-0.201327070243,1.06901907001
248,248,-0.690717775319,0.294469033793
249,249,-0.540183577187,0.313326220449
250,250,-1.15397610707,0.884354834867
251,251,0.420058354262,1.28908304905
252,252,-1.59117878129,-1.21231929079
253,253,0.227824115022,-2.55782461911
254,254,0.424334051391,-2.04153308046
255,255,-0.710193574365,1.5387448836
256,256,-0.470654467478,0.741673360252
257,257,-1.18418800795,-1.41232096032
258,258,-0.239763096668,2.17336130067
259,259,-0.0416303547774,-1.89431308442
260,260,-0.418070497566,-2.65644814567
261,261,-0.398976721433,-3.286016138
262,262,-0.258916485734,2.14906690055
263,263,-0.235269356091,-2.3963780511
264,264,0.183259001015,-2.57404037351
265,265,-0.302811188612,3.01183706034
266,266,-0.388945175783,-1.87686430762
267,267,3.0512681606,-0.216811495102
268,268,3.6257370965,0.260791060021
269,269,3.29134932173,0.201359204959
270,270,0.495002564343,-3.38654404431
271,271,0.45865407921,-2.60829374429
272,272,-0.976726868047,0.267834245425
273,273,-0.367136643789,2.95502481786
274,274,1.38766220071,-2.32006570462
275,275,0.0507375033678,2.36772677664
276,276,0.792000172451,-1.99447820435
277,277,0.322092547949,-2.44547677878
278,278,0.297632148329,-2.47106075305
279,279,1.10887159277,1.64704026305
280,280,0.533811147344,-2.44888709693
281,281,-0.0149000031992,-1.85018324452
282,282,0.265923160003,3.17485678928
283,283,-0.647803318455,-2.93025684836
284,284,-0.478418820843,2.14450222724
285,285,0.327504609244,2.54715083398
286,286,0.0461000670962,2.80616438184
287,287,-1.36108258721,-3.01725513663
288,288,2.14870217045,-0.162457258679
289,289,3.26014702741,0.349162407343
290,290,0.134233195849,-2.91641845336
291,291,-0.390327464401,-2.64230181454
292,292,-1.5643899131,0.656926514887
293,293,1.0983635675,-2.27012680118
294,294,-0.484669886276,1.5113196444
295,295,-0.904193297086,1.27333768371
296,296,-1.83058149606,0.960069575942
297,297,-1.19665768749,-0.858661453632
298,298,-0.652373051636,1.59701634253
299,299,-0.516598243967,1.6750653117
300,300,-0.206066559007,-0.434504333717
301,301,0.474768489057,0.0842821665761
302,302,-0.159785610438,0.480903365972
303,303,0.170234831913,0.240970736008
304,304,1.22299264781,-0.682067654549
305,305,1.04562701524,0.313683859715
306,306,-0.443281261109,0.407204234676
307,307,0.707187109601,-1.84760699104
308,308,0.98933767699,-0.274861928834
309,309,0.755262704986,-2.22317128186
310,310,1.08268270079,0.624289574311
311,311,-1.31167656386,1.24495220645
312,312,-1.44147991442,1.88681976123
313,313,-0.0748777443987,-0.460744428128
314,314,0.132098063092,-3.03910247232
315,315,0.226583696912,-2.91804162221
316,316,2.49619270077,-0.216935094079
317,317,0.846482460509,-2.7379236421
318,318,-0.0927799288574,0.27164841444
319,319,0.436627095566,-1.95999138231
320,320,0.176874200094,1.07239892344
321,321,-0.598122160486,-0.777007079406
322,322,1.0028701493,-2.24268449888
323,323,0.302745051875,0.248914175518
324,324,1.09338494019,1.28711047088
325,325,-0.524134253166,1.60955592092
326,326,-0.102866725268,1.82395949403
327,327,0.319960778479,-3.03836134673
328,328,-0.174578625743,0.962549489025
329,329,2.77599258596,-0.676397573659
330,330,-0.0717942314564,0.170239729785
331,331,-0.252370509874,1.99006780157
332,332,0.907363606901,-0.977206894282
333,333,-0.495085220163,2.65036483979
334,334,-0.774530299588,1.95561852868
335,335,0.130693252775,3.31841188545
336,336,0.997954892714,-1.74504488449
337,337,1.75296825438,1.48621309635
338,338,0.239255641574,-2.38468578551
339,339,0.210764542759,0.627257492409
340,340,-0.140549368794,-0.436189681702
341,341,-0.506497303985,-0.892339194094
342,342,-0.814388128174,1.232440115
343,343,-0.907096287448,0.835549837332
344,344,-1.14095426877,1.03083958322
345,345,1.60436585412,-0.41996205279
346,346,1.94771874425,-0.485471771421
347,347,-0.346167612344,2.59900844223
348,348,-0.756063735147,2.83614771258
349,349,0.0393846952451,-2.36418429227
350,350,0.67182176506,-1.71188519875
351,351,0.148310912532,2.66995401245
352,352,0.620771852225,-2.39813475617
353,353,-0.0633707343979,-2.59367755589
354,354,0.00453489245464,-2.33707125479
355,355,2.16464940188,-0.0422946521206
356,356,0.533064326086,-2.08541365875
357,357,0.874972465942,-2.93027075391
358,358,0.14405729656,-2.47748359063
359,359,1.56373798739,-2.29897448381
360,360,0.757532837168,-1.31801798924
361,361,-0.232067840192,2.16774672575
362,362,-0.321555291871,1.90360435456
363,363,0.0806656243992,2.52695550079
364,364,-0.156533459786,2.87568620643
365,365,-0.523840967309,2.70053010943
366,366,0.352790247417,-2.31437847202
367,367,-0.329767609008,2.77905451932
368,368,0.0423450022717,-2.6391329632
369,369,2.9056830593,1.44843917972
370,370,3.17350146402,-0.444426696668
371,371,2.44055101385,-0.0527400490079
372,372,2.48304405875,0.573203272708
373,373,2.0774668875,0.362283094597
374,374,2.21415286432,0.107849969109
375,375,2.69620998813,0.193815953663
376,376,2.56319265057,0.254879286065
377,377,2.42321986782,0.265674071737
378,378,-0.105737928309,-2.78372546384
379,379,0.13609209864,-2.47860023666
380,380,0.237070390519,-2.94172877743
381,381,2.52410724504,0.346634827934
382,382,3.16167786797,0.538607667848
383,383,2.32349420082,0.950891100193
384,384,-0.037036133473,-2.78728151892
385,385,0.341835541593,-2.54022939556
386,386,1.73889986207,0.571303402555
387,387,-0.520215026837,2.4286942547
388,388,-0.489899993806,2.1933107613
389,389,-0.514218347942,2.46454649239
390,390,-0.334352049031,2.92762085068
391,391,3.49419320056,-0.376177264356
392,392,-0.00792225381154,2.5327730522
393,393,0.374997919219,-1.8463247685
394,394,0.0432847509386,-2.80279739295
395,395,0.343794953756,-2.86782372599
396,396,0.11889275145,-2.68143076031
397,397,0.118715624412,2.50617994664
398,398,-0.525240598621,-2.41683045653
399,399,0.308378769036,3.10858934449
400,400,0.550653723623,-2.9444873003
401,401,-0.395618460616,-2.10273522027
402,402,0.605157125616,-1.78943566267
403,403,0.712778875945,-1.92248162252
404,404,0.0901771858803,2.62052405012
405,405,1.0863541725,-2.38600833048
406,406,1.01126023969,-0.784788832329
407,407,2.58522306888,0.0294522460861
408,408,3.05202873131,-0.108097344381
409,409,2.53091218745,-0.171199660991
410,410,-0.248401162212,1.94902189318
411,411,2.78907656307,0.261403228773
412,412,0.480644161461,2.58038495931
413,413,2.8795204985,0.120998376508
414,414,2.18239272425,0.101296217981
415,415,0.030051291959,-2.47187579829
416,416,0.0753227306516,-2.39130512519
417,417,0.328003383494,-3.22132233171
418,418,2.24668151871,-0.0884231006617
419,419,1.0847027701,-2.45702112928
420,420,-0.27891134279,-3.02033900211
421,421,2.42522605886,0.0306944002146
422,422,-0.0224656946019,2.94949409158
423,423,1.76323541838,0.521094088878
424,424,-0.331307018861,-2.68477435412
425,425,-0.311811075673,-2.21673306509
426,426,2.30623879377,1.30378288721
427,427,-0.0471171539295,-1.69636116388
428,428,-0.0517837710068,-2.0062682206
429,429,1.43270439326,-2.4311095901
430,430,1.17742454923,-1.72507522583
431,431,1.09340120953,-2.08119742272
432,432,-0.198000999344,-2.28853027327
433,433,0.183888746073,-2.53207436959
434,434,-0.229536632416,-3.2613236359
435,435,-0.179366834493,-2.83313520173
436,436,0.837076382401,-2.24650597117
437,437,0.842614185257,-1.81703926362
438,438,0.103391828827,-3.21232896403
439,439,1.58511262263,-2.21316054342
440,440,-0.108848598226,-2.72186433294
441,441,1.03904473656,-2.03629246923
442,442,-0.269667010672,-2.73162449373
443,443,2.30799755679,0.463072548227
444,444,0.663676324535,-2.31053982786
445,445,-0.0434514789254,-2.53952096241
446,446,1.00022233681,-2.23508118087
447,447,0.26177190922,-3.07920965803
448,448,0.817706855675,-2.24363204115
449,449,3.65866482367,-0.0563599937516
450,450,3.04010865892,0.0558656553436
451,451,-0.502781771871,-3.29017220962
452,452,1.00490492889,-2.1802003111
453,453,-0.372996573228,-2.83790065897
454,454,1.05819707075,-2.07810542259
455,455,-0.140812269138,-2.82034836294
456,456,-0.0791117415902,-2.63680221156
457,457,-0.235430414707,-2.85152205581
458,458,-0.323827404546,-2.48616268139
459,459,3.06603571861,-0.446934931059
460,460,0.181069150043,-2.83967627103
461,461,1.38594978198,-2.50312183175
462,462,2.88537129901,-0.0261167175143
463,463,0.201662038074,-2.57903130982
464,464,-0.905994586484,-1.4724473957
465,465,0.79712004287,-1.86112599644
466,466,0.0742424932671,-3.38334789616
467,467,1.02357706965,-2.55348442838
468,468,0.178461691544,-2.40152039901
469,469,0.384662517463,-2.39715714617
470,470,-0.0540427618541,-0.259463401931
471,471,0.737767182652,2.58289002834
472,472,-0.34000010347,-2.73229934802
473,473,1.25836111712,-2.3823302694
474,474,-0.543713047297,1.49896774238
475,475,1.86929759155,2.0298739029
476,476,2.07509530796,2.39114095687
477,477,2.48881727868,0.385708189416
478,478,3.81026626818,-0.161203496675
479,479,-0.0513059929357,-2.50055239684
480,480,1.18788267735,-1.5812096609
481,481,-0.471595135917,2.17743156894
482,482,0.115303969661,-1.85008198939
483,483,-0.928093096685,1.06364038421
484,484,0.183677228794,-0.0443614511523
485,485,1.76925662087,0.641047475944
486,486,2.50851224555,-0.11447672396
487,487,2.70725530396,0.284947368842
488,488,2.66000369823,-0.107210555591
489,489,0.0314768826272,-3.24243479396
490,490,0.663446729666,-2.808647508
491,491,-0.724394777893,2.29395976464
492,492,0.1191003727,3.5559582486
493,493,1.37308536327,-2.08194403437
494,494,0.0107724988225,2.74005927259
495,495,1.42495262102,-1.42392272257
496,496,2.70408694975,-1.2646450584
497,497,0.0532711324538,-2.66419453466
498,498,2.51318759772,0.081628985038
499,499,2.32819118816,-0.304293324187
500,500,-0.113785236395,-3.59548401121
501,501,-0.263830991723,-3.52428286995
502,502,0.24164039373,2.20451740355
503,503,-0.529943727376,2.72811898735
504,504,-0.198655785738,3.15803986509
505,505,0.294693372679,3.20096231884
506,506,-0.042122224839,-1.7822446401
507,507,2.81337861078,0.968896514538
508,508,0.187523722968,2.83769643442
509,509,-0.225414340147,-3.24622774403
510,510,2.72249136591,2.06848822051
511,511,0.154982639999,-3.77358331202
512,512,0.0678868907799,-2.43979531142
513,513,0.304478174649,-3.27241128314
514,514,-0.325920580096,2.25947781146
515,515,1.05474147968,-1.9440316208
516,516,2.1657581083,-0.0659092051116
517,517,3.16105306477,-0.544679676204
518,518,-0.380190672979,-3.16382321348
519,519,0.256210487304,-2.52051476788
520,520,-0.233831667825,-2.98910147745
521,521,-0.255096134771,-2.72822931361
522,522,0.397729073831,-2.65345836923
523,523,0.188098549465,2.60575717854
524,524,-0.314479234111,3.12034986001
525,525,0.0277110865166,2.29869595476
526,526,0.551859007364,2.3404194303
527,527,-0.037292837216,2.44403156255
528,528,-0.538255148636,2.75011961972
529,529,-0.283792840322,-2.58290816186
530,530,-0.381769185361,-1.71069230767
531,531,0.7117012307,-2.35681048742
532,532,-0.0558128200339,2.52638844697
533,533,-1.42223991777,1.64603159885
534,534,-0.451498395863,2.21646492765
535,535,0.444918167762,-1.94215329576
536,536,-0.189144386133,2.09676655681
537,537,-0.479104898336,2.72567429823
538,538,-0.489284359772,2.0594846479
539,539,-0.795350108189,2.06542750483
540,540,-0.876225597649,2.54076173453
541,541,-0.567448682886,3.17985535274
542,542,-0.89837532917,2.95795099623
543,543,1.00090739407,-2.03962554648
544,544,2.12579294252,0.705494207951
545,545,2.5817796762,0.238169734136
546,546,2.85614842978,0.441070932924
547,547,2.91093068228,-0.1087876741
548,548,2.37101615525,0.331869236218
549,549,0.137707267677,-2.73781811919
550,550,1.11503183974,-2.43343169175
551,551,0.657460644355,-1.0377793638
552,552,-0.684510990913,2.16653134394
553,553,-0.424262063179,1.92140227285
554,554,1.10410166683,-1.98522210469
555,555,1.49576386047,-0.847855766941
556,556,0.101544306788,1.1060400653
557,557,-0.567621581345,0.351534042478
558,558,-0.663709388791,0.9874400224
559,559,0.450048899008,0.721804609595
560,560,-0.524994047068,1.36063780388
561,561,0.824657786871,-0.323534517588
562,562,2.17898444624,0.543611829166
563,563,2.55680425812,0.276650175272
564,564,2.90925977349,-0.328940414279
565,565,1.73792813381,-1.56970191103
566,566,3.28235625474,0.426678425022
567,567,2.81139853836,-0.233378362934
568,568,2.88454251912,0.322619414793
569,569,2.76056112098,-0.159584294933
570,570,-0.121020966752,-2.5774124353
571,571,-0.234931499549,-3.47257509319
572,572,0.306459197766,-3.2906869391
573,573,0.818665649497,0.0691474230796
574,574,1.06728431476,-0.397073373759
575,575,0.25998793587,-2.01380547517
576,576,0.364668094084,2.68804541402
577,577,0.461990517064,-1.92668418205
578,578,2.91802699698,2.13634509051
579,579,-0.103034542424,-2.91555181381
580,580,0.440056054495,-3.11136599435
581,581,-0.110736709238,2.65891103189
582,582,-0.157895826049,2.43062034371
583,583,-0.0857382866732,-1.77379332258
584,584,3.10286175263,0.258108258617
585,585,2.40733954943,0.133448604599
586,586,-0.19086703858,-3.55609877429
587,587,2.773256645,-0.187698085137
588,588,0.278502572006,-2.61403495462
589,589,0.743039387342,-1.08884225449
590,590,-1.91419742892,2.82966871573
591,591,-1.61141242801,1.60670111108
592,592,-1.97005632473,1.48500685743
593,593,-2.36697250032,-2.06518991962
594,594,-1.24628347072,2.08316943115
595,595,-0.607239831132,-2.4082974521
596,596,0.761313198964,-0.529206121824
597,597,2.24025321304,-0.233301615833
598,598,1.73892526863,1.8417790976
599,599,0.408091740192,-2.41523662539
600,600,-0.279207171778,2.93899637298
601,601,-0.0847151373956,2.77682910149
602,602,2.17229518069,-0.444148549539
603,603,0.0572462056473,-3.04445612454
604,604,0.046409232558,-3.27421629271
605,605,0.92986289656,0.369652157265
606,606,0.543739754829,2.82122480772
607,607,1.14084688782,-1.83300008672
608,608,-0.875125309177,1.06853156533
609,609,1.41499479524,-1.97791056013
610,610,-1.34186604549,2.36944860349
611,611,1.78837274178,-1.71012252325
612,612,1.84391438391,0.28900913027
613,613,0.786373114266,0.507462423748
614,614,0.764844431247,1.25189796345
615,615,0.884770333176,0.507071444495
616,616,0.494156661213,0.846828630322
617,617,0.851008452824,0.335933745881
618,618,0.571303489141,0.54454247221
619,619,1.15770064787,-2.02784447715
620,620,0.889797241143,1.66276111101
621,621,2.40716769215,0.46211315551
622,622,1.0629971233,-1.77881917151
623,623,1.60206743682,0.798297301939
624,624,0.832649532194,1.80628837835
625,625,-0.196442446387,-0.853216047451
626,626,-0.216554871326,-0.661614414538
627,627,1.01500205696,1.5790214467
628,628,1.70792565953,0.839537946491
629,629,1.79134350385,0.457717633931
630,630,-0.994805752535,-1.58759390979
631,631,-0.88539656007,-2.31135887857
632,632,-1.54128099127,1.21053655088
633,633,-0.716876205644,-1.39760310826
634,634,2.87958612228,0.0615467264329
635,635,0.00529503922103,-0.0446201315605
636,636,-1.09545223517,0.788879548087
637,637,-0.375969410493,0.414597326083
638,638,2.45254765921,0.763915702511
639,639,0.153216642147,0.34887229729
640,640,-0.906082442395,-1.71717796728
641,641,0.952408229823,0.636330515018
642,642,1.20860820399,0.903731731324
643,643,-0.531359193217,-1.09756605472
644,644,-0.607974791681,2.02134525716
645,645,0.112765269555,1.15114381035
646,646,0.692339150461,0.822419005544
647,647,1.83530365458,1.20300865884
648,648,2.31831047807,1.33686447673
649,649,0.847538114901,2.03223847411
650,650,2.36783943771,0.970902578954
651,651,-0.482491489228,-1.43849681343
652,652,-1.02202624479,-1.774177561
653,653,2.2421822036,0.371326691571
654,654,1.60734360219,2.3039600461
655,655,0.861714175737,0.716996746924
656,656,-0.81533044336,-1.80120257827
657,657,1.48299108238,0.649012657236
658,658,0.23506873659,1.40664089983
659,659,2.59469958063,0.60200002921
660,660,1.87524577804,1.99765624674
661,661,2.74690555331,2.44738298102
662,662,2.42168458181,2.51414044045
663,663,1.69784553397,1.66390408054
664,664,1.50810238566,1.87145279823
665,665,1.65374744498,1.92710805592
666,666,1.77292911523,1.92449970274
667,667,0.545250449077,-3.28414838325
668,668,-0.457182094833,1.85339782753
669,669,1.51590375937,1.27389518719
670,670,-0.148742231037,-1.63378992014
671,671,0.790681637762,1.07497426816
672,672,2.27058439429,-0.222557215406
673,673,-0.876188577103,1.76515182082
674,674,-2.05143357547,1.76530443554
675,675,1.54411628012,-0.705341084368
676,676,0.15378826694,1.85930395431
677,677,1.7872064916,1.50911429128
678,678,2.86809082892,1.7759308303
679,679,0.114485335814,2.57917465835
680,680,1.6169211329,0.623869308703
681,681,2.03607089787,0.222174765069
682,682,2.36246258475,-0.277451234195
683,683,1.29908016612,1.28808206105
684,684,1.55258699763,1.57560601906
685,685,0.202915290861,2.55235687152
686,686,0.36319339448,3.01244125979
687,687,-0.199927845181,2.10622566256
688,688,-0.00476126216865,2.07506953393
689,689,-0.131178342207,2.17452991086
690,690,-0.281118409249,2.30636494228
691,691,2.80605463315,1.68001283394
692,692,1.95109444291,1.59133782275
693,693,-0.593987735084,-2.68381673808
694,694,1.81798784307,2.01784312273
695,695,0.185634637896,-1.90207346818
696,696,0.935336976994,1.98809359835
697,697,1.39500487372,1.87085469438
698,698,2.09329135458,0.509356426534
699,699,2.45969347377,0.306605931065
700,700,-0.402807180754,-1.81849231955
701,701,-0.353638616295,1.12300102027
702,702,-0.553651217653,2.2527179146
703,703,-0.0679041333248,1.80981243108
704,704,-0.510755600369,-1.22360475483
705,705,-0.082776500363,1.85032768185
706,706,1.34471413314,1.61803574128
707,707,-0.752334619434,-1.86872741723
708,708,1.21740666479,2.11688854333
709,709,0.706479412689,0.926515697382
710,710,0.0781205911312,-2.35569020986
711,711,1.13775637984,0.501454538527
712,712,0.103495383766,-0.491260865477
713,713,-1.25644791484,-1.75910430223
714,714,0.350162854564,-2.14583304178
715,715,-0.720003295654,1.86924294882
716,716,0.607064275675,3.02910843314
717,717,-0.311655536884,-2.20725527615
718,718,0.987307415305,1.45591564852
719,719,0.0374423733961,-1.75709422407
720,720,1.14501949529,1.8282958399
721,721,-0.206864551012,-1.09046462289
722,722,-0.601514148129,-1.29420348142
723,723,1.12674740697,1.33545189869
724,724,0.92517308986,1.52409261279
725,725,0.887810745064,0.602577551603
726,726,-0.149913151682,-2.29959258594
727,727,-0.32922443153,-1.18117690996
728,728,1.561118554,-0.860445867148
729,729,1.88368760469,0.405542448668
730,730,-0.425171822473,-2.68742475209
731,731,0.0842596759784,-3.07631383837
732,732,0.0434365524339,-2.39519310752
733,733,2.25662751313,0.385497201185
734,734,-0.0211723975518,-2.84706869063
735,735,0.293308401214,2.17074194967
736,736,-0.13734466301,-1.39354781455
737,737,-1.05631765985,1.91320857729
738,738,1.93800224094,-1.71486698161
739,739,-1.72756110383,2.58605153196
740,740,1.2217015748,-1.89922719478
741,741,0.354520629454,2.51550929747
742,742,-0.881148591117,1.11668304815
743,743,0.863160265596,-1.14952011674
744,744,0.82639564687,0.420144675868
745,745,-0.876241723923,-2.01226974823
746,746,0.485884444695,-2.0169859552
747,747,0.691731819964,-0.687908958769
748,748,2.34994823247,-1.53138052052
749,749,-0.235755614147,-1.80752879584
750,750,-0.766173539916,-2.65904034546
751,751,-1.71813977249,-1.4107739447
752,752,0.186424821442,1.65390862142
753,753,2.64115407473,0.612040113044
754,754,-0.370927615556,-2.3171921337
755,755,0.341510907439,-1.95469419802
756,756,-0.444080658254,-1.83242475871
757,757,0.0583056612998,-2.48816065493
758,758,-1.003430198,-2.20211800148
759,759,-0.256348391521,-1.90196094164
760,760,-0.509518255642,-2.5891972191
761,761,-0.574242756143,-1.26418484167
762,762,0.377116988705,-2.22508234571
763,763,0.19653674503,1.82641001997
764,764,1.86077436702,0.606149450115
765,765,0.375577481441,-2.10223978381
766,766,-1.02439085416,-1.07439076783
767,767,-0.379350412177,-3.22722303562
768,768,0.698712121989,-1.95054509783
769,769,-1.74601634565,-1.39765965173
770,770,-0.849666346189,-1.50099415627
771,771,0.754671938723,-2.42954943639
772,772,-1.0652330645,-2.71456739699
773,773,1.74091773526,-1.87083545339
774,774,1.90803216393,1.3365018179
775,775,1.12289650262,-2.22191538804
776,776,1.29807215623,-1.99992042094
777,777,-0.0160335172373,1.78811640366
778,778,0.667704761152,1.00847021686
779,779,0.00642608269613,1.78651275926
780,780,0.347276550796,-1.51366843393
781,781,0.554297753126,2.52916230771
782,782,-0.0147804772089,-2.65090500716
783,783,0.000991062032051,-3.09701095798
784,784,0.599835484483,-2.37248878202
785,785,-0.703374817991,2.49565564835
786,786,-0.129430496404,2.32103213611
787,787,-0.391721634002,2.8161772596
788,788,-0.108805881066,2.82724858823
789,789,0.251799333409,-2.14596467226
790,790,-0.187289636583,-2.72856245375
791,791,-0.861316277119,2.65368728307
792,792,-0.186804173122,-2.47901469415
793,793,1.48924996653,-1.55557257424
794,794,-0.250265306906,2.23689334561
795,795,-0.336286754371,2.34746110534
796,796,-0.128700402899,2.38572675732
797,797,0.90728255725,-2.56837769775
798,798,2.14738226178,0.683330763436
799,799,2.62517485801,-0.124215132869
800,800,2.61843058124,-0.234241810898
801,801,2.04208413491,0.127554156354
802,802,0.0214616853163,-3.04783942639
803,803,0.33479872609,-2.59587937305
804,804,2.56054116392,0.203275878463
805,805,-0.305310892945,2.94747228052
806,806,0.206224232747,2.50169157845
807,807,-0.599243722456,2.96724720197
808,808,0.289591578894,2.75471945492
809,809,0.329836718616,-2.07888580854
810,810,-0.00237525731806,-3.51480205587
811,811,0.199812635369,-3.23911284444
812,812,-0.157443365453,2.55193708595
813,813,0.539137035509,3.17506847488
814,814,0.624463088983,-2.18234029681
815,815,2.3295165963,0.460040930133
816,816,-0.711746399439,2.39752974128
817,817,-0.0503345011945,2.96441409868
818,818,1.21608398402,-2.97677036176
819,819,-0.104875486654,-2.86849840216
820,820,0.470465250241,2.96677614155
821,821,0.432096370276,-2.11256577026
822,822,3.16788833028,-0.116751986205
823,823,3.06484752695,0.00860480629768
824,824,-0.429307610217,2.79744740175
825,825,-0.00942877327627,2.12746398684
826,826,2.85340069857,-0.145801032041
827,827,0.517768873721,3.37983794488
828,828,-0.00616517934982,-2.05788382283
829,829,0.126963208587,-2.4122122912
830,830,0.0860936633622,-2.4033077788
831,831,2.8793936255,-0.0699862028185
832,832,0.605660686464,2.56588448201
833,833,-0.0462283359659,2.84450870265
834,834,-0.155347587752,-1.90905564569
835,835,1.83604274646,0.380876150392
836,836,1.83807868648,0.580113771253
837,837,2.26052784318,-0.253587013419
838,838,2.04692710369,0.203280700242
839,839,0.440386148102,-2.66412789419
840,840,0.617803809703,-2.76978859554
841,841,-0.521480917596,3.18470069126
842,842,1.68882008242,-2.91872496229
843,843,0.397067510379,-2.70805121171
844,844,-0.131870270114,-2.45607703622
845,845,0.0592639885212,2.0515101942
846,846,0.523754897552,2.4234832021
847,847,0.0146578722369,2.29607648533
848,848,-0.123720137139,2.37496146059
849,849,0.410242336983,2.73885093626
850,850,0.13934562251,-2.65883776872
851,851,-0.164358413326,2.96574079285
852,852,0.680440322926,-1.96180552043
853,853,0.176488903774,2.86405476377
854,854,0.272890811789,-2.63972074009
855,855,-0.0934924364107,-2.58263182433
856,856,3.16063677731,-0.113256574753
857,857,0.159159587753,-3.39324089802
858,858,-2.30891441903,0.093923548382
859,859,-1.73189322894,1.78938813647
860,860,-1.97519698363,1.5417128711
861,861,0.356838111062,-0.877926026874
862,862,-2.4333583213,-2.49753500767
863,863,-1.57204802131,2.2735099428
864,864,-0.532299530271,-2.06293081702
865,865,1.98206613865,0.397753387156
866,866,2.69727577306,-0.346221065579
867,867,2.99971282792,0.43079180092
868,868,0.23833750373,-2.90143746364
869,869,1.06453336548,-2.19635934048
870,870,0.458068254605,-0.951317367981
871,871,2.15254266445,0.435103728856
872,872,0.00265525477009,-2.91166540798
873,873,-0.780264873304,1.68047976453
874,874,-0.00859023713429,1.17032825087
875,875,2.59615210955,0.503084915215
876,876,-0.141882153262,-0.520258840263
877,877,-0.0493546393707,-1.11067309047
878,878,-0.620653822251,-2.75326004858
879,879,-0.181785805941,-0.988970986151
880,880,-0.472191751695,1.3203399506
881,881,0.262248020437,2.91719436744
882,882,1.81682646389,0.0902256391958
883,883,2.68824241016,0.434924863187
884,884,2.86401420275,-0.103789146714
885,885,-0.531367622732,-3.21069832097
886,886,-0.20494506875,-2.77427940925
887,887,0.0861388921856,-3.52622672874
888,888,3.51778220525,0.0503204893146
889,889,0.215674687032,-2.30484786845
890,890,0.36808008778,-2.68719505191
891,891,2.11762257068,0.900044969244
892,892,-0.00193608242385,2.3133465382
893,893,0.552078228892,-2.90815596181
894,894,1.43637889854,-2.5354155107
895,895,0.309442776799,-2.15198027673
896,896,-0.422074677947,-3.12857024608
897,897,0.105010399258,-3.03092175378
898,898,1.40088060566,1.34522779727
899,899,0.84753728722,-3.43211145718
900,900,1.3083333867,0.72595753469
901,901,0.230051109501,2.73575005548
902,902,0.929636910052,-1.20034639644
903,903,-0.169886340744,1.67431104674
904,904,-0.222868674102,1.45649978407
905,905,1.79422670958,0.590779033088
906,906,2.01081930281,0.655179419174
907,907,2.20836959689,1.18414254562
908,908,1.15509997363,-0.299741233619
909,909,2.51337765491,0.715333117861
910,910,3.07086003715,-0.143870747833
911,911,0.15929665994,2.44466097444
912,912,1.81428178887,0.153412302058
913,913,3.01022856002,0.1632150617
914,914,2.12099423373,-0.711673208164
915,915,-0.136190907042,1.41417711012
916,916,0.0781636602032,2.20815561935
917,917,-0.086406593624,-1.79221763429
918,918,0.17354719719,-2.09369144682
919,919,2.0598650055,-0.963281567758
920,920,1.42050704376,-2.24378841187
921,921,0.579430807068,-0.216099162147
922,922,0.282661350179,-2.31881979763
923,923,0.578095239459,-1.83788756173
924,924,-0.659805012468,2.04094809708
925,925,-0.199049216632,1.42853214616
926,926,-0.948495491997,-1.65855506527
927,927,0.214514291534,-2.32857304518
928,928,-0.174222151185,1.14171955619
929,929,0.62246425774,1.40016440847
930,930,-0.125691112988,2.96583021326
931,931,2.85902065828,-0.0923275737273
932,932,0.942123078136,-0.650369488488
933,933,2.77312022336,0.0391107572092
934,934,2.91641680687,0.00499102889559
935,935,-2.08931569399,-2.10065714051
936,936,0.744940119919,0.374624855975
937,937,1.15693114585,-0.599028635181
938,938,-0.134605234711,-1.81865363116
939,939,-1.48190878929,1.69622320783
940,940,-0.17415240518,1.36313441451
941,941,1.24676914337,1.70429731421
942,942,2.11997196269,0.900185696289
943,943,-0.974241144627,0.235186330929
944,944,-0.0896853928989,0.640209139921
945,945,-0.282357535173,-1.70815406623
946,946,-2.09854263782,-2.14033492029
947,947,-0.261245708139,1.65946852719
948,948,-0.90597097506,-1.14115592033
949,949,-0.654470698939,-1.71954537477
950,950,0.425881352714,0.852906954279
951,951,0.226295461506,0.940830279926
952,952,-0.258236319678,-2.22648343636
953,953,-0.0943292174328,-2.78470165052
954,954,0.420797784846,0.745970793791
955,955,-0.24552069574,-0.786321330677
956,956,0.507537753863,2.38905291806
957,957,0.244277742398,1.06338547221
958,958,0.72381894481,-2.33931793796
959,959,-0.0525352092487,-2.02554016606
960,960,-0.465868693164,-2.34712911286
961,961,0.288944372961,-2.5159226912
962,962,0.19625913267,2.98299120869
963,963,0.857103568321,-0.545039125092
964,964,0.355926742612,-2.78358373694
965,965,0.116089548254,3.05028818057
966,966,1.18129621294,-0.0777909343816
967,967,2.94692746204,0.516274284203
968,968,-1.08234998781,-1.68570680383
969,969,-2.04689711389,-2.15607370739
970,970,-1.34165117,-1.95982817891
971,971,0.0555834613786,1.42708415017
972,972,-0.843544691238,-0.599903220516
973,973,-1.9908605732,-2.13525907185
974,974,-1.40362257538,-1.76121514605
975,975,-1.44433140515,-1.50410747834
976,976,-0.679041460677,-1.80698925679
977,977,-0.494386916536,-2.02575406022
978,978,-1.38067554572,-2.13207422375
979,979,-0.622815341505,-2.19948561295
980,980,0.284243513244,-0.966954654554
981,981,3.11107857625,-0.125107135141
982,982,0.0262793631719,-2.50273152556
983,983,-1.37901333804,-1.93658443367
984,984,0.208617997961,2.81574601808
985,985,-0.372626468033,-1.60610641202
986,986,-0.654600609676,-1.63614254182
987,987,-0.979204631361,-1.71683412134
988,988,-0.00337238336585,1.14774055872
989,989,-1.11575417233,-1.82398071978
990,990,-2.1163769407,-2.76114740793
991,991,-0.163138441309,2.93643775221
992,992,0.0819096055115,-1.59228411193
993,993,-0.247501048471,-2.4179857601
994,994,0.510907925793,-2.65527210367
995,995,2.0178392558,0.492304546059
996,996,0.660699426136,-2.5699126452
997,997,-0.706527802851,-1.44280168353
998,998,-1.67370382586,-1.7293137042
999,999,0.204239729394,0.387273200011
1000,1000,-0.886797489386,1.0942678188
1001,1001,-0.59141950981,0.857498680664
1002,1002,-1.12737423425,-1.16931755811
1003,1003,-1.54539570556,-0.860031268736
1004,1004,-0.142404445652,2.2647975356
1005,1005,-0.402995594882,2.6936775238
1006,1006,1.30073222787,-1.73437329096
1007,1007,0.193431332207,-0.248454625819
1008,1008,-0.392196340833,2.10588408767
1009,1009,1.30074482052,-2.01513157472
1010,1010,2.39286475695,0.177937304784
1011,1011,2.66353078901,0.319300658004
1012,1012,2.62713090525,-0.0180407121262
1013,1013,0.715282481739,-1.86936978244
1014,1014,0.108102577838,2.0049963459
1015,1015,0.410023850783,-3.15373827772
1016,1016,-0.747371721966,-0.716782075553
1017,1017,-0.492323116314,1.97585780551
1018,1018,2.38186446728,0.22195492389
1019,1019,-0.418681498461,1.62454492519
1020,1020,0.474865093566,-1.68127239819
1021,1021,0.659643455865,-0.0101796956479
1022,1022,0.337273795555,-1.76195955863
1023,1023,-0.869208987943,1.85662562848
1024,1024,-0.468800432034,1.06524066223
1025,1025,-0.233131022087,0.958149894421
1026,1026,0.648533938445,0.377998120209
1027,1027,-0.274310595843,-0.200059584207
1028,1028,-1.06065211701,0.417448162934
1029,1029,2.53644630339,0.0159201981323
1030,1030,-0.431474407011,0.866041730419
1031,1031,1.12090973777,2.37767086774
1032,1032,-0.425088695831,0.907991434817
1033,1033,-0.846247546273,-0.430670314003
1034,1034,-0.627190968886,-1.58797864443
1035,1035,0.7573477035,-0.851346229226
1036,1036,-0.335445046627,-0.713701077761
1037,1037,0.164120620129,3.00719187298
1038,1038,1.68735483743,-1.00691122512
1039,1039,2.4824390967,-0.786025421527
1040,1040,-0.0993683325342,-3.08555335777
1041,1041,2.29643401378,0.27007129671
1042,1042,0.225447369404,-3.51323288953
1043,1043,-0.266295342618,-3.05064456992
1044,1044,-1.01831427644,1.74938312875
1045,1045,-0.936644170948,2.1779556698
1046,1046,-0.87611817884,2.11065162438
1047,1047,-0.537659329454,1.56335771813
1048,1048,0.805104447579,-1.74880005109
1049,1049,-0.0496864437247,3.12660903322
1050,1050,2.12129847542,-2.61099251576
1051,1051,0.526777417222,-2.17066888986
1052,1052,-0.572918679006,2.56482283314
1053,1053,-1.20663506715,2.67595772338
1054,1054,-0.89112957626,2.12739148488
1055,1055,-0.230120327475,2.67477558676
1056,1056,0.99414092159,-2.78946167078
1057,1057,0.508375486864,-2.15926795936
1058,1058,0.375512519223,-2.7070627659
1059,1059,0.217472066385,1.82928383094
1060,1060,-0.109296065085,2.37700322472
1061,1061,1.38836421433,-1.92910551346
1062,1062,-0.272062446355,-2.50975611868
1063,1063,0.717987195702,-1.86601297984
1064,1064,0.00679284646194,2.48722793596
1065,1065,0.0297205823986,2.51642322023
1066,1066,0.32018088923,2.18299811686
1067,1067,-0.333396282071,2.46544483378
1068,1068,0.524804056757,-1.74723252909
1069,1069,0.062754612092,2.48571345239
1070,1070,-0.519878124056,2.21208299901
1071,1071,0.279282793946,-2.16247106366
1072,1072,2.86712245436,1.36587886631
1073,1073,0.280263225799,-2.86410502384
1074,1074,3.8033193942,1.15416306139
1075,1075,-0.797605380116,-0.905729637169
1076,1076,0.507092919221,0.523751781226
1077,1077,-1.29560969742,-1.10058533546
1078,1078,-1.24777065556,-0.988158105358
1079,1079,-0.689167174276,1.8896608724
1080,1080,-2.20580378478,-1.99351559505
1081,1081,-2.27963353918,-1.92737935703
1082,1082,2.10341159033,0.257053463785
1083,1083,-1.9623025486,-1.94569106383
1084,1084,-0.332022268762,1.74251528625
1085,1085,0.338946619961,1.35861990533
1086,1086,-0.171384384416,0.339157659876
1087,1087,-1.39206638528,0.764598779046
1088,1088,0.246507227873,1.54268142256
1089,1089,-0.386718447995,1.16877172642
1090,1090,-0.397696121419,-0.958480116577
1091,1091,-1.25242385787,0.981154740139
1092,1092,0.53144096337,1.44232893805
1093,1093,-1.31606981933,-2.04895719647
1094,1094,0.22619715767,-2.55314493067
1095,1095,-0.634187047217,2.36770152765
1096,1096,-0.0190952601678,-2.8679254928
1097,1097,-0.261510396503,-2.61170881172
1098,1098,0.204928063872,-2.43303694526
1099,1099,-0.00778987277246,-2.21777459501
1100,1100,0.495438672721,-1.6339059554
1101,1101,-1.87503344917,-2.22264049362
1102,1102,-0.454569540301,-2.01107734782
1103,1103,0.0887433875528,-2.89890101284
1104,1104,-1.44823531198,-1.70135186056
1105,1105,-0.023699906952,-2.42130610435
1106,1106,2.82230777371,0.159175117009
1107,1107,-0.270494285002,2.26537211356
1108,1108,-2.04063198005,-2.10563299471
1109,1109,-0.13097367971,2.31932524896
1110,1110,0.520652017485,-1.21890460754
1111,1111,-0.295806921331,2.57619008343
1112,1112,0.708762854206,-1.59418129851
1113,1113,3.43588618919,-0.355242021383
1114,1114,1.74838180206,0.795721927351
1115,1115,0.223116055097,-2.59302462279
1116,1116,0.525021281215,-2.07799594532
1117,1117,-0.486401597179,1.09718175457
1118,1118,1.1488999238,-1.97241206336
1119,1119,1.55221088033,-1.04363517525
1120,1120,-0.650287755388,1.35265621748
1121,1121,-0.626832545551,2.28428637334
1122,1122,-0.105007494992,2.78901856041
1123,1123,1.1967151832,0.263157039851
1124,1124,-0.613348883243,-1.54217216459
1125,1125,1.59918722406,-1.97050827018
1126,1126,-0.225760749658,3.02836520639
1127,1127,0.277244433179,1.25261124365
1128,1128,1.68293717377,-1.0416241463
1129,1129,-0.756571609518,2.33088150105
1130,1130,1.17959199002,-1.85701510276
1131,1131,-1.39563734626,-2.17243899702
1132,1132,0.416209325296,-1.86121035621
1133,1133,-0.296165718751,-2.57852106845
1134,1134,0.388689331323,-3.3951028715
1135,1135,0.821125094232,-2.24944476175
1136,1136,-0.0498810461004,2.61257188754
1137,1137,-0.0398729688579,-2.12417027504
1138,1138,0.522696692925,-2.51452070878
1139,1139,0.497073843432,-2.4002114833
1140,1140,0.0992488847602,2.2763179352
1141,1141,0.442087408838,2.14780757783
1142,1142,-0.497102571194,2.46440027936
1143,1143,1.23283911097,-1.52635966546
1144,1144,2.32036462667,1.5904867748
1145,1145,3.06031252336,0.198192864065
1146,1146,1.34402105683,1.62232169027
1147,1147,0.570800164938,2.42584494069
1148,1148,0.201653362319,-2.73065406918
1149,1149,0.337861335417,-2.3727693169
1150,1150,3.16880775564,0.252819648853
1151,1151,-0.250351727031,2.54850357713
1152,1152,0.66744530913,2.9904568743
1153,1153,2.961786124,0.447343088397
1154,1154,-0.214133992631,-2.79365720584
1155,1155,-0.140210693846,-2.93095884366
1156,1156,1.89637376204,0.521066812698
1157,1157,-0.115229967932,2.44484552228
1158,1158,2.12728753802,0.348866278734
1159,1159,2.55227897793,-0.0519297901021
1160,1160,0.559082589444,2.49751310776
1161,1161,0.126728788551,-1.05673099128
1162,1162,0.0477779181567,2.38802941869
1163,1163,0.28079083058,2.17893296916
1164,1164,0.573041981132,-1.70726914291
1165,1165,1.49498032226,0.551758478798
1166,1166,0.932440424555,1.99196086518
1167,1167,2.72314049392,0.094941807802
1168,1168,1.14233986535,-1.82214797831
1169,1169,3.21082877428,0.181833173994
1170,1170,2.28785727766,0.33810072675
1171,1171,-0.3266664941,-3.0896914774
1172,1172,0.550626695596,-2.99611296594
1173,1173,-0.190898346949,3.29172251668
1174,1174,-0.453370175648,3.21494612599
1175,1175,0.441950356777,2.11986704977
1176,1176,0.15140283701,3.13261995632
1177,1177,0.224168707789,-1.68806346942
1178,1178,1.52329556558,0.559697841231
1179,1179,-0.824971292193,-2.92452595242
1180,1180,-0.21381236185,-2.71119699325
1181,1181,2.48006029059,0.419020622245
1182,1182,-0.799423450333,-2.50597065553
1183,1183,-0.403151017355,2.67705785748
1184,1184,-0.280749775611,2.51152989307
1185,1185,1.20742020521,-1.98110136013
1186,1186,-0.00175382275956,-2.38753731598
1187,1187,-0.44228715897,-2.44269232395
1188,1188,0.917064888269,-1.55824002572
1189,1189,-0.186675385006,-2.8274006876
1190,1190,-0.669683738351,-2.7425401829
1191,1191,-0.160968215105,-2.86085913687
1192,1192,-0.320468736709,-2.36986069276
1193,1193,-0.613435455038,-2.24850212979
1194,1194,-0.172172687876,-1.94603380541
1195,1195,-0.73449034817,2.56007408452
1196,1196,2.10705106086,-0.262689740299
1197,1197,3.11282326993,0.435368182499
1198,1198,3.13661440904,0.451194620016
1199,1199,2.90378274292,0.266880790176
1200,1200,0.785923917339,-3.04081952141
1201,1201,1.02147503747,-2.39230150769
1202,1202,-0.633249829625,1.8528337953
1203,1203,-0.720499313403,2.56720444622
1204,1204,-0.293030458937,2.36284751304
1205,1205,1.61902534673,-2.39633922807
1206,1206,-0.35907370244,2.6211163222
1207,1207,-0.0248643428047,-2.49587684538
1208,1208,0.505191648658,-2.50162813661
1209,1209,2.79755819184,-0.0878111461509
1210,1210,3.43224641968,0.338804743302
1211,1211,0.233809324797,2.35864424072
1212,1212,1.23940537127,-2.3307335695
1213,1213,2.88935193293,0.103192871398
1214,1214,1.87539961194,0.561214340012
1215,1215,0.0231341608975,-3.06231713614
1216,1216,0.0137413591014,-1.89293783555
1217,1217,-0.0220817080284,-2.39826843059
1218,1218,0.30942457246,-2.12026411716
1219,1219,2.10241356003,0.0940784428545
1220,1220,1.5787276666,-1.37349521385
1221,1221,1.80637739307,-1.47677583811
1222,1222,1.31510727288,0.724928780717
1223,1223,1.48550112143,-1.14502146432
1224,1224,3.03627274151,-0.402372151542
1225,1225,2.6895031996,-0.327141635113
1226,1226,0.475894896909,-0.188813279136
1227,1227,-0.252256540056,3.48800882359
1228,1228,0.630929723977,0.0276236375841
1229,1229,-0.238432389995,2.44124693974
1230,1230,0.258612710181,-3.2529782841
1231,1231,0.0538796369432,-2.85558322437
1232,1232,-0.303492620803,2.55028376682
1233,1233,1.51652632162,-2.49078932423
1234,1234,-0.0734594710437,2.51700732551
1235,1235,0.0540495130707,-2.01572418094
1236,1236,2.86395344325,0.217715721083
1237,1237,0.393971636581,-2.29105262485
1238,1238,-0.305943941566,3.47428167701
1239,1239,1.16802723267,-2.12309143343
1240,1240,-0.0276721053879,-2.17905983083
1241,1241,2.40601297934,-0.054421561275
1242,1242,-0.152018149058,-2.77155055925
1243,1243,0.0170337714877,-3.07114329711
1244,1244,0.623572973772,-2.78958528408
1245,1245,-0.149801744833,2.79614290291
1246,1246,0.28868565981,-2.68732937474
1247,1247,-0.264366400449,2.61871608859
1248,1248,0.155748408797,3.42702546263
1249,1249,0.759630021672,-2.55353567861
1250,1250,0.306825658734,2.36738551432
1251,1251,-0.168283370092,3.34642029889
1252,1252,0.0966476059808,3.0016049334
1253,1253,0.679699660348,-2.13065239718
1254,1254,2.54111259678,0.759078388692
1255,1255,2.89139376344,0.125778479629
1256,1256,2.78126885909,-0.0841704086191
1257,1257,2.9783612256,0.566178685438
1258,1258,2.05233258183,0.137018288385
1259,1259,2.58554568916,-0.0767942759676
1260,1260,2.49193270694,-0.130405509079
1261,1261,2.87287627251,0.48307742985
1262,1262,0.141143708238,-2.22294930896
1263,1263,0.20918577853,-2.41493755133
1264,1264,2.32175099663,0.00952669753076
1265,1265,0.511993911386,3.6947555517
1266,1266,1.15827768744,0.000220612673398
1267,1267,1.71793839486,-0.296447923171
1268,1268,-0.0184565175963,-2.29819696092
1269,1269,0.270755207937,-2.50234867619
1270,1270,1.754709062,-0.137211188165
1271,1271,-0.132568875077,2.79089619378
1272,1272,1.93569255441,0.506863066474
1273,1273,-0.599187402354,-2.43140926023
1274,1274,0.619748627448,-0.576673861129
1275,1275,-0.0961869705751,3.10357620354
1276,1276,0.516903703305,-2.79363829466
1277,1277,0.881761086046,-2.97568637654
1278,1278,2.55189555873,0.139211840177
1279,1279,2.27951882006,0.101236144892
1280,1280,0.730204349725,-0.194892418977
1281,1281,2.78401913339,0.144413722869
1282,1282,2.6763500063,0.326893412764
1283,1283,2.58016858551,0.209592896556
1284,1284,-0.490706591144,-1.96768817498
1285,1285,1.29285988278,-1.73524919733
1286,1286,0.0149211793237,-0.522320271963
1287,1287,1.78284591038,0.769799313003
1288,1288,0.00534980140611,-2.43940194266
1289,1289,-0.391921659475,-2.49852801179
1290,1290,0.299235345701,-2.70212281766
1291,1291,1.04006807839,-0.556771606577
1292,1292,0.800917674188,1.86081026003
1293,1293,2.41784713138,0.546193940949
1294,1294,3.00827372622,0.161335228636
1295,1295,0.708014493015,-0.582429750683
1296,1296,-0.082713224986,-3.22595202879
1297,1297,0.0924430119752,-2.28633040797
1298,1298,1.96523186271,-1.19136086611
1299,1299,-0.212041459555,2.99465043701
1300,1300,1.48968389302,-2.96440038972
1301,1301,0.136820057033,2.84509706545
1302,1302,-0.453907160419,1.72429702633
1303,1303,1.65287461848,-2.58089306413
1304,1304,-1.02413978783,2.9564370095
1305,1305,-0.279432009707,2.32185772341
1306,1306,-0.238058046978,2.15151007197
1307,1307,-0.473539689783,2.53115771967
1308,1308,-0.381934464752,2.68009391347
1309,1309,0.129435978099,2.72255612385
1310,1310,0.589214550759,-2.93093134581
1311,1311,0.0361621993711,-2.51093540496
1312,1312,0.25843792906,2.91776031156
1313,1313,0.173719588402,-3.22587074095
1314,1314,2.17452094932,-3.10702517226
1315,1315,0.443614182561,-2.60484280682
1316,1316,-1.01706060482,2.32529579516
1317,1317,0.514210233018,2.56535205893
1318,1318,0.984262139143,-2.6734918853
1319,1319,-0.537302107859,2.56556741967
1320,1320,0.454827287408,2.60048945437
1321,1321,-0.828924791688,2.14521802311
1322,1322,0.0238989173168,2.89801671176
1323,1323,-0.416326246778,3.09488018467
1324,1324,0.778988952964,-2.01026903836
1325,1325,1.06921532013,0.784119174055
1326,1326,2.86551921214,0.254468868706
1327,1327,0.0964335825117,-2.76280756963
1328,1328,0.213951301828,-2.80025178286
1329,1329,2.70223941593,0.539378944063
1330,1330,-0.202522150537,2.50821819144
1331,1331,1.15425489532,-2.10649039684
1332,1332,1.48376733052,0.413023541089
1333,1333,-0.0116438719633,-3.07383951925
1334,1334,0.390944083689,1.56702577724
1335,1335,0.625863927678,1.41312164172
1336,1336,0.55045524391,1.5383176505
1337,1337,-0.723296875414,1.97453938141
1338,1338,1.45601570985,0.835363482924
1339,1339,0.593140602657,1.70243093528
1340,1340,1.17318003192,1.36618351812
1341,1341,1.87632895309,1.95880970192
1342,1342,1.75557685442,1.29094759163
1343,1343,0.652989527079,-2.34384981032
1344,1344,-0.539650404934,-2.45703361498
1345,1345,1.62525271526,0.892821524214
1346,1346,0.711160849366,2.4025328183
1347,1347,1.72427998993,0.208112118183
1348,1348,1.28520350108,1.59125428895
1349,1349,0.425451083628,2.78366908898
1350,1350,-0.73726085232,-1.64377765956
1351,1351,1.55577945505,0.457862356336
1352,1352,-1.38092782574,-0.972924667889
1353,1353,0.618591229081,-1.83853500247
1354,1354,0.39891582169,1.82874078265
1355,1355,1.24425394281,1.04351542008
1356,1356,1.9911301261,0.438329118467
1357,1357,1.19118251043,1.72359930873
1358,1358,0.719415117564,1.60255872323
1359,1359,0.50166841429,0.441446325605
1360,1360,2.20708691918,0.763054836245
1361,1361,0.309968816936,0.154862244106
1362,1362,-1.04457461561,-1.25827341103
1363,1363,-0.72029204377,-1.63802998598
1364,1364,1.90694747752,0.436726525912
1365,1365,1.67157301414,-0.684967949885
1366,1366,1.82734716018,-0.328838134127
1367,1367,-0.522087873155,0.802319355801
1368,1368,0.498864320836,1.97032203815
1369,1369,0.751807087566,-1.76792681402
1370,1370,0.0698387782481,2.21883964961
1371,1371,2.53324018626,0.030350583596
1372,1372,3.26852114553,0.921069650972
1373,1373,-0.0563468209564,1.36058286842
1374,1374,2.04386237535,0.904429245096
1375,1375,1.44097411428,1.19288967148
1376,1376,0.632271353364,0.962312647728
1377,1377,-1.14592049207,-1.36045144591
1378,1378,0.215108165917,-1.82404952631
1379,1379,2.10064965425,1.31664549839
1380,1380,0.111096828511,1.75818714056
1381,1381,0.530701982358,1.08760001896
1382,1382,-0.323869545418,-1.75090999951
1383,1383,0.322993361143,1.66362448733
1384,1384,2.13894671781,0.883814650134
1385,1385,2.244577695,0.220121341286
1386,1386,1.22050484419,0.435688331583
1387,1387,2.33104105267,1.70478954857
1388,1388,1.86681572265,-0.0888017434045
1389,1389,1.45504104067,1.24166331651
1390,1390,-0.00674686520179,3.66306178803
1391,1391,0.229577012516,2.46342765511
1392,1392,0.843951231655,-2.25719397145
1393,1393,0.510422482931,0.469719719458
1394,1394,1.01041295879,0.00355972116403
1395,1395,2.33902253041,0.707805149677
1396,1396,2.36350014569,0.344923590174
1397,1397,1.82732242903,-2.14617332412
1398,1398,0.200718611929,1.42308489374
1399,1399,-0.356139581899,-2.26132670361
1400,1400,1.20574038813,0.379958565278
1401,1401,-1.6723599183,-0.713944810479
1402,1402,0.430117613015,2.41833449452
1403,1403,1.10384165153,-0.176374511641
1404,1404,0.622587057621,1.80364770715
1405,1405,0.731454855558,1.18148496478
1406,1406,0.366965947353,2.9775575947
1407,1407,1.05755901093,4.27978402245
1408,1408,-0.382826487262,3.52592174482
1409,1409,0.0961096906567,2.46679032193
1410,1410,0.707733164001,1.79042959824
1411,1411,0.671733908498,2.29713012377
1412,1412,-0.34326214361,2.99900580239
1413,1413,0.106998033285,3.18297779269
1414,1414,0.668116533196,2.37543318622
1415,1415,0.189092600696,3.50088974751
1416,1416,0.204777464394,1.59466213206
1417,1417,1.90879471865,-0.102401424879
1418,1418,-0.675295789967,2.19930032027
1419,1419,0.804724383387,0.144738123757
1420,1420,-2.11571944761,-1.47791376359
1421,1421,0.181089458127,0.124531725721
1422,1422,0.872283329016,-0.0207021143477
1423,1423,3.73927919866,0.789294257295
1424,1424,-0.842427849615,-3.31002253373
1425,1425,0.136868405415,2.17415489625
1426,1426,0.270451075891,0.505627556983
1427,1427,2.25075572249,0.451082907408
1428,1428,3.20740775817,-0.684097685601
1429,1429,2.24372667739,-0.195952564522
1430,1430,1.60929186438,0.294105198941
1431,1431,2.61142022846,-0.188351966626
1432,1432,2.93453549316,0.125467272119
1433,1433,2.5000228401,0.0206732484111
1434,1434,0.738573295449,0.721314634699
1435,1435,1.5241973509,1.15628694268
1436,1436,-0.204765785827,-2.02946189045
1437,1437,2.48400821433,0.346469158088
1438,1438,-0.28614187305,1.88962502099
1439,1439,1.48732588035,2.17531838227
1440,1440,0.846955335124,1.30324684487
1441,1441,0.154616691969,0.673984999589
1442,1442,0.654168900801,2.0959165365
1443,1443,0.509579532773,-2.2505214869
1444,1444,1.72170905533,2.12288628615
1445,1445,1.13242669461,2.53643288448
