,vote,alpha,beta
0,0,-0.132960103793,2.49791032023
1,1,-0.545660564361,-2.79412596492
2,2,2.82909480761,-0.232681415788
3,3,2.45322683973,-0.204429384208
4,4,0.868245354854,-1.66460841865
5,5,3.52825437113,-0.423304778658
6,6,2.25319727509,0.752962611405
7,7,2.51068725025,0.652914466982
8,8,0.28470023099,-1.82608761412
9,9,1.1999812572,-1.35327598643
10,10,2.59361551793,-0.124477781799
11,11,2.87099980588,-0.461266722618
12,12,2.57003581413,0.222354974454
13,13,2.77283791467,0.125235078559
14,14,3.18315764968,0.485624552234
15,15,2.09061122711,0.251033859443
16,16,0.244840661674,2.61110193838
17,17,0.587439041639,-0.549764639978
18,18,2.96783139481,0.604922489164
19,19,2.55488455463,-0.25232905328
20,20,1.45313245579,-0.631316470319
21,21,0.165890645195,-3.23062965677
22,22,-0.275767876181,-2.48137651923
23,23,3.64037000791,-0.328976358435
24,24,0.953941687462,-2.40344899836
25,25,1.28518322454,-0.229719563315
26,26,-0.781058061378,-0.0455322733116
27,27,0.00151073285368,2.75146735321
28,28,2.44849398003,-0.197168554868
29,29,2.63809687539,0.650823001311
30,30,2.56718612639,-0.06732139506
31,31,2.99219014823,0.175132339811
32,32,-0.0903322283128,-2.63821319506
33,33,-0.14290902619,-3.63368146188
34,34,1.46894655423,-0.538166626632
35,35,-0.294485390842,2.64370545327
36,36,-0.754906947793,-2.89497287324
37,37,0.112122112974,-2.42350582148
38,38,0.336365492056,-2.81359046116
39,39,-0.9813657249,-1.53056543181
40,40,1.94556833299,-1.54672882034
41,41,0.306246632739,2.90439406845
42,42,-0.338235815613,-2.24396064295
43,43,2.5124225464,0.350532748681
44,44,3.1427529778,-0.260762545825
45,45,3.4039402942,-0.197029187602
46,46,2.4625873698,0.0116680968001
47,47,2.38462767139,-0.301672628012
48,48,2.8391897929,0.302002922428
49,49,2.54576802907,2.10785900981
50,50,-0.0994397186392,-2.74722270788
51,51,0.0748034699066,-2.60461334729
52,52,-0.562327883433,3.14115390911
53,53,-0.210206318458,-2.74325850459
54,54,0.0748519837921,-2.93974145513
55,55,0.165260355795,-2.58722779602
56,56,0.88077470928,-2.57475947825
57,57,-0.838201043238,2.13727741133
58,58,0.0729753758275,3.32586704579
59,59,-0.210655089887,-2.07952905238
60,60,0.757741132307,-2.36731625229
61,61,2.21520824274,0.0187129999282
62,62,2.09010932604,0.0631733731515
63,63,3.16559953168,-0.055763105115
64,64,2.57422172033,-0.152480729755
65,65,2.53935370217,-0.401803790112
66,66,0.0527483648732,-2.70588802143
67,67,0.773355398211,-2.32803996635
68,68,1.01402013193,-2.3128575573
69,69,-0.508937361021,-1.66237761442
70,70,-1.20580454381,1.59147640125
71,71,-1.10714855728,2.33951714342
72,72,-0.789360822556,2.240854448
73,73,-1.06373470541,2.56038048637
74,74,-0.794521801531,2.20273681648
75,75,-0.733523793031,2.1631466336
76,76,-0.444027321294,2.1744911268
77,77,-0.721825696496,1.4674824586
78,78,0.110284639741,2.75212893949
79,79,0.99983994697,-2.36674751032
80,80,-0.752641101934,-2.13292072472
81,81,-0.444411726117,-3.05291649965
82,82,0.125778993626,-3.29963121061
83,83,0.036341018557,2.35889774398
84,84,-0.392861009093,-1.83894469348
85,85,3.01668742087,0.580639985681
86,86,2.54782593263,-0.804091048153
87,87,0.0904546744425,-3.35951261117
88,88,-0.313815185824,-2.86056811103
89,89,-0.625125112364,-0.803823024622
90,90,0.409082769724,-0.570661199454
91,91,-0.329928537388,-1.96645083707
92,92,-0.797637635495,1.971283525
93,93,-0.90094111785,-2.03586364506
94,94,0.507701699162,3.05901192692
95,95,2.16186181524,-0.308200922031
96,96,-1.14242855627,2.24160876489
97,97,-0.648321576796,2.02332484274
98,98,-0.338929340916,0.296161967116
99,99,-0.100079244697,1.89758676296
100,100,-0.224642810043,1.93009693686
101,101,-0.814273253939,0.372276040271
102,102,-0.291838756136,-1.61055070568
103,103,-0.76185987453,1.50906910862
104,104,-0.449926181129,-0.909210456034
105,105,-1.20192819044,-0.0725977656885
106,106,0.684507603125,0.903800965786
107,107,0.286315083968,-1.29239016463
108,108,-0.535882885169,0.501119619619
109,109,-0.49921887269,0.598716509604
110,110,1.49288437185,1.6723484925
111,111,0.0223628258706,-1.96378526618
112,112,-0.275117731023,-1.23243831888
113,113,-0.0828372318248,-1.77264424769
114,114,0.379047850806,3.08896287709
115,115,0.264574418584,-1.33093430304
116,116,2.82140156005,0.0814345177576
117,117,2.62609571711,-0.308935783148
118,118,0.602980045955,-2.09170397926
119,119,1.98395645901,-0.34382464782
120,120,2.53326819345,-0.0583288622659
121,121,-0.537452250104,2.66152179137
122,122,1.10163138784,-1.308193627
123,123,2.56287299964,0.00173632191269
124,124,0.760535559311,1.74171550564
125,125,0.418711034526,-2.91352012512
126,126,0.506065661371,-2.80352545515
127,127,-0.878432471922,0.644192727446
128,128,0.248732505264,-2.1533262315
129,129,-0.224268700668,-1.13144246595
130,130,-1.17462442607,-1.76905459121
131,131,0.921639989926,0.720853993312
132,132,-0.211972191471,-1.57277239025
133,133,0.0870930530246,1.42949739483
134,134,0.542774500432,-2.57763197621
135,135,1.52811975377,2.32396928602
136,136,-2.02821717522,1.36449042239
137,137,-0.562567730438,0.715437822784
138,138,-1.51911948474,0.839330587561
139,139,-0.0249567376325,2.17995891073
140,140,-0.637618950142,0.131638979688
141,141,-0.707216545735,0.41978110971
142,142,0.47721386512,-1.96903923772
143,143,-0.569984784956,1.96722095045
144,144,-1.77525010646,2.23595137761
145,145,-0.874519715523,1.33452738981
146,146,2.2683140757,0.879888322658
147,147,-0.181395799577,1.23751016187
148,148,2.85638416834,0.452160906915
149,149,2.96502610321,-0.0704640448206
150,150,-0.04240127308,2.80464344151
151,151,0.780877164448,-0.740555549281
152,152,2.52978412623,0.00445163493002
153,153,2.71672182668,-0.069056760559
154,154,3.07441073259,0.437158479067
155,155,0.255176910126,-2.84924306945
156,156,0.557804805531,-2.26196450125
157,157,3.51837025005,0.172291364787
158,158,0.1152444693,-2.1540049352
159,159,2.1569273216,0.88149673886
160,160,0.357633873785,-2.57257197409
161,161,0.421295813596,-1.75946486772
162,162,-0.432816822266,2.34651717224
163,163,0.478443349784,-0.440310046911
164,164,-1.1817324383,-1.05791996256
165,165,-0.416568010722,1.84199998588
166,166,0.229021534927,-3.00185624025
167,167,-0.740732202172,1.4052781512
168,168,1.18595969553,1.54106361681
169,169,-0.0797988169542,-0.0219788561949
170,170,-0.902652102766,-0.721313827312
171,171,-1.48824720477,-1.31911715947
172,172,-0.945435400392,1.06079990363
173,173,-1.22085826202,-0.710190463249
174,174,-1.29625922424,-2.33876086025
175,175,0.202135079202,1.40388358431
176,176,0.222132642854,0.772036997012
177,177,0.117534508842,-2.38257556801
178,178,0.107936240956,1.1768629743
179,179,-0.483690767267,-1.44847999858
180,180,-1.31446214606,-1.94228189962
181,181,0.821931318754,-0.239505922869
182,182,-0.391381132915,-1.23375658214
183,183,0.0404657681574,1.02232920058
184,184,-0.047223585384,0.429094406599
185,185,-0.319975209957,0.40680252665
186,186,0.557394894588,-0.320773392327
187,187,0.181747241467,-0.450543918476
188,188,0.00908755889232,-0.717514040154
189,189,-0.0371099503928,-0.224705568542
190,190,0.175391354809,0.247159835455
191,191,-1.54208645994,-2.23096140116
192,192,-0.256610896785,-2.40609094452
193,193,0.2009902818,2.89299682329
194,194,-0.187786997808,-0.731761630511
195,195,2.30591600858,0.028146720767
196,196,2.61090889695,0.209227788115
197,197,-0.173836809432,-2.99623785371
198,198,-0.825898172064,1.22021255169
199,199,0.494592596217,-2.37055570143
200,200,0.300960723167,1.53309857802
201,201,-0.52686390721,2.4654673753
202,202,1.08531364845,-2.00655384721
203,203,2.58565215425,-0.00194888490478
204,204,-0.349867387131,2.47588418528
205,205,0.281444501359,-2.4209378161
206,206,0.176226534421,-1.30668889081
207,207,0.550850998482,-1.91445880418
208,208,-0.255337321962,1.99403504788
209,209,0.0713559772672,-2.67972331408
210,210,0.570118964548,-0.625838347742
211,211,-0.516671374412,-2.53574524572
212,212,0.449701746057,1.80484889705
213,213,-0.854919370727,2.03146946269
214,214,-0.154654119579,2.93956550828
215,215,0.494015592619,-2.00066502514
216,216,2.0670887605,-0.891940904097
217,217,2.24197017942,-1.47038070495
218,218,2.5982784585,-0.24288693239
219,219,0.0532262541932,-2.49930243022
220,220,0.552466143033,-1.98048916186
221,221,2.09614341807,0.936205898974
222,222,-0.277155827116,2.33707748585
223,223,-0.166739696542,1.84464943278
224,224,-1.10624665227,1.59951547143
225,225,-0.350764703056,0.251170373726
226,226,-1.96350335824,-2.44837121383
227,227,-0.772636050593,1.82849622648
228,228,-1.35332735291,-1.88988618952
229,229,0.17631170622,1.86113684076
230,230,-1.55273838856,-1.4014996011
231,231,1.68507396923,0.74076977262
232,232,-0.0808800505516,1.6715718122
233,233,-0.585102411935,1.63895128158
234,234,-0.767495419929,1.8269203743
235,235,-0.875757981181,1.78826862316
236,236,-0.563301454021,1.39148818846
237,237,-1.07827760269,0.718284188363
238,238,-1.20988037783,1.7692589097
239,239,-1.08141416539,1.46434729232
240,240,-0.827187305127,1.30826699878
241,241,-1.33206361024,1.95928964017
242,242,0.650772642596,-2.47110386124
243,243,-1.48859867772,-1.97822290021
244,244,-0.456218570474,2.0558056023
245,245,-0.0398618551825,0.892362700703
246,246,-1.01664101807,-0.685114437992
247,247,-0.348694152287,1.06738539049
248,248,-0.692334630566,0.279566745918
249,249,-0.537394111683,0.325074453763
250,250,-1.25732397011,0.921949151252
251,251,0.163230666244,1.15755867868
252,252,-1.43376677797,-1.25678937504
253,253,0.248155385188,-2.38283033858
254,254,0.0979052886416,-2.06752499733
255,255,-0.647098878342,1.6174080985
256,256,-0.293831164909,0.67271013027
257,257,-0.926922358984,-1.2303979859
258,258,-0.447225640545,2.17260564987
259,259,0.011859839644,-1.90483949931
260,260,-0.0428344760351,-2.79098966886
261,261,-0.433020032565,-3.46649786322
262,262,-0.495962122758,2.1891948884
263,263,-0.281883594728,-2.69426925131
264,264,0.2580498115,-2.76147412698
265,265,-0.149532181672,2.99989635555
266,266,-0.418785349197,-1.87935855112
267,267,2.89953180471,-0.228782937982
268,268,3.50727650552,0.165367463119
269,269,3.6117929817,0.00965363056282
270,270,0.291788378198,-3.55174452209
271,271,0.618299654161,-2.65507569469
272,272,-0.905471991791,0.3161929363
273,273,-0.561124446094,2.86990047655
274,274,1.36209670009,-2.22470728566
275,275,-0.266903736849,2.11986456401
276,276,0.9618576833,-1.92900073294
277,277,0.279930687346,-2.40277962332
278,278,0.395473842501,-2.52992456078
279,279,1.11007917093,1.57920794744
280,280,0.854600152647,-2.63009678487
281,281,0.0820860590037,-1.87886629526
282,282,0.2863991575,2.94122240246
283,283,-0.522216038847,-3.15682134718
284,284,-0.603403738305,2.14857690686
285,285,0.0659400200264,2.49803439
286,286,-0.0605445540771,2.52353349904
287,287,-1.24288394675,-3.05374742398
288,288,2.34675695622,0.0166341328775
289,289,3.27358731345,0.230350156033
290,290,0.415523326454,-2.9055318096
291,291,-0.318448035371,-2.7875288031
292,292,-1.55549685823,0.819706262937
293,293,1.02848245967,-2.27042364746
294,294,-0.622625348471,1.7394178482
295,295,-0.987518555055,1.39039464978
296,296,-1.60694436951,0.788047393553
297,297,-1.48479477218,-1.09163438188
298,298,-0.501970639361,1.22429797263
299,299,-0.543237025899,1.85305038445
300,300,-0.236066809428,-0.325825384225
301,301,0.465610503534,0.13405706746
302,302,-0.247797939647,0.566310892932
303,303,0.243201457351,0.275276525193
304,304,1.2309648758,-0.671211231884
305,305,1.01760838066,0.399243788998
306,306,-0.431650051853,0.491324676369
307,307,0.74497390221,-1.88959837787
308,308,0.804792063051,-0.324941488336
309,309,0.666928059166,-2.26140899909
310,310,1.04003869574,0.633766491707
311,311,-1.55132432736,1.34164220914
312,312,-1.49804429224,1.85172497276
313,313,-0.239599911749,-0.361895981575
314,314,0.224228375499,-2.95716862084
315,315,0.563039439261,-2.77649352898
316,316,2.68237515582,-0.23743437539
317,317,0.867622872314,-2.81966775334
318,318,-0.337291218935,0.253079250249
319,319,0.665764971435,-1.89307331116
320,320,0.0693620094801,1.00692987053
321,321,-0.746982264376,-0.87730168137
322,322,1.01118576738,-2.28280021807
323,323,0.317343081864,0.323610787035
324,324,1.0136711366,1.28818286426
325,325,-0.286609014651,1.67680823154
326,326,-0.234788085284,1.55642891782
327,327,0.206485689583,-3.15335973772
328,328,-0.166692162256,0.987433928399
329,329,2.67744879858,-0.666952579617
330,330,-0.0348626392761,0.225668886077
331,331,-0.27938442745,2.25202688475
332,332,1.00501847209,-0.919628640044
333,333,-0.797497560436,2.54341740392
334,334,-0.680352548618,1.85393048531
335,335,0.33828249616,3.57103881643
336,336,0.883786726023,-1.58455244743
337,337,1.80454977297,1.36430863902
338,338,0.0402044929087,-2.44605884143
339,339,0.428074643947,0.731407834838
340,340,-0.168987423636,-0.480767454559
341,341,-0.441460890162,-0.859439496284
342,342,-0.655722550583,1.24778984718
343,343,-1.03790814251,0.879623757789
344,344,-0.975317355078,1.02310856412
345,345,1.63230067766,-0.355192497381
346,346,1.6314394618,-0.215773515295
347,347,-0.32336510808,2.46048655613
348,348,-0.638161886741,2.75705928407
349,349,-0.039812832826,-2.2279913794
350,350,0.597294838566,-1.76089572508
351,351,-0.0960075942754,2.855160065
352,352,0.654531042963,-2.38292795028
353,353,0.102579715399,-2.63239629848
354,354,0.00240203018642,-2.54775274951
355,355,2.19272491729,0.0632939060364
356,356,0.313870897103,-2.23100901781
357,357,0.979991952099,-2.82577352532
358,358,0.0707213052922,-2.78522394135
359,359,1.53972470097,-2.17930656657
360,360,0.62769774456,-1.34935973215
361,361,-0.392472401061,2.13028698154
362,362,-0.504677640049,2.05963684014
363,363,-0.0161224606887,2.56431844052
364,364,-0.160512049259,2.893453528
365,365,-0.359430633611,2.84840538696
366,366,0.41165611327,-2.16289977629
367,367,-0.464198503715,2.68316162692
368,368,0.0427169342569,-2.58410663896
369,369,2.72337042387,1.48419477402
370,370,2.85218939355,-0.514060361785
371,371,2.2000389068,0.0740488894744
372,372,2.23729139431,0.638244608931
373,373,2.37402825034,0.511605702475
374,374,2.24583890227,0.134528395067
375,375,2.59718424859,-0.168288242139
376,376,2.71214330863,0.345299445875
377,377,2.27768367187,0.320031644681
378,378,0.0183407961085,-2.84428820111
379,379,0.0384678843034,-2.45743195985
380,380,-0.145406253187,-2.92257163256
381,381,2.80199150845,0.138742144946
382,382,3.20839337117,0.651283908416
383,383,2.30312679203,0.868214062845
384,384,0.103889270019,-2.87847670234
385,385,0.546388929313,-2.54024104645
386,386,1.9146425372,0.581042483552
387,387,-0.658336218981,2.50029208198
388,388,-0.645065233237,2.1663158806
389,389,-0.448619572223,2.70018595299
390,390,-0.502271812408,2.88153304101
391,391,3.28235501934,-0.203535816819
392,392,-0.0264756590932,2.59377444131
393,393,0.313516770344,-1.92908791321
394,394,0.176320928096,-2.83525746563
395,395,0.506660685252,-2.71901988462
396,396,-0.199801968135,-2.50963178464
397,397,0.0870804768518,2.53939593427
398,398,-0.713445391136,-2.47206145965
399,399,0.360792408193,3.08797125497
400,400,0.563328911005,-2.93032577423
401,401,-0.167772545758,-2.06972113531
402,402,0.532409890173,-1.84805316487
403,403,0.905892234145,-2.06908021716
404,404,0.114668422944,2.49505695827
405,405,1.08528596413,-2.36996993112
406,406,1.08903841312,-0.970989285763
407,407,2.8029927375,-0.127357679542
408,408,2.95205467545,-0.156500648101
409,409,2.49734125162,-0.174286788406
410,410,-0.208591444123,1.96445604565
411,411,2.6512809005,0.251884967468
412,412,0.403538244672,2.47315214749
413,413,2.86673785736,0.103417602943
414,414,2.45634750436,-0.0635335117256
415,415,0.0583280791188,-2.44872261542
416,416,-0.0987637697133,-2.61133410257
417,417,0.214985041074,-2.95750325402
418,418,2.46923287161,-0.118032760157
419,419,0.951257076192,-2.29511160068
420,420,-0.200351986972,-2.56343346534
421,421,2.66220792662,0.176901904557
422,422,0.249283899213,2.81864347925
423,423,1.72049060064,0.519212148932
424,424,-0.413281348977,-2.57733101995
425,425,-0.693096489741,-2.25890305126
426,426,2.43397431223,1.15825470172
427,427,-0.00716765400123,-1.65698967548
428,428,-0.271229953944,-2.01089162921
429,429,1.42866654197,-2.24744480885
430,430,1.0489997828,-1.72418944071
431,431,0.893257715097,-2.18630938022
432,432,0.00351014052723,-2.30504671704
433,433,0.416854278644,-2.28454114829
434,434,-0.131473853979,-3.24498946122
435,435,-0.122975639175,-2.7818305277
436,436,1.07917683273,-2.19174203141
437,437,0.725905019129,-1.89817564646
438,438,0.28548059947,-3.15050888043
439,439,1.4889692403,-2.27182604007
440,440,-0.152188193049,-2.76669347368
441,441,1.0964517697,-2.25720626176
442,442,-0.0998806734848,-2.6455817997
443,443,2.10749196953,0.341305678123
444,444,0.0639166239914,-2.61447751679
445,445,-0.305756607487,-2.60584540602
446,446,0.914712384155,-2.40209871542
447,447,0.274459402774,-3.0733835758
448,448,1.09213970393,-2.29024808542
449,449,3.82670226891,0.15055636613
450,450,3.3333427498,-0.105864985939
451,451,-0.109388493615,-3.26800140515
452,452,0.935479125479,-2.33576549724
453,453,-0.0928319797081,-2.61175009754
454,454,0.92703691096,-1.96447800711
455,455,-0.529719794608,-2.84049583508
456,456,0.0334503792196,-2.53029593502
457,457,-0.014487695859,-2.93991840449
458,458,-0.243349813073,-2.49489236162
459,459,3.24752016437,-0.487343856724
460,460,-0.163962643563,-2.71482743687
461,461,1.33176797038,-2.72789822197
462,462,2.94961833387,-0.0397738629826
463,463,0.16577838942,-2.50990472479
464,464,-0.860234428192,-1.39462660087
465,465,0.685506770856,-1.87525024396
466,466,-0.0311758015539,-3.0809312059
467,467,1.05013934094,-2.28025005001
468,468,0.393219395746,-2.43927231051
469,469,0.284400393916,-2.33114164818
470,470,-0.0740807687377,-0.306041082342
471,471,0.503713606503,2.15868982164
472,472,-0.0498322934811,-2.83921390444
473,473,1.20053067413,-2.18949145932
474,474,-0.687589319186,1.57207576527
475,475,1.84793789201,2.12678604847
476,476,1.95028280627,2.1656552555
477,477,2.67645877756,0.17798037455
478,478,3.76749255137,-0.158614063758
479,479,-0.0681881635493,-2.34961090735
480,480,1.24612380942,-1.59110031167
481,481,-0.5400509046,2.17848273441
482,482,-0.233295232086,-1.89773866106
483,483,-0.8043321343,1.05439873298
484,484,0.230760554308,0.0126146946485
485,485,1.55729837127,0.459001118823
486,486,2.34043270595,0.122762692789
487,487,2.79651000509,0.114816772618
488,488,2.31125366223,0.0157671510886
489,489,0.00911674824188,-3.19529986565
490,490,0.574859164821,-2.80117601511
491,491,-0.680134633708,2.26504559389
492,492,0.0278687514689,3.33627712241
493,493,1.17948223042,-2.23254208742
494,494,0.114037324757,2.43997714905
495,495,1.20835510974,-1.36760340373
496,496,2.74587336531,-1.3491949318
497,497,-0.0192298103199,-2.34232062077
498,498,2.66611131785,0.119177983406
499,499,2.24724450439,-0.159054970545
500,500,-0.212817352166,-3.1821200744
501,501,-0.229677212621,-3.54176187001
502,502,0.191509731737,2.39511151456
503,503,-0.41432895252,2.55184799152
504,504,-0.386358761385,2.97092822113
505,505,0.507747950813,3.13663932527
506,506,-0.266184475683,-1.83639308692
507,507,3.06871773422,1.03118230824
508,508,-0.0529205906324,2.80608716396
509,509,-0.289033374439,-3.1292935342
510,510,2.74708122335,2.19928892362
511,511,0.483503517116,-3.63064587562
512,512,-0.0263662745047,-2.49385932189
513,513,0.559229616147,-3.14663569381
514,514,-0.406098091248,2.44561514225
515,515,0.917873321349,-1.79480570955
516,516,2.23067845546,-0.279664797417
517,517,2.91804853599,-0.47575099483
518,518,-0.31045001234,-2.99100246796
519,519,0.384777667272,-2.61548511545
520,520,0.00133226716949,-3.21088901348
521,521,-0.0734274249416,-2.77691978067
522,522,0.25507678899,-2.4116618674
523,523,0.231848913669,2.58139461246
524,524,-0.391598179166,2.93225717223
525,525,-0.173109405416,2.16159994839
526,526,0.168524961451,2.36221718782
527,527,-0.0245164647498,2.44670368964
528,528,-0.409012003381,2.5757418641
529,529,-0.560487188907,-2.5998448761
530,530,-0.21632977372,-1.57988978192
531,531,0.396277151685,-2.41023310278
532,532,-0.489685789822,2.23941451829
533,533,-1.27430960978,1.67340286419
534,534,-0.668651513315,2.24229182867
535,535,0.522654327392,-2.11753306637
536,536,-0.375890466979,2.28244657961
537,537,-0.689395577196,2.37491388415
538,538,-0.297181772852,2.02323566839
539,539,-0.932870120165,2.43830226058
540,540,-0.793033248859,2.46959614113
541,541,-0.410004894272,2.99609925528
542,542,-0.823028732778,2.85699199441
543,543,1.0774304153,-1.90109928018
544,544,2.18668985982,0.461427585653
545,545,2.51820352319,0.0991521880371
546,546,2.9321017255,0.301271064093
547,547,2.89222890277,0.169942793412
548,548,2.49285863933,0.574382915709
549,549,-0.0774512528794,-2.51704065192
550,550,0.874961232795,-2.3438797322
551,551,0.544778392774,-1.05936104908
552,552,-0.468848926487,2.35818902623
553,553,-0.147562984753,1.90685787374
554,554,1.18271564383,-2.04651163953
555,555,1.48803608133,-0.861816975691
556,556,-0.0348799354633,1.07507645643
557,557,-0.661574497043,0.273168179799
558,558,-0.592191889673,0.96871452314
559,559,0.519821411461,0.627826896471
560,560,-0.808133933116,1.4105334319
561,561,0.744765823668,-0.320117504056
562,562,2.06511660425,0.621704210478
563,563,3.1326853322,0.20086163302
564,564,2.88120396579,-0.550621853642
565,565,1.63036958151,-1.71580495615
566,566,3.41024851829,0.431473405741
567,567,2.63753064615,-0.378027859095
568,568,2.77424970048,0.130780700025
569,569,2.71536060464,0.118482175057
570,570,0.0987646824964,-2.46233117188
571,571,-0.311811888923,-3.32878841037
572,572,0.249916498404,-2.99342221485
573,573,0.725771883072,0.144764469027
574,574,0.926873457924,-0.328530166533
575,575,0.287636812006,-2.22514283316
576,576,0.28124161044,2.84436694393
577,577,0.467451360634,-1.89548596935
578,578,2.64549860617,1.92579598501
579,579,-0.225350348223,-2.96307476434
580,580,0.125055352341,-2.94814271471
581,581,0.0239557799059,2.88671277405
582,582,-0.263744824451,2.17863805045
583,583,-0.178636380859,-1.92232529339
584,584,3.12731865043,0.0122393623121
585,585,2.25601963725,0.082866411065
586,586,0.0743828659447,-3.30380893546
587,587,2.88088359123,0.0470494424119
588,588,0.341854789811,-2.79093880535
589,589,0.735032369809,-1.20824018974
590,590,-1.88318019111,2.67923758398
591,591,-1.8212623798,1.70983820811
592,592,-1.60040043241,1.2870007523
593,593,-2.14509951363,-1.99754399001
594,594,-1.21786283411,2.24531612368
595,595,-0.768096349209,-2.29661304402
596,596,0.803771394016,-0.489306435009
597,597,2.34334839811,-0.208566810779
598,598,1.79271932265,1.87418617641
599,599,0.215297569084,-2.25543962355
600,600,-0.44072986294,2.86278548557
601,601,-0.121024680704,2.94235690031
602,602,1.94382503941,-0.372786197661
603,603,0.267593770547,-3.04153172533
604,604,0.0111970727699,-3.11547673315
605,605,1.00925741031,0.477498977735
606,606,0.188805418783,2.47266455187
607,607,1.20312462056,-1.79866605501
608,608,-0.505253958683,1.37182694876
609,609,1.24895263149,-1.88268490341
610,610,-1.0647547249,2.96049180077
611,611,1.85213257477,-1.95278266693
612,612,1.97477434727,0.175061388879
613,613,0.603000691978,0.495894597388
614,614,0.863312330319,1.31047723924
615,615,1.03091831015,0.413690567458
616,616,0.343230269813,0.501033962733
617,617,0.824686774923,0.783998450917
618,618,0.406174399879,0.441052906066
619,619,1.27561281877,-2.13590375147
620,620,1.00605070526,1.34959008408
621,621,2.52791427977,0.391299487059
622,622,0.764227585343,-1.78868579595
623,623,1.66312230862,0.590943330628
624,624,0.684435892907,1.92201250934
625,625,-0.194399371635,-1.05310288054
626,626,-0.288076437719,-0.664123909197
627,627,0.454759487991,1.24331676275
628,628,1.48232274142,0.794578334115
629,629,1.66125050881,0.711295966356
630,630,-1.13041971934,-1.29823150339
631,631,-0.370985642737,-2.45676392814
632,632,-1.41134764037,1.07690010872
633,633,-0.677827610268,-1.30990071578
634,634,2.97013696786,-0.246512393896
635,635,-0.0577315299339,-0.219337340112
636,636,-1.14554658764,0.765519218586
637,637,-0.0920399833108,0.575836883488
638,638,2.73840252799,0.658262872622
639,639,0.497589212418,0.142735888898
640,640,-0.396594199818,-1.53267020911
641,641,0.922546999777,0.312581282084
642,642,1.14659166665,1.0188906753
643,643,-0.213385677974,-1.25492892236
644,644,-0.320291678165,2.48817531053
645,645,0.00701960647197,1.31615524445
646,646,0.622932493943,0.704083003155
647,647,2.01457912884,1.29538022104
648,648,2.32962158913,1.44363580656
649,649,0.861315028214,1.9386380375
650,650,2.56502879469,0.799648232074
651,651,-0.130931996343,-1.28546325903
652,652,-1.01215953643,-1.88372523867
653,653,2.60635740076,0.158127786688
654,654,1.76052764473,2.55119847018
655,655,0.955320899026,0.784338865225
656,656,-0.953525479045,-1.76990540667
657,657,1.86648354636,0.604733490632
658,658,0.376474256503,1.52403683725
659,659,3.28915082989,0.655302776233
660,660,2.08348377962,2.12136669803
661,661,1.55064851476,2.10198113507
662,662,2.01294897191,2.4644212892
663,663,1.3059877997,1.93739591301
664,664,1.77021984833,1.94922051458
665,665,1.71052985017,1.8003104158
666,666,1.3382225957,2.14727228622
667,667,0.842240118625,-2.76347659289
668,668,-0.393278328525,1.66260807743
669,669,1.24751557884,1.38142824248
670,670,-0.408878882121,-1.21161181421
671,671,0.94264754982,1.02915625112
672,672,2.31680332608,-0.302838051717
673,673,-0.801168282096,1.900830769
674,674,-1.87463623054,2.03273709693
675,675,1.50647235191,-0.802068268903
676,676,0.637284239189,1.77598111338
677,677,1.70952078781,1.41670926888
678,678,2.2200491791,1.35979376697
679,679,0.0281299035026,2.34212258056
680,680,1.38686805623,0.781370776461
681,681,2.29024770755,0.484829974911
682,682,2.60463610689,-0.0524545146534
683,683,1.81828682731,1.06794867227
684,684,1.60876178547,1.67819492605
685,685,0.452842676404,2.69860051501
686,686,0.234788562869,2.30569285237
687,687,0.203303479421,2.05732086548
688,688,0.285624194827,2.13672128023
689,689,0.134601701147,2.29052817221
690,690,-0.117995171991,2.08005596616
691,691,2.33616402584,1.47601893406
692,692,2.32683909681,1.84191589045
693,693,-1.17072479469,-2.72729678165
694,694,1.6024315679,2.04463805487
695,695,-0.310666938599,-1.77295470028
696,696,1.14867439181,1.85439880967
697,697,1.23348164347,1.91754589533
698,698,2.20746701949,0.5399312436
699,699,2.53209612628,0.20742331422
700,700,0.466467293271,-1.47316973677
701,701,-0.420088991168,1.01921300058
702,702,-0.676990095071,2.15480183189
703,703,-0.483739389397,2.06618246341
704,704,-0.312535209854,-1.18136611485
705,705,-0.108500586,1.75400712485
706,706,1.16363791202,1.66387444841
707,707,-0.127512275775,-2.05854642552
708,708,1.43744861324,2.29026599859
709,709,1.02428463064,1.26907111416
710,710,0.118452736663,-2.56691235825
711,711,1.16886699266,0.203289588572
712,712,-0.0381741941509,-0.560022348317
713,713,-1.02904902603,-1.46274591887
714,714,0.700425618325,-2.20147179985
715,715,-1.05368405234,1.94195369062
716,716,0.521350355622,2.89255794971
717,717,-0.402952564215,-2.17918906047
718,718,1.02604269624,1.23295067477
719,719,0.297942907827,-1.46156075518
720,720,1.52667672,1.72850766279
721,721,-0.0259042965821,-1.40218938039
722,722,-0.422902226627,-1.18104484709
723,723,1.1493962429,1.08299574653
724,724,0.641376360674,1.08898825931
725,725,0.706742300113,0.724930457097
726,726,-0.0797794440495,-2.54646006495
727,727,-0.0513378375276,-0.909036940035
728,728,2.23746808669,-1.19863259029
729,729,1.87675094645,0.322142762418
730,730,-0.377735774662,-2.59301288744
731,731,0.147312923782,-3.16132918864
732,732,-0.135821516021,-1.819647232
733,733,2.20066623688,0.183450435409
734,734,-0.201818001673,-2.9197416069
735,735,0.934606377983,2.75661359093
736,736,-0.0284837449407,-1.43973441831
737,737,-0.859910220158,2.02817818148
738,738,2.08529424733,-1.85019867865
739,739,-2.10040090352,2.60853118633
740,740,1.46983008515,-2.25747072908
741,741,0.120088926101,2.43152826129
742,742,-1.05899113352,1.099695752
743,743,1.23447735396,-1.26210801629
744,744,0.790283993699,0.552400943689
745,745,-1.22937447032,-2.37771202827
746,746,0.603039449637,-1.98924004218
747,747,0.698648565319,-0.493199043227
748,748,2.14886990909,-1.18823739924
749,749,-0.152650194222,-2.02600517719
750,750,-0.561800436382,-2.72922645969
751,751,-1.4631528517,-0.988806648553
752,752,0.56557839711,2.00051375431
753,753,2.72392719711,0.0679156210559
754,754,-0.24110464235,-2.77263479386
755,755,0.291032362022,-2.13487090319
756,756,-0.348533997507,-2.01459540276
757,757,0.588129630506,-2.25062748817
758,758,-0.640148142069,-2.74742968616
759,759,0.0943921886374,-1.9893458194
760,760,-0.886047888234,-2.61187121605
761,761,-0.260078402754,-1.65034677023
762,762,-0.373931480826,-2.0954338143
763,763,0.393799053326,2.4637189744
764,764,1.58593226827,0.187414767522
765,765,0.824178130441,-2.47191190596
766,766,-1.00290112506,-0.988197445694
767,767,-0.935610156084,-3.28971098032
768,768,0.0482003042121,-2.22202268139
769,769,-1.74028306594,-1.5303100197
770,770,-0.338652679481,-1.30864218637
771,771,0.60708991087,-2.11906131638
772,772,-1.04149954462,-2.9834663764
773,773,1.29023665942,-1.42944147482
774,774,1.8476292008,1.34437630724
775,775,0.867847029385,-2.28181964587
776,776,1.08293329137,-2.10277714607
777,777,-0.0392437443667,1.79305628697
778,778,0.694340973595,0.95380393338
779,779,-0.0690107816132,1.08766226929
780,780,0.708860417287,-1.79633720739
781,781,0.761829003232,2.56642250252
782,782,0.0392510955867,-2.48685466162
783,783,0.0448898205895,-2.89657258715
784,784,0.575258534833,-2.17871588587
785,785,-0.192568288465,2.25540432953
786,786,-0.140465504538,2.50673847258
787,787,-0.667168534522,2.77762674259
788,788,-0.28731620352,2.5625692733
789,789,0.415103580445,-2.11415286704
790,790,-0.329936131074,-2.84970806026
791,791,-0.711157472741,2.81095727746
792,792,-0.0962710010999,-2.48647440345
793,793,1.65962915993,-1.62316900879
794,794,-0.10457169395,1.95330326254
795,795,0.00322434190987,2.23707000795
796,796,-0.201131767718,2.46087166113
797,797,0.585977396466,-2.50596652987
798,798,2.13471664577,0.827389531345
799,799,2.78839590577,0.0653791665653
800,800,2.71897984074,-0.13095860815
801,801,1.91671162819,0.0756345045513
802,802,0.142042297385,-2.70618775039
803,803,0.320566352554,-2.72677231911
804,804,2.52669515029,0.0840518670485
805,805,0.0263922275365,2.85942280421
806,806,0.123553682213,2.30753164212
807,807,-0.427525249966,2.96209036586
808,808,0.3698654779,2.71072815719
809,809,0.25945128288,-2.53581227328
810,810,0.304985747733,-3.34685757845
811,811,0.199654615058,-2.84143765768
812,812,-0.165057297931,2.45183403284
813,813,0.469375248642,3.33612071983
814,814,0.591354112938,-2.20954438902
815,815,2.39937324295,0.450109745515
816,816,-0.533762901036,2.39978940313
817,817,-0.105882429124,2.79574454324
818,818,1.17166814033,-2.91273274578
819,819,-0.243365137679,-2.80972409867
820,820,0.126054854399,3.0054984191
821,821,0.253981250264,-2.31706514263
822,822,3.20574260879,0.0765408191478
823,823,3.06572118315,-0.233126384569
824,824,-0.183352205919,2.83546206256
825,825,-0.107254737522,2.04082251348
826,826,2.69704234125,0.00854937001316
827,827,0.315612562665,3.26682769154
828,828,0.171613465392,-2.17856962671
829,829,-0.0263196551164,-2.61905851085
830,830,0.0977973339279,-2.43417428863
831,831,2.70831519351,-0.0326939547193
832,832,0.378963361107,2.6338859753
833,833,-0.16981172265,2.68347615696
834,834,-0.340036310649,-1.95537454416
835,835,1.87881136497,0.271235196727
836,836,1.50988350044,0.561256453276
837,837,2.36025956311,-0.0625910817871
838,838,1.97433928808,0.0459769351523
839,839,0.497331437369,-2.48941103595
840,840,0.529097694245,-2.71391886955
841,841,-0.584061823863,3.0807522613
842,842,1.39319605313,-2.88984698278
843,843,0.269813180751,-2.53307504502
844,844,-0.0963947098153,-2.5489314915
845,845,0.0577345775745,2.04393740494
846,846,0.607682211034,2.50102524039
847,847,0.137735987291,2.43517549082
848,848,-0.282752136966,2.20924206717
849,849,0.229638955473,2.59346263818
850,850,0.218453124633,-2.48494413105
851,851,-0.0830932708466,2.96576634373
852,852,0.755772464578,-2.14790070722
853,853,0.0137222149602,2.86032408784
854,854,0.502728288952,-2.8748256593
855,855,0.254371310679,-2.59133654198
856,856,3.09443220517,-0.266612800607
857,857,0.0477403978095,-3.08622261278
858,858,-2.45424653667,-0.114697224479
859,859,-1.82939438174,1.7183733784
860,860,-2.03732497837,1.62970409914
861,861,0.431807258592,-0.851197476954
862,862,-2.20571772979,-2.3290670571
863,863,-1.69376528686,2.32566275515
864,864,-0.729402504211,-2.25503846741
865,865,1.99015525353,0.319522715479
866,866,2.73519988492,-0.157354835546
867,867,2.77945621675,0.459722318974
868,868,0.290633698829,-2.57980357484
869,869,0.97399614752,-2.05804236753
870,870,0.571654127376,-0.841560974353
871,871,1.93470309379,0.481005654925
872,872,-0.135053615839,-2.76680099667
873,873,-0.593521273798,1.84497293933
874,874,-0.0547564910337,1.32028894479
875,875,2.79715088506,0.556455415419
876,876,-0.039506592461,-0.390414987941
877,877,0.0437696786602,-1.04564092613
878,878,-0.879909811539,-3.0591923015
879,879,-0.131033119303,-1.20104674967
880,880,-0.536983565525,1.36649013691
881,881,0.414693492855,3.08572140869
882,882,1.9165491043,0.0727606162719
883,883,2.83061859295,0.288910173335
884,884,2.67449203671,-0.46435793089
885,885,-0.655372423573,-3.33338595955
886,886,0.0120759006181,-3.01421525624
887,887,-0.30253373464,-3.48171076535
888,888,3.11052321057,0.0818474258699
889,889,0.182659202315,-2.3413908602
890,890,0.301372936236,-2.7309644503
891,891,2.02805616002,0.985057259423
892,892,-0.0769595900536,2.37037458671
893,893,0.660478388242,-2.88012541033
894,894,1.54544621278,-2.50532693526
895,895,0.752266119417,-2.31704321371
896,896,-0.551994216108,-2.97398761661
897,897,0.119159458729,-2.79781693248
898,898,1.49087487186,1.36753098023
899,899,0.83589831218,-3.03340516433
900,900,1.2527671827,0.737768199198
901,901,0.247759870573,2.73867016157
902,902,1.02787680327,-1.13468283634
903,903,-0.191930871461,1.77636888958
904,904,-0.420306454605,1.63309869049
905,905,1.6430293476,0.527981079519
906,906,1.80473128099,0.55960366018
907,907,2.27879817978,1.23200751122
908,908,1.35969120415,-0.342378323268
909,909,2.26108189633,0.637745047076
910,910,3.18092401655,-0.0469688384042
911,911,0.057413651852,2.50632713693
912,912,2.02598017529,0.242591941835
913,913,2.58274159589,-0.0960316820359
914,914,2.01278872139,-0.638319744727
915,915,-0.150702153791,1.61245989228
916,916,0.215583833302,2.07947188451
917,917,0.10260373164,-1.75296409618
918,918,0.267584820408,-2.10692347221
919,919,2.04337006807,-0.86747315609
920,920,1.27028664026,-2.06089421454
921,921,0.566608803974,-0.203260746351
922,922,0.388558349976,-2.65084101457
923,923,0.679473938017,-1.79941830223
924,924,-0.539453876282,1.81739576694
925,925,-0.0901434846421,1.5289314476
926,926,-1.01558888669,-1.74856515803
927,927,0.135185478422,-2.11729931236
928,928,-0.016819192971,1.19337316177
929,929,0.524932988438,1.66244808473
930,930,-0.116127973361,2.87215202118
931,931,2.99170762829,-0.184376136471
932,932,1.03818905371,-0.789840770019
933,933,2.5190876395,-0.10274277422
934,934,2.99786605071,-0.0501275827171
935,935,-2.09971447853,-2.20982557853
936,936,0.631922230908,0.373510789182
937,937,1.1991151885,-0.523578990256
938,938,-0.0967272791784,-1.69982848977
939,939,-1.57234179141,1.79418955008
940,940,-0.256954533325,1.46025274063
941,941,1.25560207116,1.57344030489
942,942,1.99696101527,0.857195038626
943,943,-1.09639571011,0.175032926618
944,944,-0.0767766390887,0.816811100706
945,945,0.126316003396,-1.70522873355
946,946,-2.11827037409,-2.23961648738
947,947,-0.420339300019,1.51190346924
948,948,-0.766829129475,-1.15851377115
949,949,-0.507070253181,-1.78778434108
950,950,0.417533137981,0.857770637522
951,951,0.226293499161,0.94094670428
952,952,-0.222957588241,-2.20932257604
953,953,-0.0928294262934,-2.90539342944
954,954,0.480974564492,0.737842042778
955,955,-0.329454004835,-0.74828597379
956,956,0.409886229147,2.33108884334
957,957,0.433821692013,1.05617432961
958,958,0.708329029213,-2.26731500513
959,959,-0.177852335432,-2.1194520041
960,960,-0.431317528877,-2.4425589257
961,961,0.175764972794,-2.47421898972
962,962,0.271207090345,2.95367706806
963,963,0.998245698165,-0.4343196586
964,964,0.23610194813,-2.92199051236
965,965,0.0768476068167,2.94187858077
966,966,1.17139062877,-0.272740049859
967,967,2.85976597786,0.603986028887
968,968,-1.10829023557,-1.5133633666
969,969,-2.08740455221,-2.18860441915
970,970,-1.18367969556,-1.7244257881
971,971,0.0226488333405,1.40719135999
972,972,-0.801156751998,-0.555828247094
973,973,-1.93049739913,-2.16939889405
974,974,-1.46241130656,-1.69151170445
975,975,-1.4081664026,-1.55637606858
976,976,-0.965426600376,-1.78515805614
977,977,-0.573026469308,-2.07652812551
978,978,-1.22199491948,-1.94282717938
979,979,-0.624270332657,-2.16134464219
980,980,0.369927515203,-0.784802788202
981,981,3.0123174963,0.0348304360066
982,982,-0.000458795235891,-2.32684787393
983,983,-1.43399889301,-1.86049384776
984,984,0.408579908631,2.81730117466
985,985,-0.311200353411,-1.53988961233
986,986,-0.767121280207,-1.70189630449
987,987,-0.859734027712,-1.73566212882
988,988,0.0467733913276,1.14084941973
989,989,-1.30556466946,-1.83081321576
990,990,-1.96434453508,-2.62601954799
991,991,-0.0593810982464,2.95234513827
992,992,0.0551630877512,-1.48005825467
993,993,-0.177980671205,-2.2219495287
994,994,0.348044219897,-2.70573705935
995,995,2.05455408511,0.533770906632
996,996,0.381155128431,-2.57938279031
997,997,-0.876504715849,-1.60173274785
998,998,-1.65938157199,-1.68329727043
999,999,0.0447131896161,0.23174501014
1000,1000,-0.641132910038,0.992973395936
1001,1001,-0.478863494257,0.764107543984
1002,1002,-0.908485294922,-0.965714642486
1003,1003,-1.55283146228,-0.877433325788
1004,1004,-0.0589567417758,2.16043706146
1005,1005,-0.248495607945,2.86580237055
1006,1006,1.42652882342,-1.80708905457
1007,1007,0.38840458482,-0.385326645139
1008,1008,-0.376944547665,2.27462368232
1009,1009,1.20785413613,-1.91189470409
1010,1010,2.29501178874,0.261069120596
1011,1011,2.95262000249,0.1096675116
1012,1012,2.60804664543,0.0421820953648
1013,1013,0.81757798322,-1.66708203637
1014,1014,0.118643636924,2.1408346907
1015,1015,0.446701790702,-3.15638187126
1016,1016,-0.820427231587,-0.673341255202
1017,1017,-0.387950762333,1.8475194757
1018,1018,2.40533807188,0.17220720374
1019,1019,-0.375953799625,1.62961218212
1020,1020,0.377580459635,-1.63215145336
1021,1021,0.677875328922,0.0866862025312
1022,1022,0.334355613065,-1.75933242407
1023,1023,-0.742487189039,1.65374197197
1024,1024,-0.187466995464,0.86821293305
1025,1025,-0.13018323008,1.01778241072
1026,1026,0.581027841733,0.461147605177
1027,1027,-0.20315948135,-0.15702635352
1028,1028,-1.02185709971,0.190524475437
1029,1029,2.66553723022,0.0932829446331
1030,1030,-0.513612968856,0.934473623599
1031,1031,0.912230187163,2.40883523645
1032,1032,-0.367008517651,1.00142975298
1033,1033,-0.951860693713,-0.328096147238
1034,1034,-0.38461808805,-1.72153620164
1035,1035,0.651453367356,-0.870103073209
1036,1036,-0.453480564641,-0.770607795603
1037,1037,0.446103468225,2.94087897275
1038,1038,1.43088144459,-1.02842807456
1039,1039,2.51485937983,-0.97665742244
1040,1040,0.00903156108446,-3.2235274265
1041,1041,2.30908232622,0.179826828966
1042,1042,0.117013776826,-3.31381956834
1043,1043,0.00272924040364,-3.03871155535
1044,1044,-0.84184742468,1.73041961048
1045,1045,-0.826357680134,2.07718525903
1046,1046,-0.832293841659,2.24900041302
1047,1047,-0.441521192939,1.7712527787
1048,1048,1.072112397,-1.91167885026
1049,1049,0.0783752786426,2.97138882608
1050,1050,2.19516159987,-2.53758416843
1051,1051,0.464387291091,-2.44237170795
1052,1052,-0.854903898534,2.35481289844
1053,1053,-0.994468150086,2.31724261393
1054,1054,-0.552464987109,2.35499254032
1055,1055,-0.0459355690698,2.60774459399
1056,1056,1.13596273501,-2.81413395103
1057,1057,0.472398216812,-2.05840759259
1058,1058,0.167977413759,-2.38945556667
1059,1059,0.0716314223644,1.71184050548
1060,1060,-0.132884614682,2.48776506719
1061,1061,1.39556554593,-1.79253072087
1062,1062,-0.071968047964,-2.36660674097
1063,1063,0.792019775063,-2.03443087591
1064,1064,-0.112882061941,2.56887349921
1065,1065,-0.31783585383,2.44508132698
1066,1066,0.140854690581,2.26978957058
1067,1067,-0.623291822649,2.1896219019
1068,1068,0.456864424871,-1.8899999271
1069,1069,0.0589661010678,2.74556803385
1070,1070,-0.429250722574,2.24046226197
1071,1071,0.298579012517,-2.16793838877
1072,1072,2.6459903613,1.18449673095
1073,1073,0.108019506307,-2.77086795831
1074,1074,4.12038911561,1.19936135955
1075,1075,-0.821368290959,-0.851327238636
1076,1076,0.631889332624,0.588818228269
1077,1077,-1.2646378784,-1.10767153588
1078,1078,-1.32061557521,-1.11878181589
1079,1079,-0.776903133997,1.85546246574
1080,1080,-2.10512465977,-1.96813590303
1081,1081,-2.11385897443,-1.91246956735
1082,1082,2.18770722304,0.175513196316
1083,1083,-1.81455106452,-1.88766060399
1084,1084,-0.302058050462,1.77248779097
1085,1085,0.550468619141,1.52587212182
1086,1086,-0.186034462868,0.327852915231
1087,1087,-1.10402757172,0.679588828078
1088,1088,0.423034682643,1.55368268758
1089,1089,-0.214007762656,1.20700305953
1090,1090,-0.485696605721,-0.959966526771
1091,1091,-0.878950472583,0.840671838371
1092,1092,0.408624499916,1.45163293265
1093,1093,-1.3244606337,-2.17781512857
1094,1094,0.0783000547451,-2.56198010943
1095,1095,-0.75790639719,2.4154626476
1096,1096,0.252858135228,-2.82394642141
1097,1097,0.102553092498,-2.62067179098
1098,1098,0.430328951997,-2.5100431179
1099,1099,-0.0929587261527,-2.23027702633
1100,1100,0.484982710502,-1.83458625579
1101,1101,-1.91393577573,-1.99639700125
1102,1102,-0.393751667815,-2.03896086864
1103,1103,0.0972946932154,-2.82265633237
1104,1104,-1.33731039353,-1.64847774501
1105,1105,-0.0133375015241,-2.50554026206
1106,1106,2.67188489356,0.0570383969603
1107,1107,-0.478305080619,1.96956972919
1108,1108,-1.73298609048,-2.0271297026
1109,1109,-0.0889694763029,2.03015756979
1110,1110,0.450630889156,-1.24248059658
1111,1111,-0.439748975123,2.57097116988
1112,1112,0.784597216418,-1.46220049311
1113,1113,3.13710761276,-0.622554480488
1114,1114,1.70612470718,0.777857403634
1115,1115,0.311551500366,-2.64219881647
1116,1116,0.79891115922,-2.17762831661
1117,1117,-0.565932458471,1.13039145232
1118,1118,1.07225708254,-1.96387900268
1119,1119,1.511025152,-0.930727335938
1120,1120,-0.794575366153,1.78367868576
1121,1121,-0.91383950201,2.24592336709
1122,1122,-0.212825112704,2.70874160542
1123,1123,1.06446216484,0.279071748157
1124,1124,-0.723885132602,-1.41420026871
1125,1125,1.55050038667,-1.87755778379
1126,1126,-0.447859038547,2.62918769144
1127,1127,0.404074541006,1.26735585447
1128,1128,1.58901068554,-0.899002546796
1129,1129,-0.809394326862,2.15219749228
1130,1130,1.0191113934,-1.87460623767
1131,1131,-1.52938160993,-2.24990465518
1132,1132,0.345567236593,-1.79490934312
1133,1133,-0.287168573845,-2.34155583672
1134,1134,0.396280194976,-3.4076234955
1135,1135,0.754894252494,-2.01647917217
1136,1136,-0.110062929179,2.67105418185
1137,1137,-0.0495456711325,-2.03268383595
1138,1138,0.455366217414,-2.39159468702
1139,1139,0.63326865139,-2.46823280684
1140,1140,0.089187653071,2.42147841719
1141,1141,0.482495627514,2.3199445655
1142,1142,-0.355643370493,2.23477388937
1143,1143,1.29405587446,-1.67878730425
1144,1144,2.25728167835,1.56835698692
1145,1145,3.06471150252,0.158808972722
1146,1146,1.43100257819,1.66382260049
1147,1147,0.550116106853,2.23019097934
1148,1148,0.281567359508,-2.77114333879
1149,1149,0.382657645907,-2.60119952683
1150,1150,3.10267697322,0.279801736148
1151,1151,-0.00263663794836,2.44543800629
1152,1152,0.851850336746,2.99628564376
1153,1153,3.02670513032,0.336846147559
1154,1154,-0.214034911878,-2.90656008038
1155,1155,-0.171904338737,-3.20281399894
1156,1156,1.93935622299,0.520389158269
1157,1157,-0.000957979276579,2.41644205359
1158,1158,2.10813775319,0.509834676269
1159,1159,2.22311487223,0.11318080142
1160,1160,0.461363397646,2.44992194692
1161,1161,0.120238530606,-1.12162426568
1162,1162,-0.0182501692709,2.31512687818
1163,1163,0.242257216597,2.08744826454
1164,1164,0.575804170867,-1.74542830684
1165,1165,1.41697145595,0.338204368717
1166,1166,0.777862954463,2.1120669894
1167,1167,2.68422567293,0.209117950026
1168,1168,1.1168547785,-1.75101997463
1169,1169,3.15539982904,0.155735026901
1170,1170,2.22915705524,0.345761869364
1171,1171,-0.22663663275,-2.99586242985
1172,1172,0.272310643831,-3.03451661772
1173,1173,-0.456087597941,3.09207462588
1174,1174,-0.574594810965,3.22651313574
1175,1175,0.500813739991,2.06032031513
1176,1176,0.254907412886,2.8766330348
1177,1177,0.288785219641,-1.53497099067
1178,1178,1.53750771426,0.329576308844
1179,1179,-0.584677286281,-3.03493657513
1180,1180,-0.248127840456,-2.82525353576
1181,1181,2.40323758703,0.493220794853
1182,1182,-0.7241917403,-2.57565299513
1183,1183,-0.272400358596,2.5775420705
1184,1184,-0.234804590364,2.43596091447
1185,1185,1.2298624941,-2.03981108528
1186,1186,0.210010028878,-2.4025438236
1187,1187,-0.482613501959,-2.44464411073
1188,1188,0.991768518958,-1.62854115483
1189,1189,-0.0982971017961,-2.62687674478
1190,1190,-0.528868111408,-2.72912840807
1191,1191,-0.406150705501,-2.7830837689
1192,1192,-0.228252642482,-2.23405619491
1193,1193,-0.431114915707,-2.41746857554
1194,1194,-0.1816396459,-1.96615571439
1195,1195,-0.348391891574,2.72979359475
1196,1196,2.33717277425,-0.0325901315958
1197,1197,2.98679061721,0.369004936663
1198,1198,2.92342425966,0.510672078505
1199,1199,2.73791013117,0.304639829698
1200,1200,0.743696401485,-2.98178410631
1201,1201,1.05700582372,-2.22663836254
1202,1202,-0.620228148139,1.66747072844
1203,1203,-0.75413077579,2.57309859714
1204,1204,-0.54478779909,2.33226957692
1205,1205,1.65400131439,-2.35039513167
1206,1206,-0.469441501249,2.47687573089
1207,1207,0.0188164270698,-2.28914347002
1208,1208,0.470849064127,-2.3522020613
1209,1209,2.73183062181,0.105184797766
1210,1210,3.32809971775,0.419894134429
1211,1211,0.174147973588,2.25476065762
1212,1212,1.20218296636,-2.15967642888
1213,1213,2.7148937283,0.239856044363
1214,1214,1.62976211804,0.557326673079
1215,1215,0.0585810062929,-2.94757952963
1216,1216,0.116525318805,-1.88767056807
1217,1217,-0.101891568072,-2.61261701467
1218,1218,0.365346070584,-2.18349073953
1219,1219,2.05351262964,0.117528030273
1220,1220,1.47276674834,-1.35791970416
1221,1221,1.65696327064,-1.45228698037
1222,1222,1.30018889294,0.679564900231
1223,1223,1.51994219214,-1.08408054642
1224,1224,3.07452090668,-0.177371539606
1225,1225,2.64676009536,-0.218252458746
1226,1226,0.390165088658,-0.144920198338
1227,1227,-0.103435802021,3.58818939272
1228,1228,0.776722888162,-0.0992278023157
1229,1229,0.0620142503453,2.80487319266
1230,1230,0.180338245114,-3.12105008618
1231,1231,0.312011878411,-2.8574204474
1232,1232,0.223593125189,2.9480566046
1233,1233,1.41747581777,-2.31859300653
1234,1234,0.163071466445,2.405927034
1235,1235,0.0555902886336,-2.06972902999
1236,1236,3.0054931991,0.292439433951
1237,1237,0.336970490587,-2.33681525911
1238,1238,-0.289163694078,3.31113045085
1239,1239,1.25488475145,-2.12472515959
1240,1240,-0.134098241683,-1.99698634876
1241,1241,2.62747715212,-0.0891909223602
1242,1242,-0.318834009141,-2.75127490138
1243,1243,0.174672110922,-2.81221735107
1244,1244,0.57552193516,-2.64646369352
1245,1245,-0.362476108036,2.75013478029
1246,1246,0.289095697009,-2.56641447457
1247,1247,-0.185256850579,2.87784638602
1248,1248,0.0504467620392,3.45309833776
1249,1249,0.910334376138,-2.59141417887
1250,1250,-0.35334739423,2.33798122952
1251,1251,0.0725194775384,3.36360770197
1252,1252,0.156581757803,2.80614110841
1253,1253,0.733090641471,-2.23356730876
1254,1254,2.36450716504,0.723623605883
1255,1255,2.87863709786,0.185813666927
1256,1256,2.89002922418,-0.21709100447
1257,1257,2.96923691256,0.275499024146
1258,1258,2.13494417803,0.378981837069
1259,1259,2.62305557956,-0.0144519249009
1260,1260,2.57719621727,-0.00873758612314
1261,1261,2.85380482132,0.574841018642
1262,1262,0.0634696816552,-2.073700949
1263,1263,0.0844648563458,-2.50976510911
1264,1264,2.37344133078,-0.278208020152
1265,1265,0.564784024693,3.76663069005
1266,1266,1.25452181754,-0.124634007623
1267,1267,1.79532185202,-0.150444515211
1268,1268,0.0778811505932,-2.30914573249
1269,1269,0.221747362493,-2.66390553607
1270,1270,1.86092946834,-0.285300901946
1271,1271,0.446206138969,2.99606616136
1272,1272,1.91366053228,0.541269095443
1273,1273,-0.252773667985,-2.29437364361
1274,1274,0.602069260169,-0.546133329984
1275,1275,-0.393266233619,3.08137073964
1276,1276,0.531101114591,-2.69500426266
1277,1277,0.802351494706,-2.92999468792
1278,1278,2.50148822985,0.146176195535
1279,1279,2.26850108293,0.349982545436
1280,1280,0.729392999697,-0.198442254598
1281,1281,2.71516992018,0.285301271834
1282,1282,2.63335975533,0.216470452369
1283,1283,2.71344118138,0.326895083696
1284,1284,-0.350877529628,-1.7710956528
1285,1285,1.24635678806,-1.81077856776
1286,1286,0.1192609828,-0.549898024707
1287,1287,1.53906030301,0.669387832267
1288,1288,-0.247514903578,-2.26590088665
1289,1289,-0.161199237642,-2.35994577171
1290,1290,0.18856408849,-2.42381457728
1291,1291,0.933171601945,-0.47045061666
1292,1292,0.474365455153,1.68492182241
1293,1293,2.47263694608,0.537975985106
1294,1294,2.9157530258,-0.114444556704
1295,1295,0.76960917409,-0.504407993973
1296,1296,-0.0531627027821,-3.18569407709
1297,1297,0.290561047134,-2.29770316048
1298,1298,1.84509654187,-1.12610749852
1299,1299,-0.398723499657,3.01657379594
1300,1300,1.18598498708,-2.88494819147
1301,1301,0.168484409689,2.78031636758
1302,1302,-0.178726263215,1.73004229771
1303,1303,1.66931501005,-2.72761791124
1304,1304,-0.769832238612,2.75328033555
1305,1305,-0.454059474233,2.06686821452
1306,1306,-0.475259539477,2.01324541901
1307,1307,-0.898210591797,2.76245017167
1308,1308,-0.601404977495,2.54305238953
1309,1309,0.299367095131,2.57140165416
1310,1310,0.815982192649,-2.71747708756
1311,1311,-0.132592896419,-2.55604359913
1312,1312,0.358106433568,2.98766634699
1313,1313,0.101355192382,-2.84200656338
1314,1314,1.86856209634,-2.9051288249
1315,1315,0.391459293223,-2.43573072604
1316,1316,-0.885850537578,2.2025896845
1317,1317,0.253481183839,2.56514374627
1318,1318,1.18517362193,-2.69310822335
1319,1319,-0.238174830571,2.66721665369
1320,1320,0.36035052268,2.70018208354
1321,1321,-0.602973479852,2.12432630863
1322,1322,0.027050648875,2.9523836712
1323,1323,-0.204363535139,2.81454686786
1324,1324,0.845031108575,-2.12748949413
1325,1325,1.27049518375,0.967481525492
1326,1326,2.83693351354,0.136120574457
1327,1327,0.27745959754,-2.60414655561
1328,1328,0.228945902184,-2.77372833452
1329,1329,2.92946594627,0.523327191736
1330,1330,-0.209789451173,2.62237866411
1331,1331,1.21596645683,-2.18592341179
1332,1332,1.53873037116,0.464100029685
1333,1333,0.138370360391,-2.98096979553
1334,1334,0.00444821910143,2.08352685791
1335,1335,0.525440825528,1.38618270739
1336,1336,0.616029591155,1.87941258361
1337,1337,-0.484099100388,1.91033411971
1338,1338,1.43506124455,0.942223723976
1339,1339,0.0237598033615,1.63819940149
1340,1340,1.17896053092,1.49839737468
1341,1341,2.23295787427,1.68027760853
1342,1342,1.61981513427,1.40052275965
1343,1343,0.512147604916,-2.28071883365
1344,1344,0.344586924704,-2.43840033013
1345,1345,1.4464699739,0.989140954235
1346,1346,1.14993441035,2.03053783932
1347,1347,1.93317110735,-0.202304655756
1348,1348,1.34626304332,1.76177873175
1349,1349,0.314790494293,2.75304539027
1350,1350,-1.16292865902,-1.46088016086
1351,1351,2.05356149791,0.84040442185
1352,1352,-1.0625214182,-0.714727858899
1353,1353,0.581263040628,-1.96665977434
1354,1354,0.61213736681,1.70343390608
1355,1355,1.22537946953,0.908914368318
1356,1356,2.16661525926,0.391912951246
1357,1357,1.09240332783,1.52920639696
1358,1358,0.642263419658,1.83829372258
1359,1359,0.688311422453,0.322095036589
1360,1360,2.05781940776,0.459199289342
1361,1361,0.624651445478,0.292004658161
1362,1362,-0.848573290846,-1.32832176909
1363,1363,-0.759472274376,-1.51387264742
1364,1364,2.28413613039,0.464057170341
1365,1365,1.8730644491,-0.78789714076
1366,1366,1.82045203598,-0.147331616214
1367,1367,-0.456467517959,0.802677613393
1368,1368,0.586753088836,1.92816793679
1369,1369,0.906585251869,-1.99684431198
1370,1370,0.411535332737,2.10505699146
1371,1371,2.38735631772,-0.0746078637603
1372,1372,2.17876967831,0.798127965908
1373,1373,-0.225906350758,1.31655570413
1374,1374,1.99533398424,0.745986432084
1375,1375,1.29983882571,1.40202790682
1376,1376,0.89323518396,1.02822394203
1377,1377,-1.04293799438,-1.13307332221
1378,1378,0.235830956702,-1.6499063527
1379,1379,1.71060355799,1.37981259834
1380,1380,0.0675719761561,1.60456575905
1381,1381,0.782717125152,1.29179961322
1382,1382,-0.303165163011,-2.37155117374
1383,1383,-0.239475046865,1.69360241906
1384,1384,1.86217694467,0.699280999252
1385,1385,2.09351779567,0.750153660704
1386,1386,1.52290975234,0.84323745559
1387,1387,2.28819751065,1.52270305532
1388,1388,2.50135108703,0.494525286175
1389,1389,1.4487556327,1.22225957522
1390,1390,-0.0218686813786,3.38683762991
1391,1391,-0.471239922332,2.68526222477
1392,1392,0.908881754927,-2.52838122856
1393,1393,0.637692937745,0.617908411457
1394,1394,0.798254507021,0.0435784277948
1395,1395,2.092584316,0.298335220218
1396,1396,2.20962430334,0.105916429369
1397,1397,1.95272809856,-2.06263065345
1398,1398,0.753073421685,1.2497053947
1399,1399,-0.43904338927,-1.97958164784
1400,1400,1.21934126115,0.308507765233
1401,1401,-1.86301377095,-1.07835630974
1402,1402,0.480808810377,2.17574944538
1403,1403,1.20670138688,0.180710843018
1404,1404,0.689869966825,2.12920720167
1405,1405,1.06991673519,1.39872929611
1406,1406,0.17763413659,3.00129520613
1407,1407,0.530411706282,4.36714630548
1408,1408,-0.554164363619,3.72826088863
1409,1409,0.163996248465,2.501050793
1410,1410,0.551416515937,1.90700880943
1411,1411,0.216999458306,2.26868068351
1412,1412,-0.15788407096,2.85676383271
1413,1413,-0.121023290167,3.06973624605
1414,1414,0.971878466964,1.94893055198
1415,1415,0.631808351132,3.15957571831
1416,1416,0.0634576184092,1.55364848907
1417,1417,1.85889316721,-0.187001642342
1418,1418,-0.168281460185,2.03394053566
1419,1419,0.910196963516,0.321838585362
1420,1420,-1.96633705257,-1.69203307009
1421,1421,0.223251723023,-0.0991999545092
1422,1422,0.832288156651,0.0476224378324
1423,1423,3.31284343294,0.448836102593
1424,1424,-0.196387018738,-3.15344860998
1425,1425,0.370545078329,1.75775691301
1426,1426,-0.0334196506926,0.520355716712
1427,1427,2.26684804433,-0.0594558768338
1428,1428,3.67568705162,-0.785470946995
1429,1429,2.56716545211,-0.12413911274
1430,1430,1.52144125976,0.562378778005
1431,1431,2.45794306469,0.00199297417351
1432,1432,3.24096079805,-0.125821609765
1433,1433,2.5415883608,0.444252578638
1434,1434,0.830299807005,0.550190140175
1435,1435,1.38079073863,1.39915150015
1436,1436,0.105045019718,-2.16242861194
1437,1437,2.35974199625,0.329110043224
1438,1438,-0.5607965471,1.60834912785
1439,1439,1.42320613097,1.94532709557
1440,1440,0.944641666502,1.5159522664
1441,1441,0.141248221025,0.721589610175
1442,1442,0.653225375916,2.16989248765
1443,1443,0.253359716158,-2.59087860822
1444,1444,2.37709725797,2.06366682219
1445,1445,1.19548319002,2.38756393632
