,vote,alpha,beta
0,0,-0.280727369459,1.05969541101
1,1,0.0379766110409,-0.98046415701
2,2,1.21200553554,0.104425378568
3,3,1.59067719731,-0.0437044129569
4,4,0.256499067886,-0.905669857429
5,5,1.4480107073,0.0680167023828
6,6,1.3194734176,-0.0661833403753
7,7,1.12707434402,-0.0620346016788
8,8,0.176917316181,-1.03611091234
9,9,0.301849081099,-0.689147463791
10,10,1.53704897901,0.0444899243613
11,11,1.43115468957,0.0507928409508
12,12,1.44802960262,0.0404442965691
13,13,1.44768934928,-0.0961377690135
14,14,1.38339673802,-0.135226854911
15,15,1.20635393114,0.113987385559
16,16,-0.10544065133,1.02899831027
17,17,0.427359237774,-0.547987850855
18,18,1.42548250549,0.068535201007
19,19,1.23861431705,-0.0254249033141
20,20,0.947023723132,-0.227436138581
21,21,0.118435974075,-0.950724884895
22,22,0.0181040797639,-1.20556536913
23,23,1.37750522033,-0.00177277543319
24,24,0.321793929708,-1.09287592346
25,25,1.16924925848,-0.223673364476
26,26,-0.822674030329,-0.00651842553694
27,27,-0.168890667552,1.07979014106
28,28,1.58091366713,0.421258377113
29,29,1.41859491158,-0.0825396452244
30,30,1.28433222406,-0.0597003272704
31,31,1.47395679509,0.168715474443
32,32,0.278146733904,-1.06447885553
33,33,0.0492569230789,-1.06923643595
34,34,0.959422461918,-0.114439361646
35,35,-0.10452068351,1.06676507292
36,36,0.0370340450044,-1.10529062511
37,37,0.0607109718664,-1.03807523424
38,38,0.136037674859,-1.05816338095
39,39,-0.312288643204,-0.718274619077
40,40,0.90204113397,-0.608092741264
41,41,-0.233046490562,1.04292880166
42,42,0.0143612520307,-1.03982589852
43,43,1.63413726185,0.11281317715
44,44,1.44602226966,-0.0971624230671
45,45,1.31815186155,-0.0471704108968
46,46,1.35996044195,-0.0967171070682
47,47,1.32120518342,-0.00125829429975
48,48,1.20651772667,0.097061555742
49,49,0.807423433206,0.472595087873
50,50,0.100471717013,-1.16634312499
51,51,-0.0905620264204,-1.0434616719
52,52,-0.0627644412317,1.01941212455
53,53,0.073225440079,-0.978894163431
54,54,0.240268884171,-1.26152232311
55,55,0.178248475591,-1.03568998424
56,56,0.0568363837392,-0.903255435491
57,57,-0.133892226227,0.979534068101
58,58,-0.0663190644749,0.963753901877
59,59,0.135055969951,-0.917841724928
60,60,0.235546330746,-0.871667840535
61,61,1.28010215922,0.0832419405098
62,62,1.48255261852,-0.0274347011454
63,63,1.30119225585,0.0003027981895
64,64,1.36496455885,0.0754983645753
65,65,1.23277614017,-0.151101855041
66,66,0.126052221006,-0.978796225378
67,67,0.158715736256,-1.01756690003
68,68,0.308294986373,-0.907916670149
69,69,-0.161800336808,-0.875949431628
70,70,-0.370053234209,0.830512167408
71,71,-0.124158188841,0.952695562827
72,72,-0.245732172835,1.18310969249
73,73,-0.189978863661,1.0766354391
74,74,-0.231338791918,1.16747686361
75,75,-0.0669119843449,0.959892866398
76,76,-0.0604887946764,0.860096290288
77,77,-0.343964577628,0.915418803968
78,78,-0.069586157168,0.927849394883
79,79,0.240073061356,-0.972919837217
80,80,0.000908862473242,-0.952606893841
81,81,0.0818966127357,-1.11843729171
82,82,0.0431356884571,-1.05849743137
83,83,0.0318215054622,1.08796615034
84,84,0.0388219270441,-1.09948796246
85,85,1.29976803483,-0.0359095266293
86,86,1.21056110375,-0.19110286447
87,87,0.221343610188,-1.12903510517
88,88,0.0885651809242,-1.41542374625
89,89,-0.300408655863,-0.587440494906
90,90,0.232386950608,-0.429913585729
91,91,-0.0071598226466,-0.911430870058
92,92,-0.0946275859935,1.02036844017
93,93,-0.17935917266,-0.865475113232
94,94,0.196469052623,1.03973152581
95,95,1.56095162659,0.0940877396008
96,96,-0.25447428442,0.761086010665
97,97,-0.223795160289,0.889893701431
98,98,-0.310148024309,0.250247729355
99,99,-0.157132783177,0.973544745842
100,100,-0.138115889764,1.00361029249
101,101,-0.86190138605,0.311825240664
102,102,-0.00803764467535,-1.03817935443
103,103,-0.239778478327,1.05750024991
104,104,-0.260564047339,-0.577579743194
105,105,-1.08084428973,0.116771486279
106,106,0.330467753442,0.588246603664
107,107,0.0416413410067,-1.0810212657
108,108,-0.489240756587,0.528529819825
109,109,-0.392445090862,0.551561470361
110,110,0.488601594566,0.632548223799
111,111,-0.0382145292346,-1.01175419628
112,112,-0.100509843078,-0.743535039518
113,113,0.0701181506532,-1.12743787937
114,114,-0.159952283452,1.12802369985
115,115,0.11254599745,-1.04148115597
116,116,1.4473431626,-0.153889587365
117,117,1.43324513342,0.114360928681
118,118,0.107446838836,-0.976340831633
119,119,1.4476926609,-0.304352370401
120,120,1.45274169582,0.023995051403
121,121,0.0242814032859,1.0363519728
122,122,0.382688449678,-0.634099267407
123,123,1.55309019786,-0.240140957506
124,124,0.262117719205,0.974030310491
125,125,0.125842242316,-1.20510366377
126,126,0.218136856154,-1.02473510521
127,127,-0.658824140661,0.53618352554
128,128,0.12664734097,-0.86525583534
129,129,-0.0485377365374,-0.812709000861
130,130,-0.142237118749,-0.681199163892
131,131,0.693930721184,0.631056236179
132,132,-0.0864599916869,-0.904083285369
133,133,-0.00857747506749,0.915768934461
134,134,0.347576935049,-1.18710486533
135,135,0.213259122687,0.901692689694
136,136,-0.903228495751,0.486887924993
137,137,-0.442179518603,0.41662962024
138,138,-0.680320967945,0.293981151134
139,139,-0.122586857136,1.02907165617
140,140,-0.553862439842,0.102862409415
141,141,-0.71674899841,0.448833283521
142,142,0.038279766331,-1.01975555302
143,143,-0.186704122744,1.00578849873
144,144,-0.361845088731,0.949592539278
145,145,-0.571904960481,0.88483041768
146,146,1.11906449768,0.134628837886
147,147,-0.110637311584,0.852843880482
148,148,1.37583914462,-0.157041607384
149,149,1.3416930452,-0.0202747158052
150,150,-0.16366609296,1.15901504348
151,151,0.614830948864,-0.489782860209
152,152,1.47976443587,0.0397999309422
153,153,1.2357522432,-0.114638846844
154,154,1.29190671752,0.0158052279788
155,155,0.0746897914007,-1.08345396797
156,156,-0.0319679667438,-1.1301573785
157,157,1.44549213037,-0.044227894663
158,158,0.144510063441,-1.06478559402
159,159,1.39945109648,-0.0593067451768
160,160,0.0936213067315,-0.917606440409
161,161,0.261918796581,-0.969549166316
162,162,-0.207890637283,0.9659577491
163,163,0.336478917704,-0.369834290087
164,164,-0.617986089925,-0.443242709151
165,165,-0.0933106117729,1.05176121085
166,166,0.116531999367,-1.03007713315
167,167,-0.255768916579,0.738183489588
168,168,0.42913652635,0.721780041882
169,169,0.0147279801848,0.210551435381
170,170,-0.710762261601,-0.360971250073
171,171,-0.895945796761,-0.747926562104
172,172,-0.566351420943,0.716169070743
173,173,-0.663018862418,-0.331343141207
174,174,-0.186117613302,-0.780116812412
175,175,0.120733812779,1.10772926119
176,176,0.250789052498,0.657410799477
177,177,0.282570335862,-1.07000934226
178,178,-0.0099265704242,0.820481933206
179,179,-0.220800006071,-0.937995329673
180,180,-0.381475562288,-0.787146541138
181,181,0.64909066685,-0.189886816858
182,182,-0.102267906201,-0.675023301033
183,183,-0.0405644444468,0.750185915168
184,184,0.0298019478253,0.387120259127
185,185,-0.311399604523,0.202094790215
186,186,0.615409013072,-0.337002649265
187,187,0.119988816936,-0.365355033988
188,188,-0.0535096877733,-0.633525339141
189,189,-0.140793353514,-0.366725368667
190,190,0.287654642528,0.344648002784
191,191,-0.322199522473,-0.772699964212
192,192,0.10106815377,-1.0816399441
193,193,-0.080814014651,0.917410133274
194,194,-0.179983020851,-0.712728831118
195,195,1.51878115738,-0.23055431429
196,196,1.36894011815,0.178338232118
197,197,0.14993122817,-1.11285289448
198,198,-0.505701843907,0.886008028476
199,199,0.0584760472353,-1.21561106829
200,200,0.0904318365204,0.967810431417
201,201,-0.146754295741,1.12552544319
202,202,0.299348014904,-1.09477107067
203,203,1.36668699439,-0.0366285721504
204,204,0.0150232502527,1.23837679885
205,205,0.123057176166,-1.06894888585
206,206,0.0398374875804,-0.808704976302
207,207,0.150577309884,-1.02132780205
208,208,-0.101786995508,0.94160389248
209,209,-0.114664811399,-0.972528904376
210,210,0.267800102075,-0.629910905326
211,211,-0.124529287744,-1.02356497959
212,212,-0.035416302174,0.970333487782
213,213,-0.0749995956718,0.996117889199
214,214,0.127920413925,1.23416858508
215,215,-0.00604920515852,-1.16111564466
216,216,1.21712323926,-0.14845433642
217,217,1.02718170483,-0.300460997625
218,218,1.4451851241,0.128806184123
219,219,0.157985652967,-1.09656471245
220,220,0.00533557399084,-0.929594519787
221,221,1.13501084519,0.162263688031
222,222,-0.409224061377,1.2180275729
223,223,-0.0830572190039,1.09511024154
224,224,-0.359299563929,0.811267261862
225,225,-0.41625588616,0.195128999646
226,226,-0.318985947639,-0.652389906099
227,227,-0.201811813911,1.17545014972
228,228,-0.305872262965,-0.746590666743
229,229,-0.0349040344294,1.00209726345
230,230,-0.636498181885,-0.577534992091
231,231,0.958250690794,0.158077616927
232,232,-0.0170932801174,0.988940372752
233,233,-0.284232673138,1.16577338632
234,234,-0.362431968494,1.04700982927
235,235,-0.220649701889,0.967934963437
236,236,-0.0177243684303,0.991303368167
237,237,-0.719266015686,0.277259654646
238,238,-0.281286225548,0.719919249921
239,239,-0.447543078733,0.733114207059
240,240,-0.26172198552,0.868453794247
241,241,-0.301396246262,0.86587194075
242,242,0.105126115144,-1.0973080199
243,243,-0.312955999001,-0.85345369586
244,244,-0.194435284692,1.01003539656
245,245,-0.095456547303,0.713175920133
246,246,-0.831191991647,-0.384375840731
247,247,-0.202651282553,0.907628973369
248,248,-0.496244408662,0.106470997731
249,249,-0.553489836088,0.226666019776
250,250,-0.860121732773,0.501701083856
251,251,0.142372659823,0.84766052392
252,252,-0.654282727181,-0.555773964934
253,253,0.161560220025,-1.02604493461
254,254,0.141848828063,-0.905750431667
255,255,-0.316018715086,0.859093832725
256,256,-0.18146292631,0.516255636313
257,257,-0.435321012792,-0.668208617971
258,258,-0.0918047717474,1.053812401
259,259,0.0560019124517,-1.02226124635
260,260,-0.121531205424,-1.10083061822
261,261,0.1995671339,-1.06389812298
262,262,-0.13515252705,1.10031418071
263,263,0.0889943411135,-1.00555264984
264,264,0.106768550632,-1.10172748549
265,265,-0.0433226011591,0.910519658335
266,266,0.0183701264797,-1.12665955526
267,267,1.31949720821,-0.0707651642675
268,268,1.31045742887,-0.0173426320686
269,269,1.34396286564,-0.107229385666
270,270,0.12967313687,-1.05712025353
271,271,0.229981967338,-1.06258043155
272,272,-0.835479252658,0.0390322751912
273,273,-0.054803050725,1.0368843487
274,274,0.28175301607,-0.837894107784
275,275,-0.110408044812,1.18875053986
276,276,0.245069200315,-1.02446962978
277,277,0.104150989398,-1.06087464008
278,278,0.071645328332,-0.912496240072
279,279,0.338445670829,0.841440483689
280,280,0.0329622259928,-1.07622769086
281,281,0.113957552205,-1.07505087889
282,282,-0.016504176442,1.03157122085
283,283,0.0746831828357,-0.956273218514
284,284,-0.184248014535,1.06886859367
285,285,0.00197438093207,1.14153534805
286,286,0.014887757856,1.1883772843
287,287,0.0862708308997,-0.991321145307
288,288,1.30439387186,0.0796653550224
289,289,1.31132134177,0.0463616913884
290,290,0.0151633030521,-1.16594442288
291,291,-0.100195326962,-1.01210030591
292,292,-0.971495873383,0.233695416552
293,293,0.23978625863,-0.97087208691
294,294,-0.234146296158,0.850289663402
295,295,-0.389526408461,0.692967461968
296,296,-0.940905697008,0.258683048237
297,297,-0.999364932744,-0.708652001781
298,298,-0.267963697523,0.922379286325
299,299,-0.195307577671,0.979595452455
300,300,-0.0897872332596,-0.310051362468
301,301,0.365880176293,0.0803198722545
302,302,-0.181470109381,0.471838523681
303,303,0.280545329459,0.304217090736
304,304,0.994240689014,-0.524577220199
305,305,0.766819001752,0.316696441936
306,306,-0.44856823448,0.320730286784
307,307,0.0765665077418,-0.884598751748
308,308,0.696968308977,-0.128538388245
309,309,0.183636390865,-1.03801740898
310,310,0.678648215927,0.298227221041
311,311,-0.764413965269,0.916563861966
312,312,-0.282838622085,0.67455496257
313,313,-0.239946770974,-0.338236043425
314,314,0.165934723553,-1.16494940056
315,315,0.102290034709,-1.11488139045
316,316,1.46053432205,-0.0598930262463
317,317,0.209540062571,-0.983171965613
318,318,-0.11060896715,0.218634612125
319,319,0.0137452415549,-0.94287949395
320,320,0.0729358897157,0.793253342011
321,321,-0.403609026863,-0.47090841815
322,322,0.0722160718577,-1.01141166661
323,323,0.275468709108,0.233790811789
324,324,0.328064978922,0.621672366375
325,325,-0.153211017085,0.844618148374
326,326,0.0238694174627,1.09372036594
327,327,0.11051100242,-1.06550150668
328,328,-0.140128116927,0.752936863788
329,329,1.17017270136,-0.335387193596
330,330,0.0386666750469,0.10431431498
331,331,-0.0620493428741,1.12289383003
332,332,0.616920639163,-0.576956515715
333,333,0.129067122085,1.07773147533
334,334,-0.0999466011636,1.02213541043
335,335,-0.00529299266026,1.06366306126
336,336,0.32202219777,-0.921505125363
337,337,0.677127390266,0.471812646954
338,338,0.0538144468158,-1.07875557951
339,339,0.110538296215,0.543956196887
340,340,-0.0637050992934,-0.351497706305
341,341,-0.374763479,-0.607702223173
342,342,-0.286809776071,0.745571979169
343,343,-0.547888996227,0.694277046194
344,344,-0.398398682724,0.575573484546
345,345,1.26672496681,-0.257555852724
346,346,1.27677215627,0.09328186464
347,347,-0.146010737804,0.977160712751
348,348,-0.257693733484,1.01029506789
349,349,0.0572766353936,-1.09649568403
350,350,0.0879701830636,-1.0659159728
351,351,-0.139734931855,1.0470713046
352,352,0.116389065336,-1.03283856752
353,353,-0.0316710261897,-1.02179131466
354,354,-0.0358870146922,-1.09341820245
355,355,1.38806597793,0.033762957348
356,356,0.258365477443,-0.983076494478
357,357,-0.00760681710499,-1.17046044306
358,358,0.11584295427,-0.846316809571
359,359,0.381908599251,-0.878025652014
360,360,0.391267741454,-0.866604056235
361,361,-0.122380107077,1.07758717576
362,362,-0.0258339675068,1.13044018999
363,363,-0.0210043319707,1.06184611653
364,364,-0.0639104615605,1.03343314268
365,365,-0.117199460102,0.977783689017
366,366,0.0512107693993,-1.08537832664
367,367,-0.143072010421,1.08420689266
368,368,0.0979103745507,-1.01537841027
369,369,1.08437433315,0.204547465291
370,370,1.42875924149,0.0261200116726
371,371,1.35303605525,0.0152180653487
372,372,1.27602955529,-0.0724914878327
373,373,1.35824213785,0.0581416858252
374,374,1.45932022654,0.157742531939
375,375,1.49934800349,-0.0414437861303
376,376,1.38505276598,-0.152615921724
377,377,1.17051686739,0.0831777248533
378,378,0.176285562494,-1.07154753293
379,379,0.235155822316,-1.04712700989
380,380,0.0916206019351,-1.05141500773
381,381,1.32144726962,-0.0320773771578
382,382,1.60249488732,0.0204971023644
383,383,1.24083022661,0.156150299564
384,384,0.146155187371,-1.02259186545
385,385,0.124075459085,-1.05099533852
386,386,1.14456326017,0.0966278900397
387,387,-0.0548330096707,1.10318880104
388,388,-0.0825902492109,1.17639137734
389,389,-0.108536853562,1.13979649474
390,390,-0.256601757897,1.0682780445
391,391,1.44054181721,0.0320009983194
392,392,-0.0303488633818,1.01925182906
393,393,0.163944479877,-1.04319386977
394,394,0.00337768865337,-0.900656817771
395,395,-0.142322237146,-1.05402467682
396,396,0.0487323868371,-1.06322479786
397,397,-0.0917818222557,1.25930765105
398,398,-0.0157391515588,-1.05898568431
399,399,0.030743567995,1.10537881849
400,400,0.0521847931221,-1.07496493285
401,401,0.0158844028395,-1.03947278965
402,402,0.0802353193199,-1.08947895506
403,403,0.104969622366,-0.97591932992
404,404,-0.122576806216,1.02215434095
405,405,0.239099554952,-1.1106427654
406,406,0.572163147498,-0.508994642241
407,407,1.59541467223,-0.209508442998
408,408,1.7405592665,-0.0470193132544
409,409,1.41695301717,0.0666151964961
410,410,-0.0971633510783,1.13511747632
411,411,1.28684169933,-0.12774125906
412,412,0.0348675931234,1.18076969474
413,413,1.46196450834,-0.210338025267
414,414,1.37785024188,0.0449283883446
415,415,0.0352544158494,-0.966989892
416,416,-0.20129745027,-1.17674330914
417,417,-0.101023820877,-0.990813014999
418,418,1.4554525018,0.023286549902
419,419,0.372025119765,-1.03498208559
420,420,-0.00137529675897,-1.00726837643
421,421,1.51948741408,-0.0612863021192
422,422,-0.0996050096728,0.973518658694
423,423,1.29519093799,0.0856976129577
424,424,0.141971665532,-0.953695153631
425,425,0.133846210555,-1.16443100139
426,426,1.30683392005,0.215451846451
427,427,0.0805716317699,-1.16885415048
428,428,0.178906380431,-1.10804216868
429,429,0.290010543029,-0.973575210801
430,430,0.483076264353,-0.865175986137
431,431,0.248662689003,-0.73341066258
432,432,-0.0286256795551,-0.998095525815
433,433,0.0619117324662,-1.11381734094
434,434,0.26910206479,-1.0621802415
435,435,0.194626395649,-1.02986170667
436,436,0.199589753507,-1.16944434053
437,437,0.226407521802,-0.9317353264
438,438,0.110502199266,-1.22004616053
439,439,0.514695653424,-1.13433668757
440,440,-0.22248936062,-1.17060642605
441,441,0.281641017541,-0.851395872474
442,442,0.0852330652844,-1.06652634658
443,443,1.2257627309,0.0457050396966
444,444,0.138898550735,-1.12325595825
445,445,0.105504803727,-0.921755324872
446,446,0.230214798108,-1.0812514907
447,447,-0.0977363009491,-1.0731581422
448,448,0.132717436679,-0.827609198076
449,449,1.60283256882,-0.288753888242
450,450,1.30677338032,0.0420438679257
451,451,0.0290255055747,-1.23454915188
452,452,0.0737639053728,-0.862100494297
453,453,-0.00837757515135,-1.01976231405
454,454,0.255010016666,-0.998784264585
455,455,0.116519238509,-1.06285796355
456,456,0.224683668741,-1.17801985637
457,457,0.137570723535,-1.04677629153
458,458,0.0769358816644,-0.975551449128
459,459,1.25630677523,0.0415130069405
460,460,0.00410233721064,-1.04051329986
461,461,0.255244586464,-1.10971741943
462,462,1.36608506255,-0.0774465090398
463,463,0.0158641808876,-1.10015982846
464,464,-0.25345620761,-0.720174636256
465,465,0.205293143569,-1.02911917256
466,466,0.163039951356,-0.945793846258
467,467,0.294801573412,-0.918710193582
468,468,0.024305955866,-1.28050905816
469,469,-0.0553237495375,-1.22647394543
470,470,-0.0858867512017,-0.370959290536
471,471,-0.21492390785,1.03656198152
472,472,0.12302458612,-0.962989385019
473,473,0.193147514309,-1.00280173739
474,474,-0.186822167989,0.903553567031
475,475,0.558700402576,0.793403194598
476,476,0.386346163129,0.644836826392
477,477,1.45811545129,0.0123995824476
478,478,1.39685507847,-0.0319049696322
479,479,0.033808955406,-1.0115647694
480,480,0.348597677941,-0.914722520016
481,481,-0.152542037454,1.01068202252
482,482,0.0587854017469,-1.08445894792
483,483,-0.382123864619,0.597852743561
484,484,0.263091157079,0.00255009924263
485,485,1.2252316921,0.265202497212
486,486,1.35490218263,0.0803243601465
487,487,1.59897176565,0.254749356553
488,488,1.38320144713,-0.212516848052
489,489,0.107937470352,-1.10227123964
490,490,0.167409443336,-1.242871007
491,491,-0.14693565059,1.24668233397
492,492,-0.0276130381552,1.14385519872
493,493,0.310756549515,-0.970925430269
494,494,-0.044753141999,1.07775680213
495,495,0.494430949229,-0.703806862705
496,496,1.1222217334,-0.164391125932
497,497,0.0586395472371,-1.26818774428
498,498,1.34247071505,0.135034144109
499,499,1.25650024961,0.0192173904962
500,500,0.0526040374611,-1.05067132034
501,501,0.00448459110709,-1.02717740224
502,502,-0.0798448865047,0.968070573662
503,503,-0.080655452843,0.982541037121
504,504,-0.0417307688402,1.16629603085
505,505,0.0110664952682,1.05377956976
506,506,0.014635582242,-0.903203339002
507,507,1.24429235082,0.0498346240299
508,508,0.0638717726962,0.961502838799
509,509,0.197388226119,-1.12219586472
510,510,0.777905284701,0.454030966836
511,511,0.0901193024575,-1.21884216016
512,512,0.0854272078155,-1.15150629903
513,513,0.0296002181537,-1.13352166112
514,514,-0.1069416634,1.02589446217
515,515,0.294983234704,-1.0035595437
516,516,1.13807552467,0.0974522108269
517,517,1.46174809203,-0.121401056732
518,518,0.089253616552,-1.0069128
519,519,0.0282634023227,-1.01981749553
520,520,0.119895179822,-1.12501597179
521,521,-0.100175328711,-1.10149065109
522,522,0.12885761062,-0.933272234356
523,523,-0.112608450516,1.17761854701
524,524,-0.260258833384,1.20807470577
525,525,-0.0880335143019,0.956614568407
526,526,0.156097399736,1.08440107286
527,527,-0.118569077902,1.02628311364
528,528,-0.208059926405,1.15035715714
529,529,0.0265294978235,-1.17879462462
530,530,0.0684295321666,-0.949980616312
531,531,0.0215480830139,-1.15212283715
532,532,-0.17107553208,1.03192348447
533,533,-0.376368202347,0.874970015104
534,534,-0.224761035337,1.1155527571
535,535,0.0505922360654,-0.882223692806
536,536,-0.102913572033,0.956860717827
537,537,-0.206052554915,1.16208533768
538,538,-0.169566919473,0.965868217172
539,539,-0.201295172745,0.875425140001
540,540,-0.15582660405,1.00098490834
541,541,-0.106669823434,1.06088746097
542,542,-0.137152104023,1.10783900413
543,543,0.297733178577,-0.91911743063
544,544,1.39412266231,0.0354198155593
545,545,1.5813263734,-0.166869221875
546,546,1.73870598525,0.0825812469798
547,547,1.25416009697,-0.0955868334528
548,548,1.32239382178,0.158589334972
549,549,0.041355080237,-0.965413682095
550,550,0.23399800552,-1.17232846455
551,551,0.361098512313,-0.741823760355
552,552,-0.112273722314,1.05399901582
553,553,-0.199049136284,1.0982085471
554,554,0.30874495893,-0.879845145605
555,555,0.82604972326,-0.455655999743
556,556,-0.0314663783524,0.887888933981
557,557,-0.553488619724,0.291133071559
558,558,-0.367011241425,0.746545860136
559,559,0.372521381818,0.510173360981
560,560,-0.142969094406,0.6600095598
561,561,0.796855780408,-0.198041506681
562,562,1.18062121471,-0.0609412992877
563,563,1.34356764401,-0.0599236229415
564,564,1.69216354661,0.162149787128
565,565,0.471457621668,-0.82492270389
566,566,1.37349409301,-0.0736360793472
567,567,1.48410235147,-0.343642545344
568,568,1.57837186853,0.105526693761
569,569,1.33739835659,0.166921076659
570,570,0.12499875113,-1.04754975746
571,571,0.114009252791,-1.18378626632
572,572,0.087374532,-1.06661367004
573,573,0.794381248965,0.0548200736326
574,574,0.760752385969,-0.189312183461
575,575,0.100032563091,-1.06991759498
576,576,-0.0999256648618,1.12633307231
577,577,0.268834909446,-0.87605970402
578,578,0.968349346998,0.294216170964
579,579,0.0770020233713,-1.14373530113
580,580,-0.000118450185648,-1.00186644888
581,581,-0.108745309127,1.0071782261
582,582,-0.319501005221,1.19475632638
583,583,-0.0363003521496,-0.940622967824
584,584,1.41882743044,-0.10874280491
585,585,1.56982004848,0.20618746086
586,586,0.0741101601202,-1.0885200368
587,587,1.52529971659,-0.0675455473359
588,588,0.0129430532974,-1.02078339263
589,589,0.417849703433,-0.72023548491
590,590,-0.245445542009,0.852000658227
591,591,-0.701262708727,0.555456221078
592,592,-0.690803203579,0.514780299587
593,593,-0.439176935728,-0.205352778426
594,594,-0.208908337864,0.942123753995
595,595,-0.0537816150657,-1.09372342888
596,596,0.70366012967,-0.504930513279
597,597,1.28210093134,-0.0998239158711
598,598,0.538449006071,0.569815768387
599,599,0.119199127247,-1.14809365134
600,600,-0.155739937657,1.03434607146
601,601,-0.207194588614,1.03273007739
602,602,1.24943357001,-0.0793792212533
603,603,-0.0344700009017,-1.20975005778
604,604,0.0660885623779,-1.10308567102
605,605,0.703683611387,0.325918265708
606,606,-0.0383542324967,1.08188657838
607,607,0.0547630794617,-1.05287431746
608,608,-0.179734671987,0.912736125824
609,609,0.268004563413,-0.890754828704
610,610,-0.0498861842875,1.23494313425
611,611,0.615089047589,-0.938148553753
612,612,1.3214381683,-0.154072378609
613,613,0.561692361534,0.378440401491
614,614,0.390988534309,1.1291737463
615,615,0.560072566429,0.253113343467
616,616,0.365566690265,0.287669584634
617,617,0.650380322349,0.314332399998
618,618,0.292034291323,0.706119953777
619,619,0.127295354011,-0.939439372787
620,620,0.426767987677,1.03021227452
621,621,1.89672531629,0.0098832763538
622,622,0.133745782185,-1.10895758378
623,623,1.02996274573,0.233825507681
624,624,0.191232095044,1.44398902456
625,625,-0.00887266421503,-0.474872789165
626,626,-0.245351427083,-0.412649732348
627,627,0.147472900744,0.679212360716
628,628,0.932900229044,0.292518049171
629,629,0.973255188026,0.205629795533
630,630,-0.447638167105,-1.26701529729
631,631,-0.0141076927878,-1.13804539769
632,632,-0.689014821607,0.830082267794
633,633,-0.0632396640785,-0.780247233438
634,634,1.39366314085,0.14905063086
635,635,-0.00421953765397,-0.14867653189
636,636,-0.564559847719,0.416621249173
637,637,-0.175857968417,0.405634775327
638,638,1.51611332354,0.0438707201905
639,639,0.511578328124,0.244268403463
640,640,-0.457150746562,-1.0498165248
641,641,0.694469838895,0.185109734727
642,642,0.752604723841,0.777380414328
643,643,-0.228437205114,-1.17264459207
644,644,0.103866495105,1.03834020797
645,645,0.333815123772,1.31449351417
646,646,0.364590652989,0.467985824854
647,647,0.948782689264,0.319315869809
648,648,0.744778325792,0.466633025858
649,649,0.0389907531954,1.06341914156
650,650,1.14947866074,0.292879023927
651,651,-0.234375996558,-1.07193629561
652,652,-0.337751437298,-0.82191224564
653,653,1.06323008579,0.369118716502
654,654,0.204677350309,0.89395280505
655,655,0.877590120356,0.36705904096
656,656,-0.34911115258,-0.875151062444
657,657,1.45442891031,0.571604451621
658,658,0.0928041817699,1.39463704504
659,659,1.29031258086,0.0155067682023
660,660,0.467188837573,0.588072461736
661,661,0.470072860181,0.79590449765
662,662,0.660593289867,0.749201395529
663,663,0.203920652356,0.931168133019
664,664,0.448275393614,0.956054704276
665,665,0.525990699143,1.00435169506
666,666,0.377525081944,1.01689353962
667,667,0.0638936640486,-1.05804318697
668,668,-0.13282033744,1.13163318001
669,669,0.497084144268,0.763467681158
670,670,-0.144277008005,-0.907466086145
671,671,0.48697998766,0.685807285045
672,672,1.33309152339,-0.126612000272
673,673,-0.0876989389224,0.834586804322
674,674,-0.242531349479,0.822395262143
675,675,0.847405360458,-0.755181738663
676,676,-0.00329373931233,1.03165197503
677,677,0.605446609506,0.616735181148
678,678,1.02154151971,0.41745227635
679,679,-0.0136045543434,1.16385657995
680,680,0.885355372874,0.0844236911014
681,681,1.75533162703,-0.344158677111
682,682,1.29364772971,0.185923400394
683,683,0.802723715416,0.630571895572
684,684,0.380002498246,0.491495060486
685,685,0.256695638754,1.39163261325
686,686,0.0689257849144,1.33844129414
687,687,0.0732766308751,0.882864706276
688,688,0.220506432734,1.29924150814
689,689,-0.0301241517605,1.27532509007
690,690,-0.111836371679,0.81055950201
691,691,0.780815652641,0.591392942132
692,692,0.569213266287,0.293931365821
693,693,-0.164176160343,-0.886575863595
694,694,0.215010401244,1.17650188738
695,695,0.055328041988,-1.19943475264
696,696,0.393129883132,1.07946939755
697,697,0.573949076009,1.0276123865
698,698,1.22758307304,-0.0659803410423
699,699,1.54479954847,-0.115066552798
700,700,0.0488273192063,-0.932718204296
701,701,-0.164444215446,1.10736364901
702,702,0.135568245867,0.984498975796
703,703,-0.0191716964422,1.39057782732
704,704,-0.396978555729,-1.00819986595
705,705,0.0126329010914,1.02986532246
706,706,0.492334931566,1.01071229501
707,707,-0.0247904762066,-1.30152987486
708,708,0.176086359747,0.996705051216
709,709,0.524402444975,0.941319948615
710,710,-0.200470995442,-1.26854611597
711,711,0.602411959643,0.0718247078633
712,712,-0.0165652137442,-0.519352118871
713,713,-0.061500198015,-0.771885880595
714,714,-0.0661898600827,-1.45036568349
715,715,0.00977793732235,1.05680570522
716,716,0.0634519771213,1.3276197025
717,717,-0.00639729447527,-1.41189336016
718,718,0.324900832143,0.871904140882
719,719,0.0425195227349,-1.11740988929
720,720,0.218983084224,0.840483546668
721,721,-0.0259824510486,-1.17129794748
722,722,-0.136448931181,-1.02346340398
723,723,0.716876308292,0.868963535214
724,724,0.462934120012,1.03273044451
725,725,0.596514021489,0.56444971451
726,726,-0.276254439353,-1.30707787038
727,727,-0.141537189525,-0.798910107029
728,728,0.683603361354,-0.133547637345
729,729,1.26009179269,0.20475671133
730,730,0.0506615867183,-1.14958875146
731,731,-0.257808332227,-1.05243978684
732,732,-0.179317571396,-1.39418056118
733,733,1.27483518616,-0.0280271926261
734,734,-0.0489945746971,-1.50624755306
735,735,0.213398052834,0.91656530242
736,736,-0.188887177736,-1.04696010457
737,737,0.098216332169,1.06057940934
738,738,0.575465369268,-0.756083287547
739,739,-0.257599942173,0.915823416831
740,740,0.474701753885,-1.13248894872
741,741,-0.199628178107,1.40800021118
742,742,-0.483023774066,1.04322856789
743,743,0.705731190565,-0.843146116301
744,744,0.747481776477,0.635102214267
745,745,-0.216186647934,-1.42871129962
746,746,0.108135002924,-1.05340997177
747,747,0.503829360241,-0.596607153347
748,748,0.725149873313,-0.813236341193
749,749,-0.0376608411862,-1.02498928174
750,750,-0.134309496117,-1.33683694196
751,751,-0.865202950557,-0.422396368763
752,752,-0.193984669573,1.35262795985
753,753,1.3773003866,-0.0410274811896
754,754,-0.139899496148,-1.19910561331
755,755,-0.211131601472,-1.40957953295
756,756,0.063153168976,-0.986959232457
757,757,-0.189726468345,-0.990422004552
758,758,0.0210924329241,-1.12825668214
759,759,0.0121205158518,-0.942187694947
760,760,0.121877043387,-1.47043526963
761,761,-0.102182425258,-1.0279020654
762,762,-0.209436349126,-1.28402578175
763,763,-0.180108428567,1.45913292965
764,764,1.35753743734,0.295214928846
765,765,0.283805951761,-1.34129118172
766,766,-0.914370542172,-0.515271787364
767,767,-0.0733696186695,-1.0316285514
768,768,-0.131105812877,-1.15132125488
769,769,-0.581929767765,-0.223945669592
770,770,-0.202686971784,-0.868845823855
771,771,-0.0242768129255,-1.13295468444
772,772,-0.142432389664,-1.27259385996
773,773,0.427788608597,-0.943597822697
774,774,0.837341448911,0.500291139391
775,775,0.0998893707204,-1.06402681005
776,776,0.154376240985,-1.00858966228
777,777,-0.0100897723098,1.29988252025
778,778,0.458833369195,0.588248235855
779,779,0.139321681227,1.01384281877
780,780,0.0297774078609,-1.20901062909
781,781,0.0230846057783,1.08895451856
782,782,0.0942787431244,-1.13409330093
783,783,-0.0368339313023,-1.01663369143
784,784,0.261067293391,-1.34627449008
785,785,-0.15170550452,1.06825895807
786,786,-0.317049900511,1.07600966353
787,787,-0.188439083937,1.20745361185
788,788,0.0290024597288,1.12331109107
789,789,-0.0140758473725,-1.05275724855
790,790,0.0678326048155,-1.19362540087
791,791,-0.142137683778,0.899310447221
792,792,0.103803203726,-1.03868511236
793,793,0.683594866938,-0.950876960826
794,794,-0.089555202331,0.997404766999
795,795,-0.0723943585573,0.95926286562
796,796,-0.0213851395762,1.07533291605
797,797,0.228701699377,-1.12357211724
798,798,1.09714963794,-0.0335691097484
799,799,1.35671098303,0.015093825258
800,800,1.26797430244,-0.020274412557
801,801,1.30467919292,-0.116053052919
802,802,0.0131974643855,-1.13198235111
803,803,0.0216736131922,-1.00582293495
804,804,1.41937774893,0.0196076804461
805,805,-0.0962000287399,1.22490145582
806,806,-0.120819579116,0.92123528727
807,807,-0.0311377718296,1.32289875639
808,808,-0.104405440141,1.05520598417
809,809,0.123146351154,-0.938534033926
810,810,0.230744233072,-1.03405278385
811,811,0.195478992985,-1.22130727471
812,812,-0.00931856334054,1.0337242742
813,813,-0.050910373587,1.15627843437
814,814,-0.00546018734911,-1.01379543485
815,815,1.28124767032,0.00729066990123
816,816,-0.0977635463915,0.893556036365
817,817,-0.103482981913,1.22189525546
818,818,0.193727496425,-1.15084643751
819,819,-0.0941942552635,-1.20281183604
820,820,-0.0840559323638,1.09528135918
821,821,0.27334165388,-1.02120753148
822,822,1.37260258332,0.102067945422
823,823,1.39402887525,-0.231125060483
824,824,-0.105518032934,0.964227913641
825,825,-0.161003568103,1.11277550324
826,826,1.29772551825,-0.124269714683
827,827,-0.0300686617547,0.996121691773
828,828,0.0681115066272,-1.04465843462
829,829,0.117348869665,-1.14518078839
830,830,0.208866973224,-1.03780528328
831,831,1.36210560143,0.178293065405
832,832,-0.0878042835223,1.05554938084
833,833,-0.108891115965,1.0085881663
834,834,0.0396181517832,-0.880608817105
835,835,1.13938349587,0.193004884868
836,836,1.14751230389,0.191385307676
837,837,1.44850919639,-0.0427372270467
838,838,1.23080190731,0.152520530854
839,839,0.0559786723549,-0.984825431452
840,840,0.18679869941,-1.04935568226
841,841,0.0318287070482,1.02241267927
842,842,0.221047421821,-0.963858672859
843,843,0.235885837815,-0.974843450258
844,844,0.0749086024533,-1.11066078369
845,845,0.0422378533171,1.04943931751
846,846,-0.0914285830574,1.19101841263
847,847,0.102412774505,1.07602581686
848,848,-0.199188848147,0.947650718291
849,849,0.0511729681172,1.04655406839
850,850,0.223257721652,-1.1063316569
851,851,-0.117166788912,0.948160724187
852,852,0.118935691031,-0.961010190646
853,853,-0.147642554516,1.11153878859
854,854,0.0947224146842,-1.25766419022
855,855,0.0879370962657,-1.23269708138
856,856,1.54915214128,-0.0928449377536
857,857,-0.0668119936228,-0.939580954163
858,858,-1.25667980269,0.151017985547
859,859,-0.477496658976,0.756117555032
860,860,-0.621108630876,0.436353083211
861,861,0.19230941709,-0.631162142191
862,862,-0.46599929697,-0.724733560706
863,863,-0.430006157896,0.966163648884
864,864,-0.0438011466074,-1.01467761713
865,865,1.03221399279,-0.0128573360353
866,866,1.31990025706,0.0843873429726
867,867,1.23175934968,-0.0735464588251
868,868,-0.00248568464811,-1.05392562537
869,869,0.225346762895,-1.05973143393
870,870,0.35351215585,-0.787648874182
871,871,1.44259120627,0.164763316642
872,872,0.109189138315,-1.05738586949
873,873,-0.194953901214,0.898039084315
874,874,-0.12835153713,1.11599850228
875,875,1.26569051388,0.0668438943754
876,876,-0.0208365841142,-0.227970087791
877,877,0.0858769107726,-0.711288842791
878,878,0.239371952957,-0.997609668786
879,879,-0.145458867788,-0.749552091818
880,880,-0.130434520122,0.706883069697
881,881,0.0172457144277,0.98136885708
882,882,1.17865957319,0.0940404681478
883,883,1.29683015155,0.164539471542
884,884,1.49384930684,0.243406849331
885,885,-0.0433145975122,-1.05668857827
886,886,0.0929499787747,-1.02429310237
887,887,0.0966951737875,-1.04183764323
888,888,1.2914473636,0.115882335548
889,889,0.139269306838,-1.03151405763
890,890,0.273071534771,-1.17451239776
891,891,1.33677299269,0.239423117319
892,892,0.0269230491091,1.17935455577
893,893,0.130287996293,-0.960336717503
894,894,0.302478396913,-0.939365803554
895,895,0.137444223438,-0.986057720093
896,896,0.261513748843,-1.15899441102
897,897,0.112698359684,-1.02415134084
898,898,0.72420821287,0.69806557621
899,899,0.137257653072,-0.988484238581
900,900,0.922848344619,0.182000212219
901,901,-0.00558585356591,1.08054129242
902,902,0.443975483155,-0.80732795664
903,903,-0.188062863574,1.07762226513
904,904,-0.177147917547,0.899897375799
905,905,1.03902693308,0.124929434108
906,906,1.19531931879,0.0360806740305
907,907,1.21092393679,0.21016201763
908,908,0.931817387353,-0.215019854802
909,909,1.21544061982,0.121119958225
910,910,1.26453885663,0.0290694958405
911,911,-0.0187452297952,0.967178977422
912,912,1.39610422667,-0.0878791376519
913,913,1.72935605259,0.165662247925
914,914,1.22845369101,-0.185918593619
915,915,-0.104139737195,0.809431890854
916,916,0.0567076730286,0.953145600058
917,917,0.0626516323549,-1.04807516054
918,918,-0.000336116480026,-0.907987815496
919,919,1.11735384206,-0.0895155358742
920,920,0.315362121452,-0.824047091612
921,921,0.400973020171,-0.182024243608
922,922,0.107393444116,-1.07593201509
923,923,0.236396884095,-1.01823821974
924,924,-0.221335911559,0.942334465958
925,925,0.0809163440116,1.11214151821
926,926,-0.232900399579,-0.776970069988
927,927,0.226188507552,-1.12848768879
928,928,-0.147350104421,0.713710491261
929,929,0.0772321106372,0.91936770812
930,930,-0.200034396362,1.04350040982
931,931,1.29676640168,0.026931373068
932,932,0.738975663982,-0.56003907906
933,933,1.27920423719,0.18478827851
934,934,1.50653666367,-0.0684848403149
935,935,-0.478983202122,-0.664876698305
936,936,0.606604508143,0.301396405104
937,937,0.924292355816,-0.388855250728
938,938,0.0506728379642,-1.06166776899
939,939,-0.56097418656,0.727391014986
940,940,-0.204704454399,0.950309979078
941,941,0.422775194249,0.665418601489
942,942,1.29642951358,0.219267027901
943,943,-0.857032241191,0.136351335292
944,944,-0.0377832388013,0.731592271958
945,945,-0.0348608203671,-0.988999836423
946,946,-0.620550639667,-0.673074010988
947,947,-0.240308230918,0.993255498739
948,948,-0.473401854922,-0.850398414412
949,949,-0.173623591242,-0.941640790943
950,950,0.363076658775,0.779541666649
951,951,0.100414452332,0.854202579702
952,952,-0.0773917476934,-1.1713868257
953,953,0.0199168490925,-1.165518281
954,954,0.284485020936,0.738966013764
955,955,-0.173367686078,-0.848929632546
956,956,0.122789913511,0.977326025362
957,957,0.152923980818,0.767088030365
958,958,0.240599555855,-1.17970690238
959,959,0.0185756494649,-1.05939556165
960,960,0.00373793021087,-1.0702698252
961,961,0.225387136362,-1.21087793186
962,962,-0.0707995185243,1.1010686665
963,963,0.599646561315,-0.320488379257
964,964,0.125175776284,-0.950106678372
965,965,-0.0376427231838,0.969620228704
966,966,0.829262382917,-0.182609708393
967,967,1.29894993042,0.0659175938971
968,968,-0.396234316418,-0.716371515701
969,969,-0.61157095962,-0.676883365366
970,970,-0.380992506122,-0.754937528574
971,971,-0.0637307679144,1.08806950283
972,972,-0.728499422251,-0.41868614415
973,973,-0.46079610278,-0.658375697487
974,974,-0.385494068693,-0.68923737198
975,975,-0.569985479675,-0.620060947074
976,976,-0.156363860621,-0.851111293405
977,977,0.0798293730486,-0.90622027123
978,978,-0.251664161502,-0.83838330498
979,979,0.0697798364471,-1.11801989283
980,980,0.291788606069,-0.65866953604
981,981,1.26516376176,0.0168954675189
982,982,0.162950886364,-0.951774021972
983,983,-0.298211351975,-0.792237595922
984,984,-0.0724928768436,0.955706813833
985,985,-0.0427183578127,-0.770526819666
986,986,-0.163876457057,-0.98131873416
987,987,-0.340283859879,-0.872439597554
988,988,-0.048447513505,0.968721731711
989,989,-0.255693582365,-0.837606617784
990,990,-0.446747981367,-0.729429859861
991,991,0.0209833668968,1.08952480388
992,992,0.203236134496,-1.10188060451
993,993,-0.00813728235976,-1.00285809952
994,994,0.172829515175,-1.02312126138
995,995,1.17511226225,0.14206226064
996,996,0.0627179548196,-1.0167397631
997,997,-0.143133788157,-0.969969127217
998,998,-0.660605998804,-0.670340329304
999,999,0.0700262632865,0.38016109962
1000,1000,-0.326889253417,0.671454383851
1001,1001,-0.335970303342,0.610599729321
1002,1002,-0.514053719087,-0.633626947108
1003,1003,-0.992413091523,-0.338312188124
1004,1004,-0.190936832774,1.05976767765
1005,1005,-0.14137374725,1.11471814579
1006,1006,0.406928402264,-0.658421241139
1007,1007,0.311520656882,-0.262423800263
1008,1008,0.00819591397494,1.09804416237
1009,1009,0.385601609977,-0.828562687911
1010,1010,1.30098785035,0.0228222114728
1011,1011,1.28800076494,-0.0382538079101
1012,1012,1.3077094054,0.159421480368
1013,1013,0.189332993613,-1.0646112447
1014,1014,-0.211069669803,1.10093040758
1015,1015,-0.0835915520259,-1.30607525144
1016,1016,-0.544483990054,-0.468188852775
1017,1017,-0.255210940333,1.09625499731
1018,1018,1.62297032846,-0.156628165428
1019,1019,-0.106243828363,0.925340638474
1020,1020,0.184875062695,-0.921279199214
1021,1021,0.60136305149,0.270699252698
1022,1022,0.107319361902,-0.906105955676
1023,1023,-0.167016235083,1.01381793767
1024,1024,-0.219014171252,0.75951512187
1025,1025,-0.106301877844,0.625096837634
1026,1026,0.538407223799,0.219219706244
1027,1027,-0.235805929219,-0.0219108674751
1028,1028,-0.905391487186,0.177020621911
1029,1029,1.29888868453,0.0492487603048
1030,1030,-0.189111722545,0.579896808646
1031,1031,0.0899825902145,1.02175564891
1032,1032,-0.339545451324,0.715904292013
1033,1033,-0.681120096668,-0.111942716727
1034,1034,-0.0054822787866,-0.912334277263
1035,1035,0.379218547788,-0.60469083131
1036,1036,-0.362309764495,-0.428618729751
1037,1037,-0.0585622123975,1.04462379292
1038,1038,0.814354963495,-0.43751450954
1039,1039,1.35559848612,0.120139761477
1040,1040,0.0626710720516,-1.09074886348
1041,1041,1.51904214982,0.0210739847219
1042,1042,0.0591631273714,-0.916455601706
1043,1043,0.22254215158,-0.98719835324
1044,1044,-0.185960798692,0.917041050951
1045,1045,-0.0107574877419,0.964081190993
1046,1046,-0.215099763949,0.97388041575
1047,1047,-0.345931605601,0.981275898796
1048,1048,0.300783134632,-0.92797799479
1049,1049,-0.185389722575,0.966776447883
1050,1050,0.405441226566,-0.72434940526
1051,1051,0.0671385241609,-1.07149845233
1052,1052,-0.0314716268181,1.20646882905
1053,1053,-0.250413386855,1.10596913823
1054,1054,-0.271846517156,0.97835008875
1055,1055,-0.0573277623317,1.04317185071
1056,1056,0.247815798421,-1.1265044068
1057,1057,0.289827795276,-1.02093053412
1058,1058,-0.0120801182999,-1.08224164722
1059,1059,0.0226496796826,0.859663572492
1060,1060,0.0476379340212,1.008474297
1061,1061,0.251237569823,-0.909780265894
1062,1062,-0.104590003434,-0.931452472935
1063,1063,0.103050142992,-0.940452383951
1064,1064,-0.0498040451701,1.01987354482
1065,1065,-0.02120492572,1.09176136497
1066,1066,0.110113625008,1.03648463785
1067,1067,-0.146240047129,1.21576609087
1068,1068,0.159797267463,-1.0856037213
1069,1069,-0.160049290347,1.24894405242
1070,1070,-0.0686042743392,1.08615905316
1071,1071,-0.0257221284342,-0.967648221007
1072,1072,1.3789610639,0.0776835113221
1073,1073,0.174123911768,-1.14383902206
1074,1074,1.44810904398,-0.207295925556
1075,1075,-0.388904049603,-0.687193529794
1076,1076,0.63861204106,0.525207549581
1077,1077,-0.719348134696,-0.552475460664
1078,1078,-0.522771078025,-0.440964608364
1079,1079,-0.197745537349,0.924403060983
1080,1080,-0.786907016876,-0.690736415713
1081,1081,-0.916588583207,-0.547599711057
1082,1082,1.25295908052,-0.0114389108486
1083,1083,-0.422996845649,-0.662619040364
1084,1084,-0.0621648570608,0.8888512835
1085,1085,0.0809106610742,0.876452309801
1086,1086,-0.124100164035,0.433599149965
1087,1087,-0.913906689447,0.34613387626
1088,1088,-0.0100140954312,0.802993831796
1089,1089,-0.103516938973,0.849149949764
1090,1090,-0.283335285309,-0.721806329538
1091,1091,-0.685054353639,0.686424748563
1092,1092,0.0396184859832,0.857238986382
1093,1093,-0.222416244192,-0.882596936928
1094,1094,-0.0260592750397,-1.12731516024
1095,1095,-0.140175612887,0.900233427411
1096,1096,0.0449537655015,-0.986734562927
1097,1097,0.0374355077912,-1.01999702432
1098,1098,0.169871754555,-1.14990358494
1099,1099,0.0660246248901,-1.00112832637
1100,1100,0.110238481542,-1.06614654642
1101,1101,-0.586851681774,-0.642206871154
1102,1102,0.0246734923189,-1.04422253603
1103,1103,0.0239763439281,-1.05934719799
1104,1104,-0.376855779536,-0.693788015501
1105,1105,0.158896280813,-1.11198852501
1106,1106,1.37043380527,-0.0488497926206
1107,1107,-0.105670143601,1.02426485905
1108,1108,-0.576516602254,-0.570069791788
1109,1109,-0.196925599123,0.95372513473
1110,1110,0.294906556812,-0.828246931296
1111,1111,0.0328020216184,1.11135254175
1112,1112,0.379842725474,-1.11443692361
1113,1113,1.46273003875,0.100357576093
1114,1114,1.08507026574,0.0695050258896
1115,1115,0.109432286714,-0.999133728304
1116,1116,-0.0322292566033,-1.10080653551
1117,1117,-0.284704741104,0.7838270393
1118,1118,0.315565160569,-0.817278829428
1119,1119,0.968707645567,-0.552541983547
1120,1120,-0.230349324603,0.870931650205
1121,1121,-0.346213721095,1.10838827192
1122,1122,0.00191447711889,1.0206794861
1123,1123,1.11251931248,-0.0269761421131
1124,1124,-0.176318632516,-0.814108096621
1125,1125,0.335945220856,-0.767766239278
1126,1126,0.0546428024836,1.25263110205
1127,1127,0.263336742178,0.797095575786
1128,1128,0.794547210295,-0.341129017517
1129,1129,0.026582637268,0.998656708164
1130,1130,0.354424689663,-0.881338003946
1131,1131,-0.279940609251,-0.960953838896
1132,1132,0.0709802597724,-1.20477858161
1133,1133,0.154436147804,-1.13556758275
1134,1134,0.0189842816823,-1.07399592079
1135,1135,0.0898110769094,-0.825361274283
1136,1136,-0.0126547610188,1.26524765832
1137,1137,0.0288661897289,-0.887784233382
1138,1138,-0.0749722510721,-1.12440953099
1139,1139,0.230652824614,-1.06816537484
1140,1140,-0.103347022866,1.12825024478
1141,1141,0.0127962178151,1.01948281295
1142,1142,0.0137731032256,1.13109910648
1143,1143,0.439762701755,-0.790694903891
1144,1144,0.945201212502,0.119118268445
1145,1145,1.48450780279,-0.0249861920327
1146,1146,0.521875775591,0.759343262541
1147,1147,0.00765579769396,1.13544012889
1148,1148,-0.0101717469637,-0.980317275832
1149,1149,0.28311826785,-0.976780931776
1150,1150,1.41410337535,0.0110265172732
1151,1151,0.00461332019279,1.20619624119
1152,1152,0.00916689307655,1.0391561435
1153,1153,1.47766925223,-0.1008372955
1154,1154,0.0932665067986,-1.03653605854
1155,1155,0.0209842458131,-1.13095765817
1156,1156,1.17045769249,0.188433063689
1157,1157,-0.0180996443685,1.15764910599
1158,1158,1.45125352168,-0.0711016032928
1159,1159,1.50525831419,-0.0233377644767
1160,1160,-0.0720777641313,1.07389021123
1161,1161,0.229532123982,-0.813032308327
1162,1162,-0.0378088726,1.15074581222
1163,1163,-0.041624750698,0.91806076696
1164,1164,0.281350194314,-0.963539457421
1165,1165,1.12292745643,0.341383280708
1166,1166,-0.0374595910597,0.848413187929
1167,1167,1.40131001329,-0.00161079119401
1168,1168,0.344223688117,-0.827782998752
1169,1169,1.23470024025,-0.0692271045051
1170,1170,1.44384472753,-0.137851289293
1171,1171,0.270708055947,-1.07741109025
1172,1172,-0.0554950042454,-0.983069309969
1173,1173,-0.144655512204,1.00341546825
1174,1174,-0.169642058912,1.27572568603
1175,1175,0.0668044730833,0.983856986975
1176,1176,-0.146214912658,1.23986259566
1177,1177,0.147548485835,-1.04708982022
1178,1178,0.996036372431,0.0180729978904
1179,1179,0.177565784597,-1.11146978817
1180,1180,0.0410101920094,-0.930867091219
1181,1181,1.1156790459,0.0312834061915
1182,1182,0.0295361149418,-1.06840228527
1183,1183,-0.16484206849,1.0701044838
1184,1184,-0.153045339878,1.06315099566
1185,1185,0.10133901586,-0.907427749221
1186,1186,-0.0917308567264,-1.16173138365
1187,1187,0.046669861421,-1.01222774803
1188,1188,0.346945932982,-0.834148359182
1189,1189,0.0458207271887,-1.08655724916
1190,1190,-0.115974598717,-0.976290319674
1191,1191,-0.00494004243137,-0.98164823898
1192,1192,-0.096246215156,-0.990347076991
1193,1193,-0.00796621006868,-1.12552952461
1194,1194,0.00545630930924,-0.951461544436
1195,1195,-0.127037692788,1.04290659093
1196,1196,1.35763492749,-0.0126840900025
1197,1197,1.24394853471,-0.154249537528
1198,1198,1.36199205208,0.00379084288259
1199,1199,1.57525343886,-0.00898525089467
1200,1200,0.112321342936,-1.10090548321
1201,1201,0.165444817933,-0.988887976991
1202,1202,-0.218348457559,0.95342384006
1203,1203,-0.107971861963,0.971980969358
1204,1204,-0.00949967920462,1.02994297316
1205,1205,0.380705212154,-1.0053608608
1206,1206,-0.179229348643,1.10949586019
1207,1207,0.0184559642715,-1.10825607855
1208,1208,0.0840312010029,-1.08735546193
1209,1209,1.3380265266,0.0989185732363
1210,1210,1.33353103951,-0.0740342204024
1211,1211,-0.181299968571,1.07349188248
1212,1212,0.196557082178,-0.95476543745
1213,1213,1.2387970429,-0.0542223842127
1214,1214,1.29751976073,0.0271970377198
1215,1215,-0.00301202203997,-1.10335054407
1216,1216,0.102823281828,-1.01906843629
1217,1217,0.0312172267662,-1.26719240663
1218,1218,0.114936348097,-0.992676206332
1219,1219,1.32684319513,-0.138777114717
1220,1220,0.649319481745,-0.647026227473
1221,1221,0.816793936711,-0.7423959536
1222,1222,0.833721138983,0.165057212526
1223,1223,0.801832160197,-0.511840568841
1224,1224,1.40001135974,-0.0780885919297
1225,1225,1.47069510936,0.0527881842233
1226,1226,0.292280178765,-0.0869789188714
1227,1227,-0.139312170774,1.2555771535
1228,1228,0.475354113112,-0.13591904816
1229,1229,-0.0650277476068,1.14970655864
1230,1230,0.0641348046177,-1.05132819412
1231,1231,-0.106130142761,-1.09692417642
1232,1232,-0.0247548790732,1.12035744931
1233,1233,0.241488757233,-0.978250646281
1234,1234,-0.0695106438254,1.1349493238
1235,1235,0.106045496308,-1.01635211232
1236,1236,1.24671922816,-0.110940338375
1237,1237,0.0690013836569,-1.00816378359
1238,1238,-0.0373831718694,1.02916265163
1239,1239,0.288434237429,-1.02218789062
1240,1240,0.0649366699069,-1.08160350377
1241,1241,1.17852885087,0.0463610763557
1242,1242,0.126892209019,-0.963680079493
1243,1243,-0.0330475003613,-0.964274108246
1244,1244,0.016631240911,-1.01176024751
1245,1245,-0.144782246613,1.13008998992
1246,1246,0.139319391476,-1.23757040447
1247,1247,0.134665219061,1.05246784329
1248,1248,-0.172344610308,1.12774157298
1249,1249,0.208611870146,-1.06575403361
1250,1250,-0.0851986621246,1.08378825007
1251,1251,-0.132523606046,1.12564003248
1252,1252,0.0906318368475,1.08653457229
1253,1253,0.135339369173,-0.993133570548
1254,1254,1.3317997623,0.166728403679
1255,1255,1.62744707518,-0.0337039007453
1256,1256,1.52861718523,0.0417491770755
1257,1257,1.34706917621,-0.00844803430362
1258,1258,1.31112440554,0.0778217978089
1259,1259,1.44005531294,0.276960831066
1260,1260,1.40933999884,0.0365558949711
1261,1261,1.38367133478,-0.0434812251703
1262,1262,-0.0174734629182,-1.0044102406
1263,1263,0.100374571226,-0.995373815883
1264,1264,1.54404040526,-0.198623628328
1265,1265,-0.00561385372465,1.10492023993
1266,1266,1.03755086806,-0.0037951307055
1267,1267,1.57985675041,0.135899815595
1268,1268,0.122734892115,-1.04606771391
1269,1269,0.15571473104,-1.14057236728
1270,1270,1.45284389242,-0.168037606502
1271,1271,-0.0299574551416,0.993746801543
1272,1272,1.30754728619,0.0340821326972
1273,1273,0.142916887294,-1.17697899615
1274,1274,0.494692174385,-0.425353711948
1275,1275,-0.186073485244,1.20925822876
1276,1276,0.166712565449,-1.06411068141
1277,1277,0.0889703188766,-1.12481203843
1278,1278,1.37072437678,-0.122112214412
1279,1279,1.37626752325,0.0037931033127
1280,1280,0.663534607063,0.0259831050197
1281,1281,1.47739060536,-0.130537726133
1282,1282,1.31764260361,-0.0357459844073
1283,1283,1.17931008536,-0.0153752563865
1284,1284,0.00684262389994,-0.984193158412
1285,1285,0.274781102044,-1.01786273251
1286,1286,0.051989253269,-0.421960747715
1287,1287,1.18946989661,0.13918323422
1288,1288,0.120906669462,-1.1113524219
1289,1289,0.083261460073,-1.0403399214
1290,1290,-0.0299507754913,-1.00241862633
1291,1291,0.709932895102,-0.273658921711
1292,1292,0.0784870248584,0.915067211553
1293,1293,1.54515094956,0.0687888391559
1294,1294,1.20619928672,-0.0319986241981
1295,1295,0.586198522152,-0.553386650187
1296,1296,0.0828461964534,-1.08538966058
1297,1297,0.0136039819768,-1.0448532518
1298,1298,0.934246435984,-0.374407694749
1299,1299,-0.0414188984924,1.14071215451
1300,1300,0.273505236195,-1.02042053272
1301,1301,0.00601625633793,1.05602719156
1302,1302,-0.136519781884,0.977680905437
1303,1303,0.337551344709,-0.960941937589
1304,1304,-0.168625999895,0.929777789212
1305,1305,0.0150215170383,1.0033970657
1306,1306,-0.0541165546754,1.15594071756
1307,1307,-0.0895300603204,1.08979517884
1308,1308,-0.151379616875,1.04472568781
1309,1309,0.0586111766354,1.06560498287
1310,1310,0.0237730214734,-1.14407721504
1311,1311,0.0303533546143,-1.01028860458
1312,1312,-0.0365206354883,1.0746460549
1313,1313,0.126589582231,-1.17514818361
1314,1314,0.282727355663,-0.978746309228
1315,1315,0.229979985668,-1.18414889189
1316,1316,-0.045048293625,1.21910822025
1317,1317,-0.166808718848,1.07818880591
1318,1318,0.115010306482,-1.02314986742
1319,1319,-0.202781343344,1.14515188573
1320,1320,0.0508606332421,1.13994553
1321,1321,-0.0670791718249,1.05521813779
1322,1322,-0.0422081508806,1.07178593131
1323,1323,-0.155210010833,1.24279054831
1324,1324,0.248990226015,-1.16305862658
1325,1325,0.658811712337,0.515678427347
1326,1326,1.11894149199,-0.0485582538433
1327,1327,-0.0968224760294,-1.18298778496
1328,1328,0.0408834599885,-1.24318233391
1329,1329,1.58087101013,-0.18893136251
1330,1330,-0.0497849952436,1.17382356044
1331,1331,0.398762850226,-0.955044688774
1332,1332,1.09479473947,0.0769529198911
1333,1333,-0.038454794184,-1.15844720865
1334,1334,-0.0696051749484,1.38702542257
1335,1335,0.204341846331,1.2980223658
1336,1336,0.197781607814,0.860098801943
1337,1337,-0.0697600024739,0.995528465748
1338,1338,1.05896277114,0.546026972095
1339,1339,0.18892467687,1.14831198249
1340,1340,0.515576316202,0.741513417704
1341,1341,0.67149081204,0.889270902466
1342,1342,0.684515716875,0.65266061125
1343,1343,0.0237507988454,-1.16347560024
1344,1344,-0.232450335363,-1.5194030667
1345,1345,1.19563464641,0.317184785678
1346,1346,0.569038501019,1.21128797548
1347,1347,1.15147799581,0.180531903901
1348,1348,0.329285172923,1.11090516262
1349,1349,0.157666143737,1.24374865269
1350,1350,-0.260405871987,-0.836429830556
1351,1351,0.787077495596,0.188634845085
1352,1352,-0.603772815692,-0.293634974601
1353,1353,-0.0242060265774,-1.10019863238
1354,1354,0.0845341740022,1.21183480983
1355,1355,0.937061882167,0.704121309087
1356,1356,1.62086466279,0.49996264138
1357,1357,0.236554342685,0.880501181814
1358,1358,0.377580683644,0.83835194656
1359,1359,0.708118984686,0.174349418616
1360,1360,1.44690236394,-0.321397790719
1361,1361,0.331525323612,0.188591542472
1362,1362,-0.264989109941,-1.15535903276
1363,1363,-0.445420432516,-0.978885596898
1364,1364,1.49943728514,0.526835204921
1365,1365,1.14970950192,-0.666698513922
1366,1366,1.46040697394,0.291671555084
1367,1367,-0.22197528907,0.86752883005
1368,1368,0.374499729702,0.882313134311
1369,1369,0.181375161349,-1.48548435793
1370,1370,0.286205593778,1.1239934755
1371,1371,1.9878761476,0.119429142379
1372,1372,1.29781672903,0.0367146752495
1373,1373,0.171066940211,1.22478277057
1374,1374,0.966295389917,0.267786114477
1375,1375,0.457665422925,0.906823640885
1376,1376,0.543074041345,0.568643416271
1377,1377,-0.42579440817,-0.766663896469
1378,1378,-0.084233332934,-1.25617874665
1379,1379,0.789169980236,0.704489999194
1380,1380,-0.0481839574355,1.03097270542
1381,1381,0.299240000639,0.950732561385
1382,1382,0.175037033744,-1.64759803413
1383,1383,0.0731491441876,1.11726179617
1384,1384,0.911036911651,0.245996735105
1385,1385,1.39571955385,0.174376445142
1386,1386,0.889874294147,0.0215667524496
1387,1387,0.740011009586,0.534328146677
1388,1388,1.95596950994,-0.309809677946
1389,1389,0.413492371385,0.589460244696
1390,1390,0.0815494765997,1.2156781527
1391,1391,-0.034607995579,1.17463786517
1392,1392,0.156570931643,-1.64664541884
1393,1393,0.423278745102,0.287699401755
1394,1394,0.650551726496,0.056756501801
1395,1395,1.60996673554,-0.4018245588
1396,1396,1.40666854815,0.309404454297
1397,1397,0.428014530625,-1.24140674985
1398,1398,0.192291683584,0.993422489383
1399,1399,-0.32804691572,-1.06608548878
1400,1400,1.15881852569,0.0835145362719
1401,1401,-0.435055388074,-0.43586236944
1402,1402,0.0953375604161,1.47469543049
1403,1403,1.19757818652,-0.190304358288
1404,1404,0.252624675954,1.22828594387
1405,1405,0.201850364777,0.983528158249
1406,1406,0.218109447509,1.11282844741
1407,1407,0.0488462720604,1.17980047264
1408,1408,0.306457092215,1.4758845683
1409,1409,-0.00626513333411,1.27004715587
1410,1410,0.119284782548,0.94732842976
1411,1411,0.178114050799,1.12438530157
1412,1412,-0.169088999804,1.16845483321
1413,1413,0.195793113532,1.3393457199
1414,1414,0.537395750138,1.20583954759
1415,1415,-0.201620122281,1.22697561393
1416,1416,0.018580763797,1.31892739286
1417,1417,1.08141088608,0.172997591187
1418,1418,0.426682018028,1.67432755339
1419,1419,0.633804463163,0.144542718443
1420,1420,-0.68222156852,-0.68682562594
1421,1421,0.0149223292091,0.0434569412752
1422,1422,0.848200776483,-0.329059917901
1423,1423,1.41372981467,0.205044262086
1424,1424,-0.190580729129,-1.19272183613
1425,1425,0.0845447972538,1.18900788251
1426,1426,-0.0399004161212,0.754642923779
1427,1427,1.42043001276,-0.15119324094
1428,1428,1.17299233564,0.187824207604
1429,1429,1.4426480685,-0.195293812261
1430,1430,0.676211666501,0.588972331693
1431,1431,1.64341868955,0.108752087888
1432,1432,1.59452264774,-0.00312786003179
1433,1433,1.14625774178,0.17299292299
1434,1434,0.549864286509,0.402405846343
1435,1435,0.874230028181,0.5089070959
1436,1436,-0.161916652476,-1.04111939968
1437,1437,1.36293636938,0.0481739418538
1438,1438,-0.016747589418,1.25827180297
1439,1439,0.683610162009,0.839737995414
1440,1440,0.42480573899,1.01075577426
1441,1441,0.416901103351,0.681361609155
1442,1442,0.173266118963,0.964596456383
1443,1443,0.00966359682544,-0.907395126256
1444,1444,0.624025663655,0.813885753512
1445,1445,0.226514810762,1.23088861727
