,vote,alpha,beta
0,0,-0.203355314468,2.32112669021
1,1,-0.64613991857,-2.45371325307
2,2,2.70819055311,-0.0884312527996
3,3,2.70761976345,-0.019850901625
4,4,0.697089181301,-1.36005259027
5,5,3.36846891368,-0.5937692216
6,6,1.88654644701,0.507268864263
7,7,2.37694196649,0.702998126352
8,8,0.128110452894,-1.64008420341
9,9,1.15510488843,-1.35074048225
10,10,2.44874159169,-0.0486908461608
11,11,2.79270692373,-0.535830135912
12,12,2.40095132758,0.427108889697
13,13,2.67140412876,-0.00177571551714
14,14,3.02389362689,0.194330922079
15,15,2.43589821573,0.299684012706
16,16,0.199965322615,2.44553380103
17,17,0.584409428027,-0.494202118409
18,18,2.83174515329,0.259971678652
19,19,2.52750181469,-0.233787012314
20,20,1.55041880539,-0.645873969033
21,21,-0.0819797388569,-2.936573346
22,22,-0.263296325462,-2.24873458076
23,23,3.20703617822,-0.0915076510012
24,24,0.668130744871,-2.12239820143
25,25,1.22532492044,-0.221457000253
26,26,-0.81586108412,0.187547128373
27,27,-0.220742532858,2.85479582947
28,28,2.29934737655,0.044685279982
29,29,2.37460550117,0.501107493112
30,30,2.41282779324,-0.0847923137948
31,31,2.7873478528,0.0643009589065
32,32,-0.196592437286,-2.4751167451
33,33,0.182680401027,-3.60252795851
34,34,1.31765338885,-0.378788976674
35,35,-0.176348644378,2.30962762673
36,36,-0.417346296428,-2.71754418003
37,37,0.0400287391737,-2.38746792123
38,38,0.262214520725,-2.66927559022
39,39,-0.971038893853,-1.44165064152
40,40,1.96979071896,-1.40128621544
41,41,0.131884138239,2.75309277813
42,42,-0.365407485992,-2.12065691361
43,43,2.77300807589,0.605604250972
44,44,3.07164007225,0.146181986255
45,45,3.80471578047,-0.271312497278
46,46,2.22992249797,0.0614306997312
47,47,2.15222288547,-0.174411090879
48,48,2.70362893527,0.575551298738
49,49,2.40812786075,1.96181449577
50,50,-0.0779453434398,-2.71667416025
51,51,0.117087107309,-2.51652295467
52,52,-0.453454475699,3.24128299868
53,53,-0.283535140505,-2.92645413904
54,54,0.259689064019,-3.04042799491
55,55,0.108415144933,-2.30157611228
56,56,0.985079330265,-2.86140151243
57,57,-0.811711986407,2.24494190776
58,58,0.0346963006617,3.24272002655
59,59,-0.191038016095,-1.81138079107
60,60,1.0727287941,-2.5451340889
61,61,2.03600660122,0.263258246324
62,62,2.20197356861,0.224273169747
63,63,3.30836489901,-0.0546082805223
64,64,2.73086399727,-0.12460647937
65,65,2.88396279541,-0.120953849488
66,66,-0.15591524923,-2.61486876392
67,67,0.4943068535,-2.46705313052
68,68,1.18451693294,-2.33079964773
69,69,-0.390165110657,-1.75104471436
70,70,-1.18421502738,1.82021047542
71,71,-0.689909175116,2.2780889622
72,72,-0.790781045381,2.06099329249
73,73,-1.07353792598,2.33264932413
74,74,-0.916185435322,2.17727725028
75,75,-0.644448496239,2.32634319805
76,76,-0.486462097296,2.20867523303
77,77,-0.8397038318,1.48509113232
78,78,0.406741792117,2.80668954148
79,79,0.758660758262,-2.1691488181
80,80,-0.927194498886,-2.20603876882
81,81,-0.422609219535,-3.01470837159
82,82,-0.00301103633771,-3.17388964932
83,83,-0.202256416034,2.46783534512
84,84,-0.358989362528,-1.97138898574
85,85,2.73349520179,0.063734595549
86,86,2.46785038875,-0.490846681056
87,87,0.170705615906,-2.95813604217
88,88,-0.384517407301,-2.71860576753
89,89,-0.739726205788,-1.00215212102
90,90,0.048990393446,-0.571874731655
91,91,-0.380913193734,-2.28230873092
92,92,-0.920066210915,1.89774405108
93,93,-0.941472828119,-1.93823449899
94,94,0.150831808667,2.74450511934
95,95,2.40055412899,-0.392590348203
96,96,-1.24807636007,2.1729239044
97,97,-0.736456110456,2.06096681562
98,98,-0.339863448052,0.294150267727
99,99,-0.278000168295,1.79142601828
100,100,-0.0768624817347,2.11676957774
101,101,-1.09465072872,0.652153728777
102,102,-0.400114344649,-1.66466190327
103,103,-0.881978592708,1.75753723459
104,104,-0.249147512738,-0.873882777717
105,105,-1.2230699135,-0.185339415553
106,106,0.729161868758,0.932950972592
107,107,0.112695646069,-1.42722436374
108,108,-0.475404350669,0.610315710621
109,109,-0.548960321432,0.64679697668
110,110,1.40213521414,1.63101134864
111,111,-0.153697108764,-1.94931439514
112,112,-0.241084591624,-1.35609479557
113,113,-0.00257971261638,-2.07651803408
114,114,0.325425535699,3.07394155967
115,115,0.365758953087,-1.47040649043
116,116,2.6075434762,0.13774541672
117,117,2.55201965878,-0.37372948846
118,118,0.530274594043,-2.18746770817
119,119,2.18840478622,-0.475587520008
120,120,2.52146234764,-0.137154639631
121,121,-0.157425797869,2.39706392117
122,122,1.19242040769,-1.13818089115
123,123,2.34633982029,0.0267936669663
124,124,0.843724585828,1.81740980589
125,125,0.214445657425,-2.85669075105
126,126,0.459159072793,-2.17069486946
127,127,-0.739482550328,0.766378438423
128,128,0.0436541756537,-1.96359678229
129,129,-0.274890177307,-1.2348120709
130,130,-1.06539437768,-1.67892898328
131,131,0.863794654056,0.797872809104
132,132,-0.357856068883,-1.69260338357
133,133,-0.0677082924177,1.43028488539
134,134,0.665720378565,-2.33006505347
135,135,1.07959999045,1.97373033479
136,136,-2.1127337385,1.27453649295
137,137,-0.586164377759,0.760864273997
138,138,-1.51531132152,0.66914436136
139,139,0.192781896066,2.0369541286
140,140,-0.553451452388,-0.0113743039361
141,141,-0.714363952838,0.391654194541
142,142,0.302863160729,-1.76192200715
143,143,-0.829757081021,2.10007298603
144,144,-1.56013167885,2.07148250419
145,145,-0.671384626081,1.10351311562
146,146,1.99122651359,0.916920790285
147,147,-0.1046061366,1.27878188853
148,148,2.9975101389,0.416491867017
149,149,2.92416493247,-0.078689539093
150,150,0.128336855265,2.42589841922
151,151,0.847885236571,-0.701566152999
152,152,2.95969462777,-0.0647988508093
153,153,2.39605011577,-0.0544800476149
154,154,3.01737074233,0.580284686485
155,155,0.273052751676,-2.66600797882
156,156,0.210355072653,-2.39735054181
157,157,3.12693702944,0.0288800041391
158,158,0.0717759930315,-2.434885611
159,159,2.07047640713,0.766033647797
160,160,0.190657164019,-2.18157951385
161,161,0.720106228308,-2.06567114722
162,162,-0.517469062469,2.41914144758
163,163,0.385364412898,-0.365190284524
164,164,-1.25664220355,-1.17283541197
165,165,-0.478964912981,1.55942113619
166,166,0.27211837436,-3.2680121131
167,167,-0.667221660546,1.41070302186
168,168,0.904270244461,1.29517395308
169,169,-0.0218520170616,0.166893162716
170,170,-0.991828153493,-0.681937197128
171,171,-1.16093229089,-1.08681743229
172,172,-1.03224540331,1.13662245998
173,173,-1.26310443844,-0.718264725574
174,174,-0.728079504181,-1.82525023462
175,175,0.301358314185,1.53126481474
176,176,0.143185594855,0.791601821088
177,177,0.543841520505,-2.40384495084
178,178,0.0348906981219,1.27813852903
179,179,-0.457044853748,-1.34668616493
180,180,-1.06200857101,-1.58366032485
181,181,0.95920528062,-0.28647906459
182,182,-0.288570557766,-1.08904799025
183,183,0.103347837657,1.04100982117
184,184,0.0598210963241,0.478386463932
185,185,-0.317438155465,0.260593722736
186,186,0.499241950644,-0.292304779882
187,187,0.159910834013,-0.41312485083
188,188,0.020329288019,-0.703411867042
189,189,-0.186044787255,-0.300800285557
190,190,0.168411748794,0.438594659457
191,191,-1.33274637095,-2.27015602907
192,192,-0.246333643056,-2.8706952614
193,193,0.221655159064,2.89498047309
194,194,-0.296755745646,-0.81601339008
195,195,2.22710848747,0.0874512672507
196,196,2.67652567179,0.258308750408
197,197,-0.0975010612536,-2.87834012966
198,198,-0.927479587482,1.28359991347
199,199,0.388598224818,-2.05658524259
200,200,0.183977931433,1.57778742657
201,201,-0.101770128914,2.3068510706
202,202,1.1586291843,-2.32968634075
203,203,2.9974347693,-0.12624858693
204,204,-0.327591716915,2.5097722736
205,205,0.302156150892,-2.39013862623
206,206,0.343074017982,-1.30926075919
207,207,0.389118526733,-1.9840334466
208,208,-0.555606937707,2.02794804846
209,209,0.363905926753,-2.51154115778
210,210,0.411361206909,-0.738183976032
211,211,-0.511370326698,-2.29119298646
212,212,0.361288002907,1.90764864907
213,213,-0.756315375622,2.08798771976
214,214,-0.0367699544998,2.67802392494
215,215,0.596066653386,-2.05441245033
216,216,2.31409738322,-1.01800155107
217,217,2.11331480332,-1.40448570455
218,218,2.47441792277,-0.0787722100999
219,219,-0.0230358798829,-2.47443464054
220,220,0.463799708188,-2.00656868974
221,221,2.04429107927,0.806464057979
222,222,-0.36422067381,2.24621561473
223,223,-0.0361452825952,1.84073132509
224,224,-0.957717347299,1.43301405461
225,225,-0.514511100018,0.23413658459
226,226,-1.78116724107,-2.31351581085
227,227,-0.955875043838,2.07388933699
228,228,-1.40896028518,-1.743491152
229,229,0.177636495322,1.78625036852
230,230,-1.50982005059,-1.45223532899
231,231,1.59527825895,0.839962343044
232,232,-0.195521895472,1.71530326191
233,233,-0.543275960765,1.6008892435
234,234,-0.959588514898,1.94501866007
235,235,-1.03976652795,1.80025868878
236,236,-0.590473942376,1.5529814589
237,237,-0.996319914537,0.595191509888
238,238,-1.09637814631,1.74723918249
239,239,-1.09357805747,1.35437325459
240,240,-1.0038530278,1.55471187939
241,241,-1.23346206336,1.84052981332
242,242,0.56004428538,-2.71488710478
243,243,-1.24700052644,-2.06384396328
244,244,-0.722806669287,2.04012813606
245,245,-0.228764959164,0.899869776421
246,246,-1.31729155276,-0.882097817551
247,247,-0.352811320494,1.18185366671
248,248,-0.59638012109,0.209617375687
249,249,-0.495945647099,0.248256663577
250,250,-1.05862759724,0.777972057927
251,251,0.10559358942,1.24862544886
252,252,-1.449585195,-1.13430498961
253,253,0.475573750465,-2.39625171561
254,254,0.278731020917,-2.16528388682
255,255,-0.677953047774,1.72218270258
256,256,-0.34311301294,0.664866866841
257,257,-1.11223987348,-1.26668077134
258,258,-0.283061338766,2.18437423479
259,259,-0.0258317146848,-1.72638771485
260,260,0.199652011698,-2.42824724726
261,261,-0.280159663374,-3.19515264925
262,262,-0.30487314372,2.23695678423
263,263,0.342612339775,-2.75263667812
264,264,0.214609568795,-2.62422915434
265,265,-0.129050215097,3.05811183863
266,266,-0.301648101266,-1.81699042889
267,267,2.41141227199,-0.286475368153
268,268,3.38070103852,0.145877828484
269,269,3.60971946528,-0.061793157371
270,270,0.113462893654,-3.25352707853
271,271,0.825799708556,-2.62310570359
272,272,-0.907515285103,0.192533078859
273,273,-0.200673671924,3.01405174261
274,274,1.26798742355,-2.34091877292
275,275,-0.0874525450212,2.23790206751
276,276,0.66057795583,-2.05146496778
277,277,0.332528271208,-2.4153434827
278,278,0.226681979328,-2.53715743155
279,279,1.15324905532,1.58536596876
280,280,0.870883906842,-2.44516948217
281,281,0.294826803795,-1.84331185205
282,282,0.106491298758,2.65002260822
283,283,-0.421144528406,-3.19837253966
284,284,-0.470117925784,2.13452400012
285,285,-0.227779027552,2.12716053002
286,286,0.195867959353,2.52207396499
287,287,-0.764315787314,-3.02964729562
288,288,2.27776082012,0.0425704219092
289,289,2.94322541707,0.255076530437
290,290,0.278216195713,-2.77198149966
291,291,-0.142101612527,-2.71653401533
292,292,-1.65279215288,0.721770926108
293,293,1.04303803427,-1.89898915228
294,294,-0.623827818415,1.50900115833
295,295,-0.947741490482,1.34395226468
296,296,-1.45696710387,0.750630287884
297,297,-1.23193188454,-0.73058586116
298,298,-0.585267789253,1.31142353682
299,299,-0.603112852499,1.93472735602
300,300,-0.251746350824,-0.378192689058
301,301,0.354039080021,0.12620374307
302,302,-0.0867959734728,0.538535109944
303,303,0.217177857466,0.352252392792
304,304,1.27156086824,-0.574098851125
305,305,0.983136988227,0.345985682887
306,306,-0.424843945586,0.515313903813
307,307,0.809634708737,-1.79928858563
308,308,0.90888993937,-0.170561801834
309,309,0.489134949448,-2.38938235874
310,310,1.14038337115,0.723513748235
311,311,-1.37269134224,1.24079398451
312,312,-1.47095454255,1.73070475201
313,313,-0.273860320226,-0.443398462983
314,314,-0.224994197836,-3.09776171417
315,315,0.121050057776,-2.6690141875
316,316,2.49961392967,0.0704045200835
317,317,1.05052960798,-2.91499631344
318,318,-0.145443936781,0.242564251784
319,319,0.294451717327,-2.11319996153
320,320,0.0815588556936,0.98868597786
321,321,-0.70936464445,-0.899333768083
322,322,0.793640599207,-2.32285912235
323,323,0.350669786475,0.27624243187
324,324,0.862430231025,1.28006518205
325,325,-0.223919154024,1.52820531679
326,326,-0.296674697977,1.74491559532
327,327,0.261434991783,-2.97520510508
328,328,-0.26687123584,0.791103999959
329,329,2.54589238263,-0.831995688381
330,330,0.0108270318362,0.156289170796
331,331,-0.443160151124,2.26816593055
332,332,1.0707892633,-1.05114713511
333,333,-0.424064164967,2.38771994594
334,334,-0.605049492795,2.01976847217
335,335,-0.282876439437,3.54208068431
336,336,1.18943523056,-1.7634929828
337,337,1.42845462538,1.09572977652
338,338,0.153415387775,-2.40774745892
339,339,0.334844200073,0.549923475414
340,340,-0.200510092738,-0.405657539814
341,341,-0.565326870382,-0.964107248138
342,342,-0.680434933372,1.1276526448
343,343,-0.992641242561,0.904295493899
344,344,-0.989550807961,0.8481247916
345,345,1.71435092945,-0.395430634522
346,346,1.65716129487,-0.288272996609
347,347,-0.260283057472,2.60763590892
348,348,-0.391130454279,2.57347684235
349,349,-0.0954898516267,-2.25348682813
350,350,0.429184696135,-1.85572719259
351,351,-0.0300068946842,2.71465789435
352,352,0.626219087151,-2.3623349458
353,353,0.234995191619,-2.64870735371
354,354,0.17091487757,-2.42772639892
355,355,2.41780148946,0.201399513361
356,356,0.377204240492,-2.32880205727
357,357,0.76843295457,-2.62354408752
358,358,0.425473058545,-2.41275127815
359,359,1.44799624367,-2.13162970997
360,360,0.735074448301,-1.45964646084
361,361,-0.320161826743,2.08128935192
362,362,-0.63102754612,2.19175602534
363,363,0.040406423565,2.39146846487
364,364,-0.259226701744,2.70339667952
365,365,0.0532821265814,2.95213734006
366,366,0.39174262222,-2.32203157581
367,367,-0.507442704172,2.58965236373
368,368,0.0201507773652,-2.42022708556
369,369,2.60305277804,1.30507271726
370,370,2.60002025154,-0.0993290319212
371,371,2.69104744162,-0.107812275249
372,372,2.41530611246,0.493623860711
373,373,2.2312251567,0.6046073748
374,374,2.60064814527,0.0331464394937
375,375,2.4699495106,0.012729213884
376,376,2.63423900172,0.05458703077
377,377,2.01633990831,0.255250206017
378,378,0.0792203643449,-3.10608458125
379,379,-0.0088909288044,-2.73516703103
380,380,0.247321685281,-2.88948295333
381,381,2.73675407665,0.146031080104
382,382,2.99595240925,0.576451114755
383,383,2.40812220772,0.944679535988
384,384,0.198226789604,-2.81046419666
385,385,0.545831745839,-2.43890882423
386,386,2.01367051718,0.650741109974
387,387,-0.807091736289,2.42707521375
388,388,-0.35395573902,2.10979774139
389,389,-0.190873603667,2.35808271434
390,390,-0.803531334689,2.79002494876
391,391,3.34424494684,-0.0179473031607
392,392,0.0667654602513,2.40438256601
393,393,0.514740382718,-2.27532928449
394,394,0.0648847889836,-2.87767815495
395,395,0.524243333995,-2.90835838838
396,396,0.110577390249,-2.3272178582
397,397,-0.204434820086,2.43954967634
398,398,-0.654217063703,-2.48485986605
399,399,0.0617720274458,3.30170010107
400,400,0.238850103579,-2.91508103215
401,401,-0.334621179173,-2.03803353849
402,402,0.887514920841,-2.21227089092
403,403,0.674809945742,-2.00333519819
404,404,0.109170188384,2.3231327491
405,405,0.802192603365,-2.36214108953
406,406,1.06299685341,-0.865168352132
407,407,2.94743629295,-0.117722479625
408,408,3.42422993451,-0.432124296614
409,409,2.52291984051,-0.21969316181
410,410,-0.201042618331,2.13450592759
411,411,2.64490861298,0.24163983539
412,412,0.465182036676,2.36166310631
413,413,3.05073688985,0.0804296653316
414,414,2.47976289531,0.0574897899034
415,415,0.218694542778,-2.37191043423
416,416,-0.395364505254,-2.54878812517
417,417,0.204243371394,-2.59825264474
418,418,2.26482245518,0.18078783682
419,419,0.865980053146,-2.15805541638
420,420,-0.135050723934,-2.35830103985
421,421,2.65436177698,0.0696239357337
422,422,0.282860340628,2.69505293153
423,423,1.64884610663,0.5741197408
424,424,-0.35112505151,-2.45108304233
425,425,-0.255423230718,-2.3647825189
426,426,2.37535545458,1.20042005894
427,427,-0.101461762383,-1.83481792787
428,428,-0.181656984126,-2.04147850128
429,429,1.28484969721,-2.07795987435
430,430,0.940819735879,-1.55157450228
431,431,0.76669133939,-1.83843081716
432,432,0.113995234086,-2.1108300444
433,433,-0.184852046351,-2.21599218356
434,434,-0.149977763068,-2.91571246429
435,435,-0.307447346465,-2.8862871926
436,436,1.09730323339,-2.19784593303
437,437,0.819485945479,-1.89811472691
438,438,0.356019386637,-3.19353036715
439,439,1.51674957817,-2.22272131605
440,440,-0.184154500548,-2.81114830503
441,441,1.34121575475,-2.04220614436
442,442,-0.132926825499,-2.62504416687
443,443,2.0617650289,0.21861010211
444,444,0.00958933773595,-2.31005070844
445,445,-0.116145713135,-2.83206003039
446,446,1.23927183024,-2.23753670076
447,447,0.0377662123368,-2.96054733649
448,448,1.26003738706,-2.4449165021
449,449,3.0446640704,0.196555069008
450,450,3.30866562019,-0.482469935125
451,451,0.0700065073535,-3.47773971764
452,452,0.836042141977,-2.1224021555
453,453,-0.347289256967,-2.64482008835
454,454,0.629761432238,-1.78081131228
455,455,-0.0817375755586,-2.7696591312
456,456,-0.09466298701,-2.285092998
457,457,0.0807308457593,-2.68357309716
458,458,-0.223534266834,-2.51905615607
459,459,3.28409626166,-0.491703944932
460,460,-0.0301584733372,-2.65702817184
461,461,0.987739049035,-2.19471571433
462,462,2.58450313031,-0.0474533726099
463,463,0.362009292144,-2.55512120294
464,464,-0.95355097697,-1.44412447823
465,465,0.950473582341,-2.03621868372
466,466,-0.189554471437,-2.77470279054
467,467,0.863829297568,-2.01086692203
468,468,0.256654210365,-2.3924538799
469,469,0.436535046567,-2.39469477047
470,470,-0.0900611284867,-0.367864740577
471,471,0.510533700838,2.128208191
472,472,-0.0671087183756,-3.21064258046
473,473,1.2840463457,-2.56493595137
474,474,-0.406128952041,1.64302103769
475,475,1.92125010224,1.89090056393
476,476,1.58440840767,1.89126343996
477,477,2.60423681749,0.0691423194863
478,478,3.54942978453,-0.279686698489
479,479,0.0856668701325,-2.30961160106
480,480,1.34913173044,-1.66806731039
481,481,-0.719279425858,2.51895324929
482,482,-0.0294701175175,-2.05241927692
483,483,-0.888955532411,1.0937434007
484,484,0.130415116354,0.0565333367608
485,485,1.66408809836,0.547211881283
486,486,2.2440166533,-0.219375469064
487,487,2.68663708386,-0.0670680331843
488,488,2.63264995645,0.128194325079
489,489,-0.187230608501,-2.90750856974
490,490,0.761137109451,-2.70944573185
491,491,-1.04932492376,2.23903815711
492,492,0.0673915519254,3.13478661515
493,493,1.08974790204,-2.06038296312
494,494,0.207002092469,2.74153519999
495,495,1.19805800316,-1.27526883258
496,496,2.71528425505,-1.08375763188
497,497,0.140058767972,-2.11156592908
498,498,2.6389982695,0.453869811685
499,499,2.39182688544,-0.0904716564378
500,500,-0.184679135112,-2.9154812123
501,501,-0.234941634664,-3.31835500174
502,502,0.21029285487,2.25042731152
503,503,-0.541802115183,2.60684407126
504,504,-0.224385177976,2.8272345964
505,505,0.436386737987,3.07170965188
506,506,-0.0837986850995,-2.04401033439
507,507,3.26409038439,0.836766220336
508,508,0.379918415995,2.83902471905
509,509,0.106576360683,-2.84063102245
510,510,2.5949507707,1.98018119709
511,511,0.447853476086,-3.29491392893
512,512,-0.0551752621619,-2.56662826646
513,513,0.355809414216,-3.04864099021
514,514,-0.37916080031,2.73635338254
515,515,0.828203386804,-1.65986187636
516,516,2.44005542453,-0.189319876108
517,517,3.13402772057,-0.163282540102
518,518,-0.152005826079,-2.8171278301
519,519,0.578996580256,-2.58794408945
520,520,0.0219398822886,-3.18813951857
521,521,0.0337145470661,-2.48539075601
522,522,0.0498420161804,-1.83911039631
523,523,0.0688836804964,2.20804074041
524,524,-0.442628767825,2.90713916961
525,525,0.169265886504,2.15536633061
526,526,0.134432747583,2.04069906707
527,527,-0.0407516416704,2.19774921446
528,528,-0.649541386011,2.63773400684
529,529,0.0794198459879,-2.60503816823
530,530,-0.216411220139,-1.6789373968
531,531,0.333930540963,-2.53709543806
532,532,-0.268137866825,2.53414456822
533,533,-1.06732383539,1.54871022248
534,534,-0.571823085021,2.41751362045
535,535,0.701135947317,-2.04717086607
536,536,-0.524702288351,2.37527643329
537,537,-0.7051619986,2.40828275484
538,538,-0.612657042445,1.91596581199
539,539,-0.837663728863,2.35835114729
540,540,-0.644198232833,2.21042843354
541,541,-0.33182472031,2.89503655923
542,542,-0.858319200519,2.69634178965
543,543,0.894832919689,-1.81306019552
544,544,2.49598216309,0.34485455933
545,545,2.62529138873,0.433028145246
546,546,2.94335921597,0.110482885571
547,547,2.70903873269,0.395265806735
548,548,2.27422021894,0.224972120188
549,549,-0.495775300442,-2.54074181531
550,550,0.548641201931,-2.293846425
551,551,0.509712443904,-0.964879624875
552,552,-0.419280228116,2.16947910557
553,553,-0.380998267838,1.94829860492
554,554,1.20978382603,-1.76556252409
555,555,1.33347445486,-0.675697775219
556,556,-0.0149962707545,1.14525876691
557,557,-0.42942823501,0.202620462364
558,558,-0.626349212623,1.01999940578
559,559,0.530724492161,0.763964438882
560,560,-0.903000260977,1.20124304798
561,561,0.882496514175,-0.38672656185
562,562,1.82680656517,0.322550900526
563,563,3.0133304418,-0.045512240405
564,564,2.66334001894,-0.565487765897
565,565,1.66028224776,-1.55298632302
566,566,3.15355227726,-0.0847625256396
567,567,2.62989726601,-0.349346819295
568,568,2.64208625814,0.0317410979027
569,569,2.52534414885,-0.217859451759
570,570,0.293497183683,-2.42753731331
571,571,-0.0155475681003,-3.36724273742
572,572,0.111396800808,-2.63925450348
573,573,0.787665423228,0.186622993137
574,574,1.10619646518,-0.470984111504
575,575,0.063983966126,-2.3545104192
576,576,0.429891305537,2.70515134859
577,577,0.271045767781,-1.77752154598
578,578,2.37643934979,1.65354043345
579,579,-0.0889888812984,-2.39683062016
580,580,0.0522155607585,-2.83056011486
581,581,0.0496079233238,2.7523383679
582,582,-0.324806980284,2.31833789284
583,583,-0.397062487268,-1.77272222818
584,584,3.04350992119,-0.244062426709
585,585,2.53337782012,0.31160980193
586,586,0.405298760026,-3.22983237254
587,587,2.91873375629,0.270883397485
588,588,0.662932822481,-2.75369751049
589,589,0.648979211832,-1.08810053518
590,590,-1.90002506094,2.47071910002
591,591,-1.61035571006,1.6154994099
592,592,-1.65240795327,1.36612494913
593,593,-2.64314014968,-2.35235391595
594,594,-1.15083761026,2.16778427003
595,595,-0.679333487493,-2.57588679369
596,596,0.65933021655,-0.458631433735
597,597,2.02150764813,-0.106551233498
598,598,1.78824047656,1.82696392893
599,599,0.211061342632,-2.25706523177
600,600,-0.552490244236,2.95811657718
601,601,0.053971981993,2.91010051518
602,602,2.25822002306,-0.465708052671
603,603,0.189427694419,-2.86295302058
604,604,0.041733893745,-3.11665476527
605,605,1.23958361766,0.836603034005
606,606,-0.109402740684,2.59719724135
607,607,1.27540248118,-1.93923517798
608,608,-0.817384423104,0.931799640852
609,609,1.33030917041,-1.81360743596
610,610,-1.69899515087,2.28538655713
611,611,2.10177303523,-2.08674740094
612,612,1.61209028804,0.437545355723
613,613,0.92938190189,0.644945413909
614,614,0.987901463116,1.53700062835
615,615,0.625247850502,0.445817362308
616,616,0.634040414134,0.818272361273
617,617,0.836275878613,0.575239314121
618,618,0.696626595996,0.751491048747
619,619,1.19544005069,-1.85581603924
620,620,0.816901449696,1.20383206361
621,621,2.70078048296,0.438423466815
622,622,0.707637100157,-2.04685434793
623,623,1.46465568915,0.50547181304
624,624,0.243846066284,1.62040169843
625,625,-0.00961212206043,-0.880043479408
626,626,-0.638694851328,-0.596001405741
627,627,0.69548866231,1.22718001328
628,628,1.0901768145,0.519709192753
629,629,1.50693426549,0.525355154838
630,630,-1.016858515,-1.52810470381
631,631,-0.918237302558,-2.38218719075
632,632,-2.21411360914,1.69925389304
633,633,-0.879465569934,-1.12979061403
634,634,2.78940778599,-0.0547420860011
635,635,0.00410206537206,-0.208950050984
636,636,-1.37539845953,0.892537637342
637,637,-0.0815229613196,0.537253309522
638,638,3.25340882423,0.226063131016
639,639,0.45467874567,0.415035642349
640,640,-0.903753019753,-1.95477728925
641,641,0.905241546361,0.489359278742
642,642,1.31034693815,0.986577361444
643,643,-0.958189852295,-1.51707260123
644,644,-0.472648976646,2.54294678829
645,645,0.0374039341396,1.69076990773
646,646,0.810234394856,0.840615584363
647,647,1.97286914544,1.38029236869
648,648,2.19348594893,1.13252590401
649,649,0.771796167841,2.23739589659
650,650,2.79448811207,1.09105107523
651,651,-0.254014132681,-1.80222447016
652,652,-0.886535141089,-1.99190007514
653,653,2.68445649155,0.507238262557
654,654,1.72647300517,2.3431459867
655,655,0.57722449659,0.450120043079
656,656,-1.45047325624,-2.41308553281
657,657,1.63528429709,0.629804949074
658,658,0.347651686997,1.55966752733
659,659,3.21225243768,0.315189113911
660,660,1.55212366433,2.05768467589
661,661,1.48641835509,1.91058076335
662,662,1.94944834254,2.06264261262
663,663,1.27334178408,1.85822645879
664,664,1.85992775323,2.25270341871
665,665,1.44054315127,1.52754872583
666,666,1.53009565072,2.36844004601
667,667,-0.160162204298,-2.72184902814
668,668,-0.387747991449,2.33624599811
669,669,1.17078485017,1.12673494541
670,670,-0.386347796143,-1.84289363717
671,671,1.30182508161,1.5187630747
672,672,2.58431546075,-0.284037811202
673,673,-0.482698188065,1.85449156263
674,674,-2.07480918147,1.90702617204
675,675,1.33035061884,-0.733131955621
676,676,0.289611092141,1.75454126181
677,677,1.95117410262,1.38761431706
678,678,2.32303525477,1.15981891903
679,679,-0.146500854573,2.47941952897
680,680,1.50395495898,0.528540724834
681,681,2.23197509805,0.440350624005
682,682,2.50622096244,0.174239844837
683,683,2.18420204692,1.70589363189
684,684,1.55857978833,1.84730215546
685,685,0.445830235617,2.94120736495
686,686,0.58768569857,2.24128848926
687,687,-0.0831650512563,2.45064465163
688,688,-0.130445780733,2.25110322566
689,689,-0.444870132309,2.60243077164
690,690,-0.256880790441,2.37237033864
691,691,2.20788371216,1.32497760525
692,692,2.52779370471,1.91867838802
693,693,-0.749569371562,-3.16206407351
694,694,1.28467410896,2.03187750454
695,695,-0.109555321623,-1.93499537322
696,696,1.63785206187,1.99164856202
697,697,1.18960167618,1.88962147238
698,698,2.15105393604,0.427392239748
699,699,2.77803262617,-0.0151895050539
700,700,0.176601014925,-1.50094329284
701,701,-0.621599270874,1.83834066514
702,702,-0.321784259898,2.1519639978
703,703,-0.144624667732,1.53852228179
704,704,-0.397477941634,-1.23528108732
705,705,-0.466588804005,2.47468064728
706,706,0.95662032133,1.54719478698
707,707,0.097865099544,-2.31034811388
708,708,1.83526619097,2.05885628773
709,709,0.699888363545,0.805317336578
710,710,-0.0688648906139,-1.95534979051
711,711,1.16400876876,0.30194212469
712,712,-0.10671928988,-0.577816692032
713,713,-1.19128032996,-1.76865165434
714,714,0.330159090358,-2.42979817834
715,715,-0.356578290947,1.66276915881
716,716,0.236084598569,2.87199812241
717,717,-0.403930426534,-1.70401564171
718,718,0.897661523557,1.27136703995
719,719,0.00742146264101,-1.20266565193
720,720,1.35261742565,1.87762628571
721,721,-0.0546971616927,-1.71858741904
722,722,-0.566697557176,-1.1679631068
723,723,0.808776988217,1.02711814302
724,724,0.977424168418,1.51528534645
725,725,1.11372369861,1.0788840614
726,726,-0.191878785882,-2.10506590515
727,727,-1.20296736702,-1.5049425058
728,728,1.36304935386,-0.941170159355
729,729,2.06591037516,0.610598555483
730,730,-0.208154422167,-2.4923877986
731,731,-0.416435724621,-3.04608585403
732,732,-0.137322393649,-2.44913982721
733,733,3.53637723947,-0.147277434717
734,734,0.0883160830944,-2.95160505076
735,735,0.638468181879,2.45263344722
736,736,-0.445301429773,-2.22548406137
737,737,-0.375915367937,2.58117059837
738,738,1.66088816827,-1.60827628478
739,739,-1.86097188658,2.61139392332
740,740,1.24633850534,-2.15548764474
741,741,0.434446827136,1.63684674761
742,742,-1.48885998606,1.47305755313
743,743,1.25618552883,-1.44937430137
744,744,0.709065945085,0.389864551787
745,745,-1.2429073154,-2.20259170299
746,746,0.746150003963,-2.27180098983
747,747,0.660259184219,-0.450515265442
748,748,1.41782165398,-0.999348698196
749,749,-0.102906527836,-2.61387810202
750,750,-0.203432285689,-2.97150018229
751,751,-1.83553442455,-1.28604303095
752,752,0.258891581835,2.4653379384
753,753,3.0207933777,0.546400497164
754,754,-0.492668038937,-2.47600795121
755,755,0.0765646050836,-2.23152520226
756,756,0.650244978712,-2.60906938268
757,757,1.00889957897,-2.52286880838
758,758,-1.07392716421,-2.44955713488
759,759,0.239184127006,-2.56370116825
760,760,-1.06894752479,-2.52327664714
761,761,-0.199065546501,-1.067269814
762,762,0.301196132596,-2.08269286671
763,763,0.251879533525,2.37172690344
764,764,1.62207938971,0.519126556023
765,765,0.436571069266,-2.45243541867
766,766,-1.53202225858,-1.46023646027
767,767,-0.688371877701,-3.0048833832
768,768,-0.436399495358,-2.02041611134
769,769,-1.32868733432,-1.31170805287
770,770,-1.04334271523,-1.79277672781
771,771,0.326463901998,-1.73162898339
772,772,-1.20345461737,-3.23542947493
773,773,0.882016167242,-1.48517157158
774,774,1.63338570432,1.19148752611
775,775,1.28397365643,-2.6055269293
776,776,1.20776809817,-2.6339059551
777,777,-0.306240118402,2.00525170632
778,778,1.20237393858,1.42174461407
779,779,0.10598442432,1.46387675067
780,780,0.585938984359,-1.74981722436
781,781,0.577449325893,1.7816676973
782,782,-0.0120691890425,-2.3577701113
783,783,0.0481355160315,-2.88774901833
784,784,0.485649841702,-2.53813321342
785,785,-0.336889417364,2.23070419444
786,786,0.00391320912222,2.17578627805
787,787,-0.857902938632,2.54048457179
788,788,-0.67160536528,2.71452810396
789,789,0.296240176455,-2.2385297659
790,790,0.24069651613,-2.92926277639
791,791,-0.55180750119,2.62794903841
792,792,0.236271495837,-2.2562626447
793,793,1.54364912284,-1.76309110877
794,794,-0.325158449728,2.01347943732
795,795,0.0749184903762,2.0985108825
796,796,0.119233578551,2.35774761898
797,797,0.605229685476,-2.22595864627
798,798,2.17664384703,0.868260392473
799,799,2.57110343891,-0.0355435496873
800,800,2.72970149609,0.0682310766259
801,801,2.31371577646,0.109130323411
802,802,0.382825265858,-2.66061665099
803,803,0.458684625196,-2.74085665783
804,804,2.5205994436,-0.192470551414
805,805,-0.240177625216,2.88705998156
806,806,0.244153382555,2.18347608965
807,807,-0.36020939403,2.46540512953
808,808,0.296606088337,2.5013503405
809,809,0.322716424483,-2.25741117787
810,810,0.222162665244,-2.9809691845
811,811,0.141782497095,-2.89421253855
812,812,0.069711701763,2.33539908705
813,813,0.445774987577,3.21131739142
814,814,0.556795267596,-2.33673101252
815,815,2.48121293306,0.420198247156
816,816,-0.694611796772,2.39020392385
817,817,-0.300381058176,2.67827892968
818,818,1.10989874962,-2.71547939049
819,819,-0.111395368039,-2.79841033348
820,820,-0.0905173185408,2.94985385316
821,821,0.383589378404,-2.33732575071
822,822,3.37954205779,-0.123672916892
823,823,3.03448672233,0.0200949637734
824,824,-0.157815684336,2.78527715982
825,825,0.0227245869922,2.00096126023
826,826,2.89682379163,0.261057506548
827,827,0.569481692575,2.99098418376
828,828,0.220761870542,-2.05190184459
829,829,-0.258823662955,-2.9068755372
830,830,0.000876619836693,-2.43924884786
831,831,2.92449411959,-0.0522740412772
832,832,0.49901502813,2.61109985392
833,833,0.1863035646,2.60303902756
834,834,-0.0162464119398,-1.99821528789
835,835,1.55358930013,0.190488483063
836,836,1.79224075776,0.527476659841
837,837,2.12429383796,-0.168952271984
838,838,1.82126226116,-0.0215653430899
839,839,0.377586949296,-2.33990194961
840,840,0.484631538476,-2.4600775207
841,841,-0.501771512853,2.84272086654
842,842,1.13637934628,-2.86552812075
843,843,0.107412397534,-2.6677006644
844,844,-0.198608119123,-2.57878313765
845,845,0.125223130181,1.97843935885
846,846,0.0504328019216,2.13041196248
847,847,0.0416653876499,2.64943007165
848,848,-0.04172002426,2.10810512257
849,849,0.357443020493,2.51383511675
850,850,0.396506643084,-2.42880409149
851,851,0.287973319743,3.03040975074
852,852,0.720331351742,-2.24561121566
853,853,0.125645891768,2.74260875559
854,854,0.481585695155,-2.79562790453
855,855,-0.0121741704075,-2.81084212746
856,856,2.91725669455,-0.227206798205
857,857,-0.133641305423,-3.28704732197
858,858,-2.5464161754,-0.084679669842
859,859,-1.7360786547,1.70637276663
860,860,-1.82950943335,1.52828931938
861,861,0.428847488042,-0.871406715675
862,862,-2.2537558934,-2.30507879451
863,863,-1.46343280302,2.54413454072
864,864,-0.536267335993,-1.97242212101
865,865,2.11106632957,0.415763123766
866,866,2.50277689551,0.147929803325
867,867,2.78012681174,0.116938188139
868,868,0.0558952039315,-2.56056164319
869,869,0.797247246527,-2.24766022697
870,870,0.492509235751,-0.911009814406
871,871,1.94833844231,0.482137912982
872,872,0.241970722096,-2.83689140764
873,873,-0.656599419257,1.79460750548
874,874,0.0948826346949,1.20256921022
875,875,2.54995751821,0.58900098724
876,876,-0.116894997289,-0.42924766461
877,877,-0.00997576562839,-1.09024694345
878,878,-0.21534101826,-3.27629736802
879,879,-0.166068931101,-1.15970613237
880,880,-0.551493403342,1.31445754595
881,881,0.420809123075,2.72072606697
882,882,1.78533830773,0.2740357571
883,883,2.44852542163,0.360983999677
884,884,2.37306722551,-0.101017707476
885,885,-0.44840004494,-3.05680496989
886,886,0.203872830239,-3.03321963811
887,887,-0.240498746787,-3.29533304336
888,888,3.09895076328,0.169663622852
889,889,0.320412700965,-2.23066695679
890,890,0.597202001041,-2.46899699137
891,891,2.11203783632,0.999787293372
892,892,0.0438167459272,2.36529649667
893,893,0.63402120043,-2.80238070448
894,894,1.34099350351,-2.40786419451
895,895,0.399646438171,-1.96980281693
896,896,-0.0970506398933,-2.88816131441
897,897,-0.0767108956667,-2.97549688708
898,898,1.37875714793,1.46693535351
899,899,0.650281578474,-2.58337707993
900,900,1.5364031199,0.731253392475
901,901,0.16161990925,2.69440616308
902,902,1.02876949636,-1.29584412772
903,903,0.0102140734938,1.59011607314
904,904,-0.424533921405,1.96651224673
905,905,1.80028880886,0.660807042438
906,906,1.90606545308,0.811576067816
907,907,2.2916053205,1.17352194855
908,908,1.52749823453,-0.556676078877
909,909,1.90322470249,0.241780478204
910,910,3.13425874935,0.00734099313467
911,911,-0.337716361158,2.65300980061
912,912,2.0184388841,0.0756533580864
913,913,2.77108183577,-0.181942274486
914,914,2.34753769796,-0.997055361236
915,915,-0.0922452001184,1.56936287078
916,916,-0.277746850582,2.29572726011
917,917,0.0648606142837,-1.89939493834
918,918,0.209867459256,-2.05357130623
919,919,1.81849822843,-0.567821870059
920,920,1.20085621721,-1.95386032512
921,921,0.570010968729,-0.241546350715
922,922,0.00718718036761,-2.40799609402
923,923,0.67528061934,-2.02639588815
924,924,-0.338983779421,1.76213096288
925,925,0.0486050568023,1.40461499513
926,926,-1.09093581101,-1.59752261825
927,927,0.370050654289,-2.2677269619
928,928,-0.0144519183855,1.10474842222
929,929,0.679232617093,1.62038995165
930,930,-0.402125313613,2.71911945017
931,931,2.49360969396,-0.257394748547
932,932,1.1606942513,-0.875413310796
933,933,2.32655467516,-0.127140871533
934,934,2.95441297801,0.145900384691
935,935,-1.97979671617,-2.23978074915
936,936,0.664475213692,0.347621229058
937,937,1.32598911758,-0.622046726707
938,938,-0.227147450707,-1.9915496406
939,939,-1.25776288345,1.41784173008
940,940,-0.252333958955,1.47388435037
941,941,1.08657007336,1.44183481793
942,942,1.83298295964,0.664065432004
943,943,-0.920153679562,0.193330346301
944,944,0.00576740233701,0.783480349999
945,945,-0.233942379525,-1.63077788558
946,946,-2.22443598822,-2.15429371122
947,947,-0.448986388518,1.56746842059
948,948,-0.828611098543,-1.26594869993
949,949,-0.637632046094,-1.76029531016
950,950,0.530764629301,0.871900163315
951,951,0.317379608517,1.05168026524
952,952,-0.405824564241,-2.12903369548
953,953,-0.128679204378,-2.87267980115
954,954,0.613881027936,0.79194927239
955,955,-0.214769634281,-0.822731126025
956,956,0.0649334941461,2.03742566939
957,957,0.372195726179,1.0778230006
958,958,0.418947406319,-2.16263545353
959,959,0.0805473427265,-2.21890242888
960,960,-0.319764663975,-2.13440139067
961,961,0.451837310847,-2.48091527518
962,962,-0.0911799648981,2.94534844252
963,963,0.869101310146,-0.590919300289
964,964,0.0854773993108,-2.77663458942
965,965,0.151001119793,2.42371077768
966,966,1.03140288282,-0.217642859148
967,967,2.50486309576,0.435515455101
968,968,-1.177968347,-1.65033072676
969,969,-2.15558083115,-2.30877763207
970,970,-1.25476201685,-1.83574032527
971,971,-0.0120848996404,1.49759262321
972,972,-0.889441936445,-0.697623098711
973,973,-1.64480920967,-1.89643161246
974,974,-1.32620603243,-1.71869381593
975,975,-1.48577983777,-1.62086619747
976,976,-0.836568489691,-1.63618159959
977,977,-0.550563016102,-2.22486125371
978,978,-1.3814088291,-1.79123543928
979,979,-0.25078722543,-2.11337440202
980,980,0.391733882022,-0.884762000486
981,981,2.93339182024,0.0117333794442
982,982,-0.00556110426759,-2.44876013624
983,983,-1.26158802069,-1.86591917432
984,984,0.568112939272,2.82537362943
985,985,-0.251283467962,-1.40243304291
986,986,-0.761300411033,-1.70656498557
987,987,-1.09431006992,-1.98814493474
988,988,0.00536849267598,1.2121683066
989,989,-1.1906915468,-1.96845111885
990,990,-1.83012817016,-2.41903672999
991,991,-0.0092218090876,2.8346459922
992,992,0.101655586754,-1.79853958359
993,993,-0.395389922049,-2.21762667163
994,994,0.220315843268,-2.82362760169
995,995,2.06396546145,0.40604127412
996,996,0.133729728634,-2.34227146871
997,997,-0.750583342255,-1.5980838236
998,998,-1.36786831916,-1.49271811264
999,999,0.0711710537069,0.327269972065
1000,1000,-0.547061883993,1.02057756432
1001,1001,-0.54715871953,0.907852526646
1002,1002,-1.04936460357,-1.01592825433
1003,1003,-1.76634818802,-1.05305738354
1004,1004,0.167294891671,2.21970155475
1005,1005,-0.55868001551,2.58546646021
1006,1006,1.21301749122,-1.64565138259
1007,1007,0.234976784619,-0.367584064518
1008,1008,-0.388597972638,2.39673899091
1009,1009,1.58629445327,-2.26896978909
1010,1010,2.37720348972,0.259207180886
1011,1011,2.7990903831,0.387799990773
1012,1012,2.70631422698,0.102125889703
1013,1013,0.680372932219,-1.79122402391
1014,1014,-0.13189237087,2.29439449305
1015,1015,0.430741000881,-2.99553706112
1016,1016,-0.693646371574,-0.658162646248
1017,1017,-0.554039114216,1.80074060934
1018,1018,2.49018620454,0.167185927954
1019,1019,-0.230510876888,1.7641893086
1020,1020,0.338092601715,-1.57053231215
1021,1021,0.517469170757,0.0433204035174
1022,1022,0.41789151479,-1.59344243734
1023,1023,-0.57292214065,1.57554493589
1024,1024,-0.303791135955,0.935488860124
1025,1025,-0.195583585602,1.01778811614
1026,1026,0.533750516944,0.266598065976
1027,1027,-0.244835993221,-0.143819230341
1028,1028,-1.09079698652,0.309421564187
1029,1029,2.347925232,0.126642930888
1030,1030,-0.446202588742,0.943631970749
1031,1031,1.16089929644,2.35824280396
1032,1032,-0.48138166613,0.914930471007
1033,1033,-0.893417114314,-0.399786352142
1034,1034,-0.374298932201,-1.79668197928
1035,1035,0.554261916915,-0.952193706912
1036,1036,-0.492123196824,-0.792718041654
1037,1037,0.584527388183,2.94233896548
1038,1038,1.47100472008,-1.00061188106
1039,1039,2.34289335302,-0.742721747802
1040,1040,-0.03822263019,-3.09187055955
1041,1041,2.38284297762,0.106306773061
1042,1042,0.195741553434,-2.79656365964
1043,1043,-0.0183171371539,-2.73616379803
1044,1044,-0.659331613236,1.68808960295
1045,1045,-0.948866781002,1.89388588572
1046,1046,-0.715260474247,2.24694986681
1047,1047,-0.268326304888,1.59180715841
1048,1048,0.986217125917,-1.85678070134
1049,1049,0.0322758278686,2.92015890222
1050,1050,1.61766224592,-2.247265383
1051,1051,0.543911843751,-2.40855668903
1052,1052,-0.733980662684,1.99835847586
1053,1053,-1.21934926433,2.40828875178
1054,1054,-0.865040951374,2.14694273734
1055,1055,-0.114783671918,2.75347173852
1056,1056,0.699494424129,-2.94281236551
1057,1057,0.441028164963,-1.95572077299
1058,1058,0.175355991763,-2.69076754273
1059,1059,0.134610005662,1.92552280455
1060,1060,-0.108418550907,2.63147338339
1061,1061,1.05105797132,-1.65964020634
1062,1062,-0.0654580968859,-2.34508792446
1063,1063,0.600710806705,-1.93798492003
1064,1064,-0.309126700472,2.39702485664
1065,1065,0.130624471565,2.71924751484
1066,1066,0.0918320470048,1.90835482721
1067,1067,-0.387061585784,2.5397912872
1068,1068,0.657557528842,-1.70336291408
1069,1069,0.0426208494368,2.87161067057
1070,1070,-0.544607507055,2.33549534925
1071,1071,0.199205488739,-2.14084338521
1072,1072,2.24432072814,0.932996315188
1073,1073,0.134668595954,-2.75502630089
1074,1074,3.77125116427,0.785376300689
1075,1075,-0.877063795038,-1.10502271021
1076,1076,0.524590758959,0.51210557503
1077,1077,-1.32163503452,-1.19867228878
1078,1078,-1.45555615826,-1.3775143795
1079,1079,-0.727107904014,1.67016798326
1080,1080,-2.04350881253,-1.90254374567
1081,1081,-2.20224796015,-1.85576560912
1082,1082,2.32530628882,0.140568218246
1083,1083,-1.57118743999,-1.70604213545
1084,1084,-0.318740248609,1.61157713748
1085,1085,0.436079880593,1.51583173827
1086,1086,-0.0896738430465,0.470971586919
1087,1087,-1.33865781681,0.770468124785
1088,1088,0.468776428584,1.5988234161
1089,1089,-0.295871762428,1.04803036111
1090,1090,-0.540824052429,-0.979904074332
1091,1091,-1.17563880326,0.911154908566
1092,1092,0.385145021601,1.51094187663
1093,1093,-0.740632125095,-1.71099074023
1094,1094,0.0625787283921,-2.7833243204
1095,1095,-1.32962327811,3.07754545691
1096,1096,0.607648197735,-2.71986964868
1097,1097,0.292996185379,-2.51723858112
1098,1098,0.504406114451,-2.58252337896
1099,1099,-0.107593652567,-2.49977718605
1100,1100,0.301139613231,-1.99882469722
1101,1101,-1.38027523883,-1.74830116211
1102,1102,-0.309738499787,-2.11286459295
1103,1103,0.301234752979,-2.48820407505
1104,1104,-1.17387682489,-1.51826451321
1105,1105,0.032137345879,-2.43334535429
1106,1106,2.86635851566,0.168525417764
1107,1107,-0.296420688947,2.08721827361
1108,1108,-1.68590547877,-1.99581570373
1109,1109,-0.082373837123,2.14029792519
1110,1110,0.425945813858,-1.05728074926
1111,1111,-0.471577524966,2.47677057603
1112,1112,0.822348505431,-1.67675061825
1113,1113,3.09750180334,-0.500611272211
1114,1114,1.96792938066,1.01076154342
1115,1115,-0.0417240616212,-2.79118785226
1116,1116,0.737798931434,-2.30652978128
1117,1117,-0.626213506075,1.14356830394
1118,1118,1.340850133,-1.87640452467
1119,1119,1.39002757999,-0.848869708332
1120,1120,-0.821892307226,1.82213658698
1121,1121,-0.65001750388,2.34521015702
1122,1122,-0.236688565121,2.44413806139
1123,1123,1.09743688858,0.434539513144
1124,1124,-0.961928070112,-1.72752727833
1125,1125,1.59836995217,-2.0207723476
1126,1126,-0.271636909919,2.56449786365
1127,1127,0.407153203521,1.44372888384
1128,1128,1.51506448083,-1.00034780359
1129,1129,-0.477986215048,1.87370564244
1130,1130,0.867261183387,-1.49479125494
1131,1131,-1.3955945554,-2.05129765274
1132,1132,0.470323327606,-1.73761429836
1133,1133,-0.0606296485377,-2.1852262367
1134,1134,0.474934940988,-3.22896727127
1135,1135,0.741497807944,-1.85995209548
1136,1136,-0.223382506123,2.8087724885
1137,1137,-0.0250434181101,-2.06477589142
1138,1138,0.381494156517,-2.57703498646
1139,1139,0.839491372136,-2.43923058063
1140,1140,-0.480719845034,2.01014376942
1141,1141,0.273727733246,2.32425719759
1142,1142,-0.284111593109,2.6364608244
1143,1143,1.30164524369,-1.59557212312
1144,1144,2.29134793624,1.41595173964
1145,1145,2.82715463793,0.0287975457902
1146,1146,1.29092348722,1.70681245442
1147,1147,0.261306523044,2.2059787344
1148,1148,0.171133458286,-2.65207737278
1149,1149,0.517616975029,-2.50274254141
1150,1150,2.91116023113,0.243845123482
1151,1151,0.145134262366,2.5349155942
1152,1152,0.637298351833,2.90259564459
1153,1153,2.98854628394,-0.221396937141
1154,1154,-0.170648593155,-2.82709756922
1155,1155,-0.281972358733,-2.76466086256
1156,1156,2.25610765844,0.736517302186
1157,1157,0.127954140606,2.49070326161
1158,1158,2.23296420301,0.5805988303
1159,1159,2.44232011549,-0.00389685251548
1160,1160,0.249096142997,2.89051757493
1161,1161,0.179782516723,-1.01925408524
1162,1162,0.0121573151255,2.41476646831
1163,1163,0.433847482844,2.02387067151
1164,1164,0.581680374636,-1.95074188914
1165,1165,1.50121995934,0.49149785506
1166,1166,0.616443368026,2.06217167519
1167,1167,2.93285005758,-0.0185301265904
1168,1168,0.967338821316,-1.71624120198
1169,1169,2.59534675623,0.369506937408
1170,1170,2.27284959473,0.317664671653
1171,1171,-0.113256058282,-3.0918907784
1172,1172,0.241789978512,-2.91191526903
1173,1173,-0.61966418761,2.84402572173
1174,1174,-0.374121753673,3.1093766162
1175,1175,0.40990485503,2.31584437868
1176,1176,0.433423657301,3.12177598488
1177,1177,0.207502377538,-1.95823709903
1178,1178,1.73258190944,0.522878917277
1179,1179,-0.547507181858,-3.04162465024
1180,1180,-0.318088889125,-2.76909186305
1181,1181,2.79978307252,0.530134364038
1182,1182,-0.774996933076,-2.60957544012
1183,1183,-0.168408954703,2.79683290225
1184,1184,-0.363624067181,2.6777878079
1185,1185,1.48394201195,-2.2207403405
1186,1186,-0.167948173299,-2.27066986371
1187,1187,-0.543642218666,-2.36427004168
1188,1188,1.08381188823,-1.65363792592
1189,1189,-0.0183281758072,-2.80064251359
1190,1190,-0.487728152447,-2.66115798484
1191,1191,-0.29937126183,-2.39307917669
1192,1192,-0.594886406009,-2.36619956198
1193,1193,-0.541945545889,-2.36060778073
1194,1194,-0.172366009095,-1.79618091693
1195,1195,-0.165683917893,2.65138739285
1196,1196,2.15933323491,-0.158372788359
1197,1197,2.84452403251,0.411222919202
1198,1198,3.1867390837,0.476498267306
1199,1199,2.4248601863,-0.0494797944485
1200,1200,0.836918663634,-2.96011959262
1201,1201,0.821059574095,-2.35188915516
1202,1202,-0.727105981813,1.89431504703
1203,1203,-0.926099177666,2.69565515158
1204,1204,-0.468195097517,2.26192676793
1205,1205,1.52161378752,-2.33982920175
1206,1206,-0.252953956672,2.55621636379
1207,1207,0.100035976325,-2.31860730038
1208,1208,0.672985361296,-2.52933301223
1209,1209,2.51727368022,0.286829727939
1210,1210,3.21290434133,0.181512022045
1211,1211,-0.0279628869164,2.38715367746
1212,1212,0.918186880999,-2.12217479253
1213,1213,2.5954154422,0.167934554683
1214,1214,1.80174833718,0.612076718852
1215,1215,-0.182112548075,-2.94291087637
1216,1216,-0.000337085567931,-1.82424684377
1217,1217,-0.0282075201747,-2.44032648671
1218,1218,0.0538720780024,-2.05771333839
1219,1219,2.22442753891,0.345688886045
1220,1220,1.80543652236,-1.50723869741
1221,1221,1.74497383592,-1.286699203
1222,1222,1.2709902307,0.552022477955
1223,1223,1.4522234935,-1.11868101863
1224,1224,2.63075817175,-0.299162285131
1225,1225,2.52517876726,-0.200760693804
1226,1226,0.164854391744,-0.172828797241
1227,1227,-0.217456522309,3.22145811122
1228,1228,0.703530212774,-0.153205562726
1229,1229,0.0812389686863,2.5494557664
1230,1230,0.187266466459,-3.05054737253
1231,1231,0.344476908717,-3.00480310887
1232,1232,0.0147937429727,2.84561492189
1233,1233,1.2974701148,-2.27954222015
1234,1234,-0.0405911676361,2.7116212382
1235,1235,-0.0547513264936,-2.00795172567
1236,1236,2.64560603381,0.263489654849
1237,1237,0.383802852068,-2.40080722657
1238,1238,0.124734245495,3.12081755049
1239,1239,1.00599153765,-1.75343867402
1240,1240,-0.125142146682,-1.92933103522
1241,1241,3.0259442675,0.161022039595
1242,1242,0.206638903111,-2.41221362651
1243,1243,0.316253998188,-2.91517925425
1244,1244,0.498754812091,-2.42436376924
1245,1245,-0.412556399629,2.82855501031
1246,1246,0.135492663843,-2.58800151244
1247,1247,-0.360163874181,2.74519365455
1248,1248,-0.159294489102,3.271176691
1249,1249,1.10718922607,-2.82926054812
1250,1250,-0.476318223424,2.43046476157
1251,1251,-0.0933479080396,3.1518132134
1252,1252,0.151238938562,2.93366638027
1253,1253,0.693680374673,-2.15464645587
1254,1254,2.47128237692,0.665125939809
1255,1255,2.57876903858,0.0340955540323
1256,1256,2.50010744288,-0.272860981461
1257,1257,2.75009146724,0.315311206368
1258,1258,2.31944243927,0.502102163917
1259,1259,2.62354329629,-0.147640990494
1260,1260,2.53514714627,0.0660285288808
1261,1261,2.91835030435,0.366721598529
1262,1262,0.459881959715,-1.95148317194
1263,1263,-0.0426070699633,-2.09599369284
1264,1264,2.26728850748,-0.152502473718
1265,1265,0.334425143066,3.42216668564
1266,1266,1.22241533102,0.017492377245
1267,1267,1.82820121325,-0.213505739026
1268,1268,0.240043918729,-2.51226742655
1269,1269,0.311693603209,-2.40816462452
1270,1270,2.1570321826,-0.261911203585
1271,1271,0.357445532143,2.97308588488
1272,1272,1.84429071593,0.505685660509
1273,1273,-0.437440568266,-2.04233947786
1274,1274,0.663450472136,-0.573879520401
1275,1275,-0.238130170879,3.01081874114
1276,1276,0.144038500193,-2.58403522947
1277,1277,0.886321067203,-2.96518900985
1278,1278,2.62277931601,-0.130662631801
1279,1279,2.12929790054,0.174319532238
1280,1280,0.817152296141,-0.11590844119
1281,1281,2.37129567553,-0.193550543028
1282,1282,2.40015862102,-0.356782815048
1283,1283,2.67318496414,0.426700060905
1284,1284,-0.362520756172,-1.8356277976
1285,1285,1.5012965353,-2.03617234255
1286,1286,-0.0268095541743,-0.502030001404
1287,1287,1.53183845555,0.645642555589
1288,1288,-0.367914622026,-2.34535861219
1289,1289,-0.185958011005,-2.4792838534
1290,1290,0.138380125941,-2.59233999051
1291,1291,0.853767696927,-0.476057758784
1292,1292,0.608250568049,1.54130622727
1293,1293,2.47681647355,0.0445896801008
1294,1294,2.97442306908,-0.0233117163391
1295,1295,0.754247359649,-0.567580070051
1296,1296,-0.017403493297,-2.99361034052
1297,1297,0.431293810001,-2.56717716927
1298,1298,1.55803769904,-0.965551060434
1299,1299,-0.129944799388,2.83243580292
1300,1300,0.966926533678,-2.78333458891
1301,1301,0.114211769575,2.43647026588
1302,1302,-0.0791070055003,1.874667316
1303,1303,1.55342872595,-2.67250342807
1304,1304,-0.608636805785,2.57234072455
1305,1305,-0.332529289401,2.2481957016
1306,1306,-0.442508273895,2.24492484104
1307,1307,-0.695995211184,2.64515762571
1308,1308,-0.679896678955,2.73599868327
1309,1309,-0.270667433785,2.73478047522
1310,1310,0.606063866699,-2.61739580099
1311,1311,-0.0922162828398,-2.6456157092
1312,1312,0.0862854482781,3.07524024508
1313,1313,0.372725129188,-2.69980533165
1314,1314,1.607974242,-3.04429305805
1315,1315,0.319322309277,-2.20012459317
1316,1316,-0.573706993589,2.48160312372
1317,1317,0.304132376158,2.69387739794
1318,1318,0.715752006157,-2.70990727027
1319,1319,-0.0688750733055,2.73048684122
1320,1320,0.115476789853,2.7865995148
1321,1321,-0.743364403815,1.94770676243
1322,1322,0.125931693038,2.67979807141
1323,1323,-0.115139047953,2.60615587528
1324,1324,0.773535795742,-2.03138440589
1325,1325,1.14403642534,0.77879830924
1326,1326,2.67870689326,0.226955987592
1327,1327,0.179917085489,-2.56593226116
1328,1328,0.0528097086866,-2.53125884855
1329,1329,3.02593397151,0.376007108902
1330,1330,0.104250378178,2.83402147378
1331,1331,1.26968809338,-2.37579906682
1332,1332,1.44626213117,0.258911522145
1333,1333,0.0580905341575,-2.64103566734
1334,1334,-0.535255167475,2.14032492912
1335,1335,0.293922828111,1.78054737467
1336,1336,0.698907741131,1.80114295841
1337,1337,-0.268762876379,1.33008642134
1338,1338,1.72422838675,0.810007505528
1339,1339,-0.0459093594474,2.0895504609
1340,1340,1.95923269599,1.58907240212
1341,1341,1.58422360279,2.00614995452
1342,1342,1.65277081027,1.40963081915
1343,1343,0.115013295996,-2.44507950346
1344,1344,0.109080561033,-2.02838061387
1345,1345,1.54836002577,1.00308718357
1346,1346,0.940239632045,1.96894863012
1347,1347,1.92288995032,0.217872727515
1348,1348,1.31327016823,1.73531941333
1349,1349,-0.135734632567,2.71330653475
1350,1350,-0.971518322301,-1.6458126773
1351,1351,2.21416613826,0.997155976222
1352,1352,-0.924162979704,-0.578920943656
1353,1353,0.887085435478,-2.03476700563
1354,1354,-0.204646029234,1.69840440708
1355,1355,0.904346719271,0.857016355785
1356,1356,2.061499939,0.49158500083
1357,1357,1.56719968673,1.68825802703
1358,1358,0.718724428349,1.77768278604
1359,1359,0.524535642446,0.450784903603
1360,1360,2.46355434576,0.992632183085
1361,1361,0.421311134569,0.253755100024
1362,1362,-1.27953913684,-1.54711847472
1363,1363,-0.248263528232,-1.09695342781
1364,1364,1.86523028716,0.692698260738
1365,1365,1.46331539717,-0.616030705286
1366,1366,2.49188880778,-0.411872891692
1367,1367,-0.503329637749,0.725777611887
1368,1368,0.318694139445,2.2155236397
1369,1369,1.29312087421,-1.77452733252
1370,1370,0.845564768877,1.92378538628
1371,1371,2.55993147255,-0.136005952481
1372,1372,1.82333161659,0.379271883813
1373,1373,-0.0986297011601,1.6255910839
1374,1374,1.84325826363,0.796527306925
1375,1375,0.970572034797,0.887452365625
1376,1376,0.808715448769,0.81833225666
1377,1377,-0.864157558786,-0.962088196475
1378,1378,0.535580568808,-1.58486579285
1379,1379,1.7294228253,1.10890173835
1380,1380,0.216609712047,2.04009900234
1381,1381,0.830196285512,1.12602521629
1382,1382,-0.0328650900772,-1.9602894638
1383,1383,0.0553859624714,1.68635826436
1384,1384,1.51696603753,0.529379213725
1385,1385,2.5756288598,0.80950790946
1386,1386,1.76721987838,0.932533963678
1387,1387,2.10466684242,1.56482806566
1388,1388,2.88421814973,0.380555306637
1389,1389,1.85766583031,1.80718536783
1390,1390,0.00153431321176,2.61803274822
1391,1391,-0.45295930418,2.1283155873
1392,1392,0.818471939255,-2.43247993287
1393,1393,0.655652678036,0.548283715247
1394,1394,0.625110032463,0.0252917084499
1395,1395,2.51484035712,0.429631177409
1396,1396,2.04525331843,0.198822805504
1397,1397,1.51644380886,-2.35097465852
1398,1398,0.241813693354,1.21271446499
1399,1399,-0.474194121805,-2.21871515983
1400,1400,1.05243522916,0.187200618567
1401,1401,-1.06782776289,-0.997660247555
1402,1402,0.0546267278093,2.19630719168
1403,1403,0.993046327387,0.177658289711
1404,1404,0.578903257609,2.35601777534
1405,1405,1.25906149827,1.38146570905
1406,1406,-0.192136448309,2.92406636852
1407,1407,0.348285992143,4.62661825843
1408,1408,-0.396722087387,3.29886519158
1409,1409,0.625753220533,3.24430412355
1410,1410,0.326407382059,1.92383130226
1411,1411,0.572911591647,2.45805407332
1412,1412,0.14561596239,2.67961014108
1413,1413,0.0374732895775,3.13289696818
1414,1414,0.0789129785645,1.85966796401
1415,1415,0.72017287871,2.8329482336
1416,1416,0.363199146285,2.5186227202
1417,1417,1.79484373041,-0.146067380364
1418,1418,-0.454597182039,2.11006783515
1419,1419,0.943480635091,0.389620403713
1420,1420,-1.85103464717,-1.47532149074
1421,1421,0.313565919372,0.150598105319
1422,1422,0.926698144687,0.0307964579796
1423,1423,3.31731626576,0.122503532441
1424,1424,-0.221387492152,-3.35441738082
1425,1425,0.113742532735,1.40911597806
1426,1426,0.0316857528548,0.537338575797
1427,1427,1.99477253182,0.198361634399
1428,1428,3.78761194129,-1.49693083593
1429,1429,2.49971000853,-0.0543166594244
1430,1430,2.28340213103,0.956251955794
1431,1431,2.6106092193,0.344764144701
1432,1432,2.92988088751,0.355287167592
1433,1433,2.00893600514,0.502001519543
1434,1434,0.673032224808,0.577871683806
1435,1435,1.60671798711,1.26404999785
1436,1436,-0.0639332891724,-2.55001249346
1437,1437,1.75299495399,0.186399773988
1438,1438,-0.0320642698613,1.78395057317
1439,1439,0.827119863022,1.79764784664
1440,1440,1.24604451388,2.12013221029
1441,1441,0.573108931657,0.51276647187
1442,1442,0.769028357472,2.45439564896
1443,1443,0.543952045557,-2.30243131357
1444,1444,1.96217960958,2.09728963409
1445,1445,0.975026221469,2.51296140474
