,vote,alpha,beta
0,0,-0.0386895321183,2.0708377848
1,1,-0.149138208871,-1.75400783403
2,2,2.16775080396,0.279475089787
3,3,2.30279879694,-0.0213140181639
4,4,0.427808452421,-1.24279873119
5,5,2.34354404927,0.0292473073686
6,6,1.867316685,0.356347344753
7,7,1.93600515869,0.222462444337
8,8,0.0926846791794,-1.73721266435
9,9,0.904411438669,-1.17539952963
10,10,2.29466602459,-0.166437254938
11,11,2.10240948267,-0.170062252027
12,12,2.24824159357,-0.118419504655
13,13,2.10244128621,-0.203578454649
14,14,2.19964179133,-0.0810071552624
15,15,2.12152952801,0.245591108772
16,16,-0.263776517361,1.97905040053
17,17,0.591184463495,-0.550627561465
18,18,2.00455588389,-0.0528444317669
19,19,2.14432576701,0.0640346809962
20,20,1.3714436417,-0.558976771559
21,21,0.168507212568,-2.14737123085
22,22,-0.0340397797132,-1.85680691953
23,23,2.25096544475,-0.0746905221703
24,24,0.325433299407,-1.86974758597
25,25,1.47246293803,-0.340099569639
26,26,-0.849640835579,0.0689286368397
27,27,-0.0523334260912,2.3092848893
28,28,2.2197426329,0.244430875132
29,29,2.08567290046,-0.0800555986435
30,30,2.00962979201,0.0148064105472
31,31,2.00553512916,-0.0106044355909
32,32,0.180042630621,-1.77407515181
33,33,0.149287743738,-1.95790328125
34,34,1.39018463409,-0.378533380844
35,35,-0.115374792215,1.78159199244
36,36,-0.246475239291,-1.84878875275
37,37,0.0174490623809,-1.82322415674
38,38,-0.00379835731269,-1.86027612803
39,39,-0.703455131814,-1.44077183425
40,40,1.33071768718,-1.17506594143
41,41,-0.195012310917,1.94381992074
42,42,-0.252451149493,-1.91853762783
43,43,1.90331264415,-0.0147531769711
44,44,2.24854824743,-0.305383481686
45,45,2.32527306387,0.00226707438073
46,46,2.13652708525,0.142999927771
47,47,2.08664972647,-0.0849821961871
48,48,2.36960242796,0.137646363797
49,49,1.1292603086,0.98656157887
50,50,-0.0482309154534,-2.01652501268
51,51,0.307382613392,-2.01791267538
52,52,-0.163155798914,2.02450053816
53,53,0.177031202255,-2.00179523158
54,54,-0.208526316181,-2.06414736638
55,55,0.342416270328,-2.00052498832
56,56,0.581094202159,-1.72641261308
57,57,-0.529719742501,1.81917321365
58,58,-0.136139481878,2.06392144298
59,59,0.0798894073571,-1.52332782983
60,60,0.436404638693,-1.87335947642
61,61,2.01009393024,0.0145533002646
62,62,2.09059167147,0.0665489781015
63,63,2.1800684074,-0.0867898978901
64,64,2.28249347282,-0.0918133310897
65,65,2.21216105403,-0.156153945223
66,66,-0.0264299775482,-1.89618320841
67,67,0.268781345081,-2.07518039086
68,68,0.665952219694,-1.74310354088
69,69,-0.299827099298,-1.4874730927
70,70,-0.776930865706,1.38470961321
71,71,-0.391659138535,1.59032992757
72,72,-0.592319427706,1.83252404297
73,73,-0.574525111232,1.93470737462
74,74,-0.619261536738,1.95336027917
75,75,-0.301938201588,1.73710217118
76,76,-0.304187084218,1.93390372741
77,77,-0.589453835456,1.37317152062
78,78,0.10786919774,1.8694131436
79,79,0.700788129327,-1.83032146857
80,80,-0.435053036632,-1.58312186739
81,81,-0.191268473199,-2.010377897
82,82,0.0391502243036,-1.98489500279
83,83,0.147935619303,1.87045842947
84,84,0.0603776903276,-1.80977110059
85,85,2.21454621529,-0.203017856744
86,86,1.79726073992,-0.452403951061
87,87,0.0180177823051,-2.12277575515
88,88,0.176185413604,-1.83048260813
89,89,-0.508327091748,-0.853689599155
90,90,0.271296041711,-0.65029685047
91,91,-0.00453499544657,-1.63894716053
92,92,-0.639955609434,1.70956456788
93,93,-0.58010805517,-1.61908413996
94,94,-0.0715880577654,1.99648788458
95,95,1.85764779971,-0.220134373699
96,96,-0.655608988156,1.5543463242
97,97,-0.32079677809,1.80579691571
98,98,-0.310657289236,0.27509077569
99,99,-0.217664408393,1.68225672241
100,100,-0.124848595134,1.65146800345
101,101,-1.01703250473,0.637056303392
102,102,-0.133049788045,-1.66390469525
103,103,-0.726326116362,1.59989867157
104,104,-0.417733648958,-0.973479781767
105,105,-1.06669505117,0.0727275523272
106,106,0.532052751158,0.768111842425
107,107,0.241160460232,-1.5159704723
108,108,-0.380871506589,0.464373028426
109,109,-0.569175639926,0.631285490854
110,110,0.904892035803,1.10017000734
111,111,-0.0508369589118,-1.84744343274
112,112,-0.358533772474,-1.25650435898
113,113,0.0700607135546,-1.63695181372
114,114,-0.247333304563,2.02667994375
115,115,0.251141545438,-1.40437142906
116,116,2.02474388741,-0.00727538448271
117,117,2.29057830192,0.0830875201405
118,118,0.389686357318,-1.91226827631
119,119,1.82430478073,-0.242894989328
120,120,2.01833865678,-0.0489493783356
121,121,-0.393146572771,2.08526538594
122,122,0.856977316552,-1.11099653436
123,123,2.53787475171,-0.213906374107
124,124,0.609602300743,1.62692418328
125,125,0.150382868459,-1.82641547446
126,126,0.0313850100424,-1.80740092049
127,127,-0.811958157227,0.749046670324
128,128,-0.123575169856,-1.80655093007
129,129,-0.166064606597,-1.20953097765
130,130,-0.559891029529,-1.43258937288
131,131,0.911458795012,0.882486330971
132,132,-0.390835123669,-1.66493828967
133,133,-0.110693824135,1.45146437281
134,134,0.319353017521,-1.88788169046
135,135,0.714678003507,1.42747501383
136,136,-1.26813832786,0.689706830744
137,137,-0.650886294891,0.733704602381
138,138,-1.24802174798,0.741299526847
139,139,-0.0556757190237,1.75889541003
140,140,-0.442737201671,0.0457045326551
141,141,-0.542768347088,0.422255025906
142,142,0.400927937902,-1.85282848086
143,143,-0.480882017889,1.75942903
144,144,-0.834755009976,1.56250856737
145,145,-0.823434944708,1.43524259332
146,146,1.65517955867,0.480425875626
147,147,0.0392029638329,1.30328255213
148,148,2.09291411562,0.0222284617328
149,149,2.18853104508,0.0190641474879
150,150,-0.0797469674425,1.92420389151
151,151,0.856182529067,-0.718547261076
152,152,2.32711097376,0.0195595120926
153,153,2.11139782612,-0.190106031397
154,154,2.11699845307,0.0367515849098
155,155,0.30356161366,-2.26601697123
156,156,0.212462673208,-1.7830628419
157,157,2.16206001193,-0.152782196479
158,158,0.0536946181222,-2.10703958802
159,159,1.50384859585,0.330521508255
160,160,0.288920467662,-2.17531919949
161,161,0.354155744914,-1.67052151828
162,162,-0.0576220091428,1.85497416421
163,163,0.342151766033,-0.41284406281
164,164,-0.918739542385,-0.905810527807
165,165,-0.343412737768,1.52907271083
166,166,0.180977386875,-2.08071529515
167,167,-0.589922854131,1.36008928771
168,168,0.725574619682,1.07532064821
169,169,-0.0237158935103,0.111244767871
170,170,-0.991622180457,-0.690895211055
171,171,-1.04807526482,-0.869621132862
172,172,-0.842762733848,1.18339995563
173,173,-1.13664854235,-0.597042497443
174,174,-0.437993556095,-1.49494961627
175,175,0.308077391432,1.53674836483
176,176,0.159059762636,0.807765218368
177,177,0.118121386212,-1.88688702608
178,178,-0.0533881765314,1.12199113986
179,179,-0.324353494693,-1.11463881173
180,180,-0.663438676511,-1.23123119542
181,181,0.969293533648,-0.371121404041
182,182,-0.260909096509,-1.0822521221
183,183,0.127967310824,1.09175224252
184,184,0.123575464797,0.570714192059
185,185,-0.267774293891,0.223916089398
186,186,0.411229751254,-0.363624102929
187,187,0.0441958741772,-0.441673921242
188,188,0.0375286077848,-0.601527532424
189,189,-0.00456900714975,-0.241462253354
190,190,0.356930414208,0.468623719392
191,191,-0.614793824797,-1.38682955566
192,192,-0.00239019658414,-1.95490440483
193,193,0.0471037190368,2.30934631121
194,194,-0.198934254497,-0.81667432547
195,195,1.80041645952,0.0775786492261
196,196,2.27121489361,0.211720355928
197,197,0.217522145062,-2.05269793286
198,198,-0.77739024894,1.23717589542
199,199,0.220490620203,-1.89211452719
200,200,0.448900164524,1.8082537372
201,201,-0.0939810341348,2.0328105444
202,202,0.715188185849,-1.68537350416
203,203,2.12523274256,-0.331403888985
204,204,-0.202036455057,1.81523057791
205,205,0.362384998897,-1.76368712979
206,206,0.328809272131,-1.43109330654
207,207,0.182725448795,-1.8937037517
208,208,-0.117705649103,1.69237613292
209,209,-0.0108557361643,-2.20698773566
210,210,0.464736982812,-0.647004000101
211,211,-0.0660744402481,-1.85732186491
212,212,0.176089098696,1.71625474247
213,213,-0.79581525264,1.83566065405
214,214,-0.081769135232,1.97610119136
215,215,0.16404257316,-1.65941630425
216,216,1.68451462758,-0.459643960048
217,217,1.45844703251,-0.918378295009
218,218,2.27562234577,0.389526761265
219,219,0.0220750363566,-1.89191564232
220,220,0.19358454083,-1.53846224716
221,221,1.63994293402,0.503991485271
222,222,-0.372155022049,1.95375441267
223,223,-0.261339738624,1.6693317559
224,224,-0.73326216094,1.28812814076
225,225,-0.466070758733,0.301601724655
226,226,-0.781004943515,-1.27622566849
227,227,-0.708647278854,1.68716392426
228,228,-0.585270633028,-1.19766415254
229,229,0.0287776575311,1.73203197358
230,230,-1.03101161885,-1.00993592014
231,231,1.35899399073,0.673703292575
232,232,-0.024323901823,1.61451693486
233,233,-0.429047819183,1.64282745459
234,234,-0.574612635179,1.6315280174
235,235,-0.51036356701,1.64554503853
236,236,-0.516582460594,1.48387261903
237,237,-1.27738530404,0.853868968617
238,238,-0.586088282738,1.38155753878
239,239,-0.820233096722,1.23119701181
240,240,-0.696231333481,1.34028726434
241,241,-0.910447637111,1.51189115444
242,242,0.181487384978,-2.02452914502
243,243,-0.686381301443,-1.52141732942
244,244,-0.484566711631,1.68541049208
245,245,0.0631766985397,1.03932017186
246,246,-1.12133765251,-0.903010138676
247,247,-0.30444739101,1.27928247037
248,248,-0.632774856153,0.27588607768
249,249,-0.538990323565,0.267803033621
250,250,-1.08974918692,0.815825001082
251,251,0.127289709953,1.30953353786
252,252,-1.39875308882,-1.16213580782
253,253,0.192880074893,-1.93395966275
254,254,0.181359491884,-1.8271441264
255,255,-0.465472926601,1.25991957024
256,256,-0.29225028451,0.725937235219
257,257,-0.733598761045,-1.08291422691
258,258,-0.331311949687,1.80222618536
259,259,-0.0102552069041,-1.46557471679
260,260,-0.0560237895846,-2.33167838347
261,261,0.161707508635,-1.95195648134
262,262,-0.183507274569,1.75529753406
263,263,0.055029327859,-1.8177740847
264,264,0.0818082334629,-2.1250553702
265,265,-0.302851356411,1.95188067367
266,266,-0.363761550811,-2.02288585002
267,267,2.33350608725,0.0250424254923
268,268,2.01388214538,0.201377310266
269,269,2.38375523334,0.145903017804
270,270,-0.349321769996,-2.16800771494
271,271,0.165143039839,-2.14603174134
272,272,-0.942050571035,0.237034083746
273,273,-0.244472781044,1.91941660272
274,274,0.783216576392,-1.63241684536
275,275,-0.197275506497,1.69329071888
276,276,0.674234077323,-1.83346716268
277,277,-0.0912155508051,-1.86357982334
278,278,0.104610053458,-1.87389258828
279,279,0.856520769039,1.33809457267
280,280,0.206367013656,-1.97699923848
281,281,0.451071063422,-2.02554168741
282,282,-0.231739643852,1.93835030282
283,283,-0.00743569233375,-1.71404062236
284,284,-0.378610976396,1.5939254672
285,285,-0.0176962305289,1.8147621217
286,286,-0.0179795129944,2.34774916664
287,287,-0.182049323649,-1.38996243791
288,288,1.95978964418,0.030993903499
289,289,2.06096765143,-0.145851439101
290,290,0.0628970968472,-1.83253994922
291,291,0.128960294153,-2.1829284419
292,292,-1.48799795546,0.612195064179
293,293,0.461388058846,-1.54041734106
294,294,-0.427645546617,1.57284783701
295,295,-0.776364842682,1.1688828692
296,296,-1.41741062848,0.667766106207
297,297,-1.11618024583,-0.752580397895
298,298,-0.269401373263,1.43756379362
299,299,-0.70885396313,1.67302304083
300,300,-0.225232971503,-0.432990210166
301,301,0.433614747918,0.0786500844335
302,302,-0.19540217087,0.45464089452
303,303,0.215016882323,0.456167259059
304,304,1.04404258691,-0.650770067583
305,305,1.01960868139,0.515597039876
306,306,-0.368326622031,0.617832436528
307,307,0.451424061237,-1.53839386576
308,308,0.829720578124,-0.140991983835
309,309,0.520766278734,-1.93240946358
310,310,1.16305136148,0.701046257758
311,311,-1.13988714143,1.10111409191
312,312,-0.906401790404,1.27624918715
313,313,-0.156153826757,-0.484162999813
314,314,0.330460571634,-2.09768529638
315,315,0.218495584427,-2.10138535837
316,316,2.36747108731,-0.236096071631
317,317,0.163924886199,-1.79988728111
318,318,-0.237142249774,0.248694985715
319,319,0.366601921912,-1.81844831904
320,320,0.206319361974,1.21685372526
321,321,-0.633582040436,-0.927635041531
322,322,0.479897809379,-1.77439205175
323,323,0.451678009749,0.252512175798
324,324,0.9248601447,1.21504210896
325,325,-0.196387174942,1.58376545334
326,326,-0.181244767769,1.77729249885
327,327,0.220263917183,-2.0363466864
328,328,-0.141464260827,0.99439304103
329,329,1.92339741242,-0.464416414535
330,330,0.051282668234,0.208365672813
331,331,-0.24437401365,2.06784342818
332,332,1.20270070532,-1.17387374758
333,333,-0.0785549894634,1.95035138333
334,334,-0.486382939822,1.72465853414
335,335,-0.0847130987446,2.11476778263
336,336,1.01706443293,-1.49036374184
337,337,1.18273866168,0.896938466937
338,338,0.0223827995511,-1.96237164377
339,339,0.279641013967,0.760971501447
340,340,-0.269639820556,-0.484372455364
341,341,-0.410791748519,-0.808895244912
342,342,-0.650893899494,1.29860025154
343,343,-0.77827421982,0.861757793268
344,344,-0.793478195705,0.894894782771
345,345,1.54925198606,-0.244693128983
346,346,1.81857004625,-0.402313259659
347,347,-0.121275544389,1.7877711843
348,348,-0.0540400951667,2.07586837251
349,349,-0.018956786635,-2.09448734933
350,350,0.453083749844,-1.76015100363
351,351,-0.146040029358,2.11751512639
352,352,0.283750836488,-1.7099739147
353,353,-0.022191708361,-1.77906939385
354,354,0.11378707239,-1.68291680326
355,355,1.9958915188,-0.159584145822
356,356,0.366169871154,-1.68839660798
357,357,0.519266991865,-2.0306250014
358,358,0.322953026523,-1.83865934275
359,359,0.794834289451,-1.69141593627
360,360,0.528555296303,-1.14592793115
361,361,-0.0206837218116,1.60623354681
362,362,-0.370784620766,1.87880536678
363,363,-0.0804496101539,1.96242134796
364,364,-0.173649154325,2.21450429304
365,365,-0.175237449977,2.02847320893
366,366,0.360273246473,-1.91701494725
367,367,-0.0866282548821,2.22516282896
368,368,0.169902564345,-2.15512140621
369,369,1.7195547051,0.742743759147
370,370,2.44269638817,0.0937164153049
371,371,2.16473356342,0.0174182031135
372,372,1.99080144736,0.0965132753382
373,373,1.9646800602,0.201458078202
374,374,2.30661109701,0.0253159428447
375,375,2.11584029235,-0.047408697818
376,376,2.3244784399,-0.0374367540311
377,377,1.88577374777,0.282671116714
378,378,0.105203340821,-1.9386266432
379,379,0.0066116971559,-1.92747007851
380,380,0.233226033973,-1.84702611493
381,381,2.08650494021,0.068385647337
382,382,2.1636549648,0.127973148081
383,383,1.58679698712,0.289012803037
384,384,0.167849899962,-2.2466308219
385,385,0.134773430664,-2.0770112124
386,386,1.68078934007,0.376422168417
387,387,-0.225044332107,1.95885076845
388,388,-0.393107013969,1.9651126174
389,389,-0.453392774731,2.04970065147
390,390,-0.220419767535,2.06327304198
391,391,2.2647419586,0.158504009057
392,392,-0.295119377602,1.87247704762
393,393,0.571261798053,-1.90134604701
394,394,0.245805318008,-1.85856065575
395,395,-0.0848307313922,-1.95040747029
396,396,0.0262594404787,-2.00364356343
397,397,0.0459846706043,1.87653381276
398,398,-0.289799515887,-1.73353460214
399,399,-0.16843147498,1.94093084649
400,400,-0.109964771339,-1.90054929586
401,401,-0.0335140288152,-1.79656936446
402,402,0.548674011196,-1.78708583319
403,403,0.727116429266,-1.88910433123
404,404,-0.285903624852,1.7270487452
405,405,0.244510182384,-1.69342928552
406,406,1.11813529995,-1.03400748297
407,407,2.4774036694,-0.191904537442
408,408,2.3528700075,-0.0461715427298
409,409,2.30875715124,0.185689348179
410,410,-0.254745546222,1.59820216282
411,411,2.08816303214,0.218225647697
412,412,0.0862033566211,1.92546027146
413,413,2.17432737889,-0.0070806396472
414,414,2.24094039722,0.0432882258926
415,415,0.087298135037,-1.85676943878
416,416,0.0653773031974,-2.05722772859
417,417,0.310878304398,-2.1917090608
418,418,1.93939166208,0.0948619073762
419,419,0.546679606549,-1.74139497319
420,420,-0.0724430662131,-2.04064192861
421,421,1.97981177062,-0.161711574342
422,422,0.142040354506,1.83433615228
423,423,1.53459667774,0.704358917979
424,424,-0.0572962477564,-2.17745392308
425,425,0.063526846179,-1.81173492374
426,426,1.56249970569,0.624548794952
427,427,0.0674414034927,-1.67027407355
428,428,0.0809491208721,-1.75032661178
429,429,0.669864143779,-1.65748702424
430,430,0.885738017524,-1.68414928899
431,431,0.57409228372,-1.7236150433
432,432,-0.0452431787698,-1.98663668447
433,433,0.0822671308145,-2.01742916386
434,434,0.171556942341,-1.993383583
435,435,-0.0325232191016,-2.03293859682
436,436,0.639950439179,-1.70647138861
437,437,0.712462798615,-1.74264826521
438,438,0.0924833618954,-2.13390484812
439,439,0.687024380894,-1.78018675704
440,440,0.211623814839,-2.02600976121
441,441,0.631843471632,-1.56418624609
442,442,0.0541011101523,-2.20903784779
443,443,2.00302676268,0.244113123064
444,444,-0.00942138963814,-1.91969827232
445,445,0.0806153519807,-1.82672652492
446,446,0.562836241569,-1.48918612533
447,447,0.117271462278,-1.81474395166
448,448,0.552905667165,-1.8514684669
449,449,2.32792504462,0.0339195888571
450,450,2.33858558477,-0.265285939347
451,451,-0.15920685522,-2.03409874208
452,452,0.626076325034,-1.74141093103
453,453,-0.0116799659284,-2.06194264264
454,454,0.658306211723,-1.70285542876
455,455,-0.0671054254351,-2.1282749295
456,456,0.0181201395886,-1.82986408524
457,457,0.059701604728,-2.22609713593
458,458,-0.0798216433255,-2.04447992774
459,459,2.12744031508,-0.0824605038406
460,460,0.0803882709301,-2.13932878046
461,461,0.679628975459,-1.72298474129
462,462,1.95652416237,-0.140776559389
463,463,0.0422717386884,-2.03738082242
464,464,-0.447649114992,-1.15122487581
465,465,0.562110210506,-1.88799055031
466,466,0.082579279532,-1.91649974363
467,467,0.651240494586,-1.7074369048
468,468,0.0261374158318,-2.05738992342
469,469,0.0425676847446,-1.85263172139
470,470,-0.132905220255,-0.347463263999
471,471,0.505771862632,1.90116040026
472,472,0.0115147495377,-1.90101263079
473,473,0.546489215617,-1.49360931383
474,474,-0.333785598253,1.53694005494
475,475,1.0914236164,1.46164433221
476,476,0.760831139814,1.12303757358
477,477,2.26075422513,-0.0477905838784
478,478,2.30379045781,0.0446917718961
479,479,0.166775263152,-1.9850864239
480,480,0.820691800679,-1.44997765963
481,481,-0.343730921831,1.90391273949
482,482,0.109283797158,-1.86562308464
483,483,-0.862182502604,1.19059295853
484,484,0.216404669828,0.101958445241
485,485,1.6106155956,0.59657520725
486,486,2.01529694832,-0.00413777568905
487,487,2.30007721667,-0.0105539752398
488,488,1.81703558201,0.0564938590089
489,489,0.436329811217,-1.76408117285
490,490,0.311190946959,-1.94847068432
491,491,-0.482738260536,1.80842887913
492,492,0.00274510614711,2.03351474603
493,493,0.666884157581,-1.62727855924
494,494,0.0713909209381,2.15042258998
495,495,1.04634457005,-1.26386576856
496,496,1.68141373623,-0.606666261906
497,497,-0.122181376447,-1.96046347928
498,498,2.61302677258,0.191790607871
499,499,2.12448456893,-0.160111831687
500,500,0.0750425199244,-1.87620828967
501,501,-0.105390872752,-1.97970613468
502,502,0.0730423572453,1.88099725928
503,503,-0.223208504,1.99208089722
504,504,0.105647182636,2.03815218586
505,505,-0.374472582497,1.86777534079
506,506,0.02235406331,-1.80866560856
507,507,2.03838751489,0.218209922905
508,508,-0.187734452702,1.90872266919
509,509,0.150549839519,-1.96987616125
510,510,1.43920478129,0.898729063099
511,511,0.0996980729555,-2.12023920505
512,512,0.377970830478,-2.2415002424
513,513,0.0556909645084,-2.22924604151
514,514,-0.00791230131506,2.10596378148
515,515,0.589530900284,-1.42105546154
516,516,2.05750963982,0.1772363348
517,517,2.18264395892,-0.0114502248613
518,518,0.438669078735,-1.96744216364
519,519,0.253007911339,-2.12298230215
520,520,-0.170488798321,-1.95477201988
521,521,0.296086431081,-2.28509318199
522,522,0.0684144038021,-1.67285335088
523,523,0.0751142654888,1.80520697815
524,524,-0.270261323334,2.22212949507
525,525,0.0642292596477,1.85315209192
526,526,-0.0512885235009,1.77186722592
527,527,0.0391426984985,2.00099127924
528,528,-0.25413512917,1.99663538402
529,529,-0.178616937947,-2.27522877891
530,530,-0.144508804064,-1.71162762413
531,531,0.0649940335726,-1.91277972005
532,532,-0.337639895255,1.81475954893
533,533,-0.992783468299,1.32342381146
534,534,-0.27434540176,2.02225466321
535,535,0.578543925286,-1.95323631305
536,536,-0.471918751144,1.81424766301
537,537,-0.427016630178,2.06019128836
538,538,-0.231607240067,1.79227619359
539,539,-0.369901066599,1.70887277299
540,540,-0.441544051031,1.90813973297
541,541,-0.0331081687747,2.00243141853
542,542,-0.304670988698,1.59210245316
543,543,0.601020339777,-1.68005718606
544,544,1.85395888077,0.0245800079534
545,545,2.21753348857,-0.154517493505
546,546,2.12787056084,0.024995779334
547,547,2.1324927297,-0.102727541154
548,548,2.12373291627,0.25786049766
549,549,0.077203194719,-2.12280517404
550,550,0.105066595931,-1.84549459241
551,551,0.467992713337,-1.02693084966
552,552,0.109277735641,2.15106847187
553,553,-0.33133988124,1.96794079034
554,554,0.694670590299,-1.62121692289
555,555,1.34482158392,-0.757130918918
556,556,0.0618925159374,1.1689549821
557,557,-0.719252928776,0.31632646578
558,558,-0.502212173219,0.90827769724
559,559,0.377810887179,0.804242930516
560,560,-0.546357754122,1.30281944105
561,561,0.899027368252,-0.536568335928
562,562,1.90262915474,0.467441629164
563,563,2.27171507785,0.273686861377
564,564,2.058513604,0.163163305351
565,565,0.859166027789,-1.11331350025
566,566,2.18327532408,0.120657573079
567,567,1.91050816035,-0.195128486411
568,568,2.25896383445,-0.100421645431
569,569,2.4064736955,0.164498271618
570,570,0.116674599259,-2.1024308881
571,571,0.0304505078281,-2.0566131621
572,572,0.13931198332,-1.97052616205
573,573,0.858983127502,0.131937888552
574,574,1.11936860427,-0.376244460651
575,575,0.0200212929756,-2.04352656191
576,576,-0.0411976989847,2.04418443322
577,577,0.215158151603,-1.62258276443
578,578,1.39654360009,0.875559879444
579,579,-0.0220520733099,-1.99939987507
580,580,0.122529061518,-2.09325908756
581,581,0.0692986870135,1.83917323402
582,582,-0.0912353497662,2.03424539876
583,583,-0.20401234514,-1.77520918182
584,584,2.20981891418,0.190602877848
585,585,2.05485418269,-0.0322294192252
586,586,-0.0299175201536,-2.29458186752
587,587,2.08213533799,-0.235101486396
588,588,-0.132407316668,-2.07183213556
589,589,0.714923246052,-1.09437145332
590,590,-0.656587281523,1.65856076215
591,591,-1.16261731612,1.17830646669
592,592,-1.51061195913,1.27841799456
593,593,-1.0246415813,-1.04087670754
594,594,-0.47600251604,1.56618452527
595,595,-0.0629769848736,-1.88876160968
596,596,0.648634175081,-0.496117247029
597,597,2.00043006139,-0.0509479162411
598,598,1.23567456491,1.33444382071
599,599,0.346336646505,-1.89497358961
600,600,-0.346392160121,2.25134129117
601,601,-0.088780910353,1.84759070946
602,602,1.94338204889,-0.276723460487
603,603,0.265073329907,-1.99613487514
604,604,0.0174911097417,-2.46039882137
605,605,1.29402559644,1.03055681967
606,606,0.364433852997,2.61504168667
607,607,0.568850875633,-1.46740498479
608,608,-0.712998841116,1.63947300984
609,609,0.456950126426,-1.4303498514
610,610,-0.350050496892,1.79897594454
611,611,1.21057969453,-1.60507162946
612,612,2.15786747937,0.163430919485
613,613,1.2415667565,0.755734314878
614,614,0.769787448573,1.55592840173
615,615,0.88490008385,0.57956156544
616,616,0.479007092283,1.09829246499
617,617,0.769236453079,0.803649731223
618,618,0.5630136569,1.18827356946
619,619,0.824940525419,-1.95714912986
620,620,0.840229587587,1.13048196867
621,621,2.21666001607,-0.810846529165
622,622,0.756689757285,-2.0567783254
623,623,1.65543942403,0.806173209657
624,624,0.730288227789,2.27555600214
625,625,-0.501603908706,-1.32863275289
626,626,-0.442660178942,-1.07028440348
627,627,0.728112869456,1.47247578745
628,628,1.17936038274,0.576808225251
629,629,1.49550233213,0.46466322509
630,630,-0.624671367662,-1.41104218057
631,631,-0.225629573221,-1.78370142957
632,632,-0.945804312463,1.44415890431
633,633,-0.672759517172,-1.70740983383
634,634,2.03544857105,0.118398964912
635,635,0.0481382110216,-0.0487322284949
636,636,-1.07901391918,0.813518272299
637,637,-0.298506537803,0.563422794739
638,638,2.36066358899,-0.0626803127138
639,639,0.240849841165,0.183335230126
640,640,-0.786227301264,-2.00673006004
641,641,0.882767302075,0.584955763098
642,642,1.37959701489,1.66810203476
643,643,-0.427204610031,-1.42517839964
644,644,0.11268014889,2.54722332877
645,645,-0.133087078879,1.81345573067
646,646,0.63178953224,0.736054397967
647,647,0.952134145811,0.847434891255
648,648,1.20863243284,0.814242458498
649,649,0.267673918252,1.63776721773
650,650,1.73628691964,0.534560454103
651,651,-0.55104889355,-1.90291107268
652,652,-0.669541424095,-1.92748936481
653,653,1.8072237297,-0.19101087741
654,654,0.843291275025,1.87381442585
655,655,0.834331759008,0.575914325093
656,656,-0.632406093617,-1.54658362265
657,657,1.57455666086,0.552218742223
658,658,0.489949934584,2.05632894453
659,659,1.90864034456,0.213104236475
660,660,1.41980696511,1.6589441919
661,661,1.29833042117,2.12920205946
662,662,1.13860536239,1.84840929346
663,663,0.86812457479,1.6524681044
664,664,0.658022944372,1.70859514576
665,665,0.946781487962,1.63746158764
666,666,1.19999612774,2.07160088093
667,667,0.223761667649,-2.50686676642
668,668,-0.19901649323,2.40762458345
669,669,0.797661919225,1.49207575283
670,670,0.0472729394342,-1.8210934459
671,671,1.01624153605,1.07610197982
672,672,2.22122496838,-0.236393880464
673,673,-0.442147000394,1.74900681969
674,674,-1.13362290928,1.58739375966
675,675,1.24171678721,-0.734642065426
676,676,0.622698807702,2.06835581293
677,677,1.44308103349,1.21177008534
678,678,1.62988854562,0.965197582144
679,679,-0.358662854763,2.59010954341
680,680,1.8764133897,0.347788409635
681,681,1.97649031055,0.746843243067
682,682,2.39603626108,-0.0458230116305
683,683,1.27952852941,1.18213721956
684,684,0.885974727261,1.41485849291
685,685,-0.0317588681277,2.38368935059
686,686,0.000410976030771,2.51818135261
687,687,-0.145188628326,2.16090127104
688,688,-0.0627248033242,1.61607467901
689,689,0.210610610852,2.46340587424
690,690,0.10324015788,2.29653971902
691,691,1.23901616105,1.16182516092
692,692,1.48608059029,1.47932934576
693,693,-0.376731526288,-2.12060210765
694,694,0.2500639473,1.33301840925
695,695,-0.150914382839,-1.63747574437
696,696,0.549126309504,1.23998133895
697,697,1.2164105144,1.89683387171
698,698,2.04114271776,0.203212004435
699,699,2.99327426185,-0.245618999392
700,700,-0.336938505773,-1.48460421473
701,701,-0.136159614921,1.48956064371
702,702,0.00246620044007,2.3975545536
703,703,-0.0956347725354,1.89441819896
704,704,-0.592155927547,-1.80258790009
705,705,-0.35606832454,2.24944840139
706,706,0.414869157055,1.41200228025
707,707,0.657521825447,-2.18717051564
708,708,0.473945633664,1.37595410782
709,709,0.996053144457,1.27745406619
710,710,-0.171286292829,-1.77851016761
711,711,1.26012688371,0.316999710105
712,712,-0.174480628546,-0.79954022468
713,713,-0.789431276781,-1.47269555188
714,714,-0.590350698276,-2.35550554542
715,715,-0.223336434861,1.84335179751
716,716,0.0782098364426,2.18040202606
717,717,-0.206896336794,-2.16547268862
718,718,1.24420969811,1.67989127992
719,719,-0.116757514876,-1.38824663826
720,720,0.478433900412,1.45657580102
721,721,-0.371092631904,-1.87751260896
722,722,-0.49811403153,-1.58119633418
723,723,0.877882903928,1.16796580215
724,724,0.718020325163,1.48375295612
725,725,1.21220243019,1.31786388266
726,726,-0.234724265974,-2.53038789779
727,727,-0.791463402894,-1.95013224935
728,728,1.15381385371,-0.737118131857
729,729,2.09299792585,0.389479945971
730,730,0.0301299024705,-2.27181344711
731,731,0.385517612315,-2.59740075922
732,732,0.166048604159,-2.70737077418
733,733,2.1728508244,0.28022514383
734,734,-0.0956386550594,-2.56845954914
735,735,0.0574338904864,2.25114230414
736,736,-0.15525297547,-1.71471536647
737,737,-0.442418495813,1.98098551394
738,738,1.14094923867,-1.6449894018
739,739,-0.582080486075,1.97341904814
740,740,0.368655921056,-2.07144260641
741,741,0.292527722261,1.9964680546
742,742,-0.994369437789,1.287452795
743,743,1.11259981071,-1.99587323362
744,744,0.835377804815,0.385071780194
745,745,-0.728887465643,-1.88558348637
746,746,0.291515610221,-1.52943672425
747,747,0.718453213501,-0.673522685271
748,748,1.32789183339,-1.08388559812
749,749,-0.0602916732997,-2.94761332712
750,750,-0.0840610503781,-2.61583370034
751,751,-1.19634360467,-1.08721226138
752,752,0.157916320975,2.47173711093
753,753,2.28658733306,-0.33397839599
754,754,-0.0612317772655,-2.38604608174
755,755,-0.0924333050123,-1.9352012472
756,756,0.153982012737,-1.97037139146
757,757,-0.227838841493,-1.7968620711
758,758,-0.393976244691,-2.18708147665
759,759,0.448487458332,-2.15719258967
760,760,-0.300046107862,-2.85676349314
761,761,-0.219176895878,-1.72068965778
762,762,0.334955825629,-2.38449298311
763,763,0.0892117992844,2.27172662973
764,764,1.78599504712,0.565480799289
765,765,0.10918327716,-1.789693024
766,766,-1.23948837888,-1.75159725608
767,767,-0.171976027149,-2.25777104284
768,768,-0.13582212162,-2.33596591155
769,769,-1.09202790384,-0.950677244795
770,770,-0.498888934652,-1.3594020091
771,771,0.0549896320371,-1.70732335238
772,772,-0.144334777869,-2.11890659841
773,773,0.603910102739,-1.65341847556
774,774,1.26939731463,1.52668004429
775,775,0.18116577171,-2.04409333975
776,776,0.66165527869,-2.24105211874
777,777,-0.285097101727,2.17784451882
778,778,0.474583167999,1.24604491594
779,779,0.273148847983,1.54503300867
780,780,0.0928003614069,-1.26491323419
781,781,0.12766525073,2.10611083443
782,782,0.0677832191784,-2.11038959882
783,783,-0.0716176787739,-1.98196745273
784,784,0.452181525135,-1.92531475835
785,785,-0.266936747887,1.75392744065
786,786,0.0578079348294,1.7718436447
787,787,-0.223561468196,1.8892840306
788,788,-0.209647747828,1.94968749966
789,789,0.288909805755,-1.79324616902
790,790,-0.0495569848226,-2.15668129672
791,791,-0.260268947358,1.7965611497
792,792,0.216537194525,-1.96564586365
793,793,1.02008745397,-1.24533728301
794,794,-0.224137857032,1.96102022139
795,795,-0.195142396605,1.92750749387
796,796,-0.0122864479233,1.82080743474
797,797,0.521721218101,-2.13939601446
798,798,1.77479805965,0.378069303341
799,799,2.51134577312,0.0178048087833
800,800,2.16849748034,-0.0339005614927
801,801,1.74939846279,0.0459350348604
802,802,0.166282395352,-1.99979799371
803,803,0.315369724222,-1.95899302825
804,804,2.04226739765,0.0833300652437
805,805,-0.226831327221,2.03333074644
806,806,-0.100538629797,1.95936263726
807,807,-0.0961277282638,1.80572705679
808,808,-0.100287399668,2.23259952464
809,809,0.236752502266,-1.89942794737
810,810,0.171003766818,-2.32909462195
811,811,0.249515346077,-2.04188748716
812,812,-0.194614693143,1.92080032119
813,813,-0.05307475967,2.08376489993
814,814,0.309820281734,-1.71434216496
815,815,2.05768677216,0.117879659819
816,816,-0.471578347207,1.93336496892
817,817,-0.091548454352,2.0406225423
818,818,0.377218373483,-1.82551414726
819,819,-0.0333665348446,-1.78707516334
820,820,0.0738444788164,2.18968401757
821,821,0.29546675775,-1.82502285652
822,822,2.48436619781,-0.150123037397
823,823,2.37131125642,-0.0545670278488
824,824,-0.118849270395,1.97660260156
825,825,0.00114559028472,1.87749317427
826,826,2.22361766763,0.117266991743
827,827,0.0135038282397,1.94398667788
828,828,0.0940407427382,-1.66760154621
829,829,0.211148537987,-2.1693728858
830,830,0.090727355654,-1.92955175889
831,831,2.28127945975,-0.0388756074145
832,832,-0.0141650903452,1.6948452232
833,833,-0.137970170811,2.03718621309
834,834,-0.108622730891,-1.58349418931
835,835,1.72999047349,0.306858024664
836,836,1.38831151722,0.417429131796
837,837,2.33094611981,-0.103007510309
838,838,1.94226755713,0.233951062009
839,839,0.109227081267,-1.8957621053
840,840,0.429437264238,-1.77660359453
841,841,-0.14736312886,1.88588771146
842,842,0.568559448459,-1.98217363165
843,843,0.32465152749,-1.75514557368
844,844,-0.125919791173,-2.05227205236
845,845,-0.0996437732966,1.92054097946
846,846,0.109259924996,1.86826414235
847,847,-0.00210243065596,1.79287644512
848,848,-0.0573262008509,1.88783619861
849,849,0.102885329232,1.94423148306
850,850,0.128574550233,-1.93909289994
851,851,-0.266856648081,1.91661560507
852,852,0.79416851942,-2.0161765105
853,853,-0.287078681929,2.21307396033
854,854,0.0265076610917,-1.90294964433
855,855,0.260199560272,-2.01169240615
856,856,2.26829969891,-0.219508271181
857,857,0.193224274595,-1.91456214071
858,858,-2.41524542111,0.098609055903
859,859,-1.09352141332,1.29160652314
860,860,-1.35863263212,1.06361744782
861,861,0.499234309855,-1.04473747335
862,862,-1.02531082572,-1.25327036297
863,863,-0.576762396372,1.51300007733
864,864,0.018940731989,-1.89318740758
865,865,1.63645620922,0.170632342513
866,866,2.11109817497,-0.0470314743754
867,867,2.11404303924,0.0381257185806
868,868,0.427749869085,-2.16376132919
869,869,0.357785648383,-1.60827381395
870,870,0.469231418653,-0.943071474319
871,871,2.02477049026,0.394418768255
872,872,0.287613971259,-1.9636221646
873,873,-0.44178108683,1.57477111764
874,874,0.0657355274574,1.36068896581
875,875,2.15166735377,0.0252307827239
876,876,-0.110677046089,-0.433412590052
877,877,0.032453301604,-1.03143437592
878,878,0.383939573289,-2.18971888247
879,879,-0.199812612163,-1.03251068127
880,880,-0.36398445382,1.35812820302
881,881,0.087267859556,2.01770203823
882,882,1.88185950898,0.0863790265473
883,883,2.06416268049,-0.0839913307621
884,884,2.35300234509,0.126586218018
885,885,0.342767384826,-2.14767240186
886,886,-0.124023669131,-1.94365933644
887,887,0.21515731349,-1.9644252235
888,888,2.20672403658,0.0393196545081
889,889,0.151774298733,-1.80398351031
890,890,0.106267387756,-1.75361606102
891,891,1.6269106117,0.71280825302
892,892,-0.129775267744,2.16819405756
893,893,0.424122147896,-2.02762355883
894,894,0.501926281011,-1.58743357308
895,895,0.535912549795,-1.89949735965
896,896,0.190628952289,-2.13278313873
897,897,0.135652421923,-1.68085332347
898,898,1.0538080366,0.972366277552
899,899,0.25197261626,-1.81669687884
900,900,1.26402320657,0.588052336124
901,901,-0.169144837568,2.29693212688
902,902,0.987434316976,-1.36653307731
903,903,0.0406178671352,1.66449226406
904,904,-0.42913482148,1.67949142333
905,905,1.71596671833,0.734791073934
906,906,1.43423787409,0.373279069011
907,907,1.42514098262,0.593227846899
908,908,1.30662497012,-0.296749875359
909,909,2.03725217077,0.184240619156
910,910,2.17940788953,0.150433291197
911,911,-0.0758600927681,1.95095557316
912,912,1.93746435994,-0.151556183317
913,913,2.33823880434,0.393270880633
914,914,1.8044639438,-0.363760115569
915,915,-0.0870557453907,1.54407232527
916,916,-0.101074223072,1.85473397745
917,917,0.135840763511,-1.94239476147
918,918,-0.0993368338619,-1.84669010237
919,919,1.51744347355,-0.503401682751
920,920,0.764467859342,-1.75669809911
921,921,0.441718186461,-0.260815563449
922,922,0.273235197209,-1.86146156567
923,923,0.534110066046,-1.91474920044
924,924,-0.384269957732,1.53663983999
925,925,0.0291937304614,1.50189186142
926,926,-0.681433881538,-1.45389867884
927,927,0.281097208497,-1.87027165818
928,928,-0.011629749949,0.98964866229
929,929,0.481647552093,1.61401740035
930,930,-0.0895643849217,1.97559778046
931,931,2.02117111466,-0.181299370931
932,932,1.00918855604,-0.794160142602
933,933,2.18556567225,0.375523836537
934,934,2.17308470717,0.175120194248
935,935,-1.13306731107,-1.56701031336
936,936,0.718948578478,0.490909189242
937,937,1.14819159052,-0.636667286493
938,938,-0.0753738168593,-1.6390130022
939,939,-0.833994352834,1.24483920491
940,940,-0.578708002148,1.53061319476
941,941,0.728247787333,1.18549807014
942,942,1.63336243628,0.427270577364
943,943,-0.907301025543,0.29825790018
944,944,0.0570583522541,0.742783922976
945,945,-0.163611734746,-1.52231225233
946,946,-1.08174859315,-1.17014508361
947,947,-0.472518656248,1.51064077542
948,948,-0.647586081031,-1.35657023627
949,949,-0.290397968259,-1.67823398959
950,950,0.482361158041,0.947540631871
951,951,0.29467142064,0.85241784625
952,952,-0.0847860716756,-1.54121738639
953,953,0.0516611295143,-1.87902609592
954,954,0.599803345668,0.950236161248
955,955,-0.343044235394,-0.98495281861
956,956,0.115679550664,1.82463013053
957,957,0.376247538735,1.1677918577
958,958,0.253669564919,-1.85993276269
959,959,-7.25849059699e-05,-2.00057270581
960,960,0.000187074874192,-1.86473556289
961,961,0.205353796686,-1.98660214046
962,962,-0.00595893080475,2.14694062228
963,963,0.944998351379,-0.639198816749
964,964,0.415370761116,-2.00777495572
965,965,-0.157681361318,2.02171946345
966,966,1.11242346087,-0.192951476545
967,967,2.18201510972,0.117939528058
968,968,-0.621514865628,-1.18710431177
969,969,-0.888681164495,-1.15457026687
970,970,-0.81334285042,-1.48237700084
971,971,-0.00799331067246,1.42913253311
972,972,-0.677070296606,-0.503640480648
973,973,-0.856879997443,-1.08351529786
974,974,-0.97089754371,-1.1618328339
975,975,-0.947792534854,-1.13392639783
976,976,-0.443347825151,-1.48991664092
977,977,-0.183364881318,-1.76828801098
978,978,-0.595420475465,-1.48337628182
979,979,-0.158640355421,-1.68400843684
980,980,0.421513846,-0.842550401486
981,981,2.30634881754,-0.00659216243309
982,982,0.264569020211,-1.76456841459
983,983,-0.634946260425,-1.24275170754
984,984,-0.172644821326,2.17658294587
985,985,-0.108653144694,-1.35730084571
986,986,-0.395945783495,-1.44621895303
987,987,-0.771109105938,-1.54757036133
988,988,0.0739464007867,1.30956490536
989,989,-0.589432838826,-1.18921977948
990,990,-0.668363334424,-1.33980724909
991,991,0.146782854402,2.21653931785
992,992,0.222761302025,-1.56963136687
993,993,0.0919220084034,-2.08640253357
994,994,0.378448165332,-2.1683247552
995,995,1.67205981318,0.242723866956
996,996,0.195072391959,-1.89751040918
997,997,-0.597243009502,-1.27648622055
998,998,-0.899995816139,-1.13779125724
999,999,0.10007522137,0.342879703634
1000,1000,-0.695720961243,1.10063160228
1001,1001,-0.551045831679,0.97076212712
1002,1002,-0.856656397849,-0.937159158606
1003,1003,-1.35270364503,-0.647310436737
1004,1004,-0.0251567370007,2.04570999938
1005,1005,-0.460620456693,1.9760697942
1006,1006,0.865034413002,-1.49740085823
1007,1007,0.279372172844,-0.340729268565
1008,1008,-0.23737394604,2.05143953401
1009,1009,0.668658978013,-1.43043866222
1010,1010,2.17147913969,-0.069942352863
1011,1011,2.08640452158,-0.0714774875124
1012,1012,2.44734983423,-0.0762404248728
1013,1013,0.552634008522,-1.71949537423
1014,1014,0.180652155305,1.96721832279
1015,1015,0.198030589442,-2.03092854891
1016,1016,-0.553971616417,-0.472080428382
1017,1017,-0.557406237231,1.44249718552
1018,1018,2.39600665092,0.161838446223
1019,1019,-0.529581079824,1.74471268769
1020,1020,0.283750251773,-1.81090518365
1021,1021,0.635757188717,0.220888872194
1022,1022,0.166515224769,-1.52763843978
1023,1023,-0.576667433565,1.68128344837
1024,1024,-0.32717845275,1.08914296544
1025,1025,-0.284653200391,1.04542177317
1026,1026,0.53635679424,0.413663831887
1027,1027,-0.273277395925,-0.134246896208
1028,1028,-1.05253802925,0.261431001209
1029,1029,2.0285221747,-0.101758109045
1030,1030,-0.505397662523,0.955418648089
1031,1031,0.29797288743,1.71382848074
1032,1032,-0.392643492537,0.90061931383
1033,1033,-0.873291782349,-0.340916661399
1034,1034,-0.529235864926,-1.84286323311
1035,1035,0.685115133498,-0.838902221707
1036,1036,-0.308036120598,-0.712987556125
1037,1037,-0.156923650184,2.26740484742
1038,1038,1.20191378186,-0.710015389046
1039,1039,1.74805387356,-0.208899572516
1040,1040,-0.171761462107,-1.98300364374
1041,1041,2.05268643806,0.180898995516
1042,1042,0.167211284241,-1.90697320306
1043,1043,-0.104522146917,-2.08164324959
1044,1044,-0.540375467285,1.47971726974
1045,1045,-0.438668721428,1.64642555779
1046,1046,-0.482731135248,1.78338810479
1047,1047,-0.172221362231,1.58800464345
1048,1048,0.653004271592,-1.60483287889
1049,1049,-0.179880766998,1.76242564867
1050,1050,0.844247907496,-1.65131835689
1051,1051,0.265614147584,-1.83544143834
1052,1052,-0.170116675908,1.94290742502
1053,1053,-0.323346416125,1.52232548936
1054,1054,-0.412081510425,2.04496576858
1055,1055,0.0350249368912,1.90751134074
1056,1056,0.680339336636,-1.7719029182
1057,1057,0.340523250154,-1.8681081223
1058,1058,0.164359057691,-1.94201894375
1059,1059,0.0708270463718,1.60846717603
1060,1060,-0.121020510075,1.9354649833
1061,1061,0.942992021061,-1.55639773295
1062,1062,-0.0934186236909,-2.18491643659
1063,1063,0.393902862026,-1.64186680913
1064,1064,-0.305056994485,1.81085035163
1065,1065,-0.227183767538,1.74002910515
1066,1066,0.186850308199,1.99832509614
1067,1067,-0.308007819342,1.91233485557
1068,1068,0.566313436571,-1.8555403799
1069,1069,-0.135053794363,2.05720765149
1070,1070,-0.295462472204,2.00058988881
1071,1071,-0.0790642294348,-1.98749374217
1072,1072,1.93014960876,0.492185343896
1073,1073,0.381151537502,-2.02122776988
1074,1074,2.10808879822,-0.00202044433013
1075,1075,-1.02296072927,-1.05157972866
1076,1076,0.542487640284,0.620420478569
1077,1077,-1.07598862745,-0.799256929579
1078,1078,-0.926342012545,-0.860773360847
1079,1079,-0.422707493907,1.59914468773
1080,1080,-1.01098263863,-1.0089826572
1081,1081,-1.1946741434,-0.919573248662
1082,1082,2.01219592589,0.058920012518
1083,1083,-0.822742808248,-1.03873037327
1084,1084,-0.133392618523,1.79692403654
1085,1085,0.42219802849,1.44103032642
1086,1086,-0.119615566284,0.438167592726
1087,1087,-1.25600016706,0.980973026935
1088,1088,0.453201224262,1.58704165059
1089,1089,-0.14321069408,1.05905789535
1090,1090,-0.254532202097,-0.925132379493
1091,1091,-0.983435905199,0.803701625649
1092,1092,0.463613276777,1.31926144589
1093,1093,-0.622122929298,-1.38655784039
1094,1094,0.138996629999,-2.21533571569
1095,1095,-0.684823592917,1.84247663116
1096,1096,0.254521249287,-2.11449929275
1097,1097,-0.032994197262,-1.98467122234
1098,1098,0.181748183643,-2.08105091756
1099,1099,0.0275451657899,-1.88513432018
1100,1100,0.135335785843,-1.49198324074
1101,1101,-0.876053201405,-1.20604686474
1102,1102,0.192095811612,-1.75245009475
1103,1103,0.238949969293,-2.11452968753
1104,1104,-1.02884708628,-1.5010494836
1105,1105,0.0844743347618,-1.92173554931
1106,1106,1.95923697121,0.190589727109
1107,1107,-0.196087689163,1.85072298121
1108,1108,-1.2862637082,-1.37291784359
1109,1109,-0.363337946393,2.02802064315
1110,1110,0.471178490001,-1.28731531172
1111,1111,-0.0617622066653,1.83254683512
1112,1112,0.693816106317,-1.66680629539
1113,1113,2.27335564434,-0.109926275991
1114,1114,1.25316484109,0.393809494914
1115,1115,-0.0146129702244,-1.91669209178
1116,1116,0.307724861159,-2.00340800887
1117,1117,-0.614493882709,1.18936540879
1118,1118,0.690151987073,-1.52651002564
1119,1119,1.13994199751,-0.768541366292
1120,1120,-0.381192521808,1.55448634797
1121,1121,-0.422639375483,1.89043670086
1122,1122,-0.11037302245,1.86081877847
1123,1123,1.10281228442,0.40481560283
1124,1124,-0.426186980269,-1.22701430078
1125,1125,1.05173287887,-1.67038608708
1126,1126,-0.253557287902,1.88114426398
1127,1127,0.46881029084,1.23039142119
1128,1128,1.3441293074,-0.885645915752
1129,1129,-0.192457902935,2.02003500586
1130,1130,0.589628102361,-1.36833738023
1131,1131,-0.543095057865,-1.22055037067
1132,1132,0.510436979319,-1.84052799986
1133,1133,-0.025251350912,-1.9332869328
1134,1134,-0.0414106696675,-1.92280275968
1135,1135,0.595919732438,-1.87087771285
1136,1136,-0.0280014561238,2.25969983373
1137,1137,0.0905031727668,-1.8288405824
1138,1138,0.116057794337,-1.94428472123
1139,1139,0.491798453319,-1.87732210536
1140,1140,-0.121597908308,2.13218234471
1141,1141,0.151640988054,1.83310579256
1142,1142,-0.229377405399,2.06538127432
1143,1143,1.05101556775,-1.49839059234
1144,1144,1.31703997338,0.774865731385
1145,1145,2.38950401362,-0.0675208295293
1146,1146,0.847483159534,1.33552168875
1147,1147,0.0380881263648,1.65984795888
1148,1148,-0.0121832786686,-1.96333549549
1149,1149,0.220486573161,-2.06775711473
1150,1150,2.22039275823,0.0917087487644
1151,1151,-0.141394126532,1.95737776955
1152,1152,0.145433035781,1.92007763959
1153,1153,2.09623039395,-0.195391641282
1154,1154,-0.112737604179,-2.12268217134
1155,1155,-0.210181492252,-2.2483296921
1156,1156,1.79971859679,0.268101235682
1157,1157,-0.166910123764,1.85262437121
1158,1158,1.72630317899,0.368141760722
1159,1159,2.17113580304,-0.0760806727238
1160,1160,0.0204860613273,1.89832050185
1161,1161,0.100520527998,-1.18023949079
1162,1162,-0.138911356047,1.91648118187
1163,1163,-0.0726099650592,1.6494494826
1164,1164,0.544014695074,-1.85442697258
1165,1165,1.57028648382,0.398795866136
1166,1166,0.291747471746,1.45113220055
1167,1167,2.29068333346,0.0817888794541
1168,1168,0.751269618224,-1.46338950657
1169,1169,2.10130469798,-0.163031459686
1170,1170,1.84821958235,0.169973554113
1171,1171,0.176732196103,-1.89493818592
1172,1172,-0.15416794032,-2.04796720063
1173,1173,-0.128186915296,1.95394719224
1174,1174,0.0647283538849,1.95163893024
1175,1175,0.179815925319,1.84745063652
1176,1176,-0.244722908904,1.9790155073
1177,1177,0.229561309586,-1.57162478303
1178,1178,1.39925409981,0.377875477212
1179,1179,0.258695158747,-2.1909638373
1180,1180,-0.0967554387191,-2.19028912642
1181,1181,2.06074264209,0.041043942804
1182,1182,-0.110650439823,-2.02134605441
1183,1183,-0.31535980098,2.03641789925
1184,1184,-0.282730263698,2.1330536915
1185,1185,0.647722976283,-1.52234088025
1186,1186,0.044410422756,-1.91041959997
1187,1187,-0.0381249181432,-1.76848434062
1188,1188,0.847468630922,-1.3995721256
1189,1189,-0.166476322209,-2.11115602338
1190,1190,-0.0225042132733,-1.75754434302
1191,1191,0.315634027226,-1.91066857673
1192,1192,0.0823720056389,-1.8437189356
1193,1193,-0.0573166928682,-1.92061293681
1194,1194,-0.188429779191,-1.84256919107
1195,1195,-0.068639488449,1.85993591686
1196,1196,2.03638764577,0.0879826593514
1197,1197,2.12958690487,-0.10140434135
1198,1198,2.1875608839,-0.13738296434
1199,1199,2.26554484444,0.0367544275879
1200,1200,0.390842737544,-1.89649367326
1201,1201,0.555546405763,-1.91893201739
1202,1202,-0.489955273023,1.61595393193
1203,1203,-0.480093233864,1.90579426779
1204,1204,-0.392832318143,1.96722986655
1205,1205,0.896687619304,-1.60680962296
1206,1206,-0.129638014793,1.90961487295
1207,1207,-0.14415580722,-2.15002327296
1208,1208,0.322493600879,-1.96439445011
1209,1209,2.16119645432,0.267123235393
1210,1210,2.00703002077,-0.198855610251
1211,1211,-0.159392934372,1.763334062
1212,1212,0.729846507914,-1.64206046892
1213,1213,2.07922122689,0.0459019395467
1214,1214,1.72466193015,0.724329914159
1215,1215,0.108564223734,-2.15989812078
1216,1216,0.209344758529,-1.99055475031
1217,1217,-0.0442796426532,-2.12703502272
1218,1218,0.0190618465963,-1.97384636362
1219,1219,2.01884565431,0.0214602445138
1220,1220,0.994333097857,-0.939242309977
1221,1221,1.22855137252,-1.01417707937
1222,1222,1.34882021361,0.738302973244
1223,1223,1.16339055076,-0.979708726197
1224,1224,2.37979778981,-0.115358964586
1225,1225,2.2856951963,0.102519943792
1226,1226,0.303879474542,-0.158417442496
1227,1227,-0.107868815551,2.17643050712
1228,1228,0.730547231544,-0.0417295429653
1229,1229,-0.304575615366,1.8253731101
1230,1230,0.0437803607687,-1.99157144415
1231,1231,0.237775842422,-1.8398150449
1232,1232,0.0323519136735,1.84621682688
1233,1233,0.595312519857,-1.77243150145
1234,1234,-0.00827928383446,1.95008479344
1235,1235,-0.11375917832,-1.77075955723
1236,1236,2.41397537943,-0.00629555375579
1237,1237,0.480468265297,-1.84622102547
1238,1238,-0.106822523843,1.98364035866
1239,1239,0.776942987534,-1.65999706173
1240,1240,-0.0211148281712,-1.94511192456
1241,1241,2.12759539251,0.136928475435
1242,1242,0.285807377232,-2.03839948335
1243,1243,0.150625201492,-1.90207811448
1244,1244,0.264073375606,-1.99587648783
1245,1245,0.143325407259,1.87075741466
1246,1246,0.185058778944,-2.14367428136
1247,1247,-0.0586678423665,2.03660989169
1248,1248,-0.305452465272,1.94981207612
1249,1249,0.398795653292,-2.07861092381
1250,1250,-0.329958902449,2.02288127829
1251,1251,-0.0695125625535,1.84454509547
1252,1252,0.00267887646199,1.94795214299
1253,1253,0.333454818673,-1.49567116996
1254,1254,1.87317287767,0.281700179233
1255,1255,2.55770513954,-0.195520237343
1256,1256,2.26539823497,-0.0349767511411
1257,1257,2.27375906511,0.0648959157423
1258,1258,1.99566309776,0.145501110921
1259,1259,2.23239604465,-0.0878043864776
1260,1260,2.29303415382,0.129645394206
1261,1261,1.90947360037,0.028536380484
1262,1262,0.00663466546142,-1.85049886015
1263,1263,0.322585593752,-1.89482042149
1264,1264,2.07437774483,-0.255195099748
1265,1265,-0.109276806587,2.24532449128
1266,1266,1.31979409235,0.12258801483
1267,1267,1.60076234242,-0.278199886649
1268,1268,-0.242126821026,-1.92981243321
1269,1269,0.20415067433,-1.75042475682
1270,1270,1.90873915925,-0.0976226007097
1271,1271,-0.192630491524,2.00567342339
1272,1272,1.68478807253,0.588095055607
1273,1273,-0.00589951187557,-1.64930867485
1274,1274,0.500319777986,-0.525916052441
1275,1275,-0.0857055444478,2.02780569542
1276,1276,0.195767872054,-2.10904517586
1277,1277,0.273740001779,-1.76909713333
1278,1278,2.09158145988,0.0233194472385
1279,1279,2.00545626268,0.175030078388
1280,1280,0.692316737509,-0.212304869703
1281,1281,1.944463736,0.295310764384
1282,1282,2.20276596622,0.164132126679
1283,1283,1.98681282054,0.205144721719
1284,1284,-0.257181629251,-1.74659940781
1285,1285,0.790477700801,-1.44938914435
1286,1286,0.00788090153347,-0.547220633704
1287,1287,1.42386135841,0.487640183041
1288,1288,-0.00531968956351,-1.86371675906
1289,1289,-0.0582055934888,-1.72153989368
1290,1290,0.0776028735964,-2.08965135439
1291,1291,0.891030284749,-0.627744346635
1292,1292,0.42007184225,1.65589427432
1293,1293,2.01480789959,0.137022070273
1294,1294,2.2838683745,0.0823060848052
1295,1295,0.803631592838,-0.553250592495
1296,1296,0.0561880942933,-2.17252708912
1297,1297,0.0532209605178,-1.91193273916
1298,1298,1.27634221673,-0.962478934067
1299,1299,-0.183179711599,2.06670963058
1300,1300,0.507392469178,-1.76108624431
1301,1301,0.0853433943554,2.21340774026
1302,1302,-0.187289628727,1.74488364214
1303,1303,0.689900222636,-1.56753363781
1304,1304,-0.0634074443072,1.73816757996
1305,1305,-0.179343356971,1.86615439281
1306,1306,-0.367002760605,1.93682540245
1307,1307,-0.392593423726,2.15815011154
1308,1308,-0.464189860104,2.03644098936
1309,1309,-0.292624269648,1.80355678151
1310,1310,0.200972183236,-1.93652859522
1311,1311,0.178184364345,-2.06109299448
1312,1312,-0.490562256961,2.25404293481
1313,1313,0.162976950019,-1.92624858604
1314,1314,0.778064878428,-1.72941610399
1315,1315,0.291843014636,-2.16217477333
1316,1316,-0.259480018155,1.9246373077
1317,1317,-0.0118408160026,2.32976400602
1318,1318,0.351918831897,-1.90914659613
1319,1319,-0.296343664592,2.03549645747
1320,1320,0.260591927043,2.11600988093
1321,1321,-0.270708115282,1.9012013589
1322,1322,0.0277660195587,1.99879952456
1323,1323,-0.131069833109,2.15475944333
1324,1324,0.476508754722,-1.68011463163
1325,1325,1.04074778144,0.80123939662
1326,1326,2.1376147754,-0.12549410175
1327,1327,0.0291320340071,-2.04266424467
1328,1328,0.124735254024,-2.02259401805
1329,1329,1.96415982389,0.162053479716
1330,1330,-0.249443946251,2.01418720846
1331,1331,0.629573391795,-1.89651926396
1332,1332,1.50494570972,0.413372873824
1333,1333,0.365031265125,-2.05246926448
1334,1334,0.216701392933,1.85486656868
1335,1335,0.480834586169,1.98785585999
1336,1336,0.70528944946,2.05741542367
1337,1337,-0.114466074969,1.69149187035
1338,1338,2.02254149397,1.46006130895
1339,1339,0.391082360268,1.72785248329
1340,1340,1.13642322254,1.3502259064
1341,1341,1.21853302532,1.50598559458
1342,1342,1.3465682406,1.37288914082
1343,1343,-0.0160025077141,-2.03490135063
1344,1344,-0.0542280348473,-2.19082947667
1345,1345,1.65555028176,0.932214002767
1346,1346,0.446129839134,1.76410709861
1347,1347,1.80966037073,0.302603141299
1348,1348,0.933799631685,1.8230080144
1349,1349,-0.0764141353889,1.83897381684
1350,1350,-0.881006078796,-1.77165034115
1351,1351,1.719037709,0.509675435271
1352,1352,-0.913237009705,-0.882194669536
1353,1353,0.142986780195,-1.82525649623
1354,1354,0.566384643295,2.2856103788
1355,1355,1.16034412449,0.893230456297
1356,1356,2.39719273938,1.02948873706
1357,1357,0.602813753489,1.58373505424
1358,1358,0.904257109605,2.15975339385
1359,1359,1.00670177456,0.519127807599
1360,1360,2.00988489949,0.588548829615
1361,1361,0.42877847982,0.675291733819
1362,1362,-0.843281934227,-1.26224667276
1363,1363,-0.349738244097,-1.65652965979
1364,1364,1.92209987485,0.415432974575
1365,1365,1.38419054214,-0.669128270422
1366,1366,2.01862795426,-0.223924376489
1367,1367,-0.206237457735,1.25488235398
1368,1368,0.289916361012,2.13602432091
1369,1369,0.77199168435,-2.20063600838
1370,1370,0.571801227532,2.11289390649
1371,1371,2.57930740654,0.170091306359
1372,1372,1.76253019308,0.41102710518
1373,1373,-0.204266986743,2.14673464706
1374,1374,1.36571959978,0.327181620294
1375,1375,0.945247516175,1.38576074299
1376,1376,0.632700061644,1.16419498946
1377,1377,-0.840924190862,-1.4329135785
1378,1378,0.0719220220487,-1.85130117107
1379,1379,0.977341641848,0.678555863622
1380,1380,-0.0492710495536,2.65182253985
1381,1381,0.766261001399,1.27781634721
1382,1382,0.0273868462321,-2.37549784969
1383,1383,0.00963382151657,2.02848911134
1384,1384,1.54180662309,0.841097622704
1385,1385,2.1930769076,0.551814104431
1386,1386,0.913471700517,0.5350375279
1387,1387,1.6777762197,1.62552121845
1388,1388,2.55688525612,0.676628861251
1389,1389,1.00179628268,1.29972093147
1390,1390,0.48960641225,1.91855032696
1391,1391,0.138962438725,2.13788451953
1392,1392,0.26084386086,-1.58141104981
1393,1393,0.474495019114,0.896813004512
1394,1394,0.779878396905,0.129270484777
1395,1395,2.1805047427,0.40581814453
1396,1396,1.97444569604,0.944273785733
1397,1397,0.609552543129,-1.31742966394
1398,1398,0.535500485509,1.89598588328
1399,1399,0.156011728802,-2.54170543869
1400,1400,1.30351025507,0.550674428036
1401,1401,-1.19000861478,-1.15721460336
1402,1402,0.161541834522,2.35893798404
1403,1403,1.18998572842,0.137254207314
1404,1404,-0.183350073368,2.75224458591
1405,1405,1.26223231571,1.7272064071
1406,1406,0.510886666034,1.79806047662
1407,1407,0.0565752352693,2.61235201179
1408,1408,0.0282419141073,2.53748256185
1409,1409,0.328559442144,2.42207227926
1410,1410,0.227954640326,2.10244929333
1411,1411,0.480441968686,2.41697954573
1412,1412,0.317486686671,2.05901635801
1413,1413,0.21877819353,1.97111179859
1414,1414,0.175340614962,2.2262586248
1415,1415,0.231545878492,2.37822637963
1416,1416,-0.241936088326,2.33761575796
1417,1417,2.37120907615,0.590569179887
1418,1418,0.429940641447,2.16236977062
1419,1419,1.04719949963,0.305486221304
1420,1420,-1.11028394519,-1.13037258854
1421,1421,0.120605031849,0.136943675759
1422,1422,0.93384443543,-0.051607145666
1423,1423,2.01632407212,-0.630717449694
1424,1424,-0.343681002693,-1.60984587797
1425,1425,0.33625454182,2.48421110222
1426,1426,0.092752170205,0.82371845599
1427,1427,2.3795111599,0.743983714001
1428,1428,2.3824108242,-0.295690462978
1429,1429,1.83989975349,0.301501813316
1430,1430,1.69914198895,0.642598681701
1431,1431,2.04999640276,0.418255681581
1432,1432,2.18756108085,-0.284264293575
1433,1433,1.74362593876,0.454651888352
1434,1434,0.844935320076,0.842952451561
1435,1435,0.878429694353,0.852702911298
1436,1436,0.17739296126,-2.21880963347
1437,1437,1.89565818688,0.540224108292
1438,1438,-0.0194795188719,1.89056782149
1439,1439,1.20739103045,1.98453214568
1440,1440,0.695916045666,1.1959552896
1441,1441,0.305055548807,0.962463373397
1442,1442,0.49261929211,1.75524691204
1443,1443,0.10186855051,-2.15170931362
1444,1444,1.45403608534,1.91654729751
1445,1445,0.857436539798,1.60885770445
