,vote,alpha,beta
0,0,-0.00530925611154,2.06629946979
1,1,-0.13671513099,-1.78885362524
2,2,2.24316008891,0.270982752976
3,3,2.39941785009,-0.100346247462
4,4,0.437560188252,-1.22948173722
5,5,2.3967482354,0.0604560689007
6,6,1.86565981364,0.359945341626
7,7,1.85281053352,0.292595426398
8,8,0.0827448266068,-1.79245388027
9,9,0.932262755845,-1.25940915567
10,10,2.34378517496,-0.0849667099064
11,11,2.15161409606,-0.144732785897
12,12,2.13306598247,-0.0586961644138
13,13,1.99068310999,-0.196084319226
14,14,2.17897692977,-0.0537449282036
15,15,2.24174937151,0.154239080898
16,16,-0.158197273584,2.08189771008
17,17,0.584937077148,-0.533219173668
18,18,2.01721729405,-0.0193437837771
19,19,2.31720387554,-0.0769638929999
20,20,1.37463218294,-0.425916359788
21,21,0.126288486505,-2.27345550356
22,22,-0.0651153804404,-1.89557549395
23,23,2.2261555991,-0.13746731869
24,24,0.388467586937,-1.96421652136
25,25,1.43240263872,-0.299781206233
26,26,-0.902179832798,0.0385779382117
27,27,-0.151896116995,2.32720357071
28,28,2.14010239665,0.107326252229
29,29,2.09358601021,-0.105890949909
30,30,2.12765355168,-0.00791106918886
31,31,2.07748237658,-0.055233478952
32,32,0.0896464604669,-1.84051786666
33,33,0.128040467323,-1.97949287925
34,34,1.46498841813,-0.54966123094
35,35,-0.159595298764,1.71919463323
36,36,-0.186862476978,-1.86508762707
37,37,0.0422641212947,-1.86147937307
38,38,0.0395170744629,-1.90504896923
39,39,-0.699261933085,-1.409946256
40,40,1.41292989004,-1.14016312215
41,41,-0.204043248657,1.97312644964
42,42,-0.274005086754,-2.00432411198
43,43,1.96017830447,-0.0816518689686
44,44,2.25802542096,-0.237065590834
45,45,2.49259269806,-0.0911606967735
46,46,2.08908505888,0.0711059587804
47,47,2.03612587258,-0.207769611226
48,48,2.41236596873,0.187414096542
49,49,1.15779944912,0.932819674786
50,50,-0.0326241365536,-2.03499150414
51,51,0.215033347554,-2.08875678271
52,52,-0.234403992633,2.00368563553
53,53,0.161031380368,-2.04433519698
54,54,-0.331092691433,-2.17269876216
55,55,0.22395515551,-2.06534361887
56,56,0.587286203623,-1.66364495117
57,57,-0.51036814115,1.7671747559
58,58,-0.0765861580531,2.12109036487
59,59,0.090054573416,-1.46290445872
60,60,0.534278917166,-1.97562132741
61,61,2.09796084619,0.071961761052
62,62,2.21676860008,0.10999119474
63,63,2.26147421271,-0.139865548675
64,64,2.30207703123,-0.155697243783
65,65,2.26905971869,-0.255379249454
66,66,-0.046557883111,-2.00302169785
67,67,0.284239781538,-2.12545233787
68,68,0.639565382476,-1.8400748399
69,69,-0.290698599174,-1.42902501041
70,70,-0.911064700049,1.32837633918
71,71,-0.461062862315,1.53529343377
72,72,-0.475267344785,1.8905077836
73,73,-0.63483604112,1.89807650117
74,74,-0.674499087271,1.98017425726
75,75,-0.46781718205,1.69109512676
76,76,-0.282362362606,1.91020647688
77,77,-0.619380073017,1.44429800614
78,78,0.124355421954,1.86586390216
79,79,0.646714701587,-1.95059443858
80,80,-0.477743840458,-1.69047976304
81,81,-0.145008924214,-2.13076332459
82,82,0.029740212662,-1.95459730204
83,83,0.115373519997,2.04463931609
84,84,0.0610946694812,-1.8420850551
85,85,2.11956692398,-0.192648134625
86,86,1.78915155755,-0.466786118461
87,87,-0.00177590341528,-2.18132940515
88,88,0.0935962001337,-1.84894539717
89,89,-0.523503089248,-0.683089115663
90,90,0.189108496527,-0.601649891876
91,91,0.0501591615375,-1.66561310817
92,92,-0.636306929535,1.71532894214
93,93,-0.61972286661,-1.5524947818
94,94,0.009020681567,2.07571066817
95,95,1.91734864031,-0.158018250912
96,96,-0.673506515765,1.69355684858
97,97,-0.262929259774,1.83002955408
98,98,-0.336333685532,0.311996670361
99,99,-0.264690770423,1.73442137346
100,100,-0.126259364278,1.76764569636
101,101,-1.00432213939,0.562814274203
102,102,-0.123337353329,-1.67883507565
103,103,-0.737456439725,1.72050108017
104,104,-0.307701685736,-0.972335827569
105,105,-1.04641961561,0.0107440888073
106,106,0.606260522722,0.793118785539
107,107,0.279075232142,-1.48079495944
108,108,-0.427592551101,0.47935354361
109,109,-0.616144297327,0.568285422615
110,110,0.891365397977,1.17985098127
111,111,-0.108082494117,-1.8687244738
112,112,-0.380619408016,-1.33704962929
113,113,-0.0250656534124,-1.80002016004
114,114,-0.200615590687,2.08813013152
115,115,0.099285906126,-1.48247451039
116,116,2.06592563872,0.0147075192455
117,117,2.3027245358,0.012809155565
118,118,0.474184653624,-1.92925867189
119,119,1.70018313033,-0.121147480353
120,120,2.04459880758,0.0208044523743
121,121,-0.398926615941,2.12051124428
122,122,0.989387090804,-1.12907104114
123,123,2.62892978573,-0.210302485275
124,124,0.701294155783,1.60144310534
125,125,0.23628591875,-1.92890138494
126,126,0.0137600616619,-1.91639706171
127,127,-0.863918928806,0.704869866804
128,128,-0.0837552644715,-1.81992528085
129,129,-0.219320270325,-1.24047545951
130,130,-0.609711750152,-1.35748017384
131,131,0.907839540163,0.917138308294
132,132,-0.393251398911,-1.656668018
133,133,-0.084462094528,1.47960018611
134,134,0.210786445753,-1.98016404911
135,135,0.631589996144,1.4256876825
136,136,-1.35226767088,0.645922740894
137,137,-0.553375336804,0.685931639961
138,138,-1.21734057464,0.771632076662
139,139,-0.0160367154918,1.86570463379
140,140,-0.510320198522,0.0395951028283
141,141,-0.63588838161,0.376195801168
142,142,0.425534823559,-1.74968464736
143,143,-0.472999640527,1.84432123349
144,144,-0.846298662657,1.63558630714
145,145,-0.874620814973,1.35372393566
146,146,1.56672742694,0.507416832539
147,147,0.126182881532,1.36723751434
148,148,2.14631298963,0.0364440643895
149,149,2.25346953004,-0.0271876289578
150,150,-0.0283849604762,1.89230120328
151,151,0.843216066826,-0.745250391105
152,152,2.35006402744,0.012478074863
153,153,2.08191057881,-0.238262223536
154,154,2.19644865184,0.102277508068
155,155,0.245138132089,-2.2876092952
156,156,0.137232350418,-1.94708267517
157,157,2.32557384637,-0.208587174388
158,158,0.0967344467631,-2.09977859518
159,159,1.47586771079,0.329065682375
160,160,0.314876024424,-2.22128305146
161,161,0.298638156401,-1.60019347855
162,162,-0.0136492939619,1.88498154026
163,163,0.498397185266,-0.444293479567
164,164,-0.849258405472,-0.799616970555
165,165,-0.357586249315,1.46370059787
166,166,0.207213550736,-2.05060264294
167,167,-0.627348759058,1.38894207557
168,168,0.758460776531,1.05217864719
169,169,-0.117148048912,0.127469347833
170,170,-1.00644554935,-0.807076459565
171,171,-1.11612761845,-0.978354982996
172,172,-0.695808184315,1.10738495405
173,173,-1.08751037666,-0.669537397448
174,174,-0.575244579891,-1.54099200823
175,175,0.166508846137,1.57508304018
176,176,0.166941999268,0.86986778912
177,177,0.0365492560978,-1.84057237559
178,178,-0.0212329733127,1.1083302224
179,179,-0.270457451444,-1.13601529257
180,180,-0.75194842352,-1.14630884312
181,181,0.921482815036,-0.323160598033
182,182,-0.368212342363,-1.11174983337
183,183,0.145112787599,1.07513986461
184,184,0.112551660852,0.509519754729
185,185,-0.267309840043,0.264272670449
186,186,0.604750026372,-0.504012817005
187,187,0.245967173049,-0.450370689313
188,188,0.0537112169197,-0.64219939921
189,189,-0.051306839744,-0.140593195226
190,190,0.324853048859,0.417412669699
191,191,-0.64110325783,-1.42019166285
192,192,0.0333556256734,-1.87862327315
193,193,-0.0206419079621,2.34897471756
194,194,-0.334718394603,-0.893204753617
195,195,1.92179740385,0.0289867381153
196,196,2.3613884339,0.285647982173
197,197,0.299197383348,-2.05533452257
198,198,-0.837649200175,1.21808589827
199,199,0.254108475466,-1.91289679302
200,200,0.418540931325,1.73769821719
201,201,-0.22489899496,1.96299427945
202,202,0.681710952136,-1.80089380706
203,203,2.11334312793,-0.266191722543
204,204,-0.200640239594,1.94627936936
205,205,0.343264590269,-1.8998287369
206,206,0.309063827093,-1.5814874082
207,207,0.190695306146,-1.944847477
208,208,-0.124215072783,1.81125846463
209,209,0.00812110912457,-2.16738207542
210,210,0.556370915063,-0.597365240033
211,211,0.0941753657484,-1.95983825529
212,212,0.246462148462,1.75667251314
213,213,-0.754128742321,1.77172756077
214,214,0.00950000560679,1.95792927998
215,215,0.229141695599,-1.66538558033
216,216,1.82801676076,-0.520857333716
217,217,1.49626765962,-0.944511144481
218,218,2.31388749302,0.342958889156
219,219,0.0877215801863,-1.86150134548
220,220,0.210769915031,-1.61636690947
221,221,1.59832090112,0.563065016766
222,222,-0.352320927983,1.86417413442
223,223,-0.188138743798,1.67723624293
224,224,-0.802716458642,1.42054774792
225,225,-0.356845755475,0.223855692117
226,226,-0.762243966776,-1.36114798727
227,227,-0.758724843143,1.62220994875
228,228,-0.5766827977,-1.16129501104
229,229,0.0305994098382,1.69396913676
230,230,-1.14112448272,-1.01342200888
231,231,1.26987586472,0.659635782849
232,232,-0.0437421479168,1.70844447169
233,233,-0.55196404009,1.61378229591
234,234,-0.565718688093,1.63548718791
235,235,-0.541496721938,1.67399965192
236,236,-0.508093966659,1.5189625062
237,237,-1.27562841643,0.820470181133
238,238,-0.717478226135,1.35133557733
239,239,-0.730967421822,1.23342796974
240,240,-0.690742183056,1.40354199258
241,241,-0.847952591705,1.52323730849
242,242,0.221499178374,-2.03846569505
243,243,-0.670714015176,-1.53332676462
244,244,-0.572490228484,1.6629041692
245,245,-0.0157586846983,1.09308620379
246,246,-1.21307088623,-0.8440581516
247,247,-0.253357148628,1.35552649294
248,248,-0.710369437431,0.268841242532
249,249,-0.425593255806,0.344749985581
250,250,-1.10583545822,0.830296739411
251,251,0.1663328611,1.21520594138
252,252,-1.46164187547,-1.23234127266
253,253,0.1958415224,-1.86101915942
254,254,0.133679802756,-1.980791421
255,255,-0.43349498352,1.4117212345
256,256,-0.209184534609,0.780297952503
257,257,-0.7985472654,-1.15531312563
258,258,-0.320298238693,1.80318738632
259,259,0.122448973673,-1.40853413372
260,260,-0.108967378995,-2.28396455346
261,261,0.123451760932,-1.97287905701
262,262,-0.0632866087687,1.7749334027
263,263,-0.0177532629046,-1.8726538305
264,264,-0.0159174359515,-2.11299114558
265,265,-0.17771978479,1.89525010888
266,266,-0.400959239848,-2.00674883723
267,267,2.30143180461,0.0451458217504
268,268,2.11468660168,0.244461471499
269,269,2.44256289898,0.0463989878853
270,270,-0.353822201013,-2.25411118611
271,271,0.184345670375,-2.31344162425
272,272,-0.939665814309,0.314963512108
273,273,-0.325152781727,1.95413427271
274,274,0.832429502599,-1.64793969938
275,275,-0.174412450535,1.72849195926
276,276,0.62942075778,-1.86177796065
277,277,0.000893099215915,-1.85825411249
278,278,0.106031462715,-1.90715272089
279,279,0.916082512683,1.40514683751
280,280,0.255826646804,-2.08600164642
281,281,0.52096500441,-2.12382504147
282,282,-0.329474006792,1.82992631489
283,283,-0.0798802758758,-1.7948821095
284,284,-0.369478544912,1.58864901714
285,285,-0.101358341332,1.79024946196
286,286,-0.0553473009025,2.36078959775
287,287,-0.147715426277,-1.51522585868
288,288,1.91175863864,0.134180592424
289,289,2.12262020822,-0.0282486723336
290,290,-0.018007256409,-1.93859857446
291,291,0.114239932178,-2.26186373174
292,292,-1.41928010583,0.617686035335
293,293,0.669554019194,-1.53172612875
294,294,-0.547679932649,1.54163658664
295,295,-0.728959598285,1.24505244032
296,296,-1.47994193054,0.681281767171
297,297,-1.08114997392,-0.704283410775
298,298,-0.302532309033,1.42300112831
299,299,-0.690733184133,1.7553059089
300,300,-0.12304936587,-0.481699013242
301,301,0.518260623406,0.038536877124
302,302,-0.145002350597,0.571690710731
303,303,0.262227836182,0.407360755345
304,304,1.15834717624,-0.704651091674
305,305,1.03796557607,0.466188420557
306,306,-0.383550953006,0.526643440988
307,307,0.473792646383,-1.52771121648
308,308,0.832365712947,-0.284394119974
309,309,0.592465332359,-1.96297326779
310,310,1.11654701353,0.719421280577
311,311,-1.14283804378,1.02892674983
312,312,-0.891766438297,1.31925697786
313,313,-0.20689293634,-0.472795339868
314,314,0.309524339102,-2.11205269461
315,315,0.192762112367,-2.09903303591
316,316,2.34205250729,-0.336807149678
317,317,0.147175805672,-1.85196764691
318,318,-0.21183132975,0.167075695037
319,319,0.357775644843,-1.77677350655
320,320,0.170717837679,1.21653593243
321,321,-0.68743369103,-0.894859042533
322,322,0.477894769184,-1.83877266381
323,323,0.46106120638,0.318138509278
324,324,0.895298936144,1.24017266402
325,325,-0.194047548354,1.60486871849
326,326,-0.178739282055,1.80744362168
327,327,0.217521889853,-2.03282098343
328,328,-0.0847783826644,1.05269672669
329,329,2.06826341482,-0.501703709165
330,330,0.071527753975,0.191812365581
331,331,-0.163615456687,1.99488199821
332,332,1.28380011169,-1.11826008578
333,333,-0.132052507579,1.95297973373
334,334,-0.592314378308,1.77721338734
335,335,-0.151181497622,2.21935118596
336,336,0.961872964698,-1.5895091795
337,337,1.18753201253,0.94095581268
338,338,0.0188199147365,-2.02457740869
339,339,0.23225927618,0.682569066688
340,340,-0.256304507281,-0.418206955182
341,341,-0.475376353695,-0.882278553544
342,342,-0.64454421095,1.23786796264
343,343,-0.784069449872,0.900489345078
344,344,-0.870418876658,0.967660668017
345,345,1.66827746771,-0.238462094789
346,346,1.80788425036,-0.50914836107
347,347,-0.109080127359,1.84753167511
348,348,-0.0258772826276,2.02302136595
349,349,0.0392445482502,-1.98977154878
350,350,0.552586113806,-1.6481207246
351,351,-0.122055628681,2.06604975495
352,352,0.362155456186,-1.76792589122
353,353,0.0542521334197,-1.79344141767
354,354,0.210429723,-1.74884352506
355,355,1.99205184743,-0.0308925811141
356,356,0.369861591939,-1.75283000348
357,357,0.571208239869,-2.02945674406
358,358,0.181785095553,-1.82710315398
359,359,0.850402692371,-1.70503603739
360,360,0.570000323228,-1.21399697446
361,361,-0.0975348731074,1.69816182477
362,362,-0.274697982119,2.0001236276
363,363,-0.144156239803,1.99897522131
364,364,-0.186690747356,2.37020459419
365,365,-0.204653083748,2.03375847106
366,366,0.321952267991,-2.06520070971
367,367,-0.112892751194,2.26174725411
368,368,0.114873319987,-2.20838772627
369,369,1.7667548291,0.70472035205
370,370,2.55993022767,0.070011187229
371,371,2.1148788668,0.0515652823503
372,372,2.12013181527,0.109152406336
373,373,1.88572797084,0.111195084034
374,374,2.33176823523,-0.0321837013689
375,375,2.15738440926,0.00487449029651
376,376,2.32597516989,0.0375737833838
377,377,1.93962609558,0.21336490686
378,378,-0.0605543022607,-1.96812171035
379,379,-0.0417495729465,-1.8340398211
380,380,0.303768914613,-1.78232971153
381,381,2.06710710975,0.0758769859782
382,382,2.2172985493,0.16208840526
383,383,1.69877839478,0.271930404111
384,384,0.174974460303,-2.26187071244
385,385,0.117357530877,-2.09016802322
386,386,1.68995808876,0.417586855786
387,387,-0.262090275289,1.96483240464
388,388,-0.300930574938,1.9968089028
389,389,-0.489721012634,2.12521499293
390,390,-0.147703885241,2.08657837615
391,391,2.34119828654,0.145233932215
392,392,-0.298467830218,1.94487801099
393,393,0.587445447658,-1.97694893899
394,394,0.206795830664,-1.92625828005
395,395,-0.137999968176,-2.00697226623
396,396,-0.000991726695157,-2.0745708768
397,397,-0.0322795225306,1.83776732405
398,398,-0.274676336278,-1.79514543768
399,399,-0.147501955985,1.99664377735
400,400,-0.0687987904826,-1.96235908224
401,401,-0.00407404441548,-1.84633929489
402,402,0.576424927155,-1.7240395054
403,403,0.763419052675,-1.87345347
404,404,-0.371208744541,1.75652449077
405,405,0.156103643809,-1.62128651595
406,406,1.18657262792,-1.05128657265
407,407,2.59961138989,-0.126772762816
408,408,2.35948482633,-0.135443882271
409,409,2.38835077022,0.12030803389
410,410,-0.307099743129,1.76497853203
411,411,2.09401209295,0.101625141005
412,412,0.099594129563,1.95462540537
413,413,2.22484163425,-0.000835536456593
414,414,2.29852034294,0.0742316564901
415,415,0.0528995129283,-1.87012311107
416,416,0.039957690342,-2.1114878297
417,417,0.159287033773,-2.27796969594
418,418,2.00387039087,0.0307456341475
419,419,0.566888866946,-1.65678875107
420,420,-0.0746296785201,-2.13015100354
421,421,2.00949657385,-0.193065679381
422,422,0.156969594407,1.87435025125
423,423,1.58988369501,0.535918853516
424,424,-0.0294826629815,-2.20608899842
425,425,0.0149130155138,-1.85845207255
426,426,1.6245152752,0.6906032548
427,427,0.0556062952683,-1.56543811698
428,428,0.0687406060687,-1.78204545675
429,429,0.690184039104,-1.66949844613
430,430,1.008490643,-1.61192747111
431,431,0.609170333005,-1.74507757777
432,432,-0.100032325685,-2.05968143597
433,433,0.143660759199,-2.04742818303
434,434,0.0508169623956,-1.96552274637
435,435,0.0141428491067,-2.18802982201
436,436,0.63626215008,-1.78622947228
437,437,0.736552343104,-1.76798413177
438,438,0.0848243299033,-2.1611871718
439,439,0.713374788498,-1.75607532835
440,440,0.208935567141,-2.08877739339
441,441,0.583132076531,-1.61792762292
442,442,0.0497622158196,-2.21169158882
443,443,2.00050697209,0.293261258641
444,444,-0.0696132785386,-1.98007332367
445,445,-0.044177161684,-1.87788213573
446,446,0.507990559206,-1.51288825569
447,447,0.0334873339358,-1.85823182249
448,448,0.524612447575,-1.86993315664
449,449,2.31279602973,-0.0219997359708
450,450,2.23572983695,-0.151078420168
451,451,-0.0356798916976,-2.02798547607
452,452,0.673106970065,-1.7787439522
453,453,-0.0842311976911,-2.18863387188
454,454,0.599255913205,-1.83383457641
455,455,0.0351768670772,-2.24605029215
456,456,0.192737422225,-1.88901559509
457,457,0.0243799541324,-2.30991177291
458,458,-0.223044546454,-2.04621580416
459,459,2.19067252221,-0.0222839228079
460,460,0.080753826405,-2.21996209596
461,461,0.650408767585,-1.79908843919
462,462,2.02952649874,-0.0776166310691
463,463,0.101954432684,-1.99333407841
464,464,-0.555183556002,-1.20493096559
465,465,0.527754551564,-1.88704659313
466,466,0.141000531751,-1.97363939494
467,467,0.621642271596,-1.70209617835
468,468,-0.0813008503493,-2.15093085574
469,469,0.00356038428228,-1.8668455559
470,470,0.00458863781182,-0.354305731377
471,471,0.459086827571,2.00328803888
472,472,-0.153335365899,-1.95701029919
473,473,0.568642959689,-1.51242489311
474,474,-0.346632852638,1.53571674374
475,475,1.03449269747,1.32075572253
476,476,0.741276509483,1.00954791268
477,477,2.23698457287,-0.132992292473
478,478,2.37965036088,0.113440958383
479,479,0.13745124584,-2.04347607185
480,480,0.797252858209,-1.35828698842
481,481,-0.333218210709,1.85146218098
482,482,-0.00824395414877,-1.88784329822
483,483,-0.912425457985,1.20709823273
484,484,0.204365908174,0.160479716876
485,485,1.56944225979,0.561973739635
486,486,1.95733889376,-0.0438855481486
487,487,2.34957351384,-0.16652878919
488,488,1.84017284788,0.0374962909892
489,489,0.462581742967,-1.86354642256
490,490,0.464662401111,-1.96917987521
491,491,-0.561341930967,1.81763177603
492,492,-0.0314443476598,1.99037358023
493,493,0.746732176046,-1.7498720727
494,494,0.0526122653777,2.15473050997
495,495,1.04589962824,-1.20257943397
496,496,1.74957547602,-0.55807246015
497,497,-0.147120665566,-1.96909304501
498,498,2.59023215046,0.178259260706
499,499,2.08120929893,-0.181852176221
500,500,0.101576734552,-1.8961696834
501,501,-0.0305453758314,-1.97683053368
502,502,0.113381716013,1.91596969949
503,503,-0.0955331691593,2.04112251797
504,504,0.149705630404,2.15686339023
505,505,-0.228643559712,1.90643388638
506,506,0.0603126246201,-1.81322434389
507,507,2.13347785925,0.250334143283
508,508,-0.33084703973,1.9381510568
509,509,0.13078268889,-1.97731283383
510,510,1.50245043452,1.07120201062
511,511,0.0929409009335,-2.12395703903
512,512,0.207559562232,-2.10619592539
513,513,0.0222424738011,-2.19805573234
514,514,-0.137879650704,2.10546001856
515,515,0.63507946313,-1.42046628699
516,516,2.19096461911,0.178456760377
517,517,2.27148670209,-0.0255000018976
518,518,0.445269848669,-1.90410663722
519,519,0.133185598891,-2.16383634128
520,520,-0.0924748732382,-1.97893233996
521,521,0.341861119718,-2.37883319682
522,522,0.0593005883852,-1.79751347633
523,523,-0.0316671945399,1.79564639026
524,524,-0.201940912035,2.16585450032
525,525,0.0633460427166,2.00227379726
526,526,-0.02920287019,1.81242117927
527,527,0.0208888810945,2.04196593032
528,528,-0.357674126891,1.97780675939
529,529,-0.119582598339,-2.29077512329
530,530,-0.0828242980533,-1.93892499524
531,531,0.102380592495,-2.04075808592
532,532,-0.33076933369,2.03578266088
533,533,-0.929722240188,1.36734788096
534,534,-0.294184282096,2.0453827068
535,535,0.523770677102,-1.98180199502
536,536,-0.439160525588,1.76857653249
537,537,-0.410149110328,2.13920291112
538,538,-0.214694475361,1.73831837662
539,539,-0.421568999386,1.65686701642
540,540,-0.33654707834,2.02238415773
541,541,0.0657886282335,1.9763731407
542,542,-0.324886906759,1.62370498977
543,543,0.61820257816,-1.70604991517
544,544,1.89567793825,0.0771787362362
545,545,2.25922301153,-0.153517657593
546,546,2.13876427101,-0.0342160186856
547,547,2.05570833138,-0.104122976547
548,548,2.14556970197,0.191278314134
549,549,0.133384493787,-2.11586393382
550,550,0.166782661921,-1.85947781669
551,551,0.497664369354,-1.04158073611
552,552,0.118934554926,2.15633282962
553,553,-0.309909218911,2.03315545607
554,554,0.753453444681,-1.61330626659
555,555,1.29222826735,-0.743212465836
556,556,0.0713368177862,1.22826592369
557,557,-0.750847458124,0.258323620915
558,558,-0.57834193676,0.854928527271
559,559,0.405583060064,0.682577066513
560,560,-0.663443405526,1.33861409624
561,561,0.844060873937,-0.414459984129
562,562,2.01480372894,0.455397360096
563,563,2.41486726686,0.222471105124
564,564,2.19017688439,0.218790480814
565,565,0.833688458836,-1.1243416517
566,566,2.30938180168,0.170600486994
567,567,1.8964716388,-0.153032243343
568,568,2.14109815167,-0.211789071689
569,569,2.40669651783,0.207203376833
570,570,0.0965902045911,-2.0444855713
571,571,0.0334402712104,-2.04166778051
572,572,0.138244946757,-2.08027685453
573,573,0.770479997203,0.150572616518
574,574,1.01799395859,-0.43510695353
575,575,0.00982671131832,-2.1494730545
576,576,-0.00124539641698,2.11025665857
577,577,0.30963361509,-1.68524421443
578,578,1.49770896454,0.900010663337
579,579,-0.0654036044582,-2.18095567852
580,580,0.0859538734761,-2.10976026086
581,581,-0.0387278545047,1.95906517866
582,582,-0.0194201516928,2.04449011023
583,583,-0.266304469626,-1.80393773155
584,584,2.23210318364,0.160545208683
585,585,2.12921100946,0.0121420060006
586,586,-0.0749511804187,-2.44637978552
587,587,2.10444272046,-0.169132705702
588,588,-0.190319676743,-2.09824727474
589,589,0.721841869135,-1.07455902314
590,590,-0.596704493971,1.77029712431
591,591,-1.18000976221,1.15465685775
592,592,-1.5712124158,1.28148050298
593,593,-1.00997408561,-1.0667599596
594,594,-0.578431055844,1.55907027661
595,595,-0.10855207724,-1.83730596235
596,596,0.803918407497,-0.466935924238
597,597,1.93546233497,-0.0909614149466
598,598,1.2911011281,1.40717174797
599,599,0.31736015423,-1.97754084724
600,600,-0.367965301411,2.40119814806
601,601,-0.0816419750893,1.94776119742
602,602,2.01031769793,-0.384059809854
603,603,0.172688054768,-2.0361136709
604,604,-0.0404153657445,-2.45772218873
605,605,1.32407196187,0.903239793259
606,606,0.212493757061,2.84433075164
607,607,0.589596372406,-1.73108367463
608,608,-0.740876421727,1.44214646523
609,609,0.637372975747,-1.41462216776
610,610,-0.432363691623,1.58717393541
611,611,1.07156000598,-1.40193754111
612,612,2.09041598727,0.349417155967
613,613,1.25048004437,0.761587328981
614,614,0.742464930086,1.52042244091
615,615,0.911508834335,0.569172746854
616,616,0.588993461514,0.961492302889
617,617,0.758680468429,0.415803192017
618,618,0.666359755166,0.876107064309
619,619,0.951273955388,-1.91359394101
620,620,0.666920394855,1.47208061603
621,621,2.17748578688,-0.692967635691
622,622,0.575587285062,-1.83749364884
623,623,1.85068740069,0.874561382821
624,624,0.856323574082,2.30012145299
625,625,-0.488818431837,-1.24803563124
626,626,-0.344448906028,-1.03013107021
627,627,0.651038112946,1.52206697187
628,628,1.29377626155,0.678883136219
629,629,1.45870278429,0.646832475903
630,630,-0.761437462234,-1.52614376745
631,631,-0.340808135962,-1.90405367214
632,632,-0.98767904835,1.18944365749
633,633,-0.675908901346,-1.7029355071
634,634,2.05452554339,0.461277962284
635,635,-0.139934731614,-0.311522385599
636,636,-0.902624005786,0.71864186247
637,637,-0.0597354766087,0.632736325941
638,638,2.33923159905,-0.0316963660384
639,639,0.333802937555,0.116447759526
640,640,-0.863217501331,-2.07743642136
641,641,0.89264486488,0.644958786655
642,642,1.26655163009,1.70799058481
643,643,-0.334564464351,-1.49994081972
644,644,0.18540784063,2.52562603104
645,645,-0.17972172796,1.93074598382
646,646,0.632088126309,0.954279891472
647,647,1.06776370215,0.685829941041
648,648,1.10559148156,0.794527280056
649,649,0.129764248507,1.98011433877
650,650,1.80106337156,0.803449620541
651,651,-0.592033354233,-2.00854435366
652,652,-0.640858376956,-1.78011582575
653,653,1.57520195698,-0.329553532306
654,654,0.868879698357,1.80952413083
655,655,0.750963884685,0.598544277889
656,656,-0.365730584421,-1.46106207228
657,657,1.47256123583,0.621592987806
658,658,0.437052473687,1.85806156849
659,659,1.8780285482,0.0705625174447
660,660,1.60433330582,1.76843565591
661,661,1.30803342145,2.13503882642
662,662,1.39858682752,1.70778260722
663,663,1.07536938321,1.31633529244
664,664,0.653771424937,1.61815732714
665,665,1.06399499154,1.8207952075
666,666,1.15081571759,1.83638539608
667,667,0.250620431096,-2.44245424409
668,668,-0.268944427601,2.56242580947
669,669,0.916897908603,1.55878167129
670,670,0.16691830693,-1.74596180249
671,671,1.14295566571,1.00671144179
672,672,2.42505441809,-0.432935630332
673,673,-0.566280936799,1.40997454009
674,674,-0.902138524802,1.77716760281
675,675,1.12815677439,-0.714204672247
676,676,0.553813956671,2.1426363453
677,677,1.3114785152,1.4631945448
678,678,1.50302083055,0.989674805942
679,679,-0.208832216901,2.52123774555
680,680,1.6808409221,0.487424400846
681,681,1.95609587736,0.595153760647
682,682,2.22394104207,0.123111399799
683,683,1.53230887391,1.22428123885
684,684,0.70834098336,1.14420555787
685,685,-0.108133802276,2.53275136849
686,686,-0.0329959076661,2.56833265572
687,687,-0.213962891808,2.35007935943
688,688,-0.0831860481125,1.89840880911
689,689,-0.0646362501539,2.37846624649
690,690,0.134258211832,2.11499084814
691,691,1.38473856699,0.988321741935
692,692,1.50704660041,1.45763263193
693,693,-0.185474419841,-2.15102003108
694,694,0.112370429726,1.37791045947
695,695,-0.133829445539,-1.66449586324
696,696,0.553812528307,1.42182556289
697,697,1.29501184731,1.94657467047
698,698,2.13914827437,0.324724178291
699,699,3.1041263674,-0.198275781363
700,700,-0.257872603247,-1.6279715506
701,701,-0.335458220304,1.6422115773
702,702,0.0307832558776,2.30889797673
703,703,-0.164916600225,1.95880724686
704,704,-0.666240233284,-1.80008708935
705,705,-0.606740915241,2.04221268285
706,706,0.72875211904,1.29874223265
707,707,0.550452052013,-2.16113557275
708,708,0.245180037073,1.31843204023
709,709,0.83253423813,1.27691405854
710,710,0.120299156986,-1.91703605963
711,711,1.02273990485,0.411773692269
712,712,-0.246152855287,-0.789949792638
713,713,-0.658196471654,-1.45168785988
714,714,-0.39230682736,-2.45284526037
715,715,-0.344075971736,1.79294399685
716,716,-0.1216880041,2.44126732096
717,717,-0.0726471916333,-2.26994093884
718,718,1.19528506604,1.69888519245
719,719,-0.022996927441,-1.57763075204
720,720,0.445186998747,1.59216990628
721,721,-0.306335205154,-2.09264430411
722,722,-0.571346566122,-1.71376671437
723,723,0.806179684452,1.49466998966
724,724,0.678308276893,1.62386568461
725,725,1.25178165852,1.25752730167
726,726,-0.158100689005,-2.48547358837
727,727,-0.628095731854,-1.99551223861
728,728,0.951297171746,-0.872268854376
729,729,2.17649595695,0.428870519045
730,730,-0.151268326772,-2.20682004379
731,731,0.203124800211,-2.39778322435
732,732,0.0241430988712,-2.54517539532
733,733,2.23830224818,0.310218716897
734,734,-0.0770108746933,-2.50023101548
735,735,0.154520839082,2.19595406463
736,736,-0.00555498142083,-1.9430438718
737,737,-0.394856862023,1.89703882874
738,738,1.06807020569,-1.67310952542
739,739,-0.628944113428,2.039860349
740,740,0.313681145923,-1.91046363445
741,741,0.19234501782,1.95462467751
742,742,-0.8639033101,1.12145453919
743,743,1.2301207808,-2.1446953168
744,744,0.729332766011,0.605344579018
745,745,-0.734947449906,-1.73175060277
746,746,0.143929917768,-1.3563379562
747,747,0.832532245463,-0.602211443924
748,748,1.31949684871,-0.980869471884
749,749,-0.0311120817001,-2.73178748398
750,750,-0.224794672032,-2.66869812461
751,751,-1.32616124025,-1.11080707467
752,752,0.108678440626,2.41717200399
753,753,2.41936327668,-0.46527053643
754,754,0.0254124203229,-2.39161492317
755,755,-0.386270637484,-1.95792209554
756,756,0.118926513986,-1.96831825317
757,757,-0.212803523628,-1.8829569749
758,758,-0.128440295023,-2.28118208458
759,759,0.531250425255,-2.13602466747
760,760,-0.531662274878,-3.01793263971
761,761,-0.52061764414,-1.69152836543
762,762,0.325215339657,-2.09326688189
763,763,0.100417208961,2.29421165381
764,764,1.76122042982,0.508008632645
765,765,0.0758882354979,-1.98791984399
766,766,-1.45935667756,-1.5688440939
767,767,0.161522400103,-2.34591640176
768,768,-0.293051341796,-2.44560268912
769,769,-1.09477227372,-1.32227041529
770,770,-0.450015704752,-1.38529305489
771,771,0.11708639727,-1.62205801286
772,772,-0.339813289434,-2.32840536748
773,773,0.616754684531,-1.52770721725
774,774,1.45012222012,1.64339166053
775,775,0.276501366843,-1.89847785454
776,776,0.616647351134,-2.16561999435
777,777,-0.282660798852,2.1830240715
778,778,0.349117923892,1.19860342281
779,779,0.28241820923,1.55004196034
780,780,-0.1220881898,-1.432062587
781,781,0.285862929367,1.98504456074
782,782,0.014887063654,-2.18444736441
783,783,-0.0857143947677,-1.98665919295
784,784,0.336714282063,-2.04266627052
785,785,-0.283624448938,1.79853435624
786,786,0.0935301189826,1.82688406823
787,787,-0.229606442259,1.89399587752
788,788,-0.211237576961,1.90948874131
789,789,0.24202620487,-1.75066966339
790,790,-0.0555053993043,-2.22697742998
791,791,-0.197979864986,1.82052575284
792,792,0.0947297060859,-1.92207693019
793,793,0.968033641723,-1.32992260374
794,794,-0.180008144614,1.95750039846
795,795,-0.0743107840965,1.90135498802
796,796,-0.118527633516,1.8023084374
797,797,0.481306305519,-2.26094310893
798,798,1.7224068883,0.507927030765
799,799,2.51482471954,-0.0463112168111
800,800,2.23862681198,-0.0489736644714
801,801,1.78180040336,0.0659384643518
802,802,0.124770669615,-2.08236888724
803,803,0.366645693038,-1.85738936938
804,804,2.13582784991,0.0894445108426
805,805,-0.175871486034,2.10921640632
806,806,-0.0851798992278,1.97044720267
807,807,-0.101948930963,1.83736920248
808,808,-0.0679372933274,2.29301993295
809,809,0.197040041378,-2.04149030285
810,810,0.177239092831,-2.3783832668
811,811,0.154532666111,-2.04746191002
812,812,-0.115570322011,1.97351746829
813,813,-0.0146122774814,2.2285269495
814,814,0.334720857758,-1.70979360356
815,815,2.16193891917,0.21837673092
816,816,-0.45148990434,1.91685614484
817,817,-0.00963961461809,2.0828075207
818,818,0.42402074554,-1.9028968523
819,819,-0.143587079748,-1.88099759569
820,820,0.177975663979,2.20905052771
821,821,0.222625438748,-1.92498184335
822,822,2.45181342172,-0.0427234895035
823,823,2.41252699096,-0.00926135596417
824,824,-0.141957727295,1.91226569521
825,825,-0.0369217464536,1.87992834001
826,826,2.13761812966,0.113958550215
827,827,-0.0203537702028,1.99294100961
828,828,0.0431092917205,-1.80090883069
829,829,0.225269329871,-2.22106282909
830,830,0.0970864758329,-1.8841313547
831,831,2.35205716982,-0.0266030049808
832,832,0.0353041288404,1.78943759216
833,833,-0.0774718672453,2.13975543415
834,834,-0.0339606808333,-1.6699214514
835,835,1.70452577564,0.31842819521
836,836,1.40238466919,0.439576680929
837,837,2.32706286958,-0.0639197749282
838,838,1.89778194113,0.173995116266
839,839,0.168952966834,-1.87098644339
840,840,0.528083300531,-1.7705014331
841,841,-0.276499429344,1.96892546075
842,842,0.607427841938,-2.00766245425
843,843,0.217390246328,-1.73574104216
844,844,-0.0860796748641,-1.98716868751
845,845,-0.157340925433,1.88356098184
846,846,0.169138952082,1.7787470021
847,847,0.019335131115,1.8010920778
848,848,-0.113737654442,1.9458439943
849,849,-0.104090616047,1.93947918693
850,850,0.136439511831,-1.78481816498
851,851,-0.265528652962,1.8795056176
852,852,0.861073719728,-1.93386984336
853,853,-0.334739432686,2.24545391145
854,854,0.0450141635798,-1.91134951596
855,855,0.250226764331,-1.99950851488
856,856,2.35339841188,-0.192665853743
857,857,0.0115528359645,-1.94116724718
858,858,-2.48286450784,0.00397888463617
859,859,-1.08902310381,1.283652185
860,860,-1.36635772779,1.1900484068
861,861,0.421502627813,-0.848596325797
862,862,-0.946272467647,-1.26892050551
863,863,-0.529079511668,1.60087195692
864,864,-0.013348037622,-1.80515722937
865,865,1.63123786608,0.223173783464
866,866,2.20803547843,-0.0924135415924
867,867,2.11839395764,0.0627186350384
868,868,0.490310615447,-2.16603633302
869,869,0.385259351896,-1.8006522507
870,870,0.430520542509,-0.852144970734
871,871,2.0273783614,0.351769391968
872,872,0.248702325645,-2.0284933558
873,873,-0.449774954811,1.60047450053
874,874,0.112254863484,1.31196228912
875,875,2.32788359007,0.0015635032211
876,876,-0.122377338436,-0.315619286011
877,877,0.000425407863539,-1.12960158574
878,878,0.43763531312,-2.21113046734
879,879,-0.409636019841,-1.16683922704
880,880,-0.381940615056,1.37967397937
881,881,0.126754363924,2.14389302389
882,882,1.95193045555,0.165164648185
883,883,2.15394664579,-0.0188807186636
884,884,2.29744345444,0.120409205271
885,885,0.306906078345,-2.18185290812
886,886,-0.107468318528,-1.94019404746
887,887,0.183069282777,-2.06774574265
888,888,2.13119735914,0.060602206175
889,889,0.227805021954,-1.98112375445
890,890,0.0644447258403,-1.74182611136
891,891,1.70129152818,0.662613004807
892,892,-0.136478072598,2.22004314059
893,893,0.347197496522,-2.16264044248
894,894,0.523549703219,-1.68571597861
895,895,0.571097623348,-1.89643937962
896,896,0.285299762088,-2.21037654738
897,897,0.143296352168,-1.64022545419
898,898,0.972117429465,1.03650520957
899,899,0.272881871155,-1.84211280051
900,900,1.18504625731,0.631331913525
901,901,-0.0669482299622,2.22935323085
902,902,1.19280008478,-1.3087470868
903,903,-0.123394192379,1.61661979759
904,904,-0.349964884015,1.73710386792
905,905,1.69077365999,0.77635456945
906,906,1.52883840366,0.376502282907
907,907,1.31019615892,0.607137092714
908,908,1.34608416288,-0.285739291376
909,909,2.11977656491,0.252395020412
910,910,2.21919090519,0.153034318307
911,911,-0.0129543103461,1.97319522367
912,912,2.0931350054,-0.0772612337512
913,913,2.42233952187,0.34892310545
914,914,1.79726688183,-0.475552166088
915,915,-0.173391579863,1.5401603955
916,916,-0.0951745230595,1.77185704431
917,917,0.121450190356,-1.9231784342
918,918,-0.0287014638794,-1.84102932157
919,919,1.49211797064,-0.491273930982
920,920,0.809473755259,-1.8237665018
921,921,0.448423774157,-0.164533623739
922,922,0.243798143775,-1.86120655098
923,923,0.630266946075,-1.95597975912
924,924,-0.541138830898,1.5854552015
925,925,0.0631481020787,1.5114050475
926,926,-0.657128760736,-1.41924688134
927,927,0.270424139297,-1.84535099655
928,928,-0.039235157929,1.08109857246
929,929,0.520000232185,1.57353577983
930,930,0.00326755777223,2.05343661497
931,931,2.18378174668,-0.222005058086
932,932,0.9868376965,-0.748443236181
933,933,2.21191344191,0.35025582235
934,934,2.19038502578,0.153627134067
935,935,-1.23740638478,-1.50071591955
936,936,0.834030651387,0.51506854981
937,937,1.26733090978,-0.655143945101
938,938,-0.0253356810893,-1.69804224391
939,939,-0.909661866423,1.35472006978
940,940,-0.552778337149,1.47222203892
941,941,0.763641372813,1.25431742103
942,942,1.57846406468,0.571994192999
943,943,-0.965041736181,0.197794680485
944,944,-0.0693589006517,0.705414956801
945,945,-0.132952638794,-1.62307274062
946,946,-1.11005819787,-1.16310343802
947,947,-0.44070163031,1.47741640371
948,948,-0.768903805112,-1.31524129123
949,949,-0.384691830262,-1.68300103883
950,950,0.511894356053,0.850825339477
951,951,0.332004206,0.978313335959
952,952,-0.164583401386,-1.64554001787
953,953,-0.0304625426378,-1.99782501514
954,954,0.578073262809,0.934346442493
955,955,-0.350566068429,-0.999263479889
956,956,0.0798104796792,1.82816068401
957,957,0.386924083962,1.17363810519
958,958,0.437327414837,-1.82783651163
959,959,-0.010928926905,-2.03578190902
960,960,-0.0758110540017,-1.96185289736
961,961,0.214492315797,-1.91573652826
962,962,-0.00427086983354,2.27280803315
963,963,0.886877297966,-0.623966784361
964,964,0.288136586074,-2.11651074349
965,965,-0.165181825861,2.0146059336
966,966,1.12704237079,-0.287278285108
967,967,2.11405524413,0.0625252431557
968,968,-0.650414933631,-1.13853413246
969,969,-0.962502159043,-1.14067241513
970,970,-0.826350676917,-1.38816115509
971,971,0.0508129632566,1.47479004219
972,972,-0.741231737358,-0.503076981947
973,973,-0.763296533264,-1.20660230012
974,974,-1.00298258849,-1.16007936689
975,975,-0.946205314705,-1.1022572475
976,976,-0.559866496296,-1.44576720179
977,977,-0.256487497874,-1.71475446908
978,978,-0.651891081157,-1.58764332398
979,979,-0.192627655353,-1.69177847443
980,980,0.358406682504,-0.80976838149
981,981,2.22807425228,-0.00191578134345
982,982,0.205433622976,-1.8157148142
983,983,-0.653406102246,-1.23101483242
984,984,-0.135252524759,2.23482394086
985,985,-0.1119712669,-1.28382439691
986,986,-0.462772938946,-1.5143202689
987,987,-0.711969311279,-1.58442967069
988,988,-0.00720379218446,1.41469587986
989,989,-0.521237670139,-1.16378609031
990,990,-0.724070773616,-1.44792724646
991,991,0.175436086704,2.21127340544
992,992,0.0789308003239,-1.55133698038
993,993,0.111138954446,-2.17161014169
994,994,0.335597228122,-2.158901101
995,995,1.68932543443,0.270942030861
996,996,0.219093544062,-1.86879710725
997,997,-0.567513698749,-1.24683927625
998,998,-0.917807337303,-1.19002805276
999,999,0.163793920567,0.444900108812
1000,1000,-0.536212685534,1.11154479184
1001,1001,-0.604580655691,0.898324812264
1002,1002,-0.960960003444,-1.06037189892
1003,1003,-1.47584464927,-0.721672356389
1004,1004,-0.0447449496415,1.97016661314
1005,1005,-0.443906626824,1.97015695119
1006,1006,0.865541217778,-1.43991582603
1007,1007,0.25511788607,-0.328594163105
1008,1008,-0.253246439691,2.12017298859
1009,1009,0.741407237259,-1.40642283046
1010,1010,2.14568411655,-0.0460322069184
1011,1011,2.2014439366,-0.0997304895509
1012,1012,2.48697611411,-0.107994069857
1013,1013,0.661994825646,-1.55690973648
1014,1014,0.158538076191,2.07495773276
1015,1015,0.229326431208,-2.11042408904
1016,1016,-0.581894146274,-0.443009850669
1017,1017,-0.664081521001,1.44304795281
1018,1018,2.43441989133,0.252835283789
1019,1019,-0.471346279218,1.74337158068
1020,1020,0.368266340867,-1.67307482524
1021,1021,0.604117521928,0.250919033434
1022,1022,0.253234451411,-1.589293902
1023,1023,-0.580019343421,1.73724352126
1024,1024,-0.313902206555,1.06124737042
1025,1025,-0.197160875389,0.913771619351
1026,1026,0.62525103013,0.414382237475
1027,1027,-0.262789266654,-0.114151235516
1028,1028,-1.0330116484,0.286552701304
1029,1029,2.06469295607,-0.00673158523292
1030,1030,-0.505758125378,0.971206388583
1031,1031,0.263693009886,1.68787113871
1032,1032,-0.495286874104,0.915377496042
1033,1033,-0.924828393172,-0.405441432112
1034,1034,-0.438635980694,-1.91522268905
1035,1035,0.583235199514,-0.830337088782
1036,1036,-0.358148560468,-0.784799113016
1037,1037,-0.0205263378532,2.22278435362
1038,1038,1.22456944607,-0.762463950141
1039,1039,1.79402570444,-0.192699589893
1040,1040,-0.0751807518326,-2.03730420118
1041,1041,2.11206324433,0.128915355693
1042,1042,0.188797547069,-1.99486231374
1043,1043,-0.120347195742,-2.20852684318
1044,1044,-0.592067039145,1.43589308403
1045,1045,-0.579272869175,1.5303791975
1046,1046,-0.533608017199,1.82525412967
1047,1047,-0.209858715764,1.71705782186
1048,1048,0.630027096891,-1.55075549718
1049,1049,-0.246508215881,1.74870935797
1050,1050,1.02815128609,-1.69102431381
1051,1051,0.246569883991,-1.714085059
1052,1052,-0.22677093615,2.00362917223
1053,1053,-0.40048438229,1.59373951601
1054,1054,-0.476202228524,2.06469583465
1055,1055,-0.0454909021407,1.87136248727
1056,1056,0.67495041778,-1.92510807977
1057,1057,0.211275620529,-1.93218378783
1058,1058,0.212901821167,-2.02353758805
1059,1059,-0.072232752838,1.61827560757
1060,1060,-0.06289836935,1.87729526435
1061,1061,1.00906580986,-1.64769735608
1062,1062,-0.11557469948,-2.20432549143
1063,1063,0.356788642163,-1.73524293601
1064,1064,-0.288273532062,1.96045693853
1065,1065,-0.221525996395,1.78153268439
1066,1066,0.181084037111,1.96176636787
1067,1067,-0.328246536701,1.9071154591
1068,1068,0.479309835353,-1.7665739738
1069,1069,-0.117219184776,2.0081492034
1070,1070,-0.332472650677,2.0410047796
1071,1071,0.00550575733359,-2.03026550094
1072,1072,1.85174633651,0.502161837117
1073,1073,0.378036589666,-2.11367526191
1074,1074,2.2314403253,0.0203490546937
1075,1075,-0.940782989905,-0.99455789585
1076,1076,0.517458681714,0.646109016773
1077,1077,-0.95528251666,-0.98256353749
1078,1078,-0.916853185771,-0.92267369954
1079,1079,-0.47599425925,1.60666295975
1080,1080,-1.0664875494,-1.09243865447
1081,1081,-1.14644174976,-1.02852119219
1082,1082,1.9599071728,0.0358450188221
1083,1083,-0.895648968716,-1.06750651873
1084,1084,-0.270334020914,1.87167002588
1085,1085,0.497145334242,1.43082829148
1086,1086,-0.260491391764,0.362862057226
1087,1087,-1.29920007383,0.956997025568
1088,1088,0.510176112609,1.72648198738
1089,1089,-0.0955797132967,1.17616048238
1090,1090,-0.304279390462,-0.907771261675
1091,1091,-1.01808179367,0.923294664971
1092,1092,0.416725485158,1.47376165732
1093,1093,-0.651373762915,-1.45769876054
1094,1094,0.0972116211878,-2.30187825807
1095,1095,-0.629739672808,1.85481960972
1096,1096,0.307265002518,-2.15717773881
1097,1097,0.0261104834854,-2.05980803095
1098,1098,0.143463727905,-1.94927131138
1099,1099,0.0351252680882,-1.86671383331
1100,1100,0.101373804535,-1.59862938809
1101,1101,-0.864186121273,-1.27530615796
1102,1102,0.10918311542,-1.70516835063
1103,1103,0.198616076922,-2.20660432905
1104,1104,-0.927721517242,-1.48254721167
1105,1105,0.0407186922581,-1.97689934734
1106,1106,2.10077379132,0.207894627548
1107,1107,-0.218687422749,1.79298283717
1108,1108,-1.15709602241,-1.33114506882
1109,1109,-0.385241200096,2.01694748371
1110,1110,0.534915203518,-1.27861226147
1111,1111,-0.0528480390077,1.86607471306
1112,1112,0.660848588108,-1.66713380502
1113,1113,2.49073542835,-0.0831115511289
1114,1114,1.29347928406,0.49751389228
1115,1115,0.120402759776,-1.84763912384
1116,1116,0.388076898487,-2.02279864072
1117,1117,-0.589549422863,1.15490405354
1118,1118,0.776965664754,-1.56110076951
1119,1119,1.13990108464,-0.913504403507
1120,1120,-0.400145777186,1.61589797084
1121,1121,-0.491139748223,1.84109392861
1122,1122,-0.144245993278,1.96743455128
1123,1123,1.16269975332,0.3950025307
1124,1124,-0.470674571844,-1.32552902982
1125,1125,1.0835263045,-1.63785566557
1126,1126,-0.314011131883,1.93187662389
1127,1127,0.389616130649,1.24242383954
1128,1128,1.3364341283,-0.823736862446
1129,1129,-0.171170242834,1.98253171947
1130,1130,0.602957879189,-1.42852267666
1131,1131,-0.648260013433,-1.31110399222
1132,1132,0.657251373129,-1.8612918863
1133,1133,-0.0619990260774,-1.99323565951
1134,1134,-0.0254047035099,-1.95403688841
1135,1135,0.563715922518,-1.75922469938
1136,1136,0.102600715653,2.32056240841
1137,1137,-0.0140753037967,-1.91248367176
1138,1138,0.0694542704471,-1.95030755161
1139,1139,0.378811563133,-2.00189859991
1140,1140,-0.154428330931,2.18489928911
1141,1141,0.210881000243,1.81475908518
1142,1142,-0.281822773514,2.05110956089
1143,1143,1.04937646988,-1.47531158759
1144,1144,1.37187598255,0.714017630932
1145,1145,2.34789219071,-0.120800464957
1146,1146,0.857525105029,1.35611540144
1147,1147,0.0804501286968,1.70529932545
1148,1148,-0.0928471827219,-1.98246976279
1149,1149,0.272209493518,-2.07290476298
1150,1150,2.17740963401,0.0172596880492
1151,1151,-0.215228774814,2.01017791213
1152,1152,0.122416057582,1.93015720762
1153,1153,2.17978578353,-0.264476096187
1154,1154,-0.0256007789555,-2.12653263959
1155,1155,-0.215100204875,-2.3464453009
1156,1156,1.71026356016,0.23748187592
1157,1157,-0.093112284628,1.85774528124
1158,1158,1.69310954168,0.362354913511
1159,1159,2.15787425032,-0.0506219101684
1160,1160,-0.0596320669711,1.89240529081
1161,1161,0.138221682214,-1.09243482467
1162,1162,-0.0110306085386,1.98267733025
1163,1163,0.105745054029,1.68879892054
1164,1164,0.486610920321,-1.89144330218
1165,1165,1.50387822733,0.456934772429
1166,1166,0.382739603571,1.51437246955
1167,1167,2.29385157073,0.132437599152
1168,1168,0.857772196323,-1.43290814162
1169,1169,2.13111307507,-0.25137075054
1170,1170,1.83361325232,0.171292176042
1171,1171,0.15475958508,-1.94823056182
1172,1172,-0.053452746823,-2.10215586616
1173,1173,-0.236371478151,2.0992267294
1174,1174,0.129516447908,1.98475174608
1175,1175,0.151515087496,1.7755632705
1176,1176,-0.242661590637,2.05577112707
1177,1177,0.235638484882,-1.63866184393
1178,1178,1.50583751949,0.304411137554
1179,1179,0.171684489871,-2.32864626228
1180,1180,-0.162342286932,-2.30207789198
1181,1181,2.02660646054,0.0466014443116
1182,1182,-0.025744032669,-2.06298864556
1183,1183,-0.274239747409,2.09302269122
1184,1184,-0.275176944108,2.14961062363
1185,1185,0.521496889332,-1.56028850428
1186,1186,-0.105848461578,-1.90225766944
1187,1187,-0.0502749645769,-1.96145087272
1188,1188,0.703840384342,-1.33986270395
1189,1189,-0.126990293042,-2.15451469299
1190,1190,-0.110265673671,-1.7366186423
1191,1191,0.255025132037,-1.95268599907
1192,1192,0.0728080985248,-2.01267092933
1193,1193,-0.101785132306,-1.97639835112
1194,1194,-0.267505826269,-1.71010953421
1195,1195,-0.119752604786,1.73154437221
1196,1196,2.07822925581,-0.0575350540759
1197,1197,2.14949295053,-0.136020058556
1198,1198,2.20286677616,-0.12473537666
1199,1199,2.30412360715,0.115825916757
1200,1200,0.358382266892,-1.97025949973
1201,1201,0.722983872413,-1.95422864641
1202,1202,-0.424329359634,1.70879167068
1203,1203,-0.46587378772,1.96392859017
1204,1204,-0.342688112655,2.08233007975
1205,1205,0.91477859013,-1.65784311097
1206,1206,-0.173821794557,1.93658633512
1207,1207,0.0816565749792,-2.2247845237
1208,1208,0.24515185032,-2.02669873795
1209,1209,2.12666029578,0.285074695315
1210,1210,2.0612858917,-0.214282491985
1211,1211,-0.24203540497,1.83522060075
1212,1212,0.757047051418,-1.74321156785
1213,1213,2.15139186552,0.0717491453848
1214,1214,1.83124753945,0.676010762888
1215,1215,0.146871092866,-2.11124107934
1216,1216,0.102226518777,-1.89248829521
1217,1217,0.0279781900169,-2.23069254344
1218,1218,0.0478446700763,-1.92006052555
1219,1219,2.10708139166,0.0515498277782
1220,1220,0.956412025343,-0.89426496871
1221,1221,1.25776949891,-1.01089304157
1222,1222,1.33144570951,0.758304363679
1223,1223,1.0710394504,-0.929943428861
1224,1224,2.46803679827,-0.057569594911
1225,1225,2.33405185692,0.100951479995
1226,1226,0.279126774362,-0.184190085776
1227,1227,-0.173374655957,2.14138424417
1228,1228,0.712550647291,-0.00650632162169
1229,1229,-0.259098909196,1.86839752737
1230,1230,0.0524862032285,-2.03592478417
1231,1231,0.304423868173,-1.96136487194
1232,1232,-0.0570018948546,1.94014585568
1233,1233,0.597092329328,-1.79349223054
1234,1234,0.0178083309002,2.01991585023
1235,1235,-0.044855412728,-1.82007135726
1236,1236,2.27597071282,0.00100757275638
1237,1237,0.417615604919,-1.9232413001
1238,1238,-0.0532751417276,2.01524494601
1239,1239,0.705787934183,-1.6194365728
1240,1240,-0.0824226651267,-1.95070880554
1241,1241,2.15915123207,0.0668183681327
1242,1242,0.263871164356,-2.04945882864
1243,1243,0.124392130085,-2.02716686346
1244,1244,0.225924599634,-2.13463240733
1245,1245,-0.0310011449632,1.86921398223
1246,1246,0.0656044971319,-2.13765242823
1247,1247,0.0152130295072,2.11033795536
1248,1248,-0.258533572979,1.93507762356
1249,1249,0.521087886494,-2.11225605505
1250,1250,-0.177755315759,2.21400214588
1251,1251,0.00979938938488,1.95084496479
1252,1252,0.0091003091496,2.00120127673
1253,1253,0.32788552354,-1.56654896463
1254,1254,1.92471590719,0.284652175697
1255,1255,2.6188241623,-0.137512459653
1256,1256,2.24259288295,-0.112283494597
1257,1257,2.21534693754,0.0556321627757
1258,1258,2.03150490896,0.221784987851
1259,1259,2.2361946425,-0.0804406241995
1260,1260,2.18974402655,0.101209806887
1261,1261,1.93177868889,-0.0478896334077
1262,1262,0.0282415033744,-1.85078838367
1263,1263,0.31296051374,-1.98086380601
1264,1264,2.16606992093,-0.292932183765
1265,1265,-0.0701721442702,2.29926340428
1266,1266,1.29662241552,-0.014337086774
1267,1267,1.68815779488,-0.204446999679
1268,1268,-0.266884462462,-2.00870735488
1269,1269,0.199171517115,-1.73086535668
1270,1270,1.92576867577,0.00404819412482
1271,1271,-0.16233363653,2.02988480937
1272,1272,1.644697109,0.642950274489
1273,1273,-0.0221065830759,-1.77997626089
1274,1274,0.577942519701,-0.53040178743
1275,1275,-0.0865076627035,2.02815669807
1276,1276,0.242890182605,-2.13839109808
1277,1277,0.223934005493,-1.79855149112
1278,1278,2.13569992207,0.0633488380298
1279,1279,2.02758122764,0.177118488895
1280,1280,0.639163928752,-0.13256681929
1281,1281,2.11698793136,0.24262032935
1282,1282,2.22395852791,0.110281640464
1283,1283,2.02136492847,0.269935577533
1284,1284,-0.188422125181,-1.7191920723
1285,1285,0.795709090157,-1.50443077403
1286,1286,-0.0521552402587,-0.543037283702
1287,1287,1.47820984217,0.466019777291
1288,1288,0.0619932403235,-1.88260672096
1289,1289,-0.00132917075053,-1.77623400788
1290,1290,0.0267596467351,-2.06069977589
1291,1291,0.882175282415,-0.643732854546
1292,1292,0.437050213694,1.72217245036
1293,1293,2.05287758798,0.224036765328
1294,1294,2.20343858986,0.188686499783
1295,1295,0.686083922318,-0.654105219051
1296,1296,-0.00320249537744,-2.28040266208
1297,1297,-0.0653325160244,-1.93114046175
1298,1298,1.45513844573,-0.944948105326
1299,1299,-0.114128615909,2.17723681969
1300,1300,0.386329061641,-1.67309863443
1301,1301,0.113380395228,2.24660092688
1302,1302,-0.350115834955,1.71028594884
1303,1303,0.716925694681,-1.64909166805
1304,1304,-0.0664478453704,1.91105229698
1305,1305,-0.17366489027,1.90355336669
1306,1306,-0.319895254091,1.98883404534
1307,1307,-0.338145080342,2.23975265977
1308,1308,-0.415713249902,1.99748950616
1309,1309,-0.230499601661,1.86329804301
1310,1310,0.245096464917,-1.88991001592
1311,1311,0.21358729863,-2.08601689509
1312,1312,-0.536372789285,2.25270982622
1313,1313,0.199085898126,-1.94333643826
1314,1314,0.855946796179,-1.89454944065
1315,1315,0.342676586245,-2.18553898639
1316,1316,-0.337734136197,1.97200732228
1317,1317,0.0738388030056,2.22883328114
1318,1318,0.276478429154,-1.93424577688
1319,1319,-0.340012313189,1.98902805918
1320,1320,0.382786595005,2.14541434468
1321,1321,-0.151328818423,2.03021702324
1322,1322,0.00762803942766,1.99666860838
1323,1323,-0.181686469011,2.1542126191
1324,1324,0.419366166656,-1.73388624508
1325,1325,1.02538025111,0.787233235249
1326,1326,2.08199528585,-0.0975538276284
1327,1327,0.0710608656466,-1.95812292273
1328,1328,0.130665491896,-2.08214793181
1329,1329,2.0169718285,0.234309507877
1330,1330,-0.249517855506,1.98905700577
1331,1331,0.658822268155,-1.92997275749
1332,1332,1.70675142673,0.457892989092
1333,1333,0.279255802068,-2.0846670433
1334,1334,0.386794718913,1.70702467949
1335,1335,0.393908063453,2.32615918913
1336,1336,0.55663042614,2.01269332706
1337,1337,-0.168856728747,1.896957449
1338,1338,1.84685103066,1.29545445264
1339,1339,0.484092824867,1.75025595886
1340,1340,1.09466934866,1.48421326896
1341,1341,1.08595748056,1.60193965457
1342,1342,1.50602317667,1.38067285748
1343,1343,-0.0345104730173,-2.04063406959
1344,1344,0.0683702123502,-2.19437870448
1345,1345,1.4117967862,1.18939215589
1346,1346,0.471968667399,1.79410624016
1347,1347,1.6948288502,0.404123233904
1348,1348,1.15923029193,1.72279204799
1349,1349,0.00225094888,1.86212488451
1350,1350,-1.05288514659,-1.52821983054
1351,1351,1.86479042934,0.746329865085
1352,1352,-0.906820101565,-0.916174755704
1353,1353,0.262320715132,-1.85596075743
1354,1354,0.949045762489,2.33857330956
1355,1355,0.929773337481,1.02860340601
1356,1356,2.21639247221,1.09851278367
1357,1357,1.10931058086,1.33700929666
1358,1358,0.703111477231,1.97488355941
1359,1359,1.11415497612,0.829595244062
1360,1360,1.9594948644,0.685099791597
1361,1361,0.449170211615,0.563149787949
1362,1362,-0.748026093875,-1.52485722968
1363,1363,-0.517046081658,-1.66562495038
1364,1364,1.73779797458,0.351238651326
1365,1365,1.18118152198,-0.588687738514
1366,1366,2.10638555397,-0.302138721948
1367,1367,-0.310484618425,1.00345647936
1368,1368,0.253401550519,2.27123275791
1369,1369,0.826604011879,-2.24598505779
1370,1370,0.61324334535,1.85555740576
1371,1371,2.76308421035,0.237700444729
1372,1372,1.67741762716,0.58469224345
1373,1373,-0.310615502038,2.08648152382
1374,1374,1.45522444105,0.180631427322
1375,1375,0.91183445365,1.28157362821
1376,1376,0.545947314588,1.12386134796
1377,1377,-0.87068574871,-1.37502432602
1378,1378,0.0962724820074,-1.96304030972
1379,1379,0.942577698322,0.613319102444
1380,1380,0.0465924750298,2.5234766117
1381,1381,0.772014958297,1.58004970188
1382,1382,-0.0640867245698,-2.31547222608
1383,1383,0.0152333959924,2.12855030213
1384,1384,1.60980418101,0.76103035772
1385,1385,2.19018426856,0.492332356851
1386,1386,0.96472067779,0.495038315782
1387,1387,1.68567433312,1.72000774533
1388,1388,2.55597599269,0.710047775464
1389,1389,1.27178959737,1.41675383776
1390,1390,0.733012467297,2.0932009476
1391,1391,0.0677808652097,2.38078003541
1392,1392,-0.0263222672363,-1.60458363795
1393,1393,0.444766372488,0.92158216051
1394,1394,0.994921209362,-0.0247111606809
1395,1395,2.03540215754,0.5087475639
1396,1396,1.8546629239,0.641533456219
1397,1397,0.528357631455,-1.50827089088
1398,1398,0.494670880902,1.64204635645
1399,1399,0.0719892369733,-2.34848979362
1400,1400,1.07590374896,0.386427337503
1401,1401,-1.22865623394,-0.933570210825
1402,1402,0.146208680382,2.12222988445
1403,1403,1.22369432012,0.135351287014
1404,1404,-0.19445472459,2.66108450931
1405,1405,1.16666176236,1.55852272678
1406,1406,0.318603598336,1.83473141094
1407,1407,-0.0157277101035,2.7196908748
1408,1408,0.144803898781,2.65682006466
1409,1409,-0.135945715673,2.51606910778
1410,1410,0.351691181173,2.09889226138
1411,1411,0.492175030764,2.25922000425
1412,1412,0.324115687554,2.16416248559
1413,1413,0.285979351886,1.96661987508
1414,1414,0.506115944367,2.15743415345
1415,1415,0.0965647298266,2.55313723008
1416,1416,-0.194133477051,2.38305215008
1417,1417,2.33281906834,0.775070674127
1418,1418,0.186522104647,2.28411697298
1419,1419,0.938332255896,0.367164430247
1420,1420,-1.0384632164,-1.08840849376
1421,1421,0.196945247721,0.0256620126261
1422,1422,0.962664648824,0.194477739416
1423,1423,2.1788443226,-0.328031468244
1424,1424,0.00241692600255,-1.47238349857
1425,1425,0.197257989427,2.47232795718
1426,1426,-0.026880948965,0.56706609993
1427,1427,2.34235176312,0.434627796573
1428,1428,2.53556816594,-0.170133677707
1429,1429,1.72772701359,0.110028928508
1430,1430,1.66555070903,0.491281505762
1431,1431,1.93747441142,0.466759497017
1432,1432,2.21028402217,0.0135271575163
1433,1433,1.83955182122,0.125668876609
1434,1434,0.788922575237,0.7276678231
1435,1435,0.835254144045,0.935704337044
1436,1436,0.349654335353,-2.35310141165
1437,1437,1.71522066199,0.535283038083
1438,1438,0.135571845187,1.57823450357
1439,1439,1.31234564139,2.04840197298
1440,1440,0.815222488022,1.25390818103
1441,1441,0.444571202324,0.933824435964
1442,1442,0.431303738369,1.97543360903
1443,1443,0.139228972573,-2.17474474878
1444,1444,1.34247893479,2.27650653854
1445,1445,0.682342224836,1.98498197995
