,vote,alpha,beta
0,0,-0.106846075553,2.43168590905
1,1,-0.534899252895,-2.78412212609
2,2,2.76146557303,-0.24559538158
3,3,2.56368060834,-0.229872587912
4,4,0.909362047456,-1.68684784715
5,5,3.53331977892,-0.43523863067
6,6,2.2425634304,0.654118703337
7,7,2.46931721051,0.729913288026
8,8,0.202940586973,-1.94207606944
9,9,1.21889100179,-1.35341599853
10,10,2.58079170836,-0.146739370649
11,11,2.89049583423,-0.481812765883
12,12,2.53245328647,0.103178986703
13,13,2.83248786644,0.144699738303
14,14,3.0820435605,0.399464054554
15,15,2.09674555639,0.213128745849
16,16,0.147685894347,2.56203063994
17,17,0.604954156429,-0.615559158868
18,18,2.99738560833,0.675586796737
19,19,2.51411365905,-0.210189612435
20,20,1.44766697488,-0.655061412911
21,21,0.263541988145,-3.30656983254
22,22,-0.354102194858,-2.49188748833
23,23,3.65280289112,-0.271438529588
24,24,0.934552334733,-2.39763235287
25,25,1.27790717931,-0.199205477243
26,26,-0.742914293598,-0.061735512947
27,27,-0.0293355645266,2.70309159578
28,28,2.44000427008,-0.23221369898
29,29,2.54575340343,0.596733628559
30,30,2.6667442018,0.0464791892406
31,31,2.89669310795,0.263128509853
32,32,-0.0604326407959,-2.62628034741
33,33,-0.0426053115917,-3.66246692283
34,34,1.49304467611,-0.513755299645
35,35,-0.262585324486,2.56782992384
36,36,-0.751240896271,-2.90969418546
37,37,0.01768581721,-2.36607523461
38,38,0.2896184094,-2.84311812608
39,39,-1.08153382209,-1.52117003668
40,40,2.00431532193,-1.59500347675
41,41,0.345757779803,2.97746187484
42,42,-0.4521824913,-2.22739001468
43,43,2.47611680576,0.313104858819
44,44,3.14304304203,-0.304866741871
45,45,3.43277920657,-0.274021369576
46,46,2.424007305,0.0406929492455
47,47,2.39657994363,-0.343125238451
48,48,2.81317169492,0.300217578989
49,49,2.55957089352,2.10909713277
50,50,-0.128787850694,-2.70592580901
51,51,0.194277556875,-2.61921186724
52,52,-0.611142540837,3.12107868053
53,53,-0.0935424537738,-2.8339217242
54,54,-0.010458788562,-2.85884301381
55,55,0.230922030358,-2.57737273932
56,56,0.876985807681,-2.53929879563
57,57,-0.803141256732,2.15413054623
58,58,0.124050095712,3.36815935713
59,59,-0.208555693699,-2.06620642832
60,60,0.856206514009,-2.33827589174
61,61,2.24930861354,0.0125429137544
62,62,2.16623123681,0.0729544505566
63,63,3.03640623629,-0.0140009827214
64,64,2.62334436191,-0.264623043737
65,65,2.4872136948,-0.423971059302
66,66,-0.0785496221477,-2.57252511797
67,67,0.663140310233,-2.30966950303
68,68,1.07705207452,-2.27725805673
69,69,-0.499764103799,-1.65145555514
70,70,-1.11379596994,1.56390694537
71,71,-1.00718614572,2.341545567
72,72,-0.863998328765,2.24899841815
73,73,-1.08095051544,2.62418608864
74,74,-0.841073114891,2.27469450402
75,75,-0.799945716086,2.25316467982
76,76,-0.488484092615,2.18762877991
77,77,-0.646156648481,1.47019173864
78,78,-0.00633307482046,2.6490922762
79,79,0.991296973895,-2.36206375579
80,80,-0.776150318645,-2.15998273865
81,81,-0.492153838342,-3.17376517593
82,82,0.152154586539,-3.33157581911
83,83,0.0620029129054,2.36886727438
84,84,-0.304894355223,-1.85853080737
85,85,3.08412035281,0.593286445128
86,86,2.5302661773,-0.908502258057
87,87,0.11742577141,-3.42003288407
88,88,-0.345949148536,-2.80537760505
89,89,-0.658863622167,-0.902600271632
90,90,0.250913763361,-0.494140696389
91,91,-0.206942612157,-2.01109977674
92,92,-0.806508919944,1.97372914756
93,93,-0.89371513694,-2.10073694899
94,94,0.477343477005,3.07946723768
95,95,2.19986578948,-0.34093088582
96,96,-1.09616912739,2.17257570322
97,97,-0.58875236089,1.98278724228
98,98,-0.349309194009,0.385128311523
99,99,-0.158431814436,1.95293869502
100,100,-0.191698526953,1.90178563002
101,101,-0.805681589818,0.337061582145
102,102,-0.231904858837,-1.68424595809
103,103,-0.781854429343,1.57584439441
104,104,-0.407861965713,-0.926931918448
105,105,-1.28247925667,0.0099613282652
106,106,0.786474798487,0.845698827027
107,107,0.262152606895,-1.21031673973
108,108,-0.432259313401,0.46755120102
109,109,-0.45093757996,0.654352395314
110,110,1.46229278453,1.7159183551
111,111,0.0866850339711,-1.99646138101
112,112,-0.266002205116,-1.26226352119
113,113,-0.182589984692,-1.80866534646
114,114,0.473411088815,3.03267623233
115,115,0.314730063688,-1.39506438425
116,116,2.95263570059,0.00403363847198
117,117,2.58361783912,-0.302630249801
118,118,0.592857712482,-2.14414996561
119,119,2.05721088768,-0.376528234438
120,120,2.58912350966,0.0346190384469
121,121,-0.53440371668,2.76184548006
122,122,1.19957000462,-1.32960610305
123,123,2.5671631102,0.0483239381506
124,124,0.602551611112,1.73098388641
125,125,0.469783243494,-2.86347018818
126,126,0.445729795607,-2.87183757929
127,127,-0.785526587783,0.652137080191
128,128,0.201544858769,-2.15059615758
129,129,-0.255341374005,-1.09880997957
130,130,-1.17861015519,-1.75142758748
131,131,0.811968565455,0.782954417256
132,132,-0.266002043736,-1.69595551348
133,133,-0.0121391743384,1.45827066582
134,134,0.474707270754,-2.53869062551
135,135,1.39012140182,2.33959159171
136,136,-2.03728025261,1.35557267108
137,137,-0.540512553466,0.613492313481
138,138,-1.53399754819,0.8701935919
139,139,-0.0295015027475,2.19151738314
140,140,-0.656416769737,0.187580184959
141,141,-0.735395065091,0.451064526272
142,142,0.449848916131,-1.95203869675
143,143,-0.599857610604,2.02549361764
144,144,-1.69155534074,2.2607058199
145,145,-0.917505003729,1.32010436723
146,146,2.2620408868,0.884586746156
147,147,-0.15488990046,1.32390511611
148,148,2.97399636459,0.487227350391
149,149,3.0305199485,-0.0731163095944
150,150,0.104657289921,2.77921844687
151,151,0.756484073135,-0.754185787089
152,152,2.60468235172,0.00177974775094
153,153,2.70454400856,0.00941190493491
154,154,3.06470434084,0.400377781301
155,155,0.252121072514,-2.88551341907
156,156,0.487373181257,-2.2326472304
157,157,3.49024351395,0.18999230761
158,158,-0.0155681676894,-2.12996197945
159,159,2.03385606188,0.8667614543
160,160,0.290615953354,-2.61531367311
161,161,0.524715398776,-1.7364030381
162,162,-0.468358526834,2.3005988346
163,163,0.433750677481,-0.509746394006
164,164,-1.33777778894,-1.09379380925
165,165,-0.340766065249,1.79431661924
166,166,0.194549829316,-2.93919438994
167,167,-0.783995677889,1.50653591574
168,168,1.28045019626,1.52936755301
169,169,-0.00556539694426,0.10434903456
170,170,-1.05037183215,-0.76695741219
171,171,-1.42140472408,-1.41508293542
172,172,-1.07193923274,0.979049350578
173,173,-1.23796769167,-0.750074659799
174,174,-1.33081052119,-2.37236516011
175,175,0.204610330514,1.36916108664
176,176,0.243176218519,0.773151793481
177,177,-0.0706303427353,-2.30662763035
178,178,0.0991755280726,1.17354741953
179,179,-0.456721147855,-1.36476893598
180,180,-1.33855196408,-1.96072804556
181,181,0.822102084246,-0.260066457678
182,182,-0.337464490545,-1.24247602135
183,183,-0.0580409003336,1.04742255746
184,184,-0.0814505094638,0.443778589775
185,185,-0.326393441426,0.374598700081
186,186,0.464634127315,-0.316133049888
187,187,0.0882297115458,-0.458041160537
188,188,0.0789922486465,-0.735172397844
189,189,-0.103926280854,-0.283156760828
190,190,0.165853449827,0.256329322011
191,191,-1.57052729447,-2.23733756744
192,192,-0.303933548228,-2.40901349423
193,193,0.2026033382,2.84522287391
194,194,-0.182323195998,-0.726816276343
195,195,2.34130666275,0.0135252671247
196,196,2.54414986779,0.19257692383
197,197,-0.148086165543,-2.94435041874
198,198,-0.907993064552,1.21724524782
199,199,0.446092806881,-2.49393803814
200,200,0.363095579109,1.53075818348
201,201,-0.414153930006,2.53399026576
202,202,1.06629580534,-2.08802534369
203,203,2.6802598107,0.0557416229367
204,204,-0.339660528376,2.50457099526
205,205,0.345045737661,-2.38753689826
206,206,0.163918199059,-1.37000968302
207,207,0.525559699847,-1.90235173525
208,208,-0.318533970246,1.88848015922
209,209,-0.0273182333003,-2.57116031508
210,210,0.577266775919,-0.636186141123
211,211,-0.590040626194,-2.48368867957
212,212,0.442103915496,1.67320111304
213,213,-0.799724274423,2.09530306408
214,214,-0.229809202546,2.99094148901
215,215,0.439177737567,-2.0352351195
216,216,2.04459360265,-0.882312307675
217,217,2.13171433562,-1.508117416
218,218,2.61008135348,-0.273103807855
219,219,-0.042956315011,-2.48427547383
220,220,0.592773372381,-2.02319355988
221,221,2.13948986094,0.841402107917
222,222,-0.349326724487,2.31542035277
223,223,-0.12446931406,1.77605930876
224,224,-1.15732563428,1.65182243445
225,225,-0.426865492454,0.274992871599
226,226,-1.90372545123,-2.46131536512
227,227,-0.773130100633,1.78070415261
228,228,-1.43384745184,-1.84512499513
229,229,0.163996634465,1.85638034679
230,230,-1.40603337545,-1.49946513231
231,231,1.57312802745,0.82151704399
232,232,-0.0512952079354,1.55929171999
233,233,-0.641232006134,1.71517364397
234,234,-0.706672103341,1.70101022632
235,235,-0.893331907862,1.80107006746
236,236,-0.543628602828,1.35605841678
237,237,-1.09026586423,0.661902589531
238,238,-1.20565329733,1.68053340218
239,239,-0.92759834586,1.50580765512
240,240,-0.675694889582,1.34080130596
241,241,-1.3839610386,2.00531335282
242,242,0.576753843783,-2.48490750178
243,243,-1.46593232244,-1.92295169082
244,244,-0.410536759732,2.06553544347
245,245,-0.218857694078,0.947166228172
246,246,-1.07893411011,-0.70773571641
247,247,-0.37969060486,1.13599406462
248,248,-0.741145199565,0.279957383799
249,249,-0.663240853177,0.291967263329
250,250,-1.2933475343,0.922080815551
251,251,0.262445681725,1.23408670606
252,252,-1.45472909958,-1.20855175939
253,253,0.273241954103,-2.56760296066
254,254,0.101755368852,-2.0027277204
255,255,-0.747333563333,1.54816610592
256,256,-0.349113465795,0.660882221012
257,257,-0.904891734383,-1.2618599037
258,258,-0.501118540298,2.17603500566
259,259,-0.020097545902,-1.85280473318
260,260,-0.170736705914,-2.76117856522
261,261,-0.465987644428,-3.47511746974
262,262,-0.533638110311,2.26987739224
263,263,-0.279841773106,-2.65136995464
264,264,0.0811830111078,-2.75530570526
265,265,-0.174514050101,3.09530687277
266,266,-0.414192432647,-1.88245403173
267,267,2.93269720098,-0.227267951604
268,268,3.64421538226,0.24892034925
269,269,3.56956497109,0.0504274857667
270,270,0.202108943955,-3.576179287
271,271,0.599599888897,-2.66008303476
272,272,-0.926438312445,0.25714857586
273,273,-0.483323139319,2.91476622858
274,274,1.35029934302,-2.21702399418
275,275,-0.16693642527,2.10771033826
276,276,1.00030405935,-1.90875563358
277,277,0.26240776256,-2.4114966968
278,278,0.441258380952,-2.42849901292
279,279,1.12608002758,1.59682601835
280,280,0.764975395432,-2.54729685645
281,281,0.12180540613,-1.90076331565
282,282,0.337964060522,2.91800890317
283,283,-0.505049246982,-3.14231547944
284,284,-0.514427664192,2.13191516424
285,285,0.173975727869,2.59952663102
286,286,-0.0301722438761,2.60584137624
287,287,-1.21335622218,-3.01193900452
288,288,2.36655714639,0.0216648419345
289,289,3.24666965048,0.300481387403
290,290,0.467050300188,-2.90560153262
291,291,-0.46644245395,-2.83093771413
292,292,-1.55548088582,0.75369559202
293,293,1.14530536308,-2.1863792808
294,294,-0.578285946795,1.81681424308
295,295,-0.948652757597,1.31975055906
296,296,-1.7369172863,0.880015639106
297,297,-1.40883269825,-1.02882752015
298,298,-0.43197821126,1.25989694664
299,299,-0.669352953201,1.81075965423
300,300,-0.277641189092,-0.364019242048
301,301,0.536311068019,0.206376498226
302,302,-0.230613150432,0.555772377871
303,303,0.17702921202,0.280970789004
304,304,1.18504286529,-0.620328113635
305,305,0.974656347588,0.41586196249
306,306,-0.417683910956,0.458225355818
307,307,0.826638050744,-1.88959109805
308,308,0.781745027648,-0.243369002625
309,309,0.571021170124,-2.26777762486
310,310,1.10377860179,0.674963807803
311,311,-1.50432464258,1.24860334892
312,312,-1.5043893909,1.87951710284
313,313,-0.276874362244,-0.326147546473
314,314,0.255163721742,-3.03352072043
315,315,0.471126761239,-2.78976069712
316,316,2.71767504602,-0.237797806711
317,317,0.822370820342,-2.87475762851
318,318,-0.300100947071,0.179418255436
319,319,0.613180398335,-1.8918413171
320,320,0.138266069978,1.01925491554
321,321,-0.748801156451,-0.875458915358
322,322,1.12246663922,-2.20129594731
323,323,0.383603883592,0.250425647983
324,324,1.03696229569,1.26602639533
325,325,-0.392829108809,1.65682395246
326,326,-0.190625670867,1.55425548252
327,327,0.189029955226,-3.06301745634
328,328,-0.179940408267,0.972657710937
329,329,2.5249376169,-0.745568528686
330,330,0.0142741175362,0.213413517156
331,331,-0.299998578289,2.28498662391
332,332,1.03857978174,-1.03137001844
333,333,-0.748421818755,2.67607880888
334,334,-0.772020508675,1.85244717699
335,335,0.311261828444,3.54339869561
336,336,1.00206163515,-1.603582025
337,337,1.69343115009,1.46004442076
338,338,0.0786964292042,-2.30983313881
339,339,0.356089744678,0.703171696254
340,340,-0.123537161822,-0.403459286009
341,341,-0.407002201315,-0.847743683198
342,342,-0.670416610326,1.29781870929
343,343,-0.994969828642,0.902788071872
344,344,-0.960061797905,1.01789992099
345,345,1.51344157775,-0.376104486519
346,346,1.52039356309,-0.284142202932
347,347,-0.475787339666,2.44826198917
348,348,-0.661582918941,2.71216709767
349,349,-0.033202980698,-2.28277972192
350,350,0.651507639626,-1.80582144296
351,351,-0.0562148253886,2.84865158804
352,352,0.604021293129,-2.39590303384
353,353,0.104874308274,-2.71247747076
354,354,-0.00876799820322,-2.47335465351
355,355,2.09514963076,0.0198560105935
356,356,0.457376627754,-2.2421481717
357,357,0.975276276913,-2.81209379938
358,358,0.101565111932,-2.84172798425
359,359,1.56629425012,-2.32453727898
360,360,0.610989675414,-1.34635018583
361,361,-0.415206159782,2.04741793407
362,362,-0.54415935593,2.08184529807
363,363,-0.191320591639,2.54987715625
364,364,-0.0782600134955,2.88183337929
365,365,-0.332153054093,2.86620393234
366,366,0.46746576659,-2.22854715862
367,367,-0.403204838224,2.68235159581
368,368,0.0225979188339,-2.67185425622
369,369,2.73917521193,1.50927935185
370,370,2.85688771531,-0.524327825364
371,371,2.23690348707,0.0707874185481
372,372,2.35822353841,0.623749869558
373,373,2.36706086315,0.569539137941
374,374,2.19467183494,-0.0579973893733
375,375,2.57816819615,-0.142140593599
376,376,2.69947395208,0.286078543201
377,377,2.33280870288,0.323346461962
378,378,0.0187317033899,-2.83466008266
379,379,0.0770341784294,-2.52916912849
380,380,-0.162441898288,-2.92415965196
381,381,2.71539021889,0.116838889224
382,382,3.16359723952,0.633910811126
383,383,2.34934612836,0.81957859305
384,384,0.0507252394055,-2.85315695589
385,385,0.564362732832,-2.56603591229
386,386,1.9779451121,0.572192735662
387,387,-0.537030139954,2.40391103117
388,388,-0.552722040143,2.15501193107
389,389,-0.41185246464,2.71746457945
390,390,-0.421599182349,2.95338816812
391,391,3.23554979282,-0.208598652809
392,392,0.0164396928016,2.59970424681
393,393,0.352207100757,-1.84628336378
394,394,0.25587160247,-2.82815907014
395,395,0.502859735041,-2.72973212873
396,396,-0.120059020749,-2.49122521089
397,397,-0.00471721902088,2.46725379275
398,398,-0.618782097564,-2.49349152395
399,399,0.434070005429,3.06775385499
400,400,0.600976347667,-3.03623009624
401,401,-0.0910949160656,-2.10349130985
402,402,0.495336540077,-1.79118744082
403,403,0.863972143414,-1.99185693194
404,404,0.0798081183088,2.61267993248
405,405,1.03569815352,-2.23926007931
406,406,1.10095336387,-0.94754338315
407,407,2.75311159519,-0.141758965704
408,408,2.96911165634,-0.185836563285
409,409,2.43063788383,-0.158078408538
410,410,-0.3127275128,1.99732441559
411,411,2.71997944662,0.234930693739
412,412,0.413841533569,2.44253857325
413,413,2.95134989608,0.0481084728612
414,414,2.38490650702,0.0107973157473
415,415,0.10258634172,-2.47620467587
416,416,-0.12371354887,-2.59290437354
417,417,0.185969091017,-3.11406810926
418,418,2.48304054086,-0.0790997289304
419,419,0.981480608175,-2.20062803497
420,420,-0.184662894722,-2.7291656675
421,421,2.5852679408,0.149328464824
422,422,0.21949134612,2.92939266722
423,423,1.77235495375,0.543137534617
424,424,-0.380559127823,-2.53711975661
425,425,-0.650635599831,-2.31881682759
426,426,2.37001626297,1.17567655385
427,427,0.00172826350468,-1.67717364183
428,428,-0.233652963406,-2.03086688541
429,429,1.4258455445,-2.24214228779
430,430,1.10924483834,-1.81336836264
431,431,0.948302945243,-2.11992533507
432,432,-0.141956465609,-2.29080105341
433,433,0.336776758291,-2.36010663279
434,434,-0.0772290602716,-3.23104312775
435,435,-0.141079643549,-2.78317877507
436,436,0.985586505485,-2.25399288119
437,437,0.854746171408,-1.84352933028
438,438,0.178760533182,-3.06001180944
439,439,1.58816016838,-2.25715514255
440,440,-0.110987204131,-2.725146784
441,441,1.26537827336,-2.22617249903
442,442,-0.135656097059,-2.71045453624
443,443,2.18078071535,0.3766882782
444,444,0.17190668702,-2.58418179301
445,445,-0.200233183021,-2.71488481824
446,446,0.95555235464,-2.42744952141
447,447,0.224764421109,-3.05249997947
448,448,0.990323303544,-2.25289922443
449,449,3.78284295321,0.118373065459
450,450,3.340473154,-0.0145448897856
451,451,-0.135836327164,-3.2370642315
452,452,0.984409121474,-2.33269922921
453,453,-0.16232824817,-2.77572839082
454,454,0.90305469258,-1.9139158638
455,455,-0.37096694248,-2.85814305414
456,456,0.114335523866,-2.61820223901
457,457,-0.0321777818163,-2.95373477868
458,458,-0.298994535587,-2.4903724357
459,459,3.23795648179,-0.372580890754
460,460,-0.0422540544854,-2.75799956256
461,461,1.44732173125,-2.67944477403
462,462,2.93841028527,-0.119765768912
463,463,0.188106191293,-2.51533542899
464,464,-0.899477635098,-1.41668349825
465,465,0.685074162539,-1.87606481746
466,466,0.06905934569,-3.09845760866
467,467,1.03876548224,-2.32852744011
468,468,0.361219053457,-2.3340116539
469,469,0.341255827617,-2.36112500906
470,470,-0.0396487927639,-0.324453779478
471,471,0.575408637096,2.22327383267
472,472,-0.116102483643,-2.87244535782
473,473,1.20249288782,-2.20679256247
474,474,-0.618363722917,1.46535263151
475,475,1.84623577868,2.11348105415
476,476,2.0616060035,2.2362311903
477,477,2.65187785421,0.211663143555
478,478,3.81936823834,-0.169267943545
479,479,-0.139295003871,-2.39564318475
480,480,1.19928678347,-1.56636802124
481,481,-0.535484549906,2.1713015195
482,482,-0.142667245293,-1.86816929757
483,483,-0.786793792036,1.1341463322
484,484,0.11402209682,0.0831344795544
485,485,1.5850463746,0.495373553823
486,486,2.43291823564,0.183320768894
487,487,2.75035556785,0.179699175624
488,488,2.33710551777,-0.0184449569262
489,489,-0.061494277407,-3.15524413291
490,490,0.512738520397,-2.83885770138
491,491,-0.596081643843,2.21034385039
492,492,0.0638699852621,3.29592243642
493,493,1.145167352,-2.21680070218
494,494,0.0878316997119,2.41554859094
495,495,1.18596910592,-1.39808923979
496,496,2.82647611362,-1.39729273434
497,497,-0.0485683109453,-2.39178672966
498,498,2.78837055003,0.0398845300119
499,499,2.32552292561,-0.126329225716
500,500,-0.275187463419,-3.17807630027
501,501,-0.125918418536,-3.5507659056
502,502,0.158955200582,2.22444741151
503,503,-0.331687959435,2.52025173935
504,504,-0.33694453632,2.98286426768
505,505,0.484016333417,3.17965950013
506,506,-0.256174156136,-1.88055521406
507,507,3.0883358168,1.22625430145
508,508,-0.0379438334214,2.79415149834
509,509,-0.331168294905,-3.15391097257
510,510,2.76107209352,2.16330226972
511,511,0.375699591861,-3.73062573135
512,512,0.0141165222852,-2.45788768104
513,513,0.485238481158,-3.17363750934
514,514,-0.408327636371,2.40577466059
515,515,1.03114906498,-1.82164165105
516,516,2.14152543005,-0.214151719795
517,517,2.89922314721,-0.372640884053
518,518,-0.353005960483,-2.96999181122
519,519,0.416989398557,-2.60342105185
520,520,-0.0180264938052,-3.18065401842
521,521,-0.206003108402,-2.76099334127
522,522,0.220568194629,-2.34082903478
523,523,0.360069015781,2.66160377756
524,524,-0.386603704165,2.97606851638
525,525,-0.0604264624474,2.19222402185
526,526,0.126924358759,2.32685603209
527,527,0.0467840117697,2.42982106183
528,528,-0.425034926847,2.61702297158
529,529,-0.502850877836,-2.53337124942
530,530,-0.152762897225,-1.60418195325
531,531,0.528065617651,-2.30963779437
532,532,-0.594428423318,2.38082981473
533,533,-1.34856570348,1.75573182231
534,534,-0.66142349258,2.18462635287
535,535,0.536403397654,-2.0413074232
536,536,-0.276686840555,2.29602738573
537,537,-0.703002095596,2.39011745914
538,538,-0.239785601958,2.113883474
539,539,-1.05056458795,2.34719413687
540,540,-0.752346634842,2.41485318008
541,541,-0.477207091325,3.12013646017
542,542,-0.877418143824,2.82793245074
543,543,1.07107565874,-1.910597215
544,544,2.23820698815,0.528607203929
545,545,2.46150276281,0.133552462616
546,546,3.01563976706,0.3359857278
547,547,2.90731035766,0.169945288636
548,548,2.58970405118,0.547911208779
549,549,-0.153617411278,-2.51740995505
550,550,0.82220415655,-2.29980883566
551,551,0.570875660827,-1.14738695235
552,552,-0.521890826027,2.39333817541
553,553,-0.171187119634,1.85398478353
554,554,1.09433747893,-2.02115783052
555,555,1.40945181755,-0.787884574252
556,556,-0.0465629590432,1.06138482821
557,557,-0.544531416915,0.243001670416
558,558,-0.590188832456,0.968301448047
559,559,0.5448648254,0.70918612224
560,560,-0.689372998077,1.44377392778
561,561,0.776440645215,-0.266374370785
562,562,2.22406795825,0.610548944976
563,563,3.04563186822,0.217530406918
564,564,2.81403043485,-0.439832897327
565,565,1.65152826478,-1.66523841575
566,566,3.41635424623,0.472567345865
567,567,2.61646772675,-0.330138252316
568,568,2.8457531538,0.232148295413
569,569,2.71505240821,0.0254268013866
570,570,0.0160041520629,-2.51098917093
571,571,-0.285295622582,-3.35118342025
572,572,0.206064390849,-3.04780550142
573,573,0.712500303025,0.139207177074
574,574,1.00710157824,-0.345993820762
575,575,0.216478567812,-2.23431821588
576,576,0.271060042844,2.78433764654
577,577,0.509515583741,-1.89041489286
578,578,2.69168593272,1.88413479621
579,579,-0.22441032974,-3.00693832561
580,580,0.237393049045,-3.00869306962
581,581,-0.0485289898186,2.83695796534
582,582,-0.260002954319,2.23186945869
583,583,-0.239731090173,-1.92213694181
584,584,3.06963248368,0.0202087091553
585,585,2.25774326252,0.0897343665069
586,586,0.102289105665,-3.36981931676
587,587,2.84809383838,-0.0195155632014
588,588,0.423250435236,-2.80896301118
589,589,0.76543731678,-1.1621445541
590,590,-1.81072244496,2.711683674
591,591,-1.7778039835,1.63325011277
592,592,-1.63118466697,1.31911357965
593,593,-2.24283229181,-2.11528090693
594,594,-1.20485287355,2.14307990675
595,595,-0.696991757369,-2.34253422506
596,596,0.739861599894,-0.461364840917
597,597,2.45780911863,-0.128404151894
598,598,1.74376740041,1.78081263127
599,599,0.301169662963,-2.21849366095
600,600,-0.509463523571,2.81420888021
601,601,-0.0819475767675,2.96298648861
602,602,2.01475549944,-0.346163589491
603,603,0.185236910289,-3.04332484968
604,604,0.0741132134295,-3.11220955133
605,605,1.12360954496,0.239750646697
606,606,0.340084951199,2.4176427049
607,607,1.10093095672,-1.65036619759
608,608,-0.664069126972,1.35996059828
609,609,1.1704834219,-1.99023159683
610,610,-0.846834029802,2.94431074934
611,611,1.88752288118,-1.83228234439
612,612,2.01083857993,0.16550112792
613,613,0.809023039684,0.503338338436
614,614,0.871617214894,1.29951678363
615,615,0.725594891626,0.441406949306
616,616,0.18961743571,0.503490001696
617,617,0.797056375898,0.599060307595
618,618,0.624911232096,0.415737079258
619,619,1.23978287536,-2.13293796822
620,620,1.18245228404,1.34547700945
621,621,2.66522339312,0.467163739211
622,622,1.10852173927,-1.73659616456
623,623,1.63067358015,0.548965352468
624,624,0.789433457119,1.8572712163
625,625,-0.0877275817695,-1.04714063098
626,626,-0.119497388299,-0.547199218932
627,627,0.45080004309,1.21826850814
628,628,1.68589331765,0.741091524045
629,629,1.69724685478,0.677774064912
630,630,-1.31587137968,-1.25898815915
631,631,-0.563155542936,-2.3726849028
632,632,-1.38140595535,1.08621719168
633,633,-0.72265718998,-1.34956118005
634,634,2.94061138363,-0.335591520474
635,635,-0.0177798679629,-0.355773400009
636,636,-1.39193042282,0.918921988206
637,637,-0.145637821822,0.27108989355
638,638,2.82157927515,0.805306382155
639,639,0.597457729716,0.251725000097
640,640,-0.335467737505,-1.42123223582
641,641,0.886536116436,0.369892070954
642,642,1.36515060919,0.835704765324
643,643,-0.172358531772,-1.19092918245
644,644,-0.244386262948,2.35496369106
645,645,0.0383959231106,1.24409625008
646,646,0.604326512464,0.682820764972
647,647,1.85513497877,1.4197076395
648,648,2.44602315258,1.34865032811
649,649,0.818205568864,2.15553985216
650,650,2.64447530412,0.894131360625
651,651,-0.397405886567,-1.45448962907
652,652,-1.12800506055,-1.89123027609
653,653,2.53330472938,0.212505588089
654,654,1.92922007008,2.68553101339
655,655,0.844739599527,0.691003946368
656,656,-0.644545138933,-2.01873255858
657,657,1.74929960652,0.649508967903
658,658,0.142850050795,1.4553876705
659,659,3.0650918325,0.763638892556
660,660,1.78863835401,2.12353213749
661,661,1.74339963375,1.89694612306
662,662,2.07754083232,2.44240403495
663,663,1.31751764223,1.77976057152
664,664,1.78868151191,1.78817174862
665,665,1.47138281583,1.80134767692
666,666,1.44283672755,2.02309192367
667,667,0.778288564493,-2.71811518952
668,668,-0.490904342092,1.84710305592
669,669,1.36344511788,1.26669694194
670,670,-0.684362991724,-1.24567648273
671,671,0.776346254921,1.10990049765
672,672,2.38822701106,-0.29278116883
673,673,-0.756055243695,2.03309388964
674,674,-2.03188432451,2.11222760429
675,675,1.39933679564,-0.86509586936
676,676,0.500005509495,1.82863061999
677,677,1.71010064031,1.49640705899
678,678,2.2723815568,1.42201216815
679,679,0.254877783116,2.57346852188
680,680,1.40779139225,0.804309485443
681,681,2.29257600683,0.329610551422
682,682,2.57272493305,-0.0109979521817
683,683,1.75772204927,1.20305116549
684,684,1.54894428361,1.51098725847
685,685,0.566270437125,2.79190339248
686,686,0.214078217732,2.53602521653
687,687,-0.00533893190488,2.10694713075
688,688,0.164112694288,2.16490762363
689,689,0.386151489913,2.1660787453
690,690,-0.288937181821,2.15308737755
691,691,2.47889904543,1.52230697268
692,692,2.38879819643,1.82209569834
693,693,-1.08578012502,-2.73693947861
694,694,1.64027924607,2.22715941036
695,695,-0.268227835759,-1.87189114938
696,696,1.20673511238,1.93147040991
697,697,1.31488964359,1.86343454487
698,698,2.23889911475,0.430656439381
699,699,2.58093535285,0.213827642389
700,700,0.132694233435,-1.62357233782
701,701,-0.569630916239,0.97897676854
702,702,-0.606819268567,2.28170596487
703,703,-0.24776016261,2.18882267771
704,704,-0.365110759774,-1.16606802417
705,705,-0.269956762987,1.72763408639
706,706,1.23749470818,1.46914093471
707,707,-0.303940195088,-2.28098829115
708,708,1.60956584197,2.20840027874
709,709,0.686314834247,1.47033468641
710,710,0.228196026375,-2.42754461391
711,711,1.3150534089,0.329448595024
712,712,0.0515674334667,-0.435450014912
713,713,-0.798662687612,-1.53786902848
714,714,0.507343341545,-2.15673020351
715,715,-0.804749523124,1.70048277218
716,716,0.540098503109,2.72078538431
717,717,-0.273785626853,-2.17671274981
718,718,1.11789192761,1.19346243651
719,719,0.300515608852,-1.48756329523
720,720,1.5874981208,1.85210124537
721,721,-0.152972806091,-1.42835840311
722,722,-0.497702316926,-1.24109363794
723,723,1.27992185163,1.14926767655
724,724,0.793320147109,1.18592465337
725,725,0.793806915637,0.725196532336
726,726,-0.0583483366986,-2.5765964632
727,727,-0.0632216243381,-0.97230637992
728,728,2.09419997895,-1.35739459877
729,729,1.92612124635,0.294453731509
730,730,-0.267654311195,-2.57361134052
731,731,0.291028465857,-3.25301547855
732,732,-0.214005946676,-1.86138137676
733,733,2.34116688834,0.135918209816
734,734,-0.036793952059,-2.86173994126
735,735,0.788579814275,2.68891898204
736,736,-0.134768164364,-1.42363774299
737,737,-0.739709776967,1.94884251784
738,738,2.23012332374,-1.91799099229
739,739,-1.95755361584,2.57007166909
740,740,1.49522386986,-2.04842500567
741,741,-0.0089019926315,2.45785503955
742,742,-1.42038629651,1.03542824535
743,743,1.06223422117,-1.11458604914
744,744,0.863821540222,0.487076114618
745,745,-1.22239118722,-2.38322244347
746,746,0.741213625953,-2.00799524165
747,747,0.594059948733,-0.374542661628
748,748,2.14504188349,-1.23819059409
749,749,-0.159905076894,-2.04041372912
750,750,-0.875569492975,-2.81489046353
751,751,-1.59449121215,-1.04598184807
752,752,0.400977125161,1.88855173593
753,753,2.78877722531,0.070613370582
754,754,-0.229542696229,-2.6901721559
755,755,0.347905746556,-2.11922714259
756,756,-0.384446320709,-2.02133366495
757,757,0.538585504693,-2.26710138332
758,758,-0.434114988354,-2.84401311673
759,759,0.242322232988,-1.99479442886
760,760,-0.966492942188,-2.55650611861
761,761,-0.190734171274,-1.70664818358
762,762,-0.477114189088,-1.98405535577
763,763,0.591980969888,2.31219947962
764,764,1.93075668591,0.0610695791214
765,765,0.773803389771,-2.2981045383
766,766,-0.982263576153,-0.948222493896
767,767,-0.930667071303,-3.22261845415
768,768,0.0896635700995,-2.33839563858
769,769,-1.76081660084,-1.40792683766
770,770,-0.233395321205,-1.33997807575
771,771,0.43915241529,-2.13629943903
772,772,-1.13697334584,-2.75540063017
773,773,1.14694821993,-1.42402705114
774,774,1.8908925948,1.36872552947
775,775,0.976910098602,-2.31588217259
776,776,1.06943573271,-2.02846021301
777,777,-0.0401064689207,1.61671749636
778,778,0.976190197636,0.988330537273
779,779,-0.0776957469892,1.16140049148
780,780,0.594643120908,-1.63551030802
781,781,0.537344262751,2.65183374071
782,782,0.0641572263008,-2.5448698153
783,783,0.0646595385506,-2.89576852984
784,784,0.593019545374,-2.28397668
785,785,-0.201078164044,2.28467391579
786,786,-0.107886706099,2.5617888539
787,787,-0.520497686185,2.82362920226
788,788,-0.189955285529,2.76829488659
789,789,0.336888305871,-2.15369576734
790,790,-0.257202701305,-2.79480606605
791,791,-0.759195125778,2.88736908754
792,792,-0.162550708738,-2.4649056053
793,793,1.57901148817,-1.64055477055
794,794,-0.115210226264,1.97540637939
795,795,-0.0312806202937,2.21617548725
796,796,-0.242381537138,2.46169463924
797,797,0.698382963508,-2.61831734467
798,798,2.15541628676,0.853166934229
799,799,2.71722249766,0.0823123682641
800,800,2.77493506156,-0.132753742972
801,801,1.97060996383,0.122158863707
802,802,0.178733227882,-2.69876391989
803,803,0.196878189898,-2.71239742426
804,804,2.43465883263,0.139094228516
805,805,0.0618889197981,2.86580160962
806,806,0.112627872806,2.34615356093
807,807,-0.517876873004,3.03120982944
808,808,0.236247492778,2.69398201941
809,809,0.247630556731,-2.43200741923
810,810,0.22292075641,-3.36438907568
811,811,0.23907095426,-2.84224889196
812,812,-0.147456690916,2.49674916878
813,813,0.516393521209,3.28037972823
814,814,0.576247352226,-2.32068328489
815,815,2.45517096047,0.419487691268
816,816,-0.515140213468,2.36928338667
817,817,-0.103189522389,2.82731104995
818,818,1.15224227292,-2.88724830917
819,819,-0.208111905585,-2.80824677025
820,820,0.180512486301,2.90901135385
821,821,0.267553353846,-2.32297419678
822,822,3.2079797113,0.0228329908436
823,823,3.15998972427,-0.235078638817
824,824,-0.289879974838,2.84989361547
825,825,-0.100380153931,2.01778835132
826,826,2.74367762949,-0.069015505212
827,827,0.30738332282,3.26132498961
828,828,0.110293976112,-2.21396594798
829,829,-0.0481619029093,-2.50462560668
830,830,0.145413344596,-2.38792572667
831,831,2.77841155612,-0.0195032614097
832,832,0.420934877085,2.58842989102
833,833,-0.150285177494,2.70035825813
834,834,-0.329402292488,-1.99343726187
835,835,1.75414691637,0.251458579744
836,836,1.4917193364,0.561897367421
837,837,2.36741813702,-0.147690769861
838,838,2.05459146349,0.0766104622738
839,839,0.561930305923,-2.52290565751
840,840,0.514934744184,-2.71651989296
841,841,-0.547334886771,3.09336818226
842,842,1.48826353194,-2.8576186287
843,843,0.257779859179,-2.53024437237
844,844,-0.0824432249482,-2.51018819087
845,845,0.186852184167,2.10951348606
846,846,0.632140738659,2.47756468134
847,847,0.0504775043499,2.38188201265
848,848,-0.203222187198,2.20806649483
849,849,0.270628483415,2.59681032093
850,850,0.244412722201,-2.45280961257
851,851,-0.0907483999188,2.96830897394
852,852,0.71845122682,-2.12071049351
853,853,0.0645383440952,2.90921241346
854,854,0.505401725866,-2.82097627073
855,855,0.290223487763,-2.61947270413
856,856,3.0600621956,-0.159560871125
857,857,0.104091057442,-3.11578257751
858,858,-2.49272055096,-0.00845218981676
859,859,-1.74391740874,1.71629535734
860,860,-2.09773563347,1.55086480814
861,861,0.496120934423,-0.835082042316
862,862,-2.23338704949,-2.29321748339
863,863,-1.69522107623,2.2483888853
864,864,-0.656671657724,-2.20626348948
865,865,1.86039487808,0.349019876069
866,866,2.71153279129,-0.18391009275
867,867,2.78853842116,0.453663755497
868,868,0.407346944367,-2.70975027226
869,869,1.03776251293,-2.07716029543
870,870,0.517933384384,-0.944975208298
871,871,2.01793416138,0.443667126979
872,872,-0.022806614165,-2.72431121842
873,873,-0.521313559605,1.74415346779
874,874,0.0267129204685,1.34813352738
875,875,2.72720522617,0.589907410716
876,876,-0.0900259576974,-0.355293695903
877,877,-0.0445491411064,-1.02539226205
878,878,-0.737256023201,-2.99746511897
879,879,-0.228297203211,-1.15493679326
880,880,-0.558097797953,1.3029562824
881,881,0.433629155888,3.09418855375
882,882,1.88557846461,0.164847481603
883,883,2.6748088062,0.390033025358
884,884,2.63836206873,-0.455865292701
885,885,-0.726757860683,-3.40554400336
886,886,-0.00796695560943,-3.00002794059
887,887,-0.150747291853,-3.45607549123
888,888,3.14480871073,0.142408584822
889,889,0.138292829798,-2.32550162035
890,890,0.271426308765,-2.70490377843
891,891,2.04943009786,1.03804010338
892,892,0.0460969600127,2.36233631102
893,893,0.672029509863,-2.91855695019
894,894,1.40972884244,-2.51132866741
895,895,0.666826064518,-2.23229169971
896,896,-0.57361565248,-3.06652971603
897,897,0.148886459292,-2.86845823622
898,898,1.45274005418,1.34341669657
899,899,0.885848328748,-3.00304244155
900,900,1.4172590556,0.78801218171
901,901,0.333757823933,2.72376813934
902,902,0.898089569183,-1.16642727557
903,903,-0.0872019497471,1.86201357194
904,904,-0.443242497498,1.64535543178
905,905,1.57431124394,0.570726785655
906,906,1.79760155106,0.562693419034
907,907,2.20859799771,1.33471285524
908,908,1.36407423222,-0.359845979921
909,909,2.36219988498,0.653632497952
910,910,3.13527505643,0.0209852827195
911,911,0.0592188650756,2.48970629821
912,912,2.04742783014,0.240345868238
913,913,2.63232969046,-0.137922748131
914,914,1.95151652812,-0.567836029639
915,915,-0.0864156837798,1.60692579282
916,916,0.240861764283,2.17353753836
917,917,0.068009359819,-1.82172724629
918,918,0.28196017048,-2.13245851076
919,919,2.06242149423,-0.860670995821
920,920,1.47071909986,-2.01296230521
921,921,0.680649842615,-0.111914974382
922,922,0.368547649496,-2.59873433948
923,923,0.710291174069,-1.65848467732
924,924,-0.592154149325,1.86106684924
925,925,-0.130858150639,1.42881825348
926,926,-1.02014311578,-1.78607720119
927,927,0.0571404940891,-2.21265278155
928,928,-0.048327729556,1.21968124171
929,929,0.394335819361,1.54696572314
930,930,-0.108113366653,2.78155221364
931,931,3.01033890567,-0.0719915301551
932,932,1.0037139057,-0.799786514564
933,933,2.60878365499,-0.149672706822
934,934,2.92736975343,-0.0895183640032
935,935,-2.12949971644,-2.21399716123
936,936,0.675183388168,0.39865859618
937,937,1.21508375235,-0.542230961517
938,938,-0.15217665338,-1.71371314719
939,939,-1.68802407943,1.74326202577
940,940,-0.260306217007,1.28620581281
941,941,1.29976097736,1.59503738465
942,942,2.00283666555,0.8822187603
943,943,-1.03586504316,0.228794340489
944,944,-0.147700250959,0.782689099156
945,945,-0.0118594915026,-1.65520249593
946,946,-2.20715336518,-2.27199588127
947,947,-0.41889341239,1.51825029781
948,948,-0.827885421992,-1.26849946492
949,949,-0.537813518117,-1.80197221717
950,950,0.500714244983,0.7531657207
951,951,0.223931570986,0.949412204857
952,952,-0.244371324363,-2.17685967192
953,953,-0.0553482968924,-2.91106669612
954,954,0.39951682149,0.779841132189
955,955,-0.417186594706,-0.768283103144
956,956,0.452622292764,2.31019766412
957,957,0.53770594185,1.11392339179
958,958,0.659097171372,-2.24768400732
959,959,-0.176431305815,-2.10025840168
960,960,-0.536424683287,-2.44044474896
961,961,0.142667790657,-2.54993783512
962,962,0.228199448379,2.90304742838
963,963,1.07052629173,-0.45827239427
964,964,0.249911954319,-2.99720311123
965,965,0.113446208067,2.95267951997
966,966,1.18386882038,-0.264684867354
967,967,2.89873255398,0.543685716007
968,968,-1.01237027772,-1.51401823802
969,969,-1.99172145442,-2.11924087466
970,970,-1.2026817022,-1.64420601152
971,971,0.0889210126858,1.36766957551
972,972,-0.779712398134,-0.619191160609
973,973,-1.87674758862,-2.1537373058
974,974,-1.58782217684,-1.70664148162
975,975,-1.52910051609,-1.49173433301
976,976,-0.993172810041,-1.83906025961
977,977,-0.507375429229,-2.22872672038
978,978,-1.27660231833,-2.04448755756
979,979,-0.697722545201,-2.23571178792
980,980,0.397346891114,-0.729913103469
981,981,3.07798724678,0.0365865007065
982,982,0.0616833604177,-2.35658321391
983,983,-1.39741087099,-1.86919188687
984,984,0.37728805719,2.87003329843
985,985,-0.26920948902,-1.56944845546
986,986,-0.802303702239,-1.64862954611
987,987,-0.851603392034,-1.74139341158
988,988,-0.0224159020529,1.09420954636
989,989,-1.16109092826,-1.76064335198
990,990,-1.96973242398,-2.5657823394
991,991,-0.0788278843575,3.10901471996
992,992,0.114464481817,-1.48559273346
993,993,-0.196497582643,-2.22633857794
994,994,0.312078946493,-2.64953005906
995,995,2.17991711852,0.432033721902
996,996,0.429483982659,-2.59399898071
997,997,-0.751542863058,-1.5712832734
998,998,-1.62239337244,-1.76959721653
999,999,0.105250377036,0.163137379314
1000,1000,-0.637849968466,0.992711254507
1001,1001,-0.413272594827,0.774598046974
1002,1002,-0.952171446445,-0.991868007072
1003,1003,-1.48938095557,-0.866665716808
1004,1004,-0.0702423911906,2.06563252667
1005,1005,-0.376746105359,2.88914448627
1006,1006,1.46503905309,-1.81317826193
1007,1007,0.29390046966,-0.434589332015
1008,1008,-0.442949136227,2.23815778772
1009,1009,1.19440998292,-1.82145496603
1010,1010,2.30212421508,0.284694523647
1011,1011,2.8626640512,0.158994551251
1012,1012,2.63425573115,0.0963692638127
1013,1013,0.813747984923,-1.71851545168
1014,1014,-0.0340140677514,2.14184550599
1015,1015,0.553560170379,-3.11628982151
1016,1016,-0.789417588165,-0.631213296765
1017,1017,-0.35380997043,1.81775770875
1018,1018,2.33127376103,0.226877298022
1019,1019,-0.417342664583,1.55085324201
1020,1020,0.397918113001,-1.66811925439
1021,1021,0.627783786632,0.0291180200892
1022,1022,0.396363056388,-1.78177732768
1023,1023,-0.742930143053,1.59675472568
1024,1024,-0.261925655181,0.848234652757
1025,1025,-0.127144923107,0.99457473463
1026,1026,0.560161585214,0.402064096893
1027,1027,-0.206001015553,-0.0603263832192
1028,1028,-1.0298386467,0.25145801048
1029,1029,2.69134023778,0.102291382683
1030,1030,-0.472049618503,0.948828420183
1031,1031,0.973273353386,2.43741492969
1032,1032,-0.413808440671,0.902052283571
1033,1033,-0.843164049999,-0.334268258768
1034,1034,-0.38665199655,-1.6329312359
1035,1035,0.674124641964,-0.845216915314
1036,1036,-0.366704717999,-0.776104408249
1037,1037,0.459552686523,2.8816513628
1038,1038,1.40860715492,-1.07976379885
1039,1039,2.43050906006,-0.864190681942
1040,1040,-0.0211059265036,-3.26201041871
1041,1041,2.2535760179,0.188974188089
1042,1042,0.117440450257,-3.26396901276
1043,1043,-0.042628881589,-3.03043777797
1044,1044,-0.859204068682,1.71937386177
1045,1045,-0.794957135888,2.07370572945
1046,1046,-0.768404221142,2.1197893717
1047,1047,-0.47511318491,1.7133343853
1048,1048,1.07064313888,-1.92888639148
1049,1049,0.0586144014451,2.87125327614
1050,1050,2.33433076125,-2.57102871034
1051,1051,0.345564064771,-2.43170567042
1052,1052,-0.784514612404,2.33391215114
1053,1053,-1.07898059218,2.28616254815
1054,1054,-0.620868044389,2.2758506243
1055,1055,-0.0530485137818,2.59031260792
1056,1056,1.25863380222,-2.79947472464
1057,1057,0.42760794153,-2.12577824635
1058,1058,0.139941969963,-2.40657238187
1059,1059,0.162620668532,1.75145949921
1060,1060,-0.0297735754595,2.4098058739
1061,1061,1.41335794008,-1.77722697607
1062,1062,-0.0777995332787,-2.45701625291
1063,1063,0.712747679991,-2.03703418572
1064,1064,-0.151819081721,2.55042841555
1065,1065,-0.235540782221,2.50108884169
1066,1066,0.132279323038,2.21982787423
1067,1067,-0.446604954571,2.34453501111
1068,1068,0.505592329927,-1.82780920179
1069,1069,0.00724015786939,2.66435822512
1070,1070,-0.455536338697,2.18838024413
1071,1071,0.244908236515,-2.22227046263
1072,1072,2.56764778365,1.27621816141
1073,1073,0.0898461967719,-2.82581049481
1074,1074,4.10330614528,1.09828419087
1075,1075,-0.790834698099,-0.810917577339
1076,1076,0.56845273243,0.565581136379
1077,1077,-1.27914119466,-1.0527660076
1078,1078,-1.25557908778,-1.04497085943
1079,1079,-0.7669186331,1.81375960159
1080,1080,-2.05322570413,-2.01385629308
1081,1081,-2.23234801831,-1.87283204769
1082,1082,2.09672241562,0.169810647241
1083,1083,-1.88683710302,-1.93837790367
1084,1084,-0.322955133138,1.72301218396
1085,1085,0.473536516013,1.45437956037
1086,1086,-0.0482041269045,0.365965445709
1087,1087,-1.12650183184,0.633120370529
1088,1088,0.478833596455,1.55142352641
1089,1089,-0.236987062682,1.25896493631
1090,1090,-0.368501403093,-0.881217185233
1091,1091,-1.04072258677,0.805469861003
1092,1092,0.538267361302,1.46642435381
1093,1093,-1.24085961868,-2.1172303082
1094,1094,0.166397865884,-2.59486051888
1095,1095,-0.699657832601,2.41992188098
1096,1096,0.216037001209,-2.90214156005
1097,1097,0.0484159209071,-2.54176398554
1098,1098,0.456650466561,-2.48608707569
1099,1099,0.00570553009688,-2.19172339293
1100,1100,0.46631278753,-1.82786334622
1101,1101,-1.81948077522,-2.019752716
1102,1102,-0.450170891616,-1.99332155797
1103,1103,0.100473795771,-2.78930608802
1104,1104,-1.49034390638,-1.72755539474
1105,1105,0.0226864283707,-2.39704825595
1106,1106,2.66228281078,0.0378844396821
1107,1107,-0.434161014167,2.12835831859
1108,1108,-1.90837813162,-1.9437205475
1109,1109,-0.0439994665281,2.15025949276
1110,1110,0.335492137808,-1.18654318169
1111,1111,-0.249151353332,2.59789162744
1112,1112,0.766227394585,-1.47550484247
1113,1113,3.25868008231,-0.61051968563
1114,1114,1.83051460098,0.867953437335
1115,1115,0.242402714726,-2.67255543464
1116,1116,0.719160174436,-2.15592299088
1117,1117,-0.653037518057,1.09436516695
1118,1118,1.17268686358,-1.8643787712
1119,1119,1.37378742498,-0.954005195987
1120,1120,-0.758594783244,1.73182061733
1121,1121,-0.832540768224,2.24456389453
1122,1122,-0.101968751,2.78483364883
1123,1123,1.0839978272,0.315409748798
1124,1124,-0.741107186249,-1.46501900142
1125,1125,1.52349005128,-1.96036546181
1126,1126,-0.376807398167,2.741666166
1127,1127,0.314646186999,1.32091978545
1128,1128,1.55413584625,-0.961199708616
1129,1129,-0.791565381972,2.21365961125
1130,1130,1.04325403249,-1.8027956941
1131,1131,-1.52528076012,-2.34098185592
1132,1132,0.439024460991,-1.78191060228
1133,1133,-0.252380529864,-2.3661367108
1134,1134,0.413394100839,-3.4299127747
1135,1135,0.770958135891,-2.06142726117
1136,1136,-0.0512757189642,2.65814085874
1137,1137,-0.0514459796811,-1.93846158701
1138,1138,0.516274496329,-2.49147885587
1139,1139,0.635868734084,-2.47763505662
1140,1140,0.032686507846,2.38181161587
1141,1141,0.52037810762,2.33247302093
1142,1142,-0.32093434972,2.15121857477
1143,1143,1.27289469074,-1.64810657353
1144,1144,2.21461132356,1.58336691278
1145,1145,3.06433923899,0.0890941835334
1146,1146,1.47602839241,1.68456219577
1147,1147,0.464467475914,2.31070915614
1148,1148,0.239082350694,-2.6990605868
1149,1149,0.482171551303,-2.47987805841
1150,1150,3.14049376086,0.290857446399
1151,1151,0.0318972382597,2.44250983743
1152,1152,0.799648851371,3.07320285476
1153,1153,2.93900761687,0.344229602961
1154,1154,-0.300475969564,-2.91784787704
1155,1155,-0.179140318823,-3.15926560902
1156,1156,1.93819022744,0.484891207649
1157,1157,0.0273363615138,2.39603750921
1158,1158,2.08996504317,0.479570792827
1159,1159,2.24568971857,0.0744959283325
1160,1160,0.549473876024,2.35377444287
1161,1161,0.0711144403991,-1.1788749342
1162,1162,0.069150685093,2.30863010772
1163,1163,0.16932667241,2.13852570165
1164,1164,0.508008646864,-1.73130703702
1165,1165,1.49177567388,0.309726579202
1166,1166,0.79948750015,2.12348575516
1167,1167,2.76344242468,0.1779041458
1168,1168,1.19147164358,-1.77383592108
1169,1169,3.1532424246,0.157948234316
1170,1170,2.24521644,0.378811256947
1171,1171,-0.231148696041,-3.07524279818
1172,1172,0.263504235134,-3.07644298704
1173,1173,-0.45062246434,3.14903979105
1174,1174,-0.539783364995,3.25795008901
1175,1175,0.393031277391,2.08473535865
1176,1176,0.25066046181,2.92712964167
1177,1177,0.209282724106,-1.64993895073
1178,1178,1.53477890425,0.459913735235
1179,1179,-0.735973980161,-2.92657963572
1180,1180,-0.262402633442,-2.7257863993
1181,1181,2.34796023554,0.533780836469
1182,1182,-0.798418043526,-2.52639668172
1183,1183,-0.256893662387,2.51340436582
1184,1184,-0.30970267051,2.46255976407
1185,1185,1.22647164587,-2.0474896781
1186,1186,0.183146247813,-2.43256589567
1187,1187,-0.533809616497,-2.36435525421
1188,1188,1.14574235756,-1.63239246057
1189,1189,-0.127659694757,-2.77304934678
1190,1190,-0.480153299188,-2.71413752154
1191,1191,-0.378134557699,-2.81504223736
1192,1192,-0.135747389334,-2.33159621776
1193,1193,-0.397925889169,-2.4141938671
1194,1194,-0.180055531766,-1.97588055103
1195,1195,-0.490502001816,2.71324832625
1196,1196,2.3156812756,-0.0816850571113
1197,1197,2.98061515122,0.42639090468
1198,1198,2.92461489114,0.479693671011
1199,1199,2.90654141585,0.303720522552
1200,1200,0.818979064638,-3.04651053743
1201,1201,1.03425501058,-2.28952460469
1202,1202,-0.758781400457,1.77217324284
1203,1203,-0.675418520379,2.56268148761
1204,1204,-0.546275766972,2.31891621602
1205,1205,1.53639362294,-2.38760551003
1206,1206,-0.499826121366,2.48174287602
1207,1207,0.0886710649436,-2.31518281839
1208,1208,0.457557835493,-2.35122282506
1209,1209,2.77186617178,0.0930637596798
1210,1210,3.37038013639,0.47824533463
1211,1211,0.220497376376,2.2564770134
1212,1212,1.16070738475,-2.13522144922
1213,1213,2.65495360541,0.18809031162
1214,1214,1.76771072789,0.566351614779
1215,1215,0.00974860735421,-2.89752139686
1216,1216,0.127912767657,-1.97281677385
1217,1217,-0.0865527328907,-2.63868130446
1218,1218,0.306310290678,-2.0836082427
1219,1219,2.03606689429,0.0857550184845
1220,1220,1.39823037345,-1.33313165992
1221,1221,1.8223565536,-1.350607054
1222,1222,1.17182665405,0.596063116858
1223,1223,1.37287148663,-1.09070327488
1224,1224,3.0502565358,-0.20563827961
1225,1225,2.62277674382,-0.167030332812
1226,1226,0.322412108612,-0.138518235189
1227,1227,-0.111669111517,3.56099336964
1228,1228,0.698925021874,-0.130049819609
1229,1229,0.0110837446855,2.84946463389
1230,1230,0.131054662751,-3.1480053031
1231,1231,0.293347525437,-2.89487062076
1232,1232,0.185179410184,2.88798679146
1233,1233,1.39161801225,-2.38797751181
1234,1234,0.220095107929,2.38005647694
1235,1235,0.0876931560922,-2.06615262315
1236,1236,3.04321432372,0.293618891417
1237,1237,0.402003950031,-2.31478745086
1238,1238,-0.262698664658,3.3618710657
1239,1239,1.3328080807,-2.07043868892
1240,1240,-0.127670812031,-2.05880253389
1241,1241,2.57377711909,-0.0298642192227
1242,1242,-0.384777606528,-2.6745232042
1243,1243,0.12048415831,-2.85228364105
1244,1244,0.729062197552,-2.66721588564
1245,1245,-0.340194972778,2.75644669429
1246,1246,0.270212351712,-2.5165666163
1247,1247,-0.224072041641,2.86520784563
1248,1248,0.022114596302,3.55864274749
1249,1249,0.870389251156,-2.6587144577
1250,1250,-0.156270159852,2.34739817658
1251,1251,0.0240893346811,3.37429807679
1252,1252,0.234973099123,2.78609345812
1253,1253,0.678959458308,-2.17759493354
1254,1254,2.34092180831,0.7392584693
1255,1255,2.92627291653,0.194803562194
1256,1256,2.88179325975,-0.229719586379
1257,1257,3.04960244642,0.364532397083
1258,1258,2.13315960922,0.42896289969
1259,1259,2.63582557956,-0.0298259633864
1260,1260,2.52915951648,-0.0474239245053
1261,1261,2.87199587848,0.490537399381
1262,1262,0.109313424772,-2.17118120653
1263,1263,0.244116184698,-2.5519745135
1264,1264,2.3620790384,-0.355518738468
1265,1265,0.400315026023,3.81554091918
1266,1266,1.20647356823,-0.183947105788
1267,1267,1.78917187584,-0.243622636521
1268,1268,0.0104099847994,-2.37530314197
1269,1269,0.303205366118,-2.5771383361
1270,1270,1.93986260667,-0.189821717259
1271,1271,0.347012665492,3.03141070638
1272,1272,1.93447559989,0.536089709305
1273,1273,-0.261042345394,-2.36593073977
1274,1274,0.661072008181,-0.51782383441
1275,1275,-0.331126947366,3.14352644369
1276,1276,0.507704677785,-2.77605415604
1277,1277,0.752758500451,-2.94992487604
1278,1278,2.53808852547,0.148641925704
1279,1279,2.25788304074,0.303052366247
1280,1280,0.819971996932,-0.197213928622
1281,1281,2.81566211112,0.297340930457
1282,1282,2.64188548859,0.296324229299
1283,1283,2.75122865045,0.286028535927
1284,1284,-0.383220099825,-1.80513984499
1285,1285,1.32023090804,-1.82027514401
1286,1286,0.0972452036852,-0.542576636686
1287,1287,1.58470974801,0.711171185193
1288,1288,-0.209128196957,-2.28423501564
1289,1289,-0.117674823348,-2.40940060631
1290,1290,0.212113916602,-2.40538672221
1291,1291,0.879289159943,-0.512331991979
1292,1292,0.413594203925,1.75245205134
1293,1293,2.48906711747,0.524459190792
1294,1294,2.99676816495,0.00275638474495
1295,1295,0.748355295588,-0.541785025709
1296,1296,-0.00860624119784,-3.29329976576
1297,1297,0.271985005137,-2.25907148036
1298,1298,1.76734774207,-1.20029580013
1299,1299,-0.400880212775,2.93598166945
1300,1300,1.11979777213,-2.95105404101
1301,1301,0.191904044451,2.85538894135
1302,1302,-0.197670575586,1.72267942427
1303,1303,1.70157961056,-2.7939224735
1304,1304,-0.851353948301,2.8162104697
1305,1305,-0.428356705619,2.1706549171
1306,1306,-0.471460081911,1.98330726034
1307,1307,-0.786862549687,2.70407576255
1308,1308,-0.602067039656,2.478641399
1309,1309,0.185857262679,2.69474370687
1310,1310,0.737124833491,-2.6871964085
1311,1311,-0.128237836589,-2.59533415388
1312,1312,0.387869858392,3.00765969501
1313,1313,0.100922690424,-2.89706679449
1314,1314,1.85765561246,-2.88884320746
1315,1315,0.314100443833,-2.45165234725
1316,1316,-0.928521072405,2.26890432949
1317,1317,0.369562995641,2.58474410648
1318,1318,1.19990453281,-2.66499096853
1319,1319,-0.279434943157,2.52384475535
1320,1320,0.376763511325,2.77081936295
1321,1321,-0.637013174084,2.14126888567
1322,1322,0.097843467677,2.95814210818
1323,1323,-0.145781356324,2.88412287637
1324,1324,0.818280751235,-2.08413355413
1325,1325,1.24801218797,0.955824354791
1326,1326,2.85691196571,0.0405155901901
1327,1327,0.271048886437,-2.66760368344
1328,1328,0.210344092738,-2.79206595622
1329,1329,2.84064425464,0.516776705755
1330,1330,-0.196036950814,2.62234263806
1331,1331,1.10741065146,-2.20261436663
1332,1332,1.59511335448,0.45451137308
1333,1333,0.169082061423,-3.03141084668
1334,1334,0.0876418561232,2.00131132226
1335,1335,0.778700599118,1.44867493326
1336,1336,0.748145754661,1.7030151087
1337,1337,-0.335935933137,2.04007465805
1338,1338,1.49280036622,0.995702667277
1339,1339,0.0465293954253,1.57744648954
1340,1340,1.21295551371,1.41112957253
1341,1341,2.33624543949,1.6609001677
1342,1342,1.60104686813,1.48877417188
1343,1343,0.748290836915,-2.189986892
1344,1344,0.143299466736,-2.42513993527
1345,1345,1.65114361869,0.938435842406
1346,1346,0.988152479301,2.1432138049
1347,1347,1.96551523691,-0.0794226771425
1348,1348,1.43670265334,1.73929846232
1349,1349,0.311594144527,2.69955946769
1350,1350,-1.16901875643,-1.39535939016
1351,1351,1.9000972039,0.744705661643
1352,1352,-1.02814350331,-0.773594322956
1353,1353,0.468161452835,-2.05721477544
1354,1354,0.391739484979,1.81451653963
1355,1355,1.27037557032,0.848840348681
1356,1356,2.09920532422,0.25403249139
1357,1357,1.16385260398,1.59427871542
1358,1358,0.754042110949,1.64849288608
1359,1359,0.737577092407,0.369694155961
1360,1360,2.10537253289,0.384269348362
1361,1361,0.839247478555,0.198730106917
1362,1362,-0.589754351437,-1.22163784815
1363,1363,-0.743970693347,-1.46379691945
1364,1364,2.18086510403,0.621753065009
1365,1365,1.83046251033,-0.800541416986
1366,1366,2.00876490176,-0.208606059471
1367,1367,-0.320437580327,0.773253473057
1368,1368,0.376613776024,1.91207999121
1369,1369,0.727140982441,-2.07209712504
1370,1370,0.350474895361,2.14318169653
1371,1371,2.22492075122,0.144170165189
1372,1372,2.60498729274,0.889521447611
1373,1373,-0.196535381026,1.36141222505
1374,1374,2.10048776321,0.739720637792
1375,1375,1.25254430052,1.34768909838
1376,1376,0.692508731374,1.02915032939
1377,1377,-0.990026123189,-1.02698520776
1378,1378,0.194503971938,-1.58748083589
1379,1379,1.87221986804,1.26815820233
1380,1380,-0.0573175785342,1.67162552216
1381,1381,0.64381543735,1.08629644939
1382,1382,-0.204251252691,-2.30371580315
1383,1383,-0.184188173339,1.71556894662
1384,1384,1.93938834401,0.774796416517
1385,1385,2.23761206503,0.628965394212
1386,1386,1.41319773256,0.764459969258
1387,1387,2.27175453436,1.55455412772
1388,1388,2.28240538252,0.603440302266
1389,1389,1.52485993442,1.26925098108
1390,1390,0.0241116395714,3.46108175068
1391,1391,-0.266357311765,2.64496085938
1392,1392,1.05336257401,-2.3312631278
1393,1393,0.713923224775,0.60475278463
1394,1394,0.695970369019,0.00863664463476
1395,1395,2.21728320376,0.271824410753
1396,1396,2.18205848547,-0.0589181711638
1397,1397,1.89537830934,-2.17460117246
1398,1398,0.71552294443,1.37706516539
1399,1399,-0.316853099063,-2.17172257746
1400,1400,1.27534475109,0.169886659098
1401,1401,-1.87886896114,-0.994697942226
1402,1402,0.722290969304,2.02312191998
1403,1403,1.08373116746,0.110150046574
1404,1404,0.570401070713,2.09179756501
1405,1405,0.873422585649,1.28948762908
1406,1406,0.388888270911,3.04680264803
1407,1407,0.632418230635,4.33641823952
1408,1408,-0.627015056568,3.51282538061
1409,1409,-0.137267922849,2.41940918631
1410,1410,0.728634887156,1.76647501781
1411,1411,0.322984602646,2.17290551323
1412,1412,-0.212852821591,2.97714142887
1413,1413,-0.137448649189,2.9640020363
1414,1414,0.858323933257,2.04971169513
1415,1415,0.66542563578,3.07238224445
1416,1416,0.20471087451,1.62465390842
1417,1417,2.07132436152,-0.25655655677
1418,1418,-0.101419618996,1.95071447953
1419,1419,0.90854360576,0.317828403998
1420,1420,-1.99030371396,-1.84800564042
1421,1421,0.0560063484251,0.0398712728527
1422,1422,0.892450760464,0.336440242323
1423,1423,3.18851517907,0.434396905819
1424,1424,-0.179685797861,-3.1286439174
1425,1425,0.413746103531,1.8938904915
1426,1426,0.0410843420711,0.477993647316
1427,1427,2.19881868739,-0.0422863399681
1428,1428,3.61727501183,-0.825740737663
1429,1429,2.47591806795,-0.155241773166
1430,1430,1.66987210882,0.387077564299
1431,1431,2.43765165565,0.0303742511581
1432,1432,3.13200012684,-0.0464352133912
1433,1433,2.69508752554,0.453171300067
1434,1434,0.829986906392,0.700614187042
1435,1435,1.57178729991,1.18843047739
1436,1436,0.107711234271,-2.15577625762
1437,1437,2.38169288663,0.31609595033
1438,1438,-0.42289239611,1.58358298419
1439,1439,1.78355513382,1.98100820739
1440,1440,0.991624624769,1.36735225716
1441,1441,0.328711693066,0.540630568621
1442,1442,0.554208352898,2.10007300842
1443,1443,0.597695890732,-2.57063180357
1444,1444,2.28998389631,2.19457325494
1445,1445,1.27167543409,2.43353323582
