,vote,alpha,beta
0,0,-0.190626326669,2.4800273688
1,1,-0.600184339923,-2.54409974346
2,2,2.57692314949,-0.16866581083
3,3,2.72756281259,-0.257920643664
4,4,0.696174879343,-1.40641748015
5,5,3.44931349009,-0.526702555524
6,6,2.21122122646,0.725518300411
7,7,2.37516250953,0.690282218832
8,8,0.227064801092,-1.71172130272
9,9,1.27406825696,-1.46629072707
10,10,2.62279224625,-0.180796239362
11,11,2.75031722775,-0.533275998946
12,12,2.65731042847,0.276764676927
13,13,2.63783576268,0.165442634538
14,14,3.20386601995,0.374296425847
15,15,2.39195038275,-0.0204025227331
16,16,0.328499965945,2.59108003036
17,17,0.650829072062,-0.522623678711
18,18,3.07670162459,0.465161613163
19,19,2.42787684816,-0.326337611183
20,20,1.39619561066,-0.595052511637
21,21,0.133854761075,-2.98785489612
22,22,-0.175903875966,-2.41788503343
23,23,3.25690359205,-0.124185866656
24,24,0.969278934933,-2.20258312819
25,25,1.46344235223,-0.341222446708
26,26,-0.680360763387,-0.117292322973
27,27,-0.0157882013268,2.8032488083
28,28,2.46274066909,-0.00489657444551
29,29,2.66304164922,0.387606821215
30,30,2.43977210256,-0.0159184047469
31,31,3.04948776448,0.156696900806
32,32,-0.218432612079,-2.64640548902
33,33,0.00880672893276,-3.56544416358
34,34,1.38211725836,-0.414871748591
35,35,-0.0899465055493,2.33418964046
36,36,-0.526749699799,-2.7059775648
37,37,0.154084207007,-2.3927529297
38,38,0.0928811195177,-2.8414278704
39,39,-1.00230909954,-1.47474878487
40,40,1.89278527272,-1.40629247969
41,41,0.117245843325,2.91028127936
42,42,-0.121339139229,-2.32161796715
43,43,2.61416872412,0.501718666943
44,44,3.0115219261,0.103825398198
45,45,3.36687788173,-0.193337217807
46,46,2.2421460242,0.261320732697
47,47,2.1476800293,-0.291777190756
48,48,2.85108136114,0.354471902533
49,49,2.51435817028,1.98096372951
50,50,-0.125387943892,-2.71994276612
51,51,0.146726277532,-2.57481337981
52,52,-0.428146059651,3.20097708611
53,53,-0.0826713898016,-2.77020531013
54,54,0.0528935174307,-3.1509917617
55,55,0.321845611433,-2.51182504484
56,56,0.672112031704,-2.65531571928
57,57,-0.822259285384,2.11144376846
58,58,-0.00953404004512,3.15367232552
59,59,-0.0344181977577,-2.07713671506
60,60,0.824106334575,-2.46772758906
61,61,2.08211914363,0.0441353762369
62,62,2.23134563064,0.310450747258
63,63,3.227637629,0.202106398161
64,64,2.55981695847,-0.123031465575
65,65,2.71297257965,-0.274997904338
66,66,-0.183961998383,-2.71208823212
67,67,0.826461118003,-2.37020334981
68,68,1.17078249844,-2.19059799706
69,69,-0.428832966885,-1.71383502231
70,70,-1.47250455243,1.79713911322
71,71,-0.728829706704,2.26063095817
72,72,-0.744967384524,2.13455202561
73,73,-1.092008147,2.39179712756
74,74,-0.866549123107,2.25786987199
75,75,-0.534916932926,2.14442158613
76,76,-0.406218143842,2.24314613287
77,77,-0.899205854277,1.58875487347
78,78,0.382051044183,2.65009760021
79,79,0.876384446364,-2.33246544042
80,80,-1.00586949503,-2.44457300485
81,81,-0.630960984942,-3.2176759268
82,82,0.31676482061,-3.18873352033
83,83,0.0512593563906,2.50566797318
84,84,-0.440406101098,-2.02235322297
85,85,2.76049255719,0.388975198851
86,86,2.41805104714,-0.657195389529
87,87,0.026169331007,-2.97262156821
88,88,-0.289702775933,-2.63434522076
89,89,-0.606790809338,-0.875162910567
90,90,0.27719839307,-0.534562454453
91,91,-0.2458073987,-2.05100490517
92,92,-0.744021232154,2.10721201511
93,93,-1.22385902543,-2.01455636933
94,94,0.387917946055,2.73232281511
95,95,2.42703640286,-0.324779990279
96,96,-1.29124901147,2.22574720643
97,97,-0.709692739587,2.03748268382
98,98,-0.42087957313,0.300239776265
99,99,-0.247944619374,1.85897766364
100,100,-0.266085466874,1.97346362966
101,101,-1.00954439154,0.510087893012
102,102,-0.43170007077,-1.8401646764
103,103,-0.963587923285,1.74423738662
104,104,-0.372113750159,-0.856274560968
105,105,-1.20813056056,-0.0911790183608
106,106,0.553725014225,0.888728599892
107,107,0.27517019115,-1.38590153156
108,108,-0.410979716789,0.597851803652
109,109,-0.510837286582,0.538292131179
110,110,1.52649658112,1.58581359101
111,111,-0.164766257155,-1.76307528316
112,112,-0.402905289642,-1.32606720203
113,113,0.172378582305,-1.89587515696
114,114,0.642803768279,3.15505618536
115,115,0.503877700325,-1.31060894131
116,116,2.95129334285,0.000353380375307
117,117,2.4833860235,-0.354221591764
118,118,0.451594663583,-2.15495314567
119,119,2.0672774388,-0.361043155752
120,120,2.33980985338,-0.102176402575
121,121,-0.162415905785,2.33942501244
122,122,1.20111156557,-1.31741781309
123,123,2.26489081775,0.101463137341
124,124,0.850109887228,1.80158428293
125,125,0.134312206256,-2.77568779175
126,126,0.36789069148,-2.52569741039
127,127,-0.768608218108,0.573183195846
128,128,0.10339823248,-2.20823914915
129,129,-0.190916063419,-1.24592005281
130,130,-1.12009318446,-1.64777073443
131,131,0.776922246281,0.80674876873
132,132,-0.401571476286,-1.36660996264
133,133,0.189734848291,1.43990908446
134,134,0.716178486178,-2.26126279555
135,135,1.31079916115,2.11576135214
136,136,-2.07466204673,1.29563113211
137,137,-0.634115981544,0.623105654382
138,138,-1.19045110273,0.651265020937
139,139,-0.0399285606869,1.9703899423
140,140,-0.491046399132,0.159357353098
141,141,-0.784053634474,0.512128735299
142,142,0.351437774004,-1.70293370288
143,143,-0.756292226938,2.12432337892
144,144,-1.57332160133,2.1813359057
145,145,-0.905866077879,1.27373562958
146,146,2.2710910651,0.827788305517
147,147,-0.182179005671,1.20020646695
148,148,2.85555893639,0.671419106547
149,149,2.86127215491,-0.0472894263809
150,150,0.175471165944,2.66204885902
151,151,0.735816590543,-0.564874931428
152,152,2.84836127113,0.206920507399
153,153,2.65161675648,-0.0559258925044
154,154,2.95696853828,0.540622757374
155,155,0.251832893834,-2.7530286059
156,156,0.710216856873,-2.38293000206
157,157,3.12130952952,0.223118293217
158,158,0.065122065304,-2.27793043029
159,159,2.14457942732,0.973837078566
160,160,0.277439761127,-2.3227457015
161,161,0.649172271688,-1.89278748147
162,162,-0.372446239281,2.44296552362
163,163,0.381463072401,-0.530900818196
164,164,-1.34128381024,-1.2249253268
165,165,-0.53131365829,1.68547756482
166,166,0.254713691771,-3.22173404161
167,167,-0.829605399207,1.46352415538
168,168,1.12970122274,1.48601278422
169,169,-0.125562933046,0.0324114907448
170,170,-0.999348013303,-0.703808436026
171,171,-1.40332551732,-1.23260788057
172,172,-0.949370824281,1.15038271126
173,173,-1.33915576199,-0.722871477749
174,174,-1.03665620958,-2.13070093684
175,175,0.299752513542,1.61142363545
176,176,0.10223869941,0.895021192297
177,177,0.247074116673,-2.46831889722
178,178,0.0844565774354,1.11864949053
179,179,-0.686422129251,-1.43625992106
180,180,-1.14733751328,-1.58822482006
181,181,0.881046167501,-0.336492852394
182,182,-0.21625204336,-1.08532177447
183,183,0.0942630743757,1.02616334332
184,184,-0.0813749514598,0.380658843811
185,185,-0.224263145968,0.251397668469
186,186,0.450146985688,-0.396614485268
187,187,0.0377034723958,-0.402424095136
188,188,-0.104110971509,-0.694773328613
189,189,-0.121424265138,-0.226002297015
190,190,0.0250159045512,0.335235306214
191,191,-1.42727299623,-2.10734718082
192,192,-0.279561355893,-2.60833971034
193,193,0.212040344806,2.77757481642
194,194,-0.22743656337,-0.820393603643
195,195,2.28712111762,0.0519881645188
196,196,2.61176995208,0.127379234953
197,197,-0.203109188557,-2.95377729417
198,198,-0.970667004516,1.27048974869
199,199,0.485830943229,-2.26616302742
200,200,0.137352344315,1.51834327641
201,201,-0.308795902481,2.28457216488
202,202,1.0484244749,-2.20166971995
203,203,2.84126569546,-0.171533621312
204,204,-0.580495151052,2.49554487307
205,205,0.374785076861,-2.20672197614
206,206,0.319853006106,-1.47711735093
207,207,0.30814411471,-1.64494612237
208,208,-0.325997894371,1.95042900682
209,209,0.128615985088,-2.45879472163
210,210,0.604531438425,-0.812916680199
211,211,-0.390851846533,-2.37437576114
212,212,0.454754413595,2.01607637437
213,213,-0.858115645539,1.98762583075
214,214,-0.206740508963,2.94252738511
215,215,0.410449131756,-2.06880983314
216,216,2.41932153373,-1.0923618451
217,217,1.97459607917,-1.38899318257
218,218,2.63670947264,-0.0803753394805
219,219,0.0667498865029,-2.49628428912
220,220,0.469139840837,-2.02335266088
221,221,2.23251598719,0.827993403903
222,222,-0.315123343565,2.32664351405
223,223,-0.171947842683,2.00522493433
224,224,-0.948236251191,1.46482631459
225,225,-0.421213037194,0.202723219837
226,226,-1.79064726392,-2.29073816978
227,227,-0.906817315034,1.88128436574
228,228,-1.31944764736,-1.88164532291
229,229,0.181497885452,1.87985886181
230,230,-1.37439049812,-1.42432244263
231,231,1.56487757207,0.681134608617
232,232,-0.146576412653,1.73241989183
233,233,-0.620210227684,1.62811748352
234,234,-0.80870605254,1.84906728608
235,235,-0.954309244321,1.63373528153
236,236,-0.499856243811,1.37803408176
237,237,-1.13345754947,0.668720452158
238,238,-1.36026307302,1.81754030746
239,239,-1.12584476526,1.54358345492
240,240,-0.860178771463,1.51193817717
241,241,-1.22010827195,1.87030505696
242,242,0.508144522747,-2.70368696065
243,243,-1.26862499175,-1.85451394634
244,244,-0.440903369901,2.08559194681
245,245,-0.141949089526,0.917236314015
246,246,-1.11622752039,-0.691976981322
247,247,-0.234488523983,1.12559719242
248,248,-0.630088860577,0.425652879781
249,249,-0.47549295465,0.310473571885
250,250,-1.21887710773,0.806149636649
251,251,0.158674793569,1.07083139514
252,252,-1.61052704602,-1.2785140203
253,253,0.340617968412,-2.14598711798
254,254,0.24731006919,-2.10161171821
255,255,-0.717327991688,1.4956516168
256,256,-0.311960556088,0.689665997983
257,257,-1.09223127197,-1.24127564789
258,258,-0.313149098436,2.16417794777
259,259,-0.161009921033,-1.8151169161
260,260,0.0464807176117,-2.45893496646
261,261,-0.310958508321,-3.46254764148
262,262,-0.299454406941,2.00305647133
263,263,0.0517956067368,-2.76180132684
264,264,0.464584107159,-2.71816034603
265,265,-0.0511457749767,3.1161347211
266,266,-0.410517032384,-2.01992427109
267,267,2.50602365511,-0.298091376137
268,268,3.39271317938,0.158234206294
269,269,3.60780402777,-0.0518593311282
270,270,0.246828431882,-3.19413359541
271,271,0.799332447562,-2.66151696083
272,272,-0.904739209626,0.239091758072
273,273,-0.401744597861,2.97361484907
274,274,1.45331311946,-2.25510978052
275,275,-0.404264767011,2.21566554519
276,276,0.795397275179,-2.08482682779
277,277,0.138294933244,-2.36556528553
278,278,0.514962837241,-2.71065344691
279,279,1.01954778596,1.38695138704
280,280,0.830075677694,-2.40893199699
281,281,0.116796562969,-2.0412310683
282,282,0.269597058464,2.76533627047
283,283,-0.466436731632,-3.43327158449
284,284,-0.581922183062,2.12842617167
285,285,0.0311971810021,2.41739758019
286,286,0.162872158092,2.65389438635
287,287,-0.965609325239,-2.94077162125
288,288,2.41099519463,0.0216545338211
289,289,3.01960939648,0.302092185968
290,290,0.32401134778,-2.82408277487
291,291,-0.27400533462,-2.75375581344
292,292,-1.69182813728,0.784223830603
293,293,1.04819647793,-2.07842001641
294,294,-0.500575722692,1.61937052007
295,295,-0.765761822837,1.28224450211
296,296,-1.54471772528,0.701245744928
297,297,-1.48710174168,-1.06186864857
298,298,-0.538557589355,1.2345156991
299,299,-0.451153408808,1.72288239735
300,300,-0.107048523577,-0.345831527193
301,301,0.409347698581,0.0261809564957
302,302,-0.118930588278,0.498409116054
303,303,0.282087154858,0.312709770911
304,304,1.28620314151,-0.843176341664
305,305,0.896142645407,0.172455291816
306,306,-0.489672733327,0.497992929649
307,307,0.74075418808,-1.81250193987
308,308,0.885977369082,-0.381354110743
309,309,0.551883418788,-2.15745783031
310,310,1.11242867068,0.702961997477
311,311,-1.42264993421,1.28173630754
312,312,-1.43969470658,1.85847530918
313,313,-0.214709485267,-0.429585822296
314,314,-0.0715053475931,-2.91247426444
315,315,0.284064526319,-2.73997233973
316,316,2.49371998147,0.129932305403
317,317,0.918767083283,-2.76032487906
318,318,-0.177268091779,0.378366642856
319,319,0.470783281972,-1.98876081689
320,320,0.028379541783,0.831418161717
321,321,-0.639865581891,-0.754181422139
322,322,0.937654811374,-2.3827357609
323,323,0.429661096489,0.28322213116
324,324,0.986801652537,1.22881796918
325,325,-0.465667305122,1.61458572061
326,326,-0.471832303503,1.68484593202
327,327,0.0532992153926,-2.95953699648
328,328,-0.115511653998,1.01313565373
329,329,2.66594380666,-0.717480135924
330,330,-0.119482518836,0.159327958474
331,331,-0.183662586533,2.25624100798
332,332,0.960445655134,-1.01944172386
333,333,-0.497548201396,2.55795455346
334,334,-0.651041791936,1.89399172374
335,335,0.241959942629,3.6219621573
336,336,1.10305904865,-1.73111596636
337,337,1.62430498298,1.24848862294
338,338,-0.0418397627902,-2.39341805888
339,339,0.2885927875,0.662568788762
340,340,-0.171521608073,-0.485910849032
341,341,-0.37765748795,-0.920490355506
342,342,-0.748998589448,1.18464424347
343,343,-1.20494950394,0.958150355306
344,344,-0.978851905638,1.04169169911
345,345,1.68408108831,-0.40920165148
346,346,1.97344197571,-0.343733885564
347,347,-0.30181005106,2.51756761261
348,348,-0.466160753814,2.92431932358
349,349,-0.0776973949703,-2.39270687437
350,350,0.36700519302,-1.82229506568
351,351,-0.00348209059439,2.86170796152
352,352,0.663494158053,-2.46908253627
353,353,0.211088219245,-2.71502434368
354,354,-0.00143308237159,-2.39892220109
355,355,2.45806364708,0.196501011773
356,356,0.333688605784,-2.13775668151
357,357,0.879366366772,-2.8361803001
358,358,0.213045343076,-2.73620163863
359,359,1.48609101809,-2.16273870623
360,360,0.713277090278,-1.40903421686
361,361,-0.352875590904,2.21262286818
362,362,-0.671191461311,2.06239776138
363,363,0.0342569682067,2.53362517036
364,364,-0.328162204827,2.73547198654
365,365,-0.212519921228,2.93561574946
366,366,0.4693221762,-2.26789931323
367,367,-0.403506994839,2.47450211044
368,368,0.247291586334,-2.4166448714
369,369,2.63250839321,1.33928148177
370,370,2.61914389113,-0.290721909776
371,371,2.34752864243,0.141187428048
372,372,2.27981817487,0.479416435699
373,373,2.32350242918,0.678562412182
374,374,2.33011475349,0.0152908952987
375,375,2.56976390542,0.0885255653337
376,376,2.57490445933,0.0600244718333
377,377,2.36802581946,0.362236281764
378,378,0.024380864233,-2.77548153223
379,379,0.0678092800215,-2.53120263514
380,380,-0.0441139406636,-3.02302824663
381,381,2.9612559017,0.305058308601
382,382,3.02353276673,0.713814878428
383,383,2.52413760607,1.17720941064
384,384,0.135457251552,-2.82986141679
385,385,0.582863305581,-2.48514599313
386,386,2.01220066633,0.695213391519
387,387,-0.697909445784,2.35608758232
388,388,-0.380635225884,2.07431762677
389,389,-0.425265371965,2.47594759381
390,390,-0.57230339344,2.91867757603
391,391,3.3146487052,0.029073673213
392,392,0.164206575262,2.47111075289
393,393,0.388726559876,-2.08625464628
394,394,0.0757697902223,-2.70642639771
395,395,0.343442618438,-2.88295992731
396,396,-0.0512014461036,-2.43534157694
397,397,-0.162677028086,2.47558871239
398,398,-0.75684795513,-2.54375500084
399,399,0.080143969908,3.204847431
400,400,0.452414976299,-3.00230898676
401,401,-0.300682427806,-2.22586945375
402,402,0.687733565588,-2.01531361864
403,403,0.743862966075,-1.97979524069
404,404,0.13233099908,2.3975165242
405,405,0.959493440309,-2.30765379409
406,406,1.088952984,-0.903386901693
407,407,2.90277827371,-0.148385170229
408,408,3.19756424046,-0.0639911421882
409,409,2.5075443997,-0.0448784578743
410,410,-0.229493595439,2.10237728442
411,411,2.39268646813,0.419204682582
412,412,0.312780659777,2.34129968823
413,413,3.08331736705,0.110307732669
414,414,2.69106227965,0.0630839026575
415,415,0.131653942074,-2.3115301117
416,416,-0.01179526023,-2.53166005338
417,417,0.197159376493,-2.72905400546
418,418,2.07428594726,0.259142352774
419,419,1.00104788092,-2.37258258262
420,420,-0.21316200425,-2.51148807403
421,421,2.63330005467,0.0976532755162
422,422,0.41986903043,2.84476854527
423,423,1.53659631069,0.500682463565
424,424,-0.534638236457,-2.61876766174
425,425,-0.339607917546,-2.36197610163
426,426,2.37763820743,1.19180706619
427,427,-0.00735076952283,-1.723594224
428,428,-0.287244669371,-2.04457685914
429,429,1.18116160292,-2.08690437419
430,430,0.952394635318,-1.71307263371
431,431,0.749216413019,-2.00855283791
432,432,-0.127098015807,-2.16691148947
433,433,0.10387323245,-2.36910398924
434,434,-0.331729276516,-3.08215390456
435,435,-0.255359211752,-2.8411640158
436,436,0.975845004511,-2.20977575654
437,437,0.618068035952,-2.0525273105
438,438,0.197164364745,-3.01359444834
439,439,1.40004611303,-2.24867631531
440,440,-0.307524329338,-2.86687656678
441,441,1.29599772958,-2.08526658199
442,442,-0.0554031171388,-2.71068241762
443,443,1.82044215902,0.282425523632
444,444,0.100998486611,-2.67853177286
445,445,-0.104063227406,-2.72412523277
446,446,1.20797086976,-2.50975183685
447,447,0.298116633276,-2.92662115553
448,448,1.2330086388,-2.57680392345
449,449,3.16138927073,0.303506434153
450,450,3.03025072355,-0.273249878762
451,451,0.00455487568942,-3.35480858892
452,452,1.06830847448,-2.00091525029
453,453,-0.412647294793,-2.67739762767
454,454,0.903889179291,-2.01263771496
455,455,-0.191365461431,-2.93546863958
456,456,-0.00868379323915,-2.23048258566
457,457,0.148688147683,-2.64729150252
458,458,-0.344111071962,-2.48399247842
459,459,3.19308099238,-0.565909331361
460,460,-0.0881621402525,-2.45534353851
461,461,1.04004041121,-2.39849985449
462,462,2.68928444807,0.0950598508434
463,463,0.34010581816,-2.59833098714
464,464,-0.975601643015,-1.55126270929
465,465,0.838575233359,-1.97114156114
466,466,-0.421299736093,-3.08911548163
467,467,1.0110097852,-2.12911958901
468,468,0.229522370874,-2.46834155805
469,469,0.238448755887,-2.43559031846
470,470,-0.111889297768,-0.220780034788
471,471,0.531164716697,2.16029722099
472,472,-0.0107404308594,-3.13453198397
473,473,1.14017259791,-2.2965011792
474,474,-0.355366299379,1.71396277816
475,475,1.6871557077,2.0439230002
476,476,1.8368429121,2.12113027094
477,477,2.43419645838,-0.0646547028643
478,478,3.68707803477,-0.271248319175
479,479,0.198215769498,-2.46102454719
480,480,1.21547139129,-1.70025223737
481,481,-0.689557683093,2.28216312966
482,482,-0.176087615745,-1.9823998649
483,483,-0.893878928681,1.04483170957
484,484,0.0779657901706,0.0538009868267
485,485,1.62001506093,0.465181329043
486,486,2.3438962569,-0.257965917482
487,487,2.76351458294,0.104004811203
488,488,2.46476049703,0.147018748956
489,489,-0.154803000163,-2.98701132121
490,490,0.475611198471,-2.86548268972
491,491,-0.825263216944,2.12914869332
492,492,0.105522262585,3.00993639862
493,493,1.18532902051,-2.04262044569
494,494,0.382683387165,2.80624921279
495,495,1.25717495197,-1.37584422861
496,496,2.78770356614,-1.21442432437
497,497,0.0389432809239,-2.19051278965
498,498,2.72319128228,0.318078997753
499,499,2.17226912512,0.0350331632811
500,500,-0.266037879264,-3.2326942925
501,501,-0.233166424501,-3.25573122965
502,502,0.23180727161,2.18760485284
503,503,-0.448000469843,2.38980249309
504,504,-0.608790179863,2.85553004839
505,505,0.297912573276,2.91916682186
506,506,-0.147111604176,-2.14211206487
507,507,3.102613514,0.662826602961
508,508,0.20372623649,2.84129278585
509,509,0.0804365781089,-2.94649611977
510,510,2.69796757733,2.14752348317
511,511,0.551030261424,-3.63321046534
512,512,0.126734760384,-2.57545763121
513,513,0.436491739123,-3.13985566434
514,514,-0.503583168297,2.59196227441
515,515,0.823434791282,-1.55683318131
516,516,2.23626252147,-0.121900797139
517,517,3.09248665239,-0.318481094077
518,518,-0.160172994977,-2.99876045638
519,519,0.353990771136,-2.68694865944
520,520,0.133168021947,-3.05627705219
521,521,0.127258025145,-2.47279834089
522,522,0.0885601183767,-2.02548119498
523,523,0.154428009939,2.62088984617
524,524,-0.360982145656,2.74936257986
525,525,0.0183968837127,2.26480272313
526,526,0.158893798221,2.07033252388
527,527,-0.0947479413795,2.20550522099
528,528,-0.522805420576,2.74564493054
529,529,-0.0802212804357,-2.74918104533
530,530,-0.310745634304,-1.4894098308
531,531,0.452675086904,-2.50120124711
532,532,-0.542920108685,2.42167199996
533,533,-1.096601665,1.67947838492
534,534,-0.726794831974,2.29543201049
535,535,0.539736835559,-2.24672843848
536,536,-0.450012909009,2.42034031604
537,537,-0.881866035177,2.48822941798
538,538,-0.657473603093,2.15996481987
539,539,-0.843451357826,2.28439323236
540,540,-0.739459472442,2.2851013863
541,541,-0.522734448594,2.88619573395
542,542,-0.699018696288,2.80350379785
543,543,1.0562842502,-2.03737440121
544,544,2.46710804617,0.437637199701
545,545,2.63436891893,0.238946536188
546,546,2.99843202096,0.217091487973
547,547,2.86390758165,0.35904021922
548,548,2.53213782271,0.4307706248
549,549,-0.264693017206,-2.45623538026
550,550,0.648169020527,-2.32701431572
551,551,0.600577947576,-1.18645279248
552,552,-0.443655791407,2.20839723065
553,553,-0.438881075305,1.75172965203
554,554,1.19117922557,-1.94720311033
555,555,1.3818724448,-0.821784624328
556,556,0.0634393294701,1.26538224629
557,557,-0.512160071571,0.256349020568
558,558,-0.640360843871,0.899830624277
559,559,0.656698496228,0.806483067965
560,560,-0.575481865498,1.37194625147
561,561,0.756193856012,-0.317801172975
562,562,1.98194367222,0.510769042455
563,563,3.17447963405,0.0514669182388
564,564,2.61317189849,-0.488990135425
565,565,1.8513974893,-1.74114142225
566,566,3.17475590084,0.092097251965
567,567,2.82826643774,-0.291004360488
568,568,2.8109671364,0.110620291278
569,569,2.48630975798,0.0439273012115
570,570,0.251191792355,-2.3577988104
571,571,-0.125902526733,-3.26124380399
572,572,0.160186477062,-2.84539220824
573,573,0.775021744699,0.208100717362
574,574,1.06927545854,-0.382377994841
575,575,4.05787334126e-05,-2.36746576907
576,576,0.393300638985,2.81891699573
577,577,0.392595949086,-1.88934393237
578,578,2.57429630923,1.83431032745
579,579,-0.158592972322,-2.37637213071
580,580,0.0795622340898,-2.78550869993
581,581,0.0437411738113,2.86180661138
582,582,-0.295715521304,2.26070388284
583,583,-0.144713042302,-1.8356349669
584,584,2.841777401,0.00839986066969
585,585,2.18088923551,0.044560957512
586,586,0.21752240829,-3.34654412759
587,587,2.86800544332,0.0692480216521
588,588,0.517717700375,-2.95838424104
589,589,0.678700385747,-0.970333923033
590,590,-1.84756668934,2.56442891939
591,591,-1.7282281795,1.67329444093
592,592,-1.63561049564,1.26076336416
593,593,-2.84824869796,-2.6119042589
594,594,-1.27937862649,2.19196521183
595,595,-0.397274886811,-2.51514549626
596,596,0.672597836627,-0.531795403081
597,597,2.26485024877,-0.100671669372
598,598,2.03454555076,2.0016584151
599,599,0.381375553348,-2.16908910207
600,600,-0.567390399737,2.78256027045
601,601,-0.29206672216,2.97578683467
602,602,2.29382971449,-0.32770827299
603,603,0.325143231412,-2.8812109998
604,604,-0.00210295306512,-3.02323501633
605,605,1.02411901139,0.711788853131
606,606,-0.0985290041883,2.45015596764
607,607,1.20031929495,-1.75539108305
608,608,-0.94028963391,1.368699241
609,609,0.705698629075,-1.84886337959
610,610,-1.76229122818,2.79940458294
611,611,2.17762849267,-1.89090157433
612,612,1.92531462218,0.393703514791
613,613,1.04277488664,0.656467641007
614,614,0.851578673474,1.60530608256
615,615,0.703702925499,0.460695862782
616,616,0.488649564319,0.845607738493
617,617,0.688260635406,0.311812063005
618,618,0.658033275378,0.524567429267
619,619,1.08592890639,-2.12223396038
620,620,1.00108890348,1.42126336522
621,621,2.31283975585,0.458859691582
622,622,1.20101903271,-1.84779715322
623,623,1.56367910435,0.47915153448
624,624,0.349554377257,1.74787146393
625,625,0.0862053169843,-0.965304620652
626,626,-0.28291856003,-0.688886543868
627,627,0.874133909457,1.40443985886
628,628,1.45047607446,0.643068127827
629,629,1.28017872573,0.513340451565
630,630,-1.11315650566,-1.56996378728
631,631,-0.685936834388,-2.66531010187
632,632,-1.91831168638,1.35571467923
633,633,-0.650267009945,-1.29953254149
634,634,3.22281033634,-0.133026016816
635,635,-0.29185933287,-0.254196798731
636,636,-0.882587828289,0.703818569366
637,637,-0.0676503600634,0.426310937393
638,638,2.68025431673,0.106405144482
639,639,0.437962867641,0.363667806055
640,640,-0.46477561309,-2.10995149809
641,641,1.11660550294,0.644686205494
642,642,1.27196976933,1.24877182592
643,643,-0.536288836893,-1.37682275728
644,644,-0.273794760167,2.61275856893
645,645,0.0503962665029,1.4597531714
646,646,0.585062310085,0.891873724448
647,647,1.76767681432,1.30372160522
648,648,2.0636535822,1.57234608679
649,649,0.740834780186,2.08673176547
650,650,2.58052515926,1.19663648963
651,651,-0.333058789563,-1.67268231242
652,652,-0.952390772566,-1.72733989804
653,653,2.12180158464,0.381075536211
654,654,2.14167633879,2.83849658938
655,655,0.52201186403,0.778108705887
656,656,-1.10966362721,-2.46954680445
657,657,1.97657741369,0.696809085552
658,658,0.547852799693,1.30737554381
659,659,3.21449524183,0.779122265861
660,660,1.99510405712,1.89948551154
661,661,1.59757679424,1.85419435709
662,662,1.85142309237,2.19022618435
663,663,1.53443653137,1.66001247282
664,664,1.46934862883,2.09442841472
665,665,1.68152334498,1.95631458747
666,666,1.36993264262,2.15367848931
667,667,0.470542761064,-2.88321287148
668,668,-0.470289364948,2.05661981699
669,669,0.840292867543,0.962231463581
670,670,-0.11444934765,-1.60665866702
671,671,1.16797483691,1.48593353078
672,672,2.28686794034,-0.429159458335
673,673,-0.799690580546,1.74371091464
674,674,-1.86605453755,1.98086281702
675,675,1.29341745133,-0.718535608954
676,676,0.744033836351,1.82358631082
677,677,1.85336953914,1.45026400464
678,678,2.20157738041,1.3429821462
679,679,-0.330026916122,2.54076160103
680,680,1.79388585195,0.444609052151
681,681,1.99559849867,0.372439351189
682,682,2.6487580472,0.0282458421504
683,683,2.17964583213,1.35757366404
684,684,1.82459474541,1.92875943476
685,685,0.306228580807,2.60680195043
686,686,0.504331557796,2.09257213774
687,687,0.309267136994,2.20731065428
688,688,-0.0851288270264,2.4050070561
689,689,-0.0928186232309,2.46765814383
690,690,0.098277747043,2.20445100393
691,691,2.3408519311,1.60781849603
692,692,2.52003901076,1.84534546858
693,693,-0.766439908545,-2.88481442648
694,694,1.34655687297,1.97298299119
695,695,-0.0732534990328,-2.04165531172
696,696,1.43581104264,2.19383183701
697,697,1.54066461346,2.03426437467
698,698,2.48813735577,0.775257072765
699,699,2.47660657292,-0.0193872913091
700,700,0.0398794857568,-1.36372143104
701,701,-0.488199151122,1.24653309228
702,702,-0.533354079673,2.34367879588
703,703,-0.332492754434,1.90280610528
704,704,-0.663806505683,-1.35684759258
705,705,-0.218061341468,2.33511833219
706,706,1.15578949737,1.95183527238
707,707,-0.447526389418,-2.15994395505
708,708,1.88863105528,2.33298292688
709,709,1.13071925406,0.994343103421
710,710,-0.219355544539,-2.39368208359
711,711,0.63681109083,0.410281348157
712,712,-0.358343639092,-0.687022916671
713,713,-1.10963885863,-1.62124564881
714,714,0.657634132646,-2.74845886444
715,715,-0.748414586103,1.95452555089
716,716,0.17456041771,3.01954349771
717,717,-0.103738797331,-2.15794728375
718,718,0.821671165275,1.41769084166
719,719,0.311922804809,-1.4482145155
720,720,1.09332520838,1.83138911247
721,721,0.0888328562714,-1.11798025741
722,722,-0.30938085963,-1.15879657888
723,723,1.32645591716,1.18218116791
724,724,0.825804382671,0.957872739938
725,725,1.23954682253,1.02432035023
726,726,0.2988536653,-2.23592942629
727,727,-0.674267515012,-1.21822917605
728,728,1.82007073597,-1.01210109242
729,729,2.16385311977,0.540985807822
730,730,-0.419845429885,-2.19795967672
731,731,-0.0879447831154,-2.84465806468
732,732,0.0497826492595,-2.08024000496
733,733,3.51255007128,0.0179366703674
734,734,-0.0279841342185,-3.10791816425
735,735,0.677309973853,3.04611400596
736,736,-0.16316647844,-1.52626232079
737,737,-0.873599167668,2.07452770762
738,738,1.48764192642,-1.37263490414
739,739,-2.10422188822,2.56366768717
740,740,0.841429380105,-2.29398606839
741,741,0.544251577923,2.23821832725
742,742,-0.983909301732,1.29857476251
743,743,0.909954486829,-1.450237722
744,744,0.700548621484,0.26632161028
745,745,-0.966033334465,-2.09887328252
746,746,0.401886693456,-2.19931198423
747,747,0.97791550877,-0.648855952426
748,748,1.79848499563,-1.13553002945
749,749,0.161016741915,-2.45591623509
750,750,-0.0232425745743,-2.88736026872
751,751,-1.50889710792,-1.13843743512
752,752,0.307359523075,2.32541306284
753,753,2.94583770449,0.247107922381
754,754,-0.482301022325,-2.5254501221
755,755,-0.0567679000056,-2.39784772861
756,756,0.406616811208,-2.3107894568
757,757,0.61188066208,-2.492823786
758,758,-1.23281272535,-2.62784631245
759,759,0.067128485075,-2.6033301798
760,760,-0.496803916241,-2.496061521
761,761,-0.781555798917,-1.50689964912
762,762,-0.0331187686509,-1.74354362087
763,763,0.452630005616,2.15896967541
764,764,1.32832525974,0.308539480916
765,765,0.834267295407,-2.46709121116
766,766,-1.14627032892,-0.925328975372
767,767,-0.421034994985,-3.23240405594
768,768,-0.281525029535,-1.94506684531
769,769,-1.5853535801,-1.1886243313
770,770,-0.752652836654,-1.51174440546
771,771,0.733986176513,-1.98170213852
772,772,-0.973847620016,-2.82886179667
773,773,1.15974129741,-1.34510392789
774,774,1.78707842458,1.23236954668
775,775,0.859970979701,-2.61594739482
776,776,1.05295556303,-2.45795293278
777,777,-0.629570001878,1.61366220534
778,778,0.824567267862,1.15658076681
779,779,0.135696590134,1.16262895718
780,780,0.522843518917,-1.7636002401
781,781,0.649071031041,2.17074626751
782,782,-0.0778938814823,-2.54468675723
783,783,0.230040119057,-2.82294995631
784,784,0.567220841234,-2.51956373228
785,785,-0.206049734708,2.20859776998
786,786,-0.197904470651,2.34561092635
787,787,-0.675367136028,2.60386708084
788,788,-0.510714588354,2.7618008755
789,789,0.298154712018,-2.05952508819
790,790,-0.0836161797309,-2.72944945897
791,791,-0.643652991299,2.8277479338
792,792,-0.105938860378,-2.42247467162
793,793,1.88410187681,-1.78226807779
794,794,-0.136967845907,1.93615501602
795,795,0.320162683911,2.33422455808
796,796,-0.202066788001,2.39277736963
797,797,0.667773414501,-2.33926429512
798,798,2.09803424653,0.821688900625
799,799,2.60147717076,-0.0280827516887
800,800,2.8421749538,-0.0340877844069
801,801,2.04230270581,0.217035634648
802,802,0.368333015286,-2.55170430844
803,803,0.615301613763,-2.7200362428
804,804,2.4286339439,0.0523613480236
805,805,-0.359255188846,2.85399386553
806,806,0.202794276435,1.96417384264
807,807,-0.323497439116,2.71131530478
808,808,0.300803311786,2.61134291339
809,809,0.382230071003,-2.38139951632
810,810,0.293889653316,-3.0664695016
811,811,0.224866970794,-3.0550889274
812,812,-0.21750354477,2.38869458906
813,813,0.473532401975,3.18596783163
814,814,0.540797600655,-2.30486427013
815,815,2.30443597813,0.560297660851
816,816,-0.802460491091,2.38553612487
817,817,-0.0476298162491,2.69542094316
818,818,1.06144611592,-2.99077380373
819,819,-0.00310407888614,-2.83212708547
820,820,0.203562817495,2.98754676415
821,821,0.286957237434,-1.9422493685
822,822,3.28335828423,-0.0283354406674
823,823,2.98339414259,-0.0398323749804
824,824,-0.309222189622,2.86826315187
825,825,0.0472571736305,1.90717877365
826,826,2.69881992851,0.193146046506
827,827,0.450151720421,3.28052928857
828,828,0.135680560922,-2.06053529056
829,829,0.156178333784,-2.69796528857
830,830,0.187240920844,-2.42016086306
831,831,2.95904483908,0.118597179969
832,832,0.427275459365,2.50113693193
833,833,0.377185909485,2.54743207113
834,834,-0.283778420052,-1.76538303711
835,835,1.65136205464,0.239730229301
836,836,1.797473574,0.635457573562
837,837,2.27585330351,-0.113028901327
838,838,2.06899709509,-0.00352133360014
839,839,0.341572053546,-2.35101964121
840,840,0.639121025122,-2.5659248451
841,841,-0.449714452025,2.74088986719
842,842,1.3178364472,-2.80242341119
843,843,-0.018816536143,-2.54292397248
844,844,-0.276595022449,-2.462796697
845,845,0.127831616959,2.05706412229
846,846,0.238446706418,2.43863706453
847,847,0.164166554262,2.43024513895
848,848,-0.078977211862,2.01909554899
849,849,0.631629792235,2.6156352951
850,850,0.372544044465,-2.46533143846
851,851,0.321880261959,2.86666135607
852,852,0.928638358369,-2.04749225019
853,853,0.128135077342,2.73805169151
854,854,0.386166475754,-2.9945021411
855,855,0.163514901915,-2.48132543982
856,856,3.14500616008,-0.331270894368
857,857,0.0942930455973,-3.23274164941
858,858,-2.58201047787,-0.355907404553
859,859,-1.5882406916,1.68307252243
860,860,-1.92214377082,1.48743925666
861,861,0.331472133577,-0.892068581571
862,862,-2.18319965991,-2.31645267887
863,863,-1.48243897391,2.46881175729
864,864,-0.671434414068,-2.16948052082
865,865,1.76713633887,0.479293153402
866,866,2.65333573147,0.0488660767881
867,867,2.81673372495,0.253678544321
868,868,0.0309827723613,-2.55198880835
869,869,0.792396086775,-2.25475938434
870,870,0.575467568234,-0.935071091338
871,871,2.04248266764,0.514211622675
872,872,0.204177578022,-2.9336234045
873,873,-0.535790940055,1.63924043543
874,874,-0.0966001960751,1.22238338791
875,875,2.53647342509,0.394253347074
876,876,-0.17784146466,-0.553476859298
877,877,-0.177351717218,-1.1889242978
878,878,-0.713073322349,-3.25894280504
879,879,-0.140615484449,-1.17793217697
880,880,-0.410920832903,1.42047645433
881,881,0.281262944199,2.74435400584
882,882,1.65864058101,0.0787132772633
883,883,2.56236962875,0.293714672356
884,884,2.51183657123,-0.0574940446328
885,885,-0.546724159888,-3.32003630261
886,886,0.114134710541,-2.9445442229
887,887,-0.312617900693,-3.49720382947
888,888,2.99091712641,0.0914728396605
889,889,0.176869272433,-2.14472445605
890,890,0.444981385264,-2.70403028781
891,891,2.1145728186,1.03565151956
892,892,-0.109880245099,2.15943111212
893,893,0.616171529034,-2.84084348705
894,894,1.44850086975,-2.57784473608
895,895,0.657156372787,-2.06322743911
896,896,-0.390128464478,-2.84209638676
897,897,-0.0342546998507,-2.8226004418
898,898,1.41120016557,1.56094661363
899,899,0.577200511159,-2.70910422298
900,900,1.33606197619,0.696827689668
901,901,0.130670452036,2.60936272059
902,902,1.1356184964,-1.19750364656
903,903,-0.0551854002981,1.66491055642
904,904,-0.594600399784,1.68537789332
905,905,1.57958561286,0.558078356401
906,906,1.89790391419,0.65477721614
907,907,2.51102644047,1.45861916718
908,908,1.28861334966,-0.43465333953
909,909,2.03936450727,0.316365010965
910,910,3.10602843902,-0.0267077079378
911,911,-0.174621378269,2.57149859763
912,912,2.07709698786,-0.0788532184717
913,913,2.55711281564,-0.222673360231
914,914,2.14894742195,-0.812389159141
915,915,-0.0852737648449,1.53888340013
916,916,0.0159244810306,2.18711909389
917,917,0.0510922337616,-1.82805079067
918,918,0.246405760775,-2.06222641368
919,919,1.79763674979,-0.777370200365
920,920,1.04602967054,-1.94819143581
921,921,0.701547633925,-0.146722527643
922,922,0.194819735946,-2.64484718135
923,923,0.481615171208,-1.83734914829
924,924,-0.481716323992,1.86281395737
925,925,-0.0572822206995,1.36432075041
926,926,-1.02154170974,-1.62955250944
927,927,0.303346620871,-2.0841823025
928,928,-0.0620294224307,1.13787615086
929,929,0.396780751167,1.48559572806
930,930,-0.279347686386,2.84724640641
931,931,2.50791944318,-0.229571592645
932,932,1.02896777694,-0.780787329351
933,933,2.3600592889,-0.210109388809
934,934,2.92952028109,-0.0188710242143
935,935,-2.08438135259,-2.18122789444
936,936,0.893854068537,0.434449596507
937,937,1.13802959733,-0.598749173608
938,938,-0.161392746962,-1.76134112732
939,939,-1.33157079976,1.34494250307
940,940,-0.275872533519,1.60786869326
941,941,1.15073468848,1.53551997183
942,942,1.7727767341,0.611829101495
943,943,-0.981892488858,0.0675927318295
944,944,-0.0616178774239,0.846820447694
945,945,-0.204661705765,-1.56144595721
946,946,-2.15741150799,-2.13134540769
947,947,-0.302781272796,1.57661528163
948,948,-0.646440198111,-1.17579225895
949,949,-0.719500091089,-1.83284742759
950,950,0.358583968597,0.874681019933
951,951,0.402534770572,1.01306357597
952,952,-0.18720410448,-2.03546052856
953,953,-0.104263221863,-2.81492072508
954,954,0.542438770606,0.846215220622
955,955,-0.344747446618,-0.805769631888
956,956,0.180057555702,2.26805672578
957,957,0.276905606498,0.878578343997
958,958,0.455114484433,-2.19306293096
959,959,-0.316741773648,-2.33175599461
960,960,-0.38501293901,-2.31768670549
961,961,0.463297032298,-2.26779641896
962,962,0.0630248017293,2.9392996207
963,963,0.900046291602,-0.731034362506
964,964,0.296747167467,-2.89710556158
965,965,0.242019951086,2.6017753702
966,966,1.12230869629,-0.128565209333
967,967,2.78996233995,0.610061094981
968,968,-1.05528259013,-1.46337384895
969,969,-2.14631498107,-2.14926257576
970,970,-1.20485824083,-1.70204781836
971,971,-0.0708728123908,1.36836020129
972,972,-1.04272328783,-0.682136784743
973,973,-1.73449062277,-1.88998504239
974,974,-1.41600313736,-1.75029087994
975,975,-1.42180369513,-1.53073484804
976,976,-0.869304307085,-1.76859138458
977,977,-0.592114135529,-2.1780827246
978,978,-1.06177783949,-1.98524065806
979,979,-0.352655090878,-1.96569147166
980,980,0.317226646453,-0.880883109869
981,981,2.88262721639,0.0777152503338
982,982,0.0812626552304,-2.55545328441
983,983,-1.21574110229,-1.79108476558
984,984,0.598797631237,2.73568038333
985,985,-0.227435312462,-1.64299812378
986,986,-0.772572370385,-1.78731486544
987,987,-1.13146998839,-1.8161678702
988,988,0.171355222152,1.08446603257
989,989,-1.35074607915,-1.96621022501
990,990,-1.81141191274,-2.5175186899
991,991,-0.209796527358,2.7014389996
992,992,0.0301805838024,-1.63214887705
993,993,-0.331058423546,-2.36313021281
994,994,0.0956490729861,-2.79588373318
995,995,2.01351061562,0.489909202314
996,996,0.333528759473,-2.44684072315
997,997,-0.959227854769,-1.61624001884
998,998,-1.5259805973,-1.60288163437
999,999,0.0347422299891,0.379994526651
1000,1000,-0.608139704852,1.02631563198
1001,1001,-0.663614408869,0.910910082967
1002,1002,-1.03905826886,-1.08355357253
1003,1003,-1.60868993119,-0.919890715887
1004,1004,0.0563182872108,2.30756479051
1005,1005,-0.595262538747,2.74669366714
1006,1006,1.25550726749,-1.65560861936
1007,1007,0.240524866797,-0.285656077323
1008,1008,-0.308011868816,2.19820549474
1009,1009,1.18072414843,-2.04934611159
1010,1010,2.36532180769,0.188647183145
1011,1011,2.91102875215,0.188211898044
1012,1012,2.83679384067,0.223872726905
1013,1013,0.717976737615,-1.70642194628
1014,1014,0.0610803826837,2.13260622996
1015,1015,0.529346136885,-3.10479955092
1016,1016,-0.717590218199,-0.793374543016
1017,1017,-0.592150859643,1.90100635584
1018,1018,2.43528800912,0.10425095037
1019,1019,-0.229492329354,1.65617212635
1020,1020,0.312277403153,-1.65375397838
1021,1021,0.626420669186,0.00693422974534
1022,1022,0.388758561173,-1.51708155221
1023,1023,-0.774096717555,1.58214376727
1024,1024,-0.343016824588,0.856546074413
1025,1025,-0.0141230233589,1.09755053583
1026,1026,0.573368311348,0.312911830069
1027,1027,-0.276128278272,-0.0635091690668
1028,1028,-1.01884976617,0.203851213109
1029,1029,2.67782213489,0.0115672708633
1030,1030,-0.556059916106,0.964245720112
1031,1031,1.12081698668,2.38852295887
1032,1032,-0.437318194632,0.988496669663
1033,1033,-0.94236472805,-0.329444689383
1034,1034,-0.499585459605,-1.73885216727
1035,1035,0.684137663873,-0.800385536869
1036,1036,-0.342579170946,-0.799038424692
1037,1037,0.477785519427,2.99271755788
1038,1038,1.63362270514,-1.04023201248
1039,1039,2.44453044924,-0.856592424799
1040,1040,-0.132516389527,-3.10897959679
1041,1041,2.29654756452,0.223704947974
1042,1042,0.310051714331,-3.17102227415
1043,1043,0.109256754837,-2.91774856626
1044,1044,-0.913288163631,1.72867648218
1045,1045,-1.0010498622,2.01004060361
1046,1046,-0.846084125263,2.20671141275
1047,1047,-0.405876595886,1.58067886139
1048,1048,0.881218284242,-2.0435850363
1049,1049,0.159837936809,3.12815340254
1050,1050,1.95029180452,-2.23273128685
1051,1051,0.593865955293,-2.57074280535
1052,1052,-0.838606724995,2.36609939521
1053,1053,-1.22024640651,2.33972441434
1054,1054,-0.643589000544,2.38516535984
1055,1055,-0.125700443061,2.61971669624
1056,1056,0.802216514693,-2.75659594886
1057,1057,0.525551395088,-1.91550160939
1058,1058,0.432229718977,-2.51533776423
1059,1059,0.0815028736426,1.80347273675
1060,1060,-0.249547451123,2.61914398167
1061,1061,1.26542993343,-1.78426853731
1062,1062,-0.233744699852,-2.23005376833
1063,1063,0.747857596653,-1.89038760314
1064,1064,-0.28894871308,2.25540801957
1065,1065,-0.07166673319,2.64298865996
1066,1066,0.111654882866,2.11257574221
1067,1067,-0.565164233735,2.24251487664
1068,1068,0.687096484961,-1.82983742175
1069,1069,0.284956881772,2.90744478772
1070,1070,-0.264736311754,2.25785316471
1071,1071,0.183302684402,-2.32305126109
1072,1072,2.46555112368,0.941667452135
1073,1073,0.339674968152,-2.86001269198
1074,1074,3.90599199412,1.00425903638
1075,1075,-0.89760248563,-0.969172857955
1076,1076,0.707299837191,0.686297127185
1077,1077,-1.34846935693,-1.13754840197
1078,1078,-1.18344867238,-1.15682954844
1079,1079,-0.723446532188,1.72068790806
1080,1080,-2.19643374112,-1.93847401899
1081,1081,-2.15533914466,-1.89642211309
1082,1082,2.30383207637,0.0270117875226
1083,1083,-1.40954847094,-1.63640965034
1084,1084,-0.679630941074,1.64140907899
1085,1085,0.523571686368,1.50858782057
1086,1086,-0.210091434571,0.373648137821
1087,1087,-1.15898531813,0.747105565504
1088,1088,0.402053329304,1.63885525551
1089,1089,-0.224814676973,1.17057085728
1090,1090,-0.460119024332,-1.0298657482
1091,1091,-1.18571440154,0.778166714139
1092,1092,0.427324106253,1.53539776282
1093,1093,-1.08984382683,-1.77814008367
1094,1094,0.100725262766,-2.62581147801
1095,1095,-1.06575015296,2.82862860434
1096,1096,0.545744761991,-2.77585559739
1097,1097,0.179432609153,-2.59846757057
1098,1098,0.351474558039,-2.45110973978
1099,1099,-0.249483769991,-2.23486718231
1100,1100,0.323530075872,-1.9083615289
1101,1101,-1.85377927446,-1.86461823415
1102,1102,-0.452653220769,-2.15433539034
1103,1103,0.0781932198807,-2.63938584531
1104,1104,-1.18744243367,-1.62796438711
1105,1105,-0.00782129714789,-2.43338580864
1106,1106,2.60203098772,0.14396484936
1107,1107,-0.387501348126,1.93431893495
1108,1108,-1.86252535329,-1.91775587585
1109,1109,-0.0927396582544,2.13060110421
1110,1110,0.533617549551,-1.17618296521
1111,1111,-0.563371705538,2.43059001432
1112,1112,0.821069846827,-1.56989444972
1113,1113,3.00705674865,-0.641863756134
1114,1114,1.91933094345,0.997486874274
1115,1115,0.244226651118,-2.94427828648
1116,1116,0.709734579301,-2.41999250014
1117,1117,-0.505114430647,1.05473312129
1118,1118,1.27606473949,-1.91157505565
1119,1119,1.22442852704,-0.852977159972
1120,1120,-0.917290248336,1.89815841778
1121,1121,-0.691630333767,2.2601877356
1122,1122,-0.0677454985011,2.54411243829
1123,1123,1.11722186426,0.331114485831
1124,1124,-0.639769146612,-1.368210892
1125,1125,1.80853719191,-2.03199384471
1126,1126,-0.500444591316,2.58964778084
1127,1127,0.291923323553,1.23481585441
1128,1128,1.70516742857,-1.21556675547
1129,1129,-0.709263022961,1.88023248897
1130,1130,1.02128853495,-1.72834615657
1131,1131,-1.64396091489,-2.34836977319
1132,1132,0.333442760937,-1.77032667588
1133,1133,-0.173710812506,-2.17983087331
1134,1134,0.449543510818,-3.21258604907
1135,1135,0.832728645279,-1.91618230614
1136,1136,-0.127311410435,2.73781876889
1137,1137,0.00464842116308,-2.126652733
1138,1138,0.418791884652,-2.50714219951
1139,1139,0.661179786399,-2.55296021747
1140,1140,-0.264522829154,2.3940452642
1141,1141,0.459293752652,2.28849104847
1142,1142,-0.242710859967,2.43605327112
1143,1143,1.15322115324,-1.56019498964
1144,1144,2.08469868387,1.40499074019
1145,1145,2.98171162812,0.171867759749
1146,1146,1.24825482216,1.55170706516
1147,1147,0.348650569768,2.37582605157
1148,1148,0.232609603967,-2.79406460347
1149,1149,0.464060532488,-2.51570323004
1150,1150,3.12571579775,0.172473745314
1151,1151,0.132042657577,2.41120176549
1152,1152,0.744393555874,2.83183975708
1153,1153,3.10850473857,0.109334962918
1154,1154,-0.249875176486,-2.96363943813
1155,1155,-0.171839205612,-3.22041463756
1156,1156,2.08805296684,0.377967398006
1157,1157,0.133921926063,2.52906543999
1158,1158,2.17297616686,0.351907166207
1159,1159,2.22726163158,0.0248107053634
1160,1160,0.468645747855,2.77648781314
1161,1161,0.124512246928,-1.10813257611
1162,1162,0.0221898679992,2.36432391922
1163,1163,0.465854568371,2.11785244051
1164,1164,0.627536738219,-1.69200779391
1165,1165,1.5256972305,0.572490573555
1166,1166,0.610614270618,1.88676221918
1167,1167,2.79062503682,0.139222079225
1168,1168,0.973666858262,-1.68212029062
1169,1169,2.90289200946,0.139791364297
1170,1170,2.31587802155,0.33107061197
1171,1171,-0.432697167552,-2.97580271791
1172,1172,0.483621500091,-2.8708867258
1173,1173,-0.706600916792,3.1409566884
1174,1174,-0.540768258539,2.99444950894
1175,1175,0.461388029865,2.1802167903
1176,1176,0.348514357861,3.04221748554
1177,1177,0.247917336209,-1.76832247034
1178,1178,1.60305828435,0.397968632367
1179,1179,-0.515693609621,-3.00965658418
1180,1180,-0.286266529746,-2.9128888547
1181,1181,2.57839066091,0.595098551188
1182,1182,-0.530693435928,-2.51725860724
1183,1183,-0.230328858467,2.6303017898
1184,1184,-0.180148946804,2.54088191455
1185,1185,1.48419537051,-2.05564063985
1186,1186,-0.12730917974,-2.47381983722
1187,1187,-0.679770166134,-2.44026608152
1188,1188,0.971902353583,-1.54039727442
1189,1189,-0.0610273437025,-2.77996600483
1190,1190,-0.587568532809,-2.70881268724
1191,1191,-0.452264117693,-2.66551428241
1192,1192,-0.43030838008,-2.32449478854
1193,1193,-0.460805095897,-2.44147912341
1194,1194,-0.0638575782543,-1.84207581944
1195,1195,-0.332932368135,2.44208977451
1196,1196,2.12961535925,-0.0289945154751
1197,1197,2.82787476346,0.382603846981
1198,1198,2.93966472091,0.569178786447
1199,1199,2.8972690926,0.089147272881
1200,1200,0.881082192899,-3.00335764431
1201,1201,0.770467617338,-2.14780384529
1202,1202,-0.653034233943,1.73575266876
1203,1203,-0.696635664526,2.68260302336
1204,1204,-0.598802150201,2.49068540334
1205,1205,1.44632060666,-2.49884433761
1206,1206,-0.354133716337,2.43432707057
1207,1207,0.0925945637459,-2.45184694445
1208,1208,0.36386839272,-2.53158593657
1209,1209,2.78439742967,0.208846654937
1210,1210,3.21579518328,0.305016783547
1211,1211,-0.0627274424569,2.29766065034
1212,1212,1.06265765068,-2.17121519979
1213,1213,2.76467937259,0.100031430205
1214,1214,1.81623682677,0.581644856253
1215,1215,-0.127860521747,-3.04998106763
1216,1216,0.134531225634,-1.91302392259
1217,1217,0.0505821116568,-2.88661968001
1218,1218,0.265262815618,-2.17704248358
1219,1219,2.25155843868,0.0972063485919
1220,1220,1.8123533705,-1.55129456074
1221,1221,1.74504960265,-1.52909064272
1222,1222,1.5341718279,0.797926581471
1223,1223,1.45309904482,-1.02638409395
1224,1224,2.88136201152,-0.256806611149
1225,1225,2.69085285797,-0.0808338275049
1226,1226,0.31411529612,-0.231931776779
1227,1227,-0.315061122604,3.39674363882
1228,1228,0.604148258082,-0.14180097381
1229,1229,0.136112531747,2.58605547859
1230,1230,0.0622192917491,-3.15755216685
1231,1231,0.20042347503,-2.8157217837
1232,1232,-0.100955165118,2.73018775936
1233,1233,1.40333638451,-2.17757693758
1234,1234,-0.0581966372497,2.29970834454
1235,1235,-0.120145903981,-1.95847269446
1236,1236,2.88090595675,0.301538812822
1237,1237,0.283777837265,-2.44091182891
1238,1238,0.0861459736784,3.24309995252
1239,1239,1.18730004352,-1.90396678707
1240,1240,-0.0801503601766,-1.96261217996
1241,1241,2.84335501499,0.0607874999845
1242,1242,0.154462208461,-2.62667929316
1243,1243,0.234786987095,-2.93074908184
1244,1244,0.668850464549,-2.59416703599
1245,1245,-0.321969248215,2.833763593
1246,1246,0.174060859433,-2.31576827159
1247,1247,-0.345026145421,2.87199360334
1248,1248,0.0229768979761,3.25912649695
1249,1249,0.832926912261,-2.85775953315
1250,1250,-0.225735453754,2.4066852382
1251,1251,0.229801631198,3.2123924783
1252,1252,0.00487584265141,2.70212145665
1253,1253,0.703607954978,-2.10199436352
1254,1254,2.54202401443,0.887080448307
1255,1255,2.98139728485,0.256300453707
1256,1256,2.58728459282,-0.206385014192
1257,1257,2.7118433537,0.300940250613
1258,1258,2.22087562859,0.381689963942
1259,1259,2.74512629556,-0.062707891862
1260,1260,2.53542114471,-0.0699109332135
1261,1261,2.82208545323,0.351428232541
1262,1262,0.3398309293,-2.00435259515
1263,1263,0.106527449789,-2.18717576457
1264,1264,2.41249405727,-0.229650051182
1265,1265,0.434897445651,3.47201806915
1266,1266,1.1999745669,-0.0198462159185
1267,1267,1.77428795603,-0.296084849503
1268,1268,0.0995949688267,-2.16575855061
1269,1269,0.274418681772,-2.53850000464
1270,1270,1.96087969332,-0.258197683788
1271,1271,0.369106767992,3.02280986452
1272,1272,1.80729187734,0.429075396362
1273,1273,-0.497733342353,-2.32828940016
1274,1274,0.75000604903,-0.655018886234
1275,1275,-0.390843853152,2.93978178989
1276,1276,0.0682310777911,-2.67970221073
1277,1277,0.617625906388,-3.02414401732
1278,1278,2.60716545408,-0.00334253137274
1279,1279,2.19150690302,0.357105406938
1280,1280,0.76821150438,-0.229955957896
1281,1281,2.66228034569,0.0184796542992
1282,1282,2.57553293069,-0.234696333231
1283,1283,2.40399605314,0.331161144891
1284,1284,-0.413999804412,-1.98271641181
1285,1285,1.39713250832,-1.96309095285
1286,1286,-0.0993614727298,-0.484751421492
1287,1287,1.62269345787,0.596958441706
1288,1288,-0.222640893972,-2.20596924041
1289,1289,-0.277313812944,-2.47495228759
1290,1290,0.148071640212,-2.75950422375
1291,1291,0.863658174279,-0.528905418586
1292,1292,0.335279107984,1.61095327466
1293,1293,2.39044977362,0.458637840404
1294,1294,2.90218703343,0.210535617243
1295,1295,0.643681008114,-0.557970131149
1296,1296,0.0218067074074,-3.26197113574
1297,1297,0.48086056098,-2.58851502289
1298,1298,1.54584829139,-0.900571899094
1299,1299,-0.193675365033,2.75036375355
1300,1300,1.00153122223,-2.84385180585
1301,1301,0.0936140049589,2.390306643
1302,1302,-0.129278931148,1.78733289577
1303,1303,1.5671091379,-2.71795411798
1304,1304,-0.886970652903,2.56659242356
1305,1305,-0.277630312883,2.23706535647
1306,1306,-0.54186930102,2.0861575605
1307,1307,-0.772030974077,2.63819728099
1308,1308,-0.657856061964,2.78485167478
1309,1309,-0.100996505235,2.69189461882
1310,1310,0.71661067933,-2.75753844355
1311,1311,-0.16440458325,-2.50635356821
1312,1312,0.337868596697,3.08006597001
1313,1313,0.233709205194,-2.86289749328
1314,1314,1.73095855733,-3.13979868737
1315,1315,0.328689499356,-2.46497827003
1316,1316,-0.711571525285,2.31296673454
1317,1317,0.500873851764,2.7923570747
1318,1318,1.03555700188,-2.75829715658
1319,1319,0.0193693771458,2.71554266127
1320,1320,0.255390332142,2.80521831129
1321,1321,-0.724963760178,2.00353443363
1322,1322,0.107820257369,2.64332721701
1323,1323,-0.104679714141,2.77581331923
1324,1324,0.764745618451,-1.98384597229
1325,1325,1.18955005359,0.787458129357
1326,1326,2.68985787438,0.222858509015
1327,1327,0.108985008424,-2.50457809535
1328,1328,-0.0473047102605,-2.50109860398
1329,1329,2.9997933971,0.59274522368
1330,1330,0.112758494407,2.7182321864
1331,1331,1.2037857512,-2.34931581263
1332,1332,1.35005340272,0.378738953041
1333,1333,0.134122156546,-2.89752844084
1334,1334,-0.0225531322282,1.96730121681
1335,1335,0.384849373259,1.54023689129
1336,1336,0.591259798079,1.72978092089
1337,1337,-0.138883382053,1.76391382129
1338,1338,1.63113649127,1.14172189926
1339,1339,-0.243435402492,1.92994866315
1340,1340,1.61767180343,1.74188326946
1341,1341,1.89842949105,1.95760105002
1342,1342,1.89082728974,1.23873303425
1343,1343,0.626147723234,-2.45588432531
1344,1344,0.260225318134,-2.18846288275
1345,1345,1.45309394728,0.679916969883
1346,1346,1.1866241327,2.00900367331
1347,1347,1.5055643535,0.177113607136
1348,1348,0.911518256231,1.85541612722
1349,1349,-0.080642092181,3.10746797709
1350,1350,-1.01901556535,-1.58600895593
1351,1351,1.97899548438,0.822606784878
1352,1352,-0.906978931077,-0.610506923736
1353,1353,0.74842452621,-2.16453554625
1354,1354,0.189441618764,1.54079540787
1355,1355,1.01914377034,0.508838307728
1356,1356,1.71272496503,0.30415920544
1357,1357,1.50601578889,1.77061632727
1358,1358,0.645792838308,1.68640656398
1359,1359,0.894513795131,0.557707610904
1360,1360,2.00727903418,0.570493292871
1361,1361,0.389511458333,0.329308867339
1362,1362,-1.1324851119,-1.58700617831
1363,1363,-0.23155777948,-1.01017376961
1364,1364,2.08486565351,0.234082991725
1365,1365,1.55570759511,-0.53454981179
1366,1366,2.31797832319,-0.23836090238
1367,1367,-0.488612080288,0.997103260912
1368,1368,0.217376953239,2.1899245252
1369,1369,1.21486263547,-1.96801107699
1370,1370,0.795533559716,1.85066310391
1371,1371,2.8361135033,0.0297314085802
1372,1372,2.1362628502,0.688404564782
1373,1373,-0.248212143093,1.23891158958
1374,1374,1.8697240826,0.589530823805
1375,1375,1.42007182799,1.46743319202
1376,1376,0.800663792539,1.3385087898
1377,1377,-1.44284213153,-1.30569737391
1378,1378,0.34392788526,-1.67334207587
1379,1379,1.73594589863,1.2541520967
1380,1380,-0.00480815017338,1.59602468461
1381,1381,0.854275234391,1.23706892559
1382,1382,-0.00332266752716,-2.14849461702
1383,1383,-0.416192447759,1.61956013328
1384,1384,1.86695574905,0.696631867204
1385,1385,2.61936497513,0.760758668492
1386,1386,1.62965933857,1.03267789285
1387,1387,2.064742924,1.36585443171
1388,1388,2.5137250727,0.290663325414
1389,1389,1.71936943615,1.56804202787
1390,1390,-0.110519638489,2.89710959804
1391,1391,-0.210851708381,2.29511137581
1392,1392,1.19871826844,-2.25160357913
1393,1393,0.490898296082,0.614839644738
1394,1394,0.876277478255,0.133438720894
1395,1395,2.07393704494,0.138464800755
1396,1396,2.03600533196,0.118474220269
1397,1397,1.8736239153,-2.32647180418
1398,1398,0.421769386093,1.50499820548
1399,1399,0.172673688522,-2.29529926382
1400,1400,1.1302680354,0.25998329978
1401,1401,-1.29456719639,-0.759535158098
1402,1402,0.087077727474,1.5580732398
1403,1403,1.27371900573,0.225688469111
1404,1404,0.614733206082,2.37004499732
1405,1405,1.06515533439,1.23945369517
1406,1406,-0.257196542226,3.24496251549
1407,1407,0.458200645931,4.60712330444
1408,1408,-0.650613430665,2.85388081558
1409,1409,0.612202381033,2.99641573234
1410,1410,0.497479091579,1.8409889514
1411,1411,0.806440920868,2.05538578648
1412,1412,0.00323301553965,2.87435205288
1413,1413,0.314738299924,2.73695841395
1414,1414,0.0916021145898,2.17673898667
1415,1415,0.673517745056,2.84722503681
1416,1416,0.665828144641,2.42937026599
1417,1417,2.34280972252,0.207667679604
1418,1418,-0.258903510424,1.61998978326
1419,1419,0.896035643825,0.168035874006
1420,1420,-2.06696268141,-1.6505064509
1421,1421,0.472236482169,0.10679543067
1422,1422,0.850661602792,0.141339876692
1423,1423,3.23872360794,0.326551778776
1424,1424,-0.48815903036,-3.39219694377
1425,1425,0.353185397251,1.4033218626
1426,1426,0.166480627521,0.744894968898
1427,1427,2.18054445631,0.127861724377
1428,1428,3.75166958017,-1.16450727271
1429,1429,2.49194427178,-0.00779932183668
1430,1430,2.00083892894,0.704387799022
1431,1431,2.45887359262,0.154378000051
1432,1432,3.13403898274,-0.17082539751
1433,1433,2.01517221623,0.464502319929
1434,1434,0.694191747367,0.650436911351
1435,1435,1.84642502266,1.24664562749
1436,1436,0.0916987988851,-2.64675631935
1437,1437,2.34307036378,0.379356903978
1438,1438,-0.557051916724,2.0625891052
1439,1439,1.38944286692,1.81072892773
1440,1440,1.07617599908,1.63544482632
1441,1441,0.604319519535,0.695379965563
1442,1442,0.528927520086,2.16414594132
1443,1443,0.613190135527,-2.42095854426
1444,1444,2.09090707669,2.10134759601
1445,1445,1.40674588628,2.23185579984
