,vote,alpha,beta
0,0,-0.165808766534,2.49845400287
1,1,-0.393989070936,-2.57256221651
2,2,2.74665198769,0.185065698841
3,3,2.31075219505,-0.0390508557987
4,4,0.662613764127,-1.35919011976
5,5,2.86987525122,-0.284249620296
6,6,2.0766561618,0.482942722993
7,7,2.31440646964,0.617821243906
8,8,-0.0256380281242,-2.13417502531
9,9,1.29455288426,-1.39717833022
10,10,2.74503764797,0.12444504066
11,11,2.9172783272,-0.522480967462
12,12,2.58140974031,0.565522276452
13,13,2.60325353575,0.185875070309
14,14,2.90594761452,0.191734993241
15,15,1.97210841953,0.112478219641
16,16,-0.101723141356,2.38249456896
17,17,0.461047743898,-0.511015760026
18,18,2.54609702763,-0.00794143000341
19,19,2.68941405516,-0.152873556004
20,20,1.74405376046,-0.798658547025
21,21,-0.0149196728485,-2.73170451058
22,22,-0.115930003375,-2.63134057583
23,23,2.91834236462,-0.0589225254245
24,24,0.464080316585,-2.09269825701
25,25,1.22410412697,-0.171932047154
26,26,-0.779390172349,0.104241635884
27,27,-0.295663501858,2.67710078106
28,28,2.51995724491,0.136685413294
29,29,2.62207020429,0.311543045755
30,30,2.4175688035,0.0604548573078
31,31,2.1983674651,-0.150793241006
32,32,0.295226498085,-2.45430712179
33,33,0.312898396556,-3.01482786462
34,34,1.54231290141,-0.403946101169
35,35,0.138730905638,2.21179748542
36,36,-0.426872429475,-2.57671562334
37,37,-0.0948030919186,-2.48255881188
38,38,0.292742955037,-2.30679596589
39,39,-1.08791901522,-1.72389480049
40,40,1.79670487467,-1.52645350213
41,41,0.258968941294,2.65251751421
42,42,-0.34656224961,-2.19991698052
43,43,2.92743145768,0.132942196941
44,44,2.8694114084,-0.0784624798864
45,45,3.27143442225,0.208182090384
46,46,2.49849672104,-0.0888281989278
47,47,2.40169933293,-0.350728811466
48,48,2.6802214268,0.594871721136
49,49,1.92177588264,1.61536485446
50,50,0.0691629863465,-2.44747684919
51,51,0.137517120783,-2.42635830304
52,52,-0.401824054322,2.75439219661
53,53,-0.0938923181458,-2.63529948554
54,54,-0.187587954976,-2.69865206081
55,55,0.421650810394,-2.23446544357
56,56,1.08458035734,-2.4602636362
57,57,-0.824107305305,1.99358000216
58,58,0.0879654544862,2.84760855913
59,59,-0.147547086559,-1.77929739253
60,60,0.971252925001,-2.64627372245
61,61,1.89667269272,0.00100366026758
62,62,2.40948397821,0.235773669054
63,63,2.92089979912,-0.238033767242
64,64,2.60827287105,-0.39044731078
65,65,2.7638706028,-0.173958237793
66,66,0.4688708139,-2.58870646166
67,67,0.624689172984,-2.61302365367
68,68,1.09424538343,-2.13117233279
69,69,-0.586132457163,-1.80439300351
70,70,-1.51819194135,1.89524502868
71,71,-0.692725808835,1.86458015542
72,72,-0.738275604726,2.25428006116
73,73,-0.650002199956,2.37332567087
74,74,-1.03499887475,2.48562420546
75,75,-0.680911381906,2.39111677358
76,76,-0.207758147531,2.15278611491
77,77,-0.845076205675,1.6018339911
78,78,0.227554925181,2.73746137182
79,79,1.0161708451,-2.14474453895
80,80,-1.02218467163,-2.25142684695
81,81,-0.364598937349,-2.57019963631
82,82,-0.00484707502441,-3.07951024631
83,83,0.00878293162605,2.73553760857
84,84,-0.312346363627,-1.89206853568
85,85,2.88618681761,0.0289789687146
86,86,2.24459895517,-0.756582104716
87,87,-0.411165356193,-2.88631073616
88,88,0.109005679986,-2.45081858483
89,89,-0.578724063533,-0.826472618813
90,90,0.153998043918,-0.565193957269
91,91,-0.497014497232,-1.94551469954
92,92,-0.961444999832,1.99776156117
93,93,-0.78590072284,-1.93921264853
94,94,0.228078550114,2.62261309458
95,95,2.10572380675,-0.250217315981
96,96,-1.12743196382,2.18508083277
97,97,-0.476558263969,2.24938346826
98,98,-0.373118673731,0.27875418114
99,99,-0.281806428595,1.83257412334
100,100,-0.229003803021,1.71383597446
101,101,-1.02445150608,0.558176178795
102,102,-0.384371212745,-1.72937653399
103,103,-0.956003343453,1.80773159777
104,104,-0.423792379797,-1.02544126467
105,105,-1.30667055636,0.0406286103106
106,106,0.674751867566,1.01592254366
107,107,0.0460602608835,-1.59051158503
108,108,-0.486287925731,0.511473849694
109,109,-0.347752673318,0.580009068519
110,110,1.3729920497,1.62119088503
111,111,-0.180130264119,-2.11818830622
112,112,-0.37759615827,-1.46032156121
113,113,-0.193232356258,-1.6854249084
114,114,0.219967336248,2.86804406871
115,115,0.453620613922,-1.41587600015
116,116,2.78393788486,0.203387819311
117,117,2.56134066799,-0.385172771657
118,118,0.351691311443,-2.31119151977
119,119,2.15427966096,-0.37304365716
120,120,2.73864361144,-0.225382443077
121,121,-0.0636492423208,2.18062921098
122,122,1.53490762948,-1.64130003783
123,123,2.52663517923,-0.0997723152508
124,124,0.604905255712,1.62219602009
125,125,0.337471952302,-2.8908709238
126,126,0.540066270918,-2.31575148126
127,127,-0.964328501983,0.780271059956
128,128,0.120042952675,-2.06056130007
129,129,-0.349528977581,-1.39039265686
130,130,-0.75082767662,-1.39828906064
131,131,0.882243056863,0.843691297295
132,132,-0.45606798931,-1.69135300898
133,133,0.153172031074,1.54566675219
134,134,0.47105097884,-2.38894326614
135,135,1.10623837572,1.83206328201
136,136,-2.13210182564,1.39425983897
137,137,-0.553552744637,0.703773693808
138,138,-1.32527003677,0.767295090135
139,139,-0.158848558268,1.97048488643
140,140,-0.581373504133,0.0941807449295
141,141,-0.656454048447,0.398030855462
142,142,0.489061803601,-2.0147031777
143,143,-0.77050467913,2.13356102561
144,144,-1.32099146999,1.98299706578
145,145,-0.881398229295,1.3945099964
146,146,1.8062705832,0.706829449584
147,147,-0.129583203611,1.31676818272
148,148,2.63380854072,0.469717290254
149,149,3.01285784834,-0.208941926554
150,150,0.0573983217079,2.14590908131
151,151,0.756601127214,-0.6163117223
152,152,2.99868199622,0.00658968916206
153,153,2.45279475858,-0.207425242805
154,154,2.64728117769,0.290072326373
155,155,0.176435842145,-2.7544797429
156,156,0.411877759913,-2.24325817176
157,157,2.80937589803,-0.149279456787
158,158,0.353538166277,-2.06456085033
159,159,1.8002112978,0.595755042722
160,160,0.332061020687,-2.4405756771
161,161,0.475280156594,-1.73944613919
162,162,-0.525103010834,2.28806612031
163,163,0.398915537166,-0.46961956579
164,164,-1.38596128558,-1.18294913327
165,165,-0.155816447379,1.59269910314
166,166,0.146233959134,-2.90388367753
167,167,-0.832848412394,1.51827239581
168,168,1.00759766797,1.38240802614
169,169,-0.14119798405,0.0816790516337
170,170,-0.998043686181,-0.534914276018
171,171,-1.20164967606,-0.993087098409
172,172,-1.07640006258,1.28414096774
173,173,-1.30560869031,-0.835579402074
174,174,-0.947134248531,-2.09734134475
175,175,0.218220147872,1.43949471674
176,176,0.119890733408,0.707177662898
177,177,0.335093233516,-2.14822584735
178,178,0.136346669121,1.20908255584
179,179,-0.652025978304,-1.39668913982
180,180,-1.2663275478,-1.49474894007
181,181,1.02759875339,-0.342845219359
182,182,-0.377574877387,-1.1080370943
183,183,0.0753018966934,1.16714183172
184,184,0.027810950964,0.443034296253
185,185,-0.118124822263,0.285602747767
186,186,0.470464807238,-0.383898799651
187,187,0.154771466343,-0.551585679138
188,188,0.0440017394403,-0.697714230563
189,189,-0.0320655259325,-0.224254655553
190,190,0.10856980691,0.360008756806
191,191,-1.24459321662,-2.00754426475
192,192,-0.279453294258,-2.41816175889
193,193,0.0650985516673,3.13476964006
194,194,-0.249562002059,-0.783987692967
195,195,2.47916469381,0.0597588729749
196,196,2.70549181244,0.448142575922
197,197,-0.0990556153255,-2.75956080422
198,198,-0.77585133139,1.22297661345
199,199,0.321910864171,-2.01324272367
200,200,0.498159377767,1.76764536114
201,201,0.00930171499355,2.2986847628
202,202,1.28695882569,-2.32305703817
203,203,3.21758679588,-0.411153439246
204,204,-0.321739006094,2.29054150265
205,205,0.203999340546,-2.27887360627
206,206,0.143907134245,-1.32628029165
207,207,0.435856841578,-1.96629253523
208,208,-0.550207577006,1.78501793683
209,209,0.178968265477,-2.4364069676
210,210,0.508240027871,-0.565915879664
211,211,-0.321960495031,-2.13318227679
212,212,0.516674002089,2.09572339595
213,213,-0.676560618399,2.20585009487
214,214,-0.179184225032,2.60197587141
215,215,0.603961863952,-2.11518152541
216,216,2.01705714134,-0.808173677989
217,217,1.69685258018,-1.17372237476
218,218,2.49986459748,0.0892909467798
219,219,-0.0363166083657,-2.5089506227
220,220,0.460366760302,-2.14420647556
221,221,1.85074477751,0.658867154856
222,222,-0.521632810428,2.34636307308
223,223,-0.181552057168,1.86673228064
224,224,-1.28633204545,1.6880750919
225,225,-0.497479258817,0.319640963665
226,226,-1.25219629413,-1.946804744
227,227,-0.647465306693,1.85329443156
228,228,-1.25841733446,-1.80256371801
229,229,0.129228703477,1.88809830717
230,230,-1.59623711027,-1.57439251953
231,231,1.76622453942,0.970626571436
232,232,-0.121782875205,1.92303874702
233,233,-0.381276669847,1.61501020668
234,234,-1.07083724651,2.34793696716
235,235,-0.888895047666,1.94559074963
236,236,-0.656238564008,1.51385300152
237,237,-1.34386208066,0.756203901716
238,238,-0.949384072801,1.70163396376
239,239,-0.909782632149,1.3899337954
240,240,-0.742998416195,1.59353817177
241,241,-1.05762292579,1.96685073997
242,242,0.135210875042,-2.48249972131
243,243,-1.34123697149,-1.94589603276
244,244,-0.496111127267,2.0498993875
245,245,-0.0528498572655,1.00706355134
246,246,-1.46447916166,-1.03952457837
247,247,-0.213223567519,1.26034587585
248,248,-0.65631912528,0.353634178263
249,249,-0.504858254997,0.391348430069
250,250,-1.05981831511,0.756957880288
251,251,0.238448624576,1.34766031091
252,252,-1.52516097445,-1.30416604097
253,253,0.295756883404,-2.32226701535
254,254,0.130599496762,-1.96155220344
255,255,-0.558969832449,1.52291675522
256,256,-0.174539317131,0.703331352675
257,257,-1.14027882361,-1.51531142347
258,258,-0.362399747429,2.24424545784
259,259,0.0175498512437,-2.05864747285
260,260,-0.070003975875,-2.48955441551
261,261,-0.192503682677,-2.66400850694
262,262,0.04564644339,2.16355946345
263,263,0.240512518562,-2.65709920773
264,264,0.0771099267477,-2.24767251353
265,265,-0.159694085087,2.37500314485
266,266,-0.397342328985,-2.24055966315
267,267,2.23885192274,0.0449100019684
268,268,2.89631935549,-0.235939276908
269,269,3.2341024344,-0.217581356043
270,270,0.117442931017,-2.95303226557
271,271,0.449425183565,-2.40523184014
272,272,-0.968526738482,0.379609347111
273,273,-0.0895133090904,3.36049930899
274,274,1.19296762274,-2.05778045063
275,275,-0.56330393389,2.58598487604
276,276,0.947802327466,-1.90979177336
277,277,0.232100118194,-2.16182351967
278,278,0.0271493407181,-2.56796479789
279,279,1.14054019702,1.56934060222
280,280,0.527711644247,-2.44625097431
281,281,0.274181015344,-2.04571170436
282,282,-0.100468137972,2.25629756431
283,283,-0.0597449671986,-2.76997486155
284,284,-0.414193749753,1.97174213865
285,285,-0.334370846793,2.00044317643
286,286,0.332602209101,2.9069064613
287,287,-0.534123281126,-2.33613205697
288,288,2.46130518579,0.0199508666512
289,289,2.69696266762,0.152843773579
290,290,0.0886948525215,-2.61018331294
291,291,-0.410522361621,-2.71180056143
292,292,-1.32951783625,0.552991823695
293,293,0.97383014598,-1.95557352865
294,294,-0.47571224762,1.36031745445
295,295,-0.806017917595,1.35532870552
296,296,-1.71600404708,0.859041363332
297,297,-1.28847639597,-0.968352591903
298,298,-0.599318426212,1.45611665859
299,299,-0.538931562543,1.8378541233
300,300,-0.162405403044,-0.28004626806
301,301,0.480080630277,0.081642679302
302,302,-0.197103121177,0.367031649958
303,303,0.133377713105,0.363776478807
304,304,1.32003154669,-0.788721107648
305,305,0.942712154825,0.430375762524
306,306,-0.470129535693,0.543002835717
307,307,0.571098747611,-1.78302047876
308,308,0.744463470011,-0.189629691034
309,309,0.187388223222,-2.21289925795
310,310,1.07291647,0.630861046703
311,311,-1.10281683903,1.14566381377
312,312,-1.27206726164,1.66937410771
313,313,-0.189461112149,-0.491097061305
314,314,0.0439985763579,-3.04449761702
315,315,-0.0917117717374,-2.71639458236
316,316,2.62941037876,0.139209235381
317,317,0.49010364131,-2.71087971807
318,318,-0.244512820101,0.283963622008
319,319,0.588845799544,-2.02898716139
320,320,0.100136230798,1.0384832217
321,321,-0.654359265291,-0.828125529352
322,322,0.86752801244,-2.41765713338
323,323,0.370653965028,0.332333385978
324,324,1.14163788943,1.41136789423
325,325,-0.42508040798,1.5839291675
326,326,-0.438968175129,1.74503469754
327,327,0.265555283065,-3.00458995701
328,328,-0.157816921836,0.983698317206
329,329,2.44926609812,-0.79115242137
330,330,0.00959411500666,0.202313871479
331,331,-0.567870496163,1.97425176981
332,332,0.974456875646,-1.01894496699
333,333,-0.420117011593,2.18874920648
334,334,-0.651252395084,2.00272394669
335,335,-0.0541559131968,3.371312366
336,336,0.959505198647,-1.57707260832
337,337,1.56593931314,1.29189392386
338,338,-0.0226359912032,-2.30945376212
339,339,0.250356506009,0.572517416203
340,340,-0.232850749838,-0.455199993229
341,341,-0.498073164449,-0.898979372517
342,342,-0.358983002761,1.00241449363
343,343,-0.901093387062,0.856023172567
344,344,-0.920887940377,1.05799251671
345,345,1.43243145986,-0.151499024894
346,346,1.76699002503,-0.383055451123
347,347,-0.306667850031,2.62724975957
348,348,-0.517385816316,2.66083538675
349,349,0.126333141129,-2.50013743569
350,350,0.518561210744,-1.793173133
351,351,-0.207911065084,2.16446744374
352,352,0.517530399058,-1.90426196321
353,353,0.0452447135084,-2.29302644575
354,354,0.211021933953,-2.36674058759
355,355,2.42365415244,0.207703463592
356,356,0.639004747867,-2.22759069416
357,357,0.800967853729,-2.5040595815
358,358,0.231371370951,-2.42810918689
359,359,1.43427405752,-2.33334458103
360,360,0.614611416144,-1.29690991249
361,361,0.0814918979508,2.05720693405
362,362,-0.492569767323,1.81859451107
363,363,-0.0433749840225,2.24297508323
364,364,-0.19679443437,2.33793403451
365,365,0.18943334413,2.6657044554
366,366,0.177103456292,-2.30522643896
367,367,-0.13315450647,2.41207033847
368,368,0.293338145081,-2.20838414953
369,369,2.29478464288,1.15584844472
370,370,3.1043058334,-0.0360942059144
371,371,2.55697179016,0.0679472964167
372,372,2.45234622644,0.480783809324
373,373,1.92365006986,0.183139847834
374,374,3.02236622427,0.350691708734
375,375,2.45986660568,0.0236356989599
376,376,2.57748507925,-0.00633954435672
377,377,2.15791764847,0.13803668803
378,378,-0.0368699444032,-3.100285689
379,379,-0.0877562165381,-2.58466393277
380,380,0.420976305625,-3.14887294693
381,381,2.5633126201,0.103288103062
382,382,2.95242237741,0.0471179388754
383,383,2.27885019998,1.06555914954
384,384,0.0326717242575,-2.43174413378
385,385,0.246830498112,-2.65900950104
386,386,2.11966044224,0.618704370709
387,387,-0.502985892499,2.25395837795
388,388,-0.436067011211,2.1944531311
389,389,-0.236951728485,2.1821868827
390,390,-0.666080228998,2.73046899847
391,391,3.27208184265,-0.0454675156551
392,392,-0.0773790486248,2.51514020584
393,393,0.557585495972,-1.98054458128
394,394,-0.0385165626258,-2.31716690834
395,395,0.259392043579,-2.59984059612
396,396,-0.161860066914,-2.22196420622
397,397,-0.204128152924,2.41040456507
398,398,-0.569396432837,-2.31633145513
399,399,0.35311310881,2.86989100637
400,400,0.0385408577329,-2.61186205895
401,401,-0.210694447124,-2.07515447034
402,402,0.658140920367,-1.88040169601
403,403,0.901916736873,-2.13035131287
404,404,0.367680028709,2.46847295799
405,405,0.547077562581,-2.47866089797
406,406,0.968288230119,-0.827133032074
407,407,2.44815702511,0.160225249066
408,408,3.29266865291,-0.625109405619
409,409,2.65906748878,-0.243150648864
410,410,-0.26135500415,2.33493581804
411,411,2.55603514493,0.501138478783
412,412,0.223143991453,2.21274406857
413,413,2.65629756392,0.218050954948
414,414,2.75302434493,-0.0309139123383
415,415,-0.262536057582,-2.21535027908
416,416,-0.316576052111,-2.48713512231
417,417,0.0145420760849,-2.14379995261
418,418,2.20291195551,0.206319201961
419,419,0.86503912304,-2.29599791273
420,420,-0.253337000501,-2.44684201793
421,421,2.61477575548,0.311252936671
422,422,0.0812315163715,2.47567900171
423,423,1.54861856094,0.554952342104
424,424,0.00214202747427,-2.81181130837
425,425,-0.237251529342,-2.30535539656
426,426,2.28551461536,1.07698541798
427,427,0.0653253812071,-1.56852344803
428,428,0.159335722733,-2.05058878398
429,429,1.08761067494,-1.97942587595
430,430,0.774453045724,-1.53372507592
431,431,0.799471824776,-1.97193256785
432,432,0.0533838491935,-2.47299807901
433,433,0.0971519005186,-2.13581136741
434,434,-0.198115431679,-2.6402787934
435,435,-0.244282432007,-2.768741583
436,436,0.934485252237,-2.14762931568
437,437,0.670762660278,-1.81585810679
438,438,0.372211605519,-3.12766291104
439,439,1.21283414871,-2.00285119475
440,440,-0.0772320552194,-2.85675788758
441,441,1.1392092912,-2.06475440655
442,442,0.281052861952,-2.55850917007
443,443,2.21773989897,0.566708196961
444,444,-0.0217766490451,-2.14127510828
445,445,0.115969756058,-2.48888215556
446,446,1.05013936784,-2.20294165729
447,447,-0.0641805997985,-3.07863312043
448,448,1.33695696344,-2.39478957652
449,449,3.23507330161,-0.0787360870619
450,450,3.17318063814,-0.404798889813
451,451,-0.238197449251,-3.46782300724
452,452,0.958826538135,-2.0048526911
453,453,-0.342185677808,-2.71065494538
454,454,0.723482459208,-1.88633984487
455,455,-0.146897040259,-2.68136883199
456,456,0.403454121073,-2.47293031539
457,457,0.0496710880009,-2.30487276326
458,458,-0.244661761016,-2.2561006247
459,459,3.18669742446,-0.0476637786161
460,460,0.43372330101,-2.56000316875
461,461,0.981311408826,-2.27757220415
462,462,2.52135681867,-0.266792725235
463,463,0.444016411936,-2.7795532794
464,464,-0.879834738772,-1.47188125323
465,465,0.917975742214,-2.32446426548
466,466,0.344434705783,-2.79764736861
467,467,0.891286078873,-2.24601303343
468,468,0.31920186596,-2.29562153025
469,469,0.303221233479,-2.53824840583
470,470,-0.0724360014035,-0.267086947018
471,471,0.498936078743,2.50120571623
472,472,0.0972246287856,-2.67252418852
473,473,1.1329725246,-2.44422523209
474,474,-0.467923412353,1.61545194695
475,475,1.79286921968,2.09781962865
476,476,1.70475982917,2.01487860552
477,477,2.64341307123,-0.0599685948091
478,478,2.77340603479,0.0758813213785
479,479,0.246724568637,-2.59537172162
480,480,0.992370531898,-1.5965929051
481,481,-0.470027838271,2.30695929622
482,482,-0.125454760499,-1.89615466217
483,483,-0.848694868245,1.18267016904
484,484,0.251207212312,0.0381889318036
485,485,1.79902166674,0.652596079888
486,486,2.00592484061,-0.17515156497
487,487,2.64560117698,-0.169665293039
488,488,2.07137272669,0.131604130754
489,489,0.139444547383,-2.77506090525
490,490,0.701030610144,-2.33434397665
491,491,-1.09975177005,2.26028454565
492,492,0.127654856352,2.98159315995
493,493,1.1668971193,-2.07274970346
494,494,0.244558026923,2.70356853483
495,495,1.03215589103,-1.10682356503
496,496,2.16922691898,-1.03606519787
497,497,0.133923634888,-2.12268430355
498,498,2.70161760987,0.226141493313
499,499,2.22771008781,-0.255322750206
500,500,-0.155812364029,-2.71539554583
501,501,0.0169238859836,-3.1029824029
502,502,0.000793157814378,2.53985760422
503,503,-0.205980608828,2.98538396746
504,504,-0.321143097559,2.92728565405
505,505,-0.0502017783966,2.75831456551
506,506,-0.24641162045,-2.2506761839
507,507,2.51044132378,0.451701713824
508,508,0.320805738627,2.89627431494
509,509,0.0107226628661,-2.66554502182
510,510,2.53576811758,1.99522300631
511,511,0.322749371378,-2.80196424429
512,512,0.435478349404,-2.52643069053
513,513,0.272665806378,-3.14785850325
514,514,-0.158311142744,2.33964516948
515,515,0.560216319736,-1.56005575856
516,516,2.67482378369,-0.362722542469
517,517,2.82453493876,0.297258176243
518,518,-0.0744219142533,-2.92451103282
519,519,-0.207846139672,-2.2904767238
520,520,-0.0307729137774,-2.68257686123
521,521,-0.0412618650789,-2.31152182506
522,522,0.23227924689,-2.11483766247
523,523,-0.0121681427964,2.19815523015
524,524,-0.400713926753,2.8538531834
525,525,0.0561350590207,2.16848910522
526,526,0.145453427715,1.8821101533
527,527,0.0347185197166,2.04215669227
528,528,-0.60295729122,2.47299883055
529,529,-0.129111381936,-2.76529763649
530,530,-0.248939204063,-1.6341204982
531,531,0.550524357244,-2.47174453003
532,532,-0.317638591642,2.66498303119
533,533,-1.3273628348,1.61042388957
534,534,-0.483283329527,2.2572682022
535,535,0.741353239998,-2.15093830394
536,536,-0.501614148552,2.25083781256
537,537,-0.398564632495,2.47469134982
538,538,-0.358571593945,2.0256860283
539,539,-1.00839833008,2.29531808727
540,540,-0.675511486101,2.27184833182
541,541,-0.0481423530915,2.69619631701
542,542,-0.619541546199,2.43240399897
543,543,1.02644728244,-1.92717865311
544,544,2.17507792369,0.19088518001
545,545,2.45652668031,0.0418525388306
546,546,2.78921256022,0.0312992682148
547,547,2.6802733669,-0.144313627157
548,548,2.40716607287,0.581828082643
549,549,-0.190488457481,-2.2857922421
550,550,0.446012201116,-2.11989899882
551,551,0.443530949525,-0.877294208167
552,552,-0.451094947227,2.2130209797
553,553,-0.493645852703,2.08979667166
554,554,1.28925302005,-2.11942581546
555,555,1.35038430507,-0.727688187418
556,556,0.0388631803649,1.28036953708
557,557,-0.589287118692,0.326795724467
558,558,-0.677517994042,0.991873333793
559,559,0.303575690511,0.575865884755
560,560,-0.678885341107,1.47025017961
561,561,0.857358789362,-0.364848369113
562,562,1.86733195397,0.567002862799
563,563,2.75547641966,-0.214453900049
564,564,2.72964776495,-0.283155264085
565,565,1.51111904346,-1.59376722341
566,566,2.63045148588,-0.402969313208
567,567,3.2101255777,0.0851212952747
568,568,2.806586275,-0.117060955085
569,569,2.52743692584,-0.310545031046
570,570,-0.113728856063,-2.47784325217
571,571,0.150293326379,-3.05880958359
572,572,0.0892189476284,-2.56780499793
573,573,0.690477309738,0.0641773178883
574,574,0.970982681838,-0.452705116046
575,575,0.479108058294,-2.47149965738
576,576,0.0507420435881,2.81755497909
577,577,0.320867109697,-1.89560271326
578,578,1.87920056338,1.18764731267
579,579,0.199971894854,-2.66037353132
580,580,-0.0727753553097,-2.90293141027
581,581,-0.000783014343395,2.31654898427
582,582,-0.0931561667493,2.06812654314
583,583,-0.081960098413,-1.509249434
584,584,2.67718496506,-0.192838000977
585,585,2.62801551886,0.0683017101544
586,586,-0.0961026241834,-3.04487892584
587,587,3.08897044493,0.152450945912
588,588,0.0518362554508,-2.57149106895
589,589,0.668699095945,-1.03330329841
590,590,-1.51944679765,2.36483135858
591,591,-1.43809444741,1.4539008756
592,592,-1.80609438133,1.43084225284
593,593,-2.7233712197,-2.48460480334
594,594,-1.23436189017,2.06086702263
595,595,-0.564162102945,-2.46557375521
596,596,0.783809907101,-0.473604865413
597,597,1.943891985,-0.0352811936438
598,598,1.94656997704,1.9916730154
599,599,0.594686012748,-2.48326634569
600,600,-0.416306151891,3.1119136615
601,601,-0.373523303652,2.55226003725
602,602,2.22980519779,-0.337183642939
603,603,0.14352118984,-2.71265962139
604,604,0.248575446219,-2.87588298319
605,605,1.54947431699,0.997639034724
606,606,-0.100590620038,2.70774403956
607,607,1.19545327165,-2.12322373783
608,608,-0.960636745124,1.55737914847
609,609,1.04909899599,-1.78194424065
610,610,-1.7774183094,2.26102614535
611,611,1.77947770591,-2.01027269606
612,612,2.35134828801,0.493690823327
613,613,0.894569535959,0.576821896564
614,614,0.863635864141,1.35463077199
615,615,0.753108010259,0.69878795264
616,616,0.695777854301,0.68746653044
617,617,0.629549908026,0.678196799743
618,618,0.843091351716,0.914193755872
619,619,0.55181440216,-1.40648459315
620,620,1.19182737693,1.53814371732
621,621,2.47130196803,0.1418250345
622,622,0.839914992359,-1.92447020934
623,623,2.33236765656,1.30099104699
624,624,0.144242975525,1.71048850609
625,625,-0.191090472744,-1.10896247089
626,626,-0.398359463046,-0.660377313869
627,627,0.894702650399,1.83434804644
628,628,1.41325065417,0.640829856336
629,629,1.45259642525,0.596263631874
630,630,-0.907236527669,-1.55502318507
631,631,-0.588865053287,-2.31353384121
632,632,-1.82132347206,1.83303979604
633,633,-0.526039540455,-1.21671347002
634,634,2.56759707186,0.360244476198
635,635,-0.0477649701865,-0.0276046614262
636,636,-1.28201330922,1.08745244747
637,637,-0.0117112035384,0.503251961112
638,638,4.47753067493,0.487062688167
639,639,0.171187365239,0.396572818488
640,640,-0.195726842698,-1.968271118
641,641,0.892274908861,0.360771241726
642,642,1.38660295454,0.984920752266
643,643,-0.469451315008,-1.11162905989
644,644,-1.08038471693,2.43612426059
645,645,0.010878324319,1.7445723806
646,646,0.503904858448,0.920111815339
647,647,1.8427847528,1.18102175687
648,648,1.78462078296,1.30487733577
649,649,0.770980304195,2.35182871721
650,650,2.1917851357,1.11417078591
651,651,-0.243803739203,-1.23257390734
652,652,-0.452134837121,-1.77405756036
653,653,2.260042129,0.400701542784
654,654,1.4139297154,2.47517113581
655,655,0.890983542407,0.746774206454
656,656,-0.964409560634,-2.29096721425
657,657,1.74916102174,0.672392612182
658,658,0.400465131943,1.39051937012
659,659,3.01792364946,0.342247126027
660,660,1.12246372388,1.96535234515
661,661,1.67202633632,2.11896668935
662,662,1.82818114727,2.17000862618
663,663,1.11039160932,1.91658571821
664,664,2.11092515587,2.16183127975
665,665,1.39056716022,1.88865427604
666,666,1.22142700843,1.96396266366
667,667,0.17738441177,-2.80185938716
668,668,-0.407104069936,2.4099173565
669,669,1.76349340193,1.88022028151
670,670,-0.101522233691,-1.6410933758
671,671,1.24837337724,1.34781731337
672,672,2.3060627108,-0.697351828989
673,673,-0.761766987064,1.79369513236
674,674,-2.06776425798,2.54298926569
675,675,1.40591917381,-0.925653977152
676,676,0.407287384796,1.80559026032
677,677,1.49202292292,1.37981338419
678,678,2.46853756808,1.58016681033
679,679,0.0896033663981,2.56422707093
680,680,1.60228625311,0.69012720306
681,681,2.3834346701,0.374315725432
682,682,3.42995362054,0.0416588021249
683,683,1.87892892543,1.58027718002
684,684,1.5096297871,1.96805511224
685,685,0.0546350076509,2.74969895353
686,686,-0.289122770532,2.29112712708
687,687,-0.320427427281,2.52911013484
688,688,-0.0747143815688,2.19915680195
689,689,-0.00597559043186,2.68861714688
690,690,-0.259696886057,2.6719704628
691,691,1.42870561638,0.91889145322
692,692,2.36496260401,1.82674874482
693,693,-0.435628023506,-2.46611857797
694,694,0.959475435992,1.67055292274
695,695,-0.276201126675,-2.45937730278
696,696,1.1720096497,1.75246798415
697,697,1.64842510605,1.92141880986
698,698,2.37381398735,0.193027283759
699,699,2.40396956734,0.121575911221
700,700,-0.160615177105,-1.7624041457
701,701,-0.328173391497,1.42617465471
702,702,-0.241353844855,2.02688355741
703,703,-0.721183713935,2.27845590792
704,704,-0.561202341196,-1.34225343394
705,705,-0.74560521712,2.29867588531
706,706,0.741691824618,1.54742967214
707,707,0.184057717785,-2.55636494923
708,708,1.28248441028,2.14828010816
709,709,1.03733706916,0.941535298212
710,710,-0.0818470059582,-2.33929649474
711,711,1.19733886697,0.394697583505
712,712,0.00848906559849,-0.606454348103
713,713,-1.39797193855,-1.92481398175
714,714,0.0907540071908,-2.76256984275
715,715,-0.931909546165,2.2838945046
716,716,0.210010944491,2.00572203487
717,717,0.0114941372679,-1.82098252692
718,718,0.970199244518,1.43789580338
719,719,0.303108597562,-1.95547964572
720,720,0.926700271744,1.72528719701
721,721,0.18250302902,-2.23332142528
722,722,-0.658085525419,-1.55570545569
723,723,0.503337612661,0.87239840091
724,724,1.07752736497,1.35709952762
725,725,0.911676097691,1.0403950893
726,726,-0.303229598417,-2.15291118027
727,727,-1.41505573609,-2.23720041672
728,728,1.04436314169,-0.784740804833
729,729,2.16117347168,0.435656864385
730,730,-0.288638042659,-2.25622757036
731,731,0.099638454044,-3.22295250773
732,732,-0.491469055952,-2.53050584579
733,733,3.04568893821,-0.157551448169
734,734,0.993916431144,-3.37878511338
735,735,0.624135722356,2.4210842433
736,736,-0.612684856638,-2.35731831225
737,737,-0.409805770416,1.67814010953
738,738,1.53785103157,-1.52962943706
739,739,-1.64267530169,2.5474692133
740,740,1.02898262787,-2.18281796633
741,741,0.210870746019,1.72740932131
742,742,-1.08369693901,1.27419509497
743,743,1.58635752276,-2.52530526278
744,744,0.58637597328,0.481805474115
745,745,-0.565729301503,-1.97278564977
746,746,0.42221030989,-1.95377150269
747,747,0.775705708736,-0.526784002634
748,748,1.68878994172,-1.17674252588
749,749,-0.383658986932,-3.05498061198
750,750,0.0745730367025,-3.24312912005
751,751,-2.51338652088,-1.75705718517
752,752,0.250325936356,2.14464288954
753,753,3.04092362808,-0.209956144788
754,754,-0.00589348272078,-2.35441402237
755,755,0.063517601565,-2.05971102456
756,756,0.492138000592,-1.9274665284
757,757,0.510469912972,-2.16626201908
758,758,-1.38391747324,-2.42185461177
759,759,0.253795682592,-2.05644246815
760,760,-0.763380113656,-3.12699624563
761,761,-0.303118846795,-1.71441398034
762,762,0.886522001896,-2.29278184206
763,763,0.227523559705,2.48381535357
764,764,1.45727423484,0.390858987222
765,765,0.345596453059,-2.34490787925
766,766,-1.55877346664,-1.67155041233
767,767,-0.304816560595,-2.61027990761
768,768,-0.0800586794167,-1.94186087054
769,769,-1.77402653418,-1.55536043627
770,770,-1.24008961368,-2.17353585512
771,771,0.260348727841,-2.28050219092
772,772,-0.381611994026,-2.47557433917
773,773,1.39004886341,-1.96303933528
774,774,1.99672913307,1.47155180802
775,775,1.45415961267,-3.0689618265
776,776,1.0815159717,-2.30294346775
777,777,-0.631212726494,2.28213902412
778,778,1.34944364093,1.69646275438
779,779,0.0477743272747,1.49710429813
780,780,0.450092704983,-1.4710988024
781,781,-0.0216118279963,2.12172825742
782,782,0.201875888603,-2.35745566347
783,783,0.0500529273194,-2.68058181253
784,784,0.562102531706,-2.47608187506
785,785,-0.382485004844,2.01552517559
786,786,-0.102769510933,2.36355503153
787,787,-0.631203624743,2.32089430666
788,788,-0.339618045715,2.4626714993
789,789,0.440275853644,-2.11617016682
790,790,0.211765854652,-2.99826280458
791,791,-0.433744326662,2.43102354575
792,792,0.0107388832727,-2.51315452496
793,793,1.40531174669,-1.53239529417
794,794,-0.40262486997,2.35812624165
795,795,0.0814033598578,2.13641537249
796,796,0.0857372066737,2.31512062498
797,797,0.702347374147,-2.48982156289
798,798,2.49182209889,1.15818102623
799,799,2.46580008049,-0.190352679041
800,800,2.49116387353,-0.17709674642
801,801,2.58719309378,0.476717294939
802,802,0.0823906007957,-2.75839393035
803,803,0.225523041975,-2.52347847178
804,804,2.66913479995,-0.251612264729
805,805,-0.108690820476,2.82596989725
806,806,0.371973760714,2.22210577403
807,807,-0.0339019455361,2.51326958876
808,808,0.507792634252,2.55317782124
809,809,0.106078860279,-2.07895632235
810,810,0.283402259557,-2.70283497487
811,811,-0.246996546427,-2.73001369335
812,812,-0.110181240412,2.41262680435
813,813,0.214443651214,2.84884399855
814,814,0.470746397923,-1.8640037271
815,815,2.45646444185,0.577411703599
816,816,-0.469275947803,2.42225700529
817,817,-0.346094663258,2.78580272618
818,818,0.652337751117,-2.37888956504
819,819,-0.0935710977814,-2.71687365373
820,820,-0.103876483628,2.89543058392
821,821,0.276160834542,-2.20371966129
822,822,2.79612860586,0.0310556239182
823,823,2.87189801019,0.125636378708
824,824,-0.456402819954,2.46124522281
825,825,-0.16870974437,2.05542185343
826,826,3.01814669326,0.0226569808106
827,827,0.58970579446,2.79787292796
828,828,0.00541470416842,-1.78060795915
829,829,0.241374454016,-3.12048055038
830,830,-0.0513716168437,-2.24853583235
831,831,2.44087989797,-0.249417855732
832,832,-0.0604302639666,2.45856950704
833,833,-0.0613014674507,2.75609283522
834,834,-0.123710530401,-2.10207331984
835,835,1.65012078347,0.246130894141
836,836,1.71498759153,0.634976451774
837,837,2.1732325125,-0.462954934885
838,838,1.91006619672,0.183714327237
839,839,0.356886383375,-2.31317527495
840,840,0.464670705129,-2.51133470096
841,841,-0.215370106932,2.46913413952
842,842,0.708788112715,-2.33195785559
843,843,-0.0751380309751,-2.8099758086
844,844,0.171168877239,-2.57370943475
845,845,0.146806784953,2.02963084134
846,846,0.127889264744,2.05078668598
847,847,0.267569661954,2.7288572735
848,848,0.0554132712119,2.18017726163
849,849,-0.147471664075,2.22004050613
850,850,0.15581553843,-2.60839345178
851,851,0.0915879297218,2.59788451127
852,852,1.13365818595,-2.32899404704
853,853,-0.00115277702718,2.50158087659
854,854,0.677001743849,-2.94066988005
855,855,0.210238284653,-3.09635163993
856,856,2.54636511128,-0.261194607044
857,857,0.0490788862943,-3.17915974107
858,858,-2.86673918296,0.0390379585301
859,859,-1.6370374132,1.71538965646
860,860,-1.78840857592,1.39363691381
861,861,0.496600975048,-0.932380579074
862,862,-2.00561173213,-2.07206105479
863,863,-1.46188670779,2.2312701076
864,864,-0.541480724936,-2.16920683767
865,865,1.97167161594,0.499893739523
866,866,2.79018129774,0.20302984984
867,867,2.71139803704,0.0613851294258
868,868,-0.0861004618593,-2.44942801717
869,869,0.376576273681,-2.31439037932
870,870,0.54223140344,-0.801962121854
871,871,2.14935417914,0.38096736744
872,872,0.0262815139374,-2.36977562565
873,873,-0.703642761333,1.68256796691
874,874,-0.121200847015,1.29761050286
875,875,3.19526841211,0.458307105724
876,876,-0.0847900242272,-0.393828083424
877,877,-0.0392160600097,-1.02502617191
878,878,-0.134933107248,-2.90460618667
879,879,-0.273263124925,-1.19255270636
880,880,-0.529238625114,1.277336952
881,881,0.0480602987668,2.61682056559
882,882,1.94268792588,-0.0209010118647
883,883,2.40975613504,0.390237424558
884,884,2.54918038244,-0.0995705703841
885,885,-0.397435314136,-2.68502270628
886,886,-0.00614276521426,-2.61669042967
887,887,-0.171887810714,-3.01801730267
888,888,2.58347597278,0.296201724573
889,889,0.252207757226,-2.2999095406
890,890,0.502054395758,-2.68728152053
891,891,1.72715015916,0.785008863433
892,892,0.203674006345,2.71663486068
893,893,0.239756457501,-2.33118538958
894,894,1.26296948688,-2.20099765834
895,895,0.342975336483,-2.17378318595
896,896,0.107629503143,-2.65514964404
897,897,0.180036922279,-2.78723524444
898,898,1.41050090769,1.6401861861
899,899,0.458518770576,-2.27367494515
900,900,1.18397801937,0.770300296621
901,901,-0.00870588013184,2.40711588502
902,902,1.12180498592,-1.3631488576
903,903,-0.132880079724,1.94453978837
904,904,-0.358272421851,1.82761191415
905,905,1.77369381883,0.792925367563
906,906,1.85424448426,0.567731160031
907,907,1.6780019624,0.817253210524
908,908,1.35135258365,-0.37490116207
909,909,1.69225316989,0.437571873355
910,910,3.2444926966,0.107148506513
911,911,-0.304550218283,2.58151189079
912,912,2.45780572845,0.524433978384
913,913,2.59963791523,0.146330206493
914,914,2.29541810031,-0.84082223155
915,915,-0.193790638918,1.44313732624
916,916,-0.0507700304192,2.3744367275
917,917,0.0571825429174,-2.04765079375
918,918,0.093484205185,-1.95879168048
919,919,1.70602172962,-0.711529798947
920,920,1.1838509385,-2.16055420029
921,921,0.586844159065,-0.181585004369
922,922,-0.0608083126523,-2.74443518872
923,923,0.999826499269,-2.09687804775
924,924,-0.576372804019,1.82960284846
925,925,-0.175388486166,1.35634018821
926,926,-0.812083924917,-1.68693807802
927,927,0.264570596494,-2.16817096377
928,928,-0.264802307596,1.17822717706
929,929,0.800610101425,1.93954860961
930,930,0.0139360071361,2.51208454025
931,931,2.29731918738,-0.078208322884
932,932,0.870789178794,-0.803387156323
933,933,2.34483226726,-0.130569451978
934,934,3.09629207286,-0.115216082782
935,935,-1.84936233589,-2.0226727654
936,936,0.759400925713,0.458916641636
937,937,1.05630137215,-0.686574791433
938,938,-0.138754666956,-1.91781550387
939,939,-1.01519382027,1.31913256343
940,940,-0.279437495222,1.49518005252
941,941,1.25073172984,1.62152037079
942,942,1.79946899654,0.723924470359
943,943,-1.14681271708,0.314658168771
944,944,0.0285910052648,0.764898850977
945,945,-0.463251583371,-1.81390248076
946,946,-1.65638336335,-1.77941375421
947,947,-0.511314020722,1.56210677321
948,948,-0.848429944766,-1.24944393791
949,949,-0.666911763445,-1.82039816873
950,950,0.402613068484,0.881231435803
951,951,0.36678785079,1.08521956832
952,952,-0.239313404342,-1.85668528782
953,953,-0.428471142053,-3.00998035553
954,954,0.483735614849,0.884452454855
955,955,-0.199204190467,-0.848323749141
956,956,0.261804537341,1.92305802722
957,957,0.208371706873,0.865076383255
958,958,0.602289368048,-2.35968094236
959,959,-0.221716388581,-2.35632705541
960,960,-0.307636573236,-2.09271681402
961,961,0.52918754467,-2.32892230501
962,962,0.214470687659,2.66881301854
963,963,1.05258558993,-0.562882870871
964,964,0.19105945937,-2.63359669763
965,965,0.115949312968,2.59955332409
966,966,1.12377403161,-0.180560821488
967,967,2.89328939627,0.580942713178
968,968,-0.907859113032,-1.57002362245
969,969,-1.77833077572,-1.87697649401
970,970,-1.18103728583,-1.75370941922
971,971,0.237668019139,1.66234308541
972,972,-0.81049039142,-0.667834455532
973,973,-1.82782419382,-2.0597354687
974,974,-1.41015160908,-1.7065464572
975,975,-1.5170141929,-1.61560295904
976,976,-0.729924667487,-1.61903113077
977,977,-0.59263315649,-2.20578649316
978,978,-1.21844548296,-1.8556918279
979,979,-0.276349402754,-2.21060380479
980,980,0.433612051995,-0.991885801721
981,981,2.95123962874,-0.145530697517
982,982,0.244108658767,-2.46810932693
983,983,-1.10722420155,-1.71005120971
984,984,-0.0468747583955,2.83567339311
985,985,-0.169471473714,-1.37047131328
986,986,-0.677558176259,-1.72628161895
987,987,-0.959611483112,-1.91266056391
988,988,0.0487914504118,1.27031153912
989,989,-1.08662750794,-1.82856948974
990,990,-1.41701657194,-2.17317728008
991,991,-0.0429687722227,3.1901578112
992,992,0.216855173178,-1.68261280952
993,993,-0.225358658355,-2.47548205386
994,994,0.471345968279,-2.81925266579
995,995,1.66432019682,0.332123749797
996,996,0.0449557220365,-2.51595702481
997,997,-0.629431904127,-1.54313979399
998,998,-1.25071311731,-1.40950580828
999,999,0.0665066407484,0.261547173641
1000,1000,-0.466431930729,0.849280769884
1001,1001,-0.505300872253,0.931640524028
1002,1002,-1.18423976959,-1.15669089873
1003,1003,-1.62065128331,-0.959848032325
1004,1004,0.08224359213,2.1603995592
1005,1005,-0.302404810659,2.50620600191
1006,1006,1.31768843202,-1.72606657535
1007,1007,0.186479825456,-0.30521576241
1008,1008,-0.373022172482,2.43760550627
1009,1009,1.170173713,-2.06202624002
1010,1010,2.45513365191,0.333695272262
1011,1011,2.4232974623,0.0974430945182
1012,1012,2.86166804748,0.00532540632755
1013,1013,1.04821648236,-2.05318549742
1014,1014,0.060000543753,2.12903908495
1015,1015,0.406122213026,-2.51979873143
1016,1016,-0.65400484908,-0.709886580733
1017,1017,-0.389067961403,1.75597833296
1018,1018,2.40862676694,-0.00570174421303
1019,1019,-0.0765316334392,1.7980068536
1020,1020,0.480531298959,-1.62202668803
1021,1021,0.605626946194,0.150057779819
1022,1022,0.0877146133804,-1.83073835558
1023,1023,-0.438295785323,1.7474387024
1024,1024,-0.322634791754,0.92985262565
1025,1025,-0.140155116741,1.01672243059
1026,1026,0.676209386685,0.399561212016
1027,1027,-0.122842659193,-0.138012589141
1028,1028,-1.12743174716,0.332043442028
1029,1029,2.33354671589,0.310952070995
1030,1030,-0.508928751302,0.976002874547
1031,1031,0.886374155905,2.29874630694
1032,1032,-0.479545488565,0.997362253652
1033,1033,-0.849985113987,-0.308318051146
1034,1034,-0.427770504273,-1.71008797102
1035,1035,0.626907911882,-0.942663426977
1036,1036,-0.410419297708,-0.848003693413
1037,1037,0.634280552214,2.67839488127
1038,1038,1.29978383943,-0.892512357472
1039,1039,2.18175081254,-0.582105409964
1040,1040,0.270480051815,-3.1568009294
1041,1041,2.48121784044,0.284240267071
1042,1042,0.363109691743,-2.69547655702
1043,1043,0.276324390342,-3.03955958586
1044,1044,-0.621895954347,1.68249799169
1045,1045,-1.11774557157,2.14563597142
1046,1046,-0.631150653415,2.32241693746
1047,1047,-0.429577461449,1.72242032897
1048,1048,0.889239858232,-2.13053939225
1049,1049,0.0426147713403,2.81205961513
1050,1050,1.60971000537,-2.26281291063
1051,1051,0.532356651835,-2.35954862948
1052,1052,-0.574782955694,2.16185763429
1053,1053,-1.0701866405,2.28164204772
1054,1054,-0.849599045243,2.32352164616
1055,1055,-0.454215692789,2.80285271448
1056,1056,0.752659988701,-2.39796387459
1057,1057,0.725692206198,-2.12116221311
1058,1058,0.3742084052,-2.33380302049
1059,1059,0.102688152812,1.74026868946
1060,1060,0.0770245076831,2.27576072148
1061,1061,1.03408911856,-1.69649029303
1062,1062,-0.196845768692,-2.54065401941
1063,1063,0.911453829773,-2.20064769686
1064,1064,-0.206873126536,2.28664712834
1065,1065,0.061636538632,2.51743949004
1066,1066,0.103726217442,2.42209305391
1067,1067,-0.59702240698,2.25251828879
1068,1068,0.399210985902,-1.66274708799
1069,1069,0.19620008079,2.82602602414
1070,1070,-0.787028470057,2.48494512636
1071,1071,0.236840093427,-1.87352261546
1072,1072,2.0197375107,0.767976818593
1073,1073,0.185215983671,-2.90295953535
1074,1074,3.37379897675,0.48345361181
1075,1075,-1.10919197133,-1.10561477133
1076,1076,0.662524233791,0.466272530406
1077,1077,-1.44949361821,-1.34927842834
1078,1078,-1.33443714971,-1.18026903813
1079,1079,-0.481697666708,1.60606410895
1080,1080,-1.65341545405,-1.60164995257
1081,1081,-1.73313236772,-1.51559237303
1082,1082,2.38628833658,0.172045868602
1083,1083,-1.53561276338,-1.59350076492
1084,1084,-0.468816310601,1.84203246338
1085,1085,0.306767699418,1.39532989677
1086,1086,-0.13204603424,0.478874648707
1087,1087,-1.324034984,0.812288073514
1088,1088,0.540139394526,1.54195751357
1089,1089,-0.17361588505,1.25544287507
1090,1090,-0.420928135865,-0.914523570951
1091,1091,-1.14562586174,0.876336093641
1092,1092,0.331201269857,1.32706812031
1093,1093,-0.718643263753,-1.52575811623
1094,1094,0.111294635853,-2.70771335473
1095,1095,-1.14928356596,2.68538565657
1096,1096,0.732217569683,-2.98402510694
1097,1097,0.357195208478,-2.4164605733
1098,1098,0.709185375185,-2.34421896243
1099,1099,-0.155716667297,-2.51530005554
1100,1100,0.623585443993,-1.92473692247
1101,1101,-1.51663334102,-1.74326142184
1102,1102,-0.516239767771,-2.20245979052
1103,1103,0.397952606659,-2.55063389371
1104,1104,-1.12952324236,-1.44578997971
1105,1105,0.127820220495,-2.25194419474
1106,1106,2.9162124835,0.236962731388
1107,1107,-0.282209143009,2.42221337547
1108,1108,-1.74994260487,-1.95895373763
1109,1109,-0.101279171922,2.00649315235
1110,1110,0.534063357095,-1.48593353169
1111,1111,-0.10904253466,2.59837885526
1112,1112,0.663133935001,-1.797490276
1113,1113,2.85860462448,-0.058683961168
1114,1114,1.63925374471,0.806243215229
1115,1115,0.2467541924,-2.49961351418
1116,1116,0.616391137555,-2.20582609751
1117,1117,-0.396616177967,1.09417209016
1118,1118,1.17248922101,-1.72469762805
1119,1119,1.26766554698,-0.853218531681
1120,1120,-0.717401268944,1.68729181265
1121,1121,-0.165703323755,1.94876825072
1122,1122,-0.0494734648888,2.51885471924
1123,1123,1.30035966179,0.390098064951
1124,1124,-0.748812169262,-1.63867159405
1125,1125,1.24527290455,-1.65371453347
1126,1126,-0.106214838311,2.48457058496
1127,1127,0.353469203114,1.23648096862
1128,1128,1.60688429933,-0.978041937704
1129,1129,-0.680240081739,2.22647895373
1130,1130,0.726011923223,-1.53069215624
1131,1131,-1.21434581253,-1.96373860994
1132,1132,0.515248212376,-1.97495285207
1133,1133,-0.0696476822287,-2.61969111473
1134,1134,0.314818668101,-2.72484186302
1135,1135,0.788304670852,-1.8386150736
1136,1136,0.0716725072828,2.64096125517
1137,1137,0.0821999785609,-2.16313541548
1138,1138,0.238102188281,-2.58189652521
1139,1139,0.617152596811,-2.36346823095
1140,1140,-0.350829721136,2.08709887234
1141,1141,0.491260474901,2.03488052358
1142,1142,-0.511644014924,2.28390335324
1143,1143,1.23158406658,-1.42572063582
1144,1144,1.97596423563,1.36871006943
1145,1145,2.56863622164,0.0179813924706
1146,1146,1.24430357089,1.51383964457
1147,1147,0.475311571786,2.49272424442
1148,1148,0.224151743813,-2.5573293131
1149,1149,0.26066299608,-2.79154354254
1150,1150,2.86012353354,0.660348492481
1151,1151,0.0390935343632,2.54576501188
1152,1152,0.594043596039,2.78519657784
1153,1153,2.95015500402,-0.0595114065182
1154,1154,-0.241638726262,-2.52402201467
1155,1155,-0.202340439822,-2.41642620042
1156,1156,1.96055715694,0.39824513796
1157,1157,0.116844733596,2.52731575494
1158,1158,2.12719078193,0.279322703611
1159,1159,2.51562555039,-0.108630567493
1160,1160,-0.0182364531893,2.88179609246
1161,1161,0.122996236209,-1.11925175345
1162,1162,-0.100706066283,2.45694055561
1163,1163,0.211114673703,2.06972778436
1164,1164,0.774406525599,-2.01394593685
1165,1165,1.59917132549,0.45662214423
1166,1166,0.42363536058,1.61124867711
1167,1167,2.51269546366,0.0893052593251
1168,1168,1.32407417522,-1.91955690364
1169,1169,2.66360294773,0.0162002014812
1170,1170,2.32295976328,0.513718450765
1171,1171,0.0179758049002,-2.92270269706
1172,1172,0.517327217442,-2.60264173338
1173,1173,-0.342514541228,2.27309925482
1174,1174,-0.17435377451,2.75550489781
1175,1175,0.2345354333,2.39427796134
1176,1176,0.0335690796735,2.70198099618
1177,1177,0.193732156377,-1.70834312661
1178,1178,1.68448492275,0.540267673773
1179,1179,-0.429520970046,-2.67771522464
1180,1180,-0.100412106214,-3.14554844554
1181,1181,2.31910102778,0.0814754643457
1182,1182,-0.650700340693,-2.77611148707
1183,1183,-0.241755562126,2.89422134652
1184,1184,-0.0405246214281,2.6653022758
1185,1185,1.32840379943,-2.13099591346
1186,1186,-0.490967554326,-2.37148047754
1187,1187,-0.462197978346,-2.15751518209
1188,1188,0.776522315707,-1.58006808042
1189,1189,0.091352105744,-2.92066233663
1190,1190,-0.438964763995,-2.2931579477
1191,1191,-0.190666477358,-2.20439662267
1192,1192,-0.382095824224,-2.50224871291
1193,1193,-0.265216119559,-2.21881857792
1194,1194,-0.0240823592276,-1.83045244563
1195,1195,-0.0629566887424,2.37921034142
1196,1196,2.33626286587,0.160980302685
1197,1197,2.80561892932,0.040323943581
1198,1198,2.63179180095,-0.0197107654792
1199,1199,2.47870188833,-0.177618409425
1200,1200,0.850624528396,-2.60951208741
1201,1201,0.870609843877,-2.06378789592
1202,1202,-0.503643765397,1.9222476893
1203,1203,-0.812623570488,2.71825950546
1204,1204,-0.353646849522,2.15091297009
1205,1205,1.44439059749,-2.1022422214
1206,1206,-0.374736249154,2.5297053545
1207,1207,0.0078037960138,-2.78563189205
1208,1208,0.172342801015,-2.20724191393
1209,1209,2.31288795355,0.160056654427
1210,1210,2.94158387204,0.335016894963
1211,1211,0.061271740874,2.25486151883
1212,1212,0.9723195089,-2.21827496585
1213,1213,2.5034136321,0.098580663383
1214,1214,1.72045302326,0.531154788102
1215,1215,0.0793589604333,-2.90415491725
1216,1216,0.121317082231,-2.03142528402
1217,1217,0.0343234371857,-2.52504124839
1218,1218,0.277786976717,-1.72353430392
1219,1219,2.03521381452,0.225014792259
1220,1220,1.60526549816,-1.52727757801
1221,1221,1.32763414858,-1.16201110851
1222,1222,1.37461216431,0.74690659131
1223,1223,1.46577095222,-1.19855408793
1224,1224,2.63830847146,0.0257108757161
1225,1225,2.94180222325,-0.201620412989
1226,1226,0.467810071064,-0.124342916907
1227,1227,-0.194442441798,3.19957398111
1228,1228,0.575920678257,-0.0988108801801
1229,1229,0.0890640799856,2.45233926145
1230,1230,-0.172023412583,-2.89240941202
1231,1231,0.248389575157,-2.90243682212
1232,1232,-0.0497040574999,2.49861492389
1233,1233,1.25753880483,-2.24027849364
1234,1234,-0.0668837290839,2.05700388287
1235,1235,-0.0123961307809,-2.24448191416
1236,1236,2.90735672045,0.207790629506
1237,1237,0.148914972182,-2.31159706543
1238,1238,0.112321792264,2.86885854277
1239,1239,0.922787911981,-1.75820351695
1240,1240,-0.0969698661143,-2.12741324169
1241,1241,2.96165447952,-0.14366893685
1242,1242,0.0977628222975,-2.32265115917
1243,1243,0.360726329108,-2.66221491519
1244,1244,0.497375762329,-1.99413839934
1245,1245,-0.0422412176223,2.69211144928
1246,1246,0.270407641159,-2.62500699617
1247,1247,0.0541910690012,2.50344296011
1248,1248,-0.355557872032,2.73504452188
1249,1249,0.771906700359,-2.55595827096
1250,1250,0.0118321316427,2.23081071471
1251,1251,-0.119804736086,2.55921626868
1252,1252,0.02935336564,2.84577321115
1253,1253,0.625681011828,-2.11198971625
1254,1254,2.25957326828,0.618079423386
1255,1255,2.43803339287,-0.0721287993575
1256,1256,2.34658043248,-0.193706895838
1257,1257,2.44146057658,0.0276240915764
1258,1258,2.43937226436,0.805245473712
1259,1259,2.54210857908,0.215644328462
1260,1260,2.8840351952,0.0304418903398
1261,1261,2.57651876409,0.0667742559625
1262,1262,0.0746556886682,-2.40125954108
1263,1263,0.0490922741972,-2.17461102693
1264,1264,2.44190752013,-0.23930414373
1265,1265,0.214714524661,2.87044204856
1266,1266,1.27124746581,0.0165717895835
1267,1267,1.82944821305,-0.177570053216
1268,1268,-0.0826073266485,-2.5022752785
1269,1269,0.164243609,-2.31568883643
1270,1270,1.78334785329,-0.164876470444
1271,1271,0.447716567761,2.66369089874
1272,1272,1.68922620825,0.415523272414
1273,1273,-0.256255193011,-2.21678568152
1274,1274,0.713964221694,-0.546333458158
1275,1275,0.0242680115766,2.61101856597
1276,1276,0.177956415838,-2.39610847805
1277,1277,1.00233419866,-2.70608713524
1278,1278,2.46352821792,0.208725883719
1279,1279,2.17783789478,-0.0163826794604
1280,1280,0.798745457552,-0.200126139163
1281,1281,2.53654496279,-0.216801021305
1282,1282,2.69573037772,-0.249182602405
1283,1283,2.52871730566,0.341205049554
1284,1284,-0.53826898229,-1.88040084008
1285,1285,1.650654343,-2.10178576791
1286,1286,0.162087133208,-0.497062848097
1287,1287,1.79643479291,0.784640959506
1288,1288,-0.0868845228555,-2.19157973236
1289,1289,-0.201829672011,-2.52258479554
1290,1290,0.0519055395041,-2.41556373413
1291,1291,0.740428150109,-0.539892549971
1292,1292,0.74965895593,1.74252978694
1293,1293,2.42939830702,0.156531753738
1294,1294,2.33363830813,-0.140299560325
1295,1295,0.765498157721,-0.553709047763
1296,1296,-0.101610294729,-2.70466259426
1297,1297,0.427025998588,-2.45998575383
1298,1298,1.36338196374,-0.797788682907
1299,1299,-0.173156574516,2.71765450962
1300,1300,0.899626445004,-2.34680008675
1301,1301,-0.103189128237,2.60525724831
1302,1302,-0.455620942524,1.94816896869
1303,1303,1.37992327609,-2.39489124528
1304,1304,-0.457593782747,2.18438726298
1305,1305,-0.452287195938,2.19409426491
1306,1306,-0.384400474002,2.74869905919
1307,1307,-0.431922615231,2.61416854786
1308,1308,-0.401741849538,2.60138669656
1309,1309,-0.473456096255,2.60267159043
1310,1310,0.62160532111,-2.41469239262
1311,1311,-0.273267156239,-3.19617100905
1312,1312,-0.454852406578,2.71190772501
1313,1313,0.215359034475,-2.223060876
1314,1314,1.71569744311,-2.80356853567
1315,1315,0.527003406066,-2.24403647925
1316,1316,-0.915910348051,2.58696129212
1317,1317,0.157185401142,2.76098220578
1318,1318,0.681243566021,-2.23179897106
1319,1319,-0.260471963179,2.57802520631
1320,1320,0.10777170442,2.51170077038
1321,1321,-0.621185754227,2.21836239598
1322,1322,0.417436056195,2.22518702543
1323,1323,-0.00147821454684,2.51942295985
1324,1324,0.70051163392,-2.00740726602
1325,1325,1.00774213854,0.835421721763
1326,1326,2.49027759199,0.252756989529
1327,1327,0.272898132511,-2.71615604306
1328,1328,0.0104891125763,-2.5120265937
1329,1329,2.94288029604,0.150706249142
1330,1330,0.185928693216,2.61907274303
1331,1331,1.20913180054,-2.29750888504
1332,1332,1.50245217594,0.439646958755
1333,1333,0.120001219494,-2.65823491028
1334,1334,-0.293036649487,2.18299118304
1335,1335,0.767945298474,2.43022107374
1336,1336,1.01470028017,2.18956008829
1337,1337,-0.154710373267,1.9265957891
1338,1338,1.32059487546,0.831348937987
1339,1339,0.189896689579,2.08012962647
1340,1340,1.30540248908,1.67306478932
1341,1341,1.55301227304,1.44136036005
1342,1342,1.96160406665,1.63231849435
1343,1343,-0.113439120438,-2.64040181458
1344,1344,0.0181097974174,-2.01604922081
1345,1345,1.66825739015,0.77827616099
1346,1346,-0.00200675997191,1.86579998518
1347,1347,2.21464758541,0.55963939742
1348,1348,0.762783258242,1.42889234711
1349,1349,-0.00133056202462,2.54545465661
1350,1350,-0.907102641282,-1.57712859882
1351,1351,2.16916380917,0.898124741792
1352,1352,-0.987884798973,-0.66675939723
1353,1353,0.617879524385,-2.11782004417
1354,1354,-0.0346774248128,1.46636672919
1355,1355,1.54811350794,1.16513651504
1356,1356,1.78754949744,-0.0160048241346
1357,1357,1.31679577599,1.80721166575
1358,1358,0.897857797182,1.7696136599
1359,1359,0.963861027099,0.4641871083
1360,1360,2.29329568498,0.72216586394
1361,1361,0.427191539972,0.564153847167
1362,1362,-0.982649037592,-1.78289961414
1363,1363,-0.47483108916,-1.6005259407
1364,1364,2.07050388754,0.679103907125
1365,1365,1.29074614068,-0.488325289306
1366,1366,2.3762598186,-0.0218254765503
1367,1367,-0.453817469808,0.975028978117
1368,1368,-0.0164464670345,1.87646603057
1369,1369,0.183342151786,-1.91745841915
1370,1370,0.445527832622,2.53700961585
1371,1371,2.67224489109,-0.501975358633
1372,1372,1.9822815489,0.237051573674
1373,1373,0.162738145786,1.42871126015
1374,1374,1.83105041141,0.76618929975
1375,1375,1.37227878477,1.36551438958
1376,1376,0.630380293565,0.767913349532
1377,1377,-0.834586836283,-1.59077049283
1378,1378,0.315936387714,-2.23184888209
1379,1379,1.14920370028,0.775012985703
1380,1380,0.0503848308421,2.27959934652
1381,1381,0.661015407999,1.01557619482
1382,1382,0.279277602879,-2.47965119395
1383,1383,-0.156988427668,2.31755021848
1384,1384,1.3372104002,0.429697072853
1385,1385,1.95322025039,0.328354231724
1386,1386,1.78654157276,0.991963871778
1387,1387,1.87736940274,1.38689159629
1388,1388,2.78161516611,0.897169148367
1389,1389,1.91943679139,1.76621665983
1390,1390,0.0994923709401,2.43997332861
1391,1391,-0.245932580612,2.16500889988
1392,1392,0.826867545613,-2.29171994494
1393,1393,0.835565026444,0.771146338893
1394,1394,0.779683308707,0.226358494917
1395,1395,2.43084020787,0.155309512384
1396,1396,2.69178530016,0.482511168083
1397,1397,1.60092476971,-2.31794992404
1398,1398,0.501162771641,1.22023447659
1399,1399,0.0871738684574,-2.49158138829
1400,1400,1.16943442951,0.63393957616
1401,1401,-1.16661647651,-0.465215194318
1402,1402,0.00824751396293,1.87928529958
1403,1403,1.36432799347,0.143641391671
1404,1404,0.0182560114958,2.1527228042
1405,1405,0.899742811766,1.3441632047
1406,1406,0.0351349136249,2.73226788842
1407,1407,0.294223133792,3.8949901714
1408,1408,-0.132319204679,2.82314045475
1409,1409,0.427462216651,3.18522624527
1410,1410,0.405051979724,2.12401986102
1411,1411,-0.358906574948,2.81180592998
1412,1412,0.136879893298,2.74905563714
1413,1413,0.464935774537,2.56985067267
1414,1414,-0.0198755908016,2.85887659733
1415,1415,-0.159461808248,3.05303041499
1416,1416,-0.00577875382862,3.19510628786
1417,1417,1.67916780734,0.238412262937
1418,1418,-0.172147090357,2.39233654784
1419,1419,0.849207965371,0.339915070043
1420,1420,-0.876865475539,-0.976560120483
1421,1421,0.282922603658,-0.0396955508217
1422,1422,0.919897715413,0.213357605223
1423,1423,2.89519654244,0.26781144521
1424,1424,-0.313626245996,-3.09300961331
1425,1425,0.309880328762,1.93882173504
1426,1426,0.073349521496,0.858928951717
1427,1427,2.24187484034,0.543459308163
1428,1428,3.88078701817,-1.0927722528
1429,1429,3.07466274496,-0.876362559676
1430,1430,1.90716412875,0.616312073198
1431,1431,2.76982948224,0.649540360851
1432,1432,3.194457845,0.502404270462
1433,1433,1.72190454618,0.0169490185024
1434,1434,0.669731436201,0.63775090548
1435,1435,1.39399354409,1.20204784724
1436,1436,-0.198961371804,-2.65785676384
1437,1437,1.88867991253,-0.166898808367
1438,1438,-0.135042073507,2.1092882958
1439,1439,1.07327885418,2.13046774456
1440,1440,1.18671373559,1.53021055822
1441,1441,0.233347741161,0.736459640632
1442,1442,0.895505728353,2.14488001843
1443,1443,0.488775581343,-2.16329427657
1444,1444,2.08882807317,2.15710945435
1445,1445,1.02064365369,2.38471776913
