,vote,alpha,beta
0,0,-0.29831720431,2.50183084179
1,1,-0.468831568969,-2.53612178807
2,2,2.71636175516,0.0360359566891
3,3,2.42889372926,-0.0237467732647
4,4,0.534501624425,-1.35963687757
5,5,2.95850336493,-0.630037167982
6,6,2.22286553493,0.63728472924
7,7,2.31298013824,0.752276596565
8,8,0.0505609533132,-1.9887200009
9,9,1.13623207225,-1.27495641711
10,10,2.61497822448,0.04815624856
11,11,2.75828077795,-0.583045017468
12,12,2.60260386191,0.706822811884
13,13,2.49512240951,0.333552102802
14,14,2.94386971539,0.231769060917
15,15,2.19314164329,0.0512745732001
16,16,0.189577619015,2.4220809634
17,17,0.568674548194,-0.56242132744
18,18,2.59626539272,-0.029206871332
19,19,2.54019872313,-0.046698347857
20,20,1.64083990384,-0.768534808954
21,21,-0.00538314761526,-2.9307460027
22,22,-0.118326980244,-2.69989487427
23,23,3.25027708093,-0.157146632354
24,24,0.686144030399,-1.92605014893
25,25,1.33532130702,-0.239608437802
26,26,-0.755698651171,0.00995710174742
27,27,-0.457758749104,2.76312901754
28,28,2.43408177214,0.131941701213
29,29,2.44718047704,0.314952705081
30,30,2.27782763834,0.0688369655866
31,31,2.3307586897,0.0256613273376
32,32,0.15814829417,-2.40414893653
33,33,0.135107607595,-3.01201532823
34,34,1.36996836754,-0.362402548929
35,35,0.277540450146,2.33756748339
36,36,-0.422384904979,-2.86257283759
37,37,-0.0604411786283,-2.32694693254
38,38,0.374288258946,-2.7140340402
39,39,-0.965358320361,-1.43237901158
40,40,1.93283554105,-1.52399330123
41,41,0.186117570781,2.62123285162
42,42,-0.384681770951,-2.49920844423
43,43,2.96947791528,0.410980369947
44,44,2.89630920935,0.0415225944694
45,45,3.5565713616,-0.0891294674405
46,46,2.33442773479,-0.0515251363066
47,47,2.20055767253,-0.22887335247
48,48,2.70828978601,0.818395749769
49,49,2.14598953363,1.74048394863
50,50,-0.0180464931043,-2.66641023274
51,51,0.209454773358,-2.35844885289
52,52,-0.521747364277,2.7387543248
53,53,-0.251604427322,-2.73575241553
54,54,0.053696067481,-2.59203859369
55,55,-0.0257032430003,-2.38601407875
56,56,1.03426407896,-2.67999272844
57,57,-0.754245408293,2.21353631755
58,58,-0.122022029068,2.82630472511
59,59,0.0695944829969,-1.7265274384
60,60,1.0659900289,-2.44810395772
61,61,2.02897632059,0.181182441054
62,62,2.35771483873,0.111435968794
63,63,2.95643259877,-0.0827308828113
64,64,2.74903901722,-0.285306087865
65,65,2.79397283028,-0.2613537501
66,66,0.108319387958,-2.49965345756
67,67,0.761857641053,-2.69697660668
68,68,1.12664407344,-2.11688608624
69,69,-0.596217671779,-1.77876093258
70,70,-1.28774018159,1.84312891325
71,71,-0.85277812739,2.02266997184
72,72,-0.760427814792,2.13378779382
73,73,-0.867668230165,2.50208346696
74,74,-0.978567533376,2.30744818632
75,75,-0.786835661943,2.4102709431
76,76,-0.428056818684,2.16642596908
77,77,-0.770669986173,1.5384901829
78,78,0.118522163501,2.87450144957
79,79,0.892426852722,-2.24529139833
80,80,-0.953629030949,-2.25131518068
81,81,-0.573864968605,-2.78418893571
82,82,0.0788669465198,-3.21470435361
83,83,-0.286125147967,2.5587434216
84,84,-0.195724441793,-1.91550413521
85,85,2.84422441638,-0.101673683536
86,86,2.22303865714,-0.639021136967
87,87,-0.226471905495,-2.86804196523
88,88,0.0476809361381,-2.58151595075
89,89,-0.708931099097,-0.937309041961
90,90,0.315181619031,-0.484437018485
91,91,-0.376745196418,-2.0843178987
92,92,-0.930089680054,2.05882376091
93,93,-0.841428022766,-1.76742058203
94,94,0.173055512662,2.55362594124
95,95,2.17332774662,-0.0804630793434
96,96,-1.06491895763,2.16273053338
97,97,-0.882423838285,2.05571114393
98,98,-0.255809629578,0.238172688082
99,99,-0.165989077803,1.65156392686
100,100,-0.0586983611748,1.72396714052
101,101,-1.11447729212,0.592049515431
102,102,-0.399365744968,-1.67527761884
103,103,-0.981728268004,1.69585256161
104,104,-0.324056294404,-0.748900277159
105,105,-1.08013216754,0.0497286881767
106,106,0.603517520757,0.800388889626
107,107,0.0666903156797,-1.52139546577
108,108,-0.359372076738,0.622708004085
109,109,-0.404546485994,0.66690201479
110,110,1.48555823605,1.47566699033
111,111,-0.0455897002036,-2.12864283825
112,112,-0.393946385707,-1.48391694386
113,113,-0.0054557076087,-1.97135393036
114,114,0.172651923433,3.10105404332
115,115,0.348401708554,-1.40965692183
116,116,2.80637594461,0.092925095096
117,117,2.77927719245,-0.355389521335
118,118,0.332525790013,-2.44257322536
119,119,2.05366004438,-0.47646887914
120,120,2.5765006459,-0.140062790048
121,121,-0.227340582406,2.31364903424
122,122,1.35860087364,-1.62060739187
123,123,2.43377725173,0.0932147204648
124,124,0.695325149509,1.57899859552
125,125,0.320332214699,-2.79758133108
126,126,0.379831469497,-2.3068442983
127,127,-0.95190401372,0.56509443106
128,128,0.235349195738,-1.96380431923
129,129,-0.222954418088,-1.40252412519
130,130,-0.784032235477,-1.51839391383
131,131,0.807145108469,0.828086787737
132,132,-0.257531496235,-1.51323142707
133,133,-0.0451565353995,1.49301004207
134,134,0.399074070263,-2.26680147499
135,135,1.06820396923,1.99018832117
136,136,-2.28100147184,1.45574207326
137,137,-0.627999186119,0.711250300181
138,138,-1.38885320704,0.935944158396
139,139,-0.0583229138169,2.0216773157
140,140,-0.496321569841,0.138203500564
141,141,-0.764779586726,0.405285596387
142,142,0.282682149209,-1.88300632731
143,143,-0.96821002196,2.28210984168
144,144,-1.66423535898,2.09801383842
145,145,-0.769793779561,1.37061399431
146,146,1.83108400174,0.664924626546
147,147,-0.0901769383859,1.30004458611
148,148,2.81695404722,0.218031961324
149,149,2.8624382533,-0.0760159838025
150,150,0.0236075772769,2.3671949346
151,151,0.879248219154,-0.69437677389
152,152,3.02420538494,-0.0121766631854
153,153,2.19265370808,-0.181768108019
154,154,2.72722491253,0.408073566645
155,155,0.137104195352,-2.76810329585
156,156,0.373160432349,-2.16880959986
157,157,2.89934442775,-0.283164755385
158,158,0.111720000962,-2.19646130377
159,159,1.75941519297,0.534649800472
160,160,0.181734183808,-2.33464299594
161,161,0.51379865317,-1.87846013119
162,162,-0.648165039597,2.52030675654
163,163,0.349524577826,-0.432082380943
164,164,-1.14217434551,-1.20084830329
165,165,-0.140227168613,1.60279381362
166,166,0.154749026352,-3.15740125031
167,167,-0.865015515612,1.39452603246
168,168,0.900749136678,1.3132418191
169,169,-0.151725577961,0.0554454902111
170,170,-0.880226951796,-0.646218772606
171,171,-1.27438519223,-1.15462971197
172,172,-1.07866169888,1.17591676477
173,173,-1.39012351644,-0.854489399014
174,174,-0.661242902116,-1.88123365606
175,175,0.213671076176,1.69854181645
176,176,0.16617884711,0.825269861637
177,177,0.444021307637,-2.22139405488
178,178,0.136139695769,1.07153645166
179,179,-0.398117266923,-1.48894531065
180,180,-0.894451126174,-1.33656823451
181,181,0.905449731403,-0.395276826063
182,182,-0.412230514384,-1.15894997543
183,183,0.0100415255566,0.922533875805
184,184,-0.0650462734252,0.379612298338
185,185,-0.119810580249,0.281750249998
186,186,0.530875693283,-0.420455927266
187,187,0.0528839061039,-0.44529206596
188,188,0.0204545738302,-0.658592979979
189,189,-0.076092836035,-0.313950619872
190,190,0.192389065318,0.282287893395
191,191,-1.40757204468,-2.18569493785
192,192,-0.278333893106,-2.68902008962
193,193,0.184281048418,3.12320618254
194,194,-0.380376627112,-0.877109293424
195,195,2.38226740158,0.110746807201
196,196,2.78326151426,0.354907168435
197,197,-0.0102012823928,-2.70331049074
198,198,-0.668439828665,1.28558112169
199,199,0.499550905223,-1.99911280196
200,200,0.34063968004,1.68957325215
201,201,-0.105830010082,2.36649368162
202,202,1.308278971,-2.35532336809
203,203,3.09657349111,-0.130539390916
204,204,-0.264461827129,2.38055878861
205,205,0.0842191828664,-2.27562899057
206,206,0.365703972376,-1.42849165799
207,207,0.232583573563,-1.69854163598
208,208,-0.62645134366,1.89882819638
209,209,0.0269702364391,-2.51496944577
210,210,0.457948963399,-0.555844927246
211,211,-0.374768052494,-2.2744692019
212,212,0.477331261925,2.09191213097
213,213,-0.794836623461,2.09445761311
214,214,-0.113570701374,2.56054723702
215,215,0.701823567833,-2.05369363034
216,216,2.06142298823,-0.761490052518
217,217,1.82400851442,-1.24032061532
218,218,2.24160771112,0.118815466629
219,219,0.141029173301,-2.39920063944
220,220,0.498880530766,-1.99778883116
221,221,1.92632167432,0.49611249401
222,222,-0.597420132657,2.13459178353
223,223,0.208939117381,1.97119598339
224,224,-1.10102718819,1.66215070381
225,225,-0.44720797338,0.334597254666
226,226,-1.43118451928,-1.81707859137
227,227,-0.862064053932,1.78198898352
228,228,-1.33230296499,-1.96162047071
229,229,0.211459465579,1.72013255442
230,230,-1.43667446257,-1.53012797632
231,231,1.72833110675,0.847819091297
232,232,-0.146242617707,1.73467983015
233,233,-0.492537377429,1.56537786466
234,234,-0.835248829546,2.24975120189
235,235,-0.912770083988,1.92398104192
236,236,-0.664337297045,1.51263315279
237,237,-1.12266492132,0.549751477649
238,238,-0.962567796051,1.45947129048
239,239,-0.98401391245,1.33583992289
240,240,-0.917361260916,1.6618572028
241,241,-1.35157223821,1.847567187
242,242,0.0547400528343,-2.6611389512
243,243,-1.18220772467,-1.87773808855
244,244,-0.760300130692,2.22009621258
245,245,-0.099916459335,1.04606835962
246,246,-1.391481757,-1.01913685873
247,247,-0.406321059448,1.22054061628
248,248,-0.72129588075,0.236611609165
249,249,-0.440134743557,0.265912907974
250,250,-0.926384649327,0.62009826338
251,251,0.314054408183,1.26251473219
252,252,-1.41580555725,-1.23309139053
253,253,0.269560098837,-2.34976537653
254,254,0.240300550742,-2.09586557553
255,255,-0.660451533209,1.47818142851
256,256,-0.236447112249,0.743008378155
257,257,-1.08121396208,-1.39503378726
258,258,-0.199894751176,2.14392628301
259,259,-0.0181392505739,-1.99217008821
260,260,0.0285259229863,-2.52316578271
261,261,-0.400158232276,-2.83473056494
262,262,0.155914575705,2.2050232346
263,263,0.390472998767,-2.65342332154
264,264,0.119855342736,-2.48892162694
265,265,-0.249462141786,2.87354522426
266,266,-0.402005348051,-2.04516203502
267,267,2.0808354679,-0.0574111000815
268,268,3.2003175291,-0.17891567124
269,269,3.14044273949,0.0603817837617
270,270,0.16297899741,-3.31849163967
271,271,0.477645492136,-2.57434741688
272,272,-0.974476991395,0.324375301621
273,273,0.0110190736896,3.25585397332
274,274,1.19132658326,-2.16213868202
275,275,-0.409010336543,2.34846292276
276,276,0.686415936035,-1.90618559591
277,277,0.171803074181,-2.42796165567
278,278,0.0440731096462,-2.38839073497
279,279,1.09118478971,1.56231866682
280,280,0.752987989526,-2.37230956869
281,281,0.337565903686,-1.92462311984
282,282,-0.075170626097,2.53359016591
283,283,0.0349361327029,-2.95962339427
284,284,-0.119012597403,1.88192905914
285,285,-0.122658332425,2.00602611153
286,286,0.131017719995,2.81551516061
287,287,-0.57689144007,-2.57536717042
288,288,2.10408345291,0.0207976400319
289,289,2.8277819575,0.0214065513067
290,290,0.266420279598,-2.62742450411
291,291,-0.365935314661,-2.59220043766
292,292,-1.51623663156,0.654725712605
293,293,1.03295721972,-2.08921952845
294,294,-0.498808360197,1.43501637283
295,295,-0.840909102352,1.1628196103
296,296,-1.74131705587,0.854156444713
297,297,-1.28079631694,-0.894990683487
298,298,-0.711649892241,1.53742371125
299,299,-0.52242470786,1.81058174297
300,300,-0.227092560147,-0.344889623061
301,301,0.363829224157,0.154838339751
302,302,-0.153988659315,0.546747494501
303,303,0.406790029898,0.411686714284
304,304,1.11855356514,-0.595402244686
305,305,0.902698682656,0.430227689971
306,306,-0.426240589072,0.487811843018
307,307,0.847692552398,-1.77504923557
308,308,0.844106616307,-0.285531654035
309,309,0.388370001135,-2.47267666492
310,310,1.03409257583,0.805666817654
311,311,-1.25313164005,1.23579482067
312,312,-1.34962159917,1.72151226675
313,313,-0.236997645516,-0.466687089475
314,314,-0.241569319542,-3.11134604401
315,315,0.212203586411,-2.56198981617
316,316,2.3852124365,0.227239010804
317,317,0.670927543282,-2.69862188624
318,318,-0.0997413556792,0.358730230621
319,319,0.38118664193,-1.77184489832
320,320,0.268152864519,1.04251157402
321,321,-0.715870377332,-0.824207187708
322,322,0.638975300303,-2.39821663674
323,323,0.43811952636,0.43811896982
324,324,0.976629166811,1.3614362865
325,325,-0.228754499146,1.35281674834
326,326,-0.384604368735,1.84248997547
327,327,0.30151770196,-2.96030733552
328,328,-0.145125750284,0.826690866429
329,329,2.42303118474,-0.671649083777
330,330,-0.187065359425,0.102062331635
331,331,-0.373736748518,2.05422798053
332,332,1.00869274478,-1.04975720197
333,333,-0.426554052593,2.32160962927
334,334,-0.532864101243,2.17690207396
335,335,-0.102087796791,3.40277096615
336,336,1.16040272669,-1.8469094595
337,337,1.54937553441,1.20910250649
338,338,-0.0753382664477,-2.32135990776
339,339,0.241532231199,0.51850763795
340,340,-0.148296964618,-0.427123704194
341,341,-0.462144080408,-0.988982375185
342,342,-0.501007922497,1.23345896871
343,343,-0.966727768159,1.03313622608
344,344,-0.966869064212,1.00582084604
345,345,1.62046159223,-0.486051132384
346,346,1.77849426839,-0.520744140241
347,347,-0.356134100674,2.53298274708
348,348,-0.241480029978,2.78315242636
349,349,0.20337102207,-2.40032843129
350,350,0.23689068423,-1.72779901593
351,351,-0.0617589960736,2.41626131853
352,352,0.452708902669,-2.04482795671
353,353,0.0317948989165,-2.51963533442
354,354,0.266593857816,-2.24895431994
355,355,2.34393956129,0.265255347588
356,356,0.513116090915,-2.35412903656
357,357,0.541775484656,-2.61504396707
358,358,0.184671056257,-2.31771495258
359,359,1.49357026212,-2.19942220708
360,360,0.622840777379,-1.41475469207
361,361,-0.0502845604978,2.21772281339
362,362,-0.566921651564,1.88083205182
363,363,-0.111078031855,2.41373055828
364,364,-0.123025741384,2.41773134005
365,365,0.178206875785,2.8178739631
366,366,0.355756476551,-2.08840393446
367,367,-0.513963392529,2.4802060239
368,368,0.290267376971,-2.34389094374
369,369,2.3450254217,1.20519085522
370,370,3.17370708879,-0.102980979674
371,371,2.45980967273,-0.111608116436
372,372,2.1927249721,0.244065788014
373,373,1.98947855476,0.304824749038
374,374,2.67097744208,0.223445503154
375,375,2.59708655689,0.112298105534
376,376,2.59137623343,0.0678865534228
377,377,2.19615496202,0.306029046764
378,378,0.219340774142,-2.92140133481
379,379,-0.218458782716,-2.67519723623
380,380,0.255356763409,-2.92449227231
381,381,2.65899509231,0.203187056469
382,382,3.044786992,0.471525103716
383,383,2.28491432132,0.95070595014
384,384,0.139395729603,-2.53766648363
385,385,0.456795970663,-2.47669943756
386,386,2.00943620321,0.501665108609
387,387,-0.54512690121,2.19020764181
388,388,-0.538489255057,2.338527477
389,389,-0.392135398385,2.14730681932
390,390,-0.856676137189,2.63304485927
391,391,3.46057227287,-0.0930858528409
392,392,0.279860056489,2.52078501076
393,393,0.370118716727,-2.04851563917
394,394,-0.326066017952,-2.64513453905
395,395,0.301084481453,-2.89217115442
396,396,-0.115353561029,-2.08913099616
397,397,-0.277009825926,2.59133796113
398,398,-0.589821655102,-2.36720666944
399,399,0.173548157862,3.17754445513
400,400,0.0140763205685,-2.88477407955
401,401,-0.34147453764,-2.00557148715
402,402,0.670615326525,-2.13208333309
403,403,0.664438347889,-2.215068718
404,404,0.240075022405,2.55902857371
405,405,0.965831263947,-2.43520623317
406,406,0.921496551649,-0.787608597638
407,407,2.45201062326,0.116474373133
408,408,3.27026001361,-0.270585957945
409,409,2.47294233022,-0.109297305543
410,410,-0.0335650240958,2.24726980217
411,411,2.55775336527,0.424480012062
412,412,0.482394741605,2.33112723161
413,413,3.13709885682,0.176088940651
414,414,2.82263005507,-0.00557523688949
415,415,0.0106250481525,-2.15513253079
416,416,-0.324469884917,-2.39167727458
417,417,-0.0234367757642,-2.47284222382
418,418,2.16730289352,0.101630281603
419,419,1.02894173298,-2.51719527246
420,420,-0.255102722425,-2.44849222297
421,421,2.47265501565,0.234759788612
422,422,0.210565782832,2.69664376694
423,423,1.55354502369,0.438485489124
424,424,-0.0994835804856,-2.6793618475
425,425,-0.164771112802,-2.2486472759
426,426,2.23509635033,1.23342712137
427,427,-0.1756737669,-1.81548208438
428,428,0.000712985982549,-2.14904412341
429,429,1.08526428485,-1.95057492497
430,430,0.776609877472,-1.4775985317
431,431,0.789485874918,-1.85391356138
432,432,-0.193246268016,-2.40130707237
433,433,0.0621528106147,-2.11257928034
434,434,-0.334320297924,-2.74928523875
435,435,-0.230828167096,-2.95151747226
436,436,0.914895774913,-2.12974033411
437,437,0.987658967319,-1.84774484081
438,438,0.415413103446,-3.12329719717
439,439,1.29390761329,-2.185956332
440,440,-0.059283735117,-2.91647375513
441,441,1.23277904421,-2.01654569057
442,442,0.175419991179,-2.70649213548
443,443,2.4264479628,0.448283865379
444,444,-0.243644698995,-2.35062598354
445,445,-0.110106973693,-2.52254263588
446,446,1.25610875447,-2.17414265626
447,447,0.162090056472,-3.04596179365
448,448,1.23361968676,-2.33206537276
449,449,3.40270229015,0.00375993168684
450,450,3.46857516255,-0.256044953876
451,451,0.0958760064674,-3.51822973258
452,452,0.898135065815,-2.03732633157
453,453,-0.281770744042,-2.79695183775
454,454,0.690418225023,-1.82042301911
455,455,-0.23980014901,-2.65938074567
456,456,0.102644478148,-2.50795149264
457,457,0.371213355044,-2.34962188854
458,458,-0.104947105591,-2.29748642832
459,459,3.55357669482,-0.294819521827
460,460,0.397639781546,-2.67767373099
461,461,0.945719638087,-2.35791363993
462,462,2.43874450277,-0.169562620022
463,463,0.415645879453,-2.74788376384
464,464,-0.962516634206,-1.5639747232
465,465,0.998830492194,-2.12426604386
466,466,0.00291486683881,-2.66888539187
467,467,0.944945839819,-2.07527635747
468,468,0.477804603262,-2.31583072826
469,469,0.499838260864,-2.38316260931
470,470,-0.0967500430329,-0.253550882916
471,471,0.535020008131,2.2959730611
472,472,0.00677380423097,-2.70312141225
473,473,1.20265497216,-2.36460541738
474,474,-0.47282095257,1.4309646094
475,475,1.74663615221,2.1489071973
476,476,1.63325752417,2.00895840949
477,477,2.47329291129,0.0876401758034
478,478,2.93787964323,0.00398093717407
479,479,0.172760987681,-2.45192504064
480,480,1.20275402918,-1.76898412222
481,481,-0.490727881077,2.48734549589
482,482,0.242224505838,-1.89853031892
483,483,-0.747020158706,1.05493145528
484,484,0.10781390397,-0.0321240203808
485,485,1.60546935785,0.471988385063
486,486,2.29999655658,-0.161135714248
487,487,2.68472069284,0.0248087534863
488,488,2.62235772251,0.255590632465
489,489,-0.12748985935,-3.07681593463
490,490,0.518474609965,-2.43525938117
491,491,-1.16494722172,2.1040174333
492,492,-0.0302468235461,2.83573880969
493,493,1.20801281303,-2.0384855166
494,494,0.0481665307821,2.87989786169
495,495,1.11884847285,-1.29523154379
496,496,2.45607419606,-1.19442711584
497,497,0.0604515042287,-2.12009779459
498,498,3.01134712459,0.538818602157
499,499,2.42085934909,-0.229391091304
500,500,-0.20872951468,-2.82168583653
501,501,-0.139740855991,-3.28821972873
502,502,-0.0112830695849,2.42469818218
503,503,-0.147537689469,2.79943004758
504,504,-0.181978325009,2.8981535168
505,505,-0.0392348820455,3.16373926941
506,506,-0.104486147676,-2.06579107749
507,507,2.6575847987,0.484439670016
508,508,0.264260296356,2.77523427457
509,509,-0.248345091809,-2.78481966204
510,510,2.58643757127,2.08052888231
511,511,0.508958291529,-3.02589368656
512,512,0.15260932158,-2.60810900119
513,513,0.319550264643,-3.11630679571
514,514,-0.130939103924,2.45186383888
515,515,0.64274694188,-1.48055703066
516,516,2.72566302603,-0.139741658711
517,517,2.76973032625,0.155212108707
518,518,0.0137836220274,-2.72602841385
519,519,0.103719712021,-2.23738311335
520,520,0.328058000432,-2.62177739487
521,521,0.0318787031703,-2.27768400121
522,522,0.154306985073,-2.02644764902
523,523,-0.140647259849,2.04713969082
524,524,-0.441960639482,2.79241003687
525,525,-0.0560286030154,2.19899224407
526,526,-0.0554521801999,1.81998447317
527,527,0.003670524819,1.9101938635
528,528,-0.479200680857,2.56421049827
529,529,-0.0743399318387,-2.83162204241
530,530,-0.311941926589,-1.74052362316
531,531,0.449258634119,-2.446030877
532,532,-0.430929627084,2.64505014493
533,533,-1.14773130468,1.61855312935
534,534,-0.405514586632,2.30706083948
535,535,0.661042212931,-2.03524049902
536,536,-0.483455670183,2.20142931177
537,537,-0.274332647074,2.7120187495
538,538,-0.47542950119,2.15250526847
539,539,-0.848089512262,2.27325808801
540,540,-0.614441436917,2.34209039725
541,541,-0.242102578536,2.80615084225
542,542,-0.819850381162,2.31947889895
543,543,0.835587853035,-1.72514886592
544,544,2.48614339211,0.357734640669
545,545,2.4410764704,0.0444962840271
546,546,2.78280547763,-0.0912598353678
547,547,2.73045282528,0.0485882967013
548,548,2.63235313034,0.449044875112
549,549,-0.240105541213,-2.38338374399
550,550,0.329316840697,-2.31424211314
551,551,0.45208699714,-1.12255126897
552,552,-0.465541212946,2.18677340828
553,553,-0.41207613228,2.0054230306
554,554,1.12002648836,-1.98927572683
555,555,1.23371618472,-0.756464058424
556,556,-0.0493561714504,1.1684178628
557,557,-0.676533749994,0.241638532761
558,558,-0.57166888153,0.94314484467
559,559,0.544899314902,0.589891672619
560,560,-0.722640779539,1.21016321832
561,561,0.817833309855,-0.197018248357
562,562,1.89277759219,0.570293980754
563,563,2.70618054777,-0.0982040189702
564,564,2.53002693187,-0.271848670292
565,565,1.6212084795,-1.52666979788
566,566,2.82715034423,-0.292930152565
567,567,2.9435531741,-0.0401133639507
568,568,2.83861261275,0.143928453229
569,569,2.42446423701,-0.197434812739
570,570,0.0546576928587,-2.53925945651
571,571,0.0269816081059,-2.99065865962
572,572,0.219389182077,-2.46097110405
573,573,0.761740585908,0.154514953372
574,574,0.83620066254,-0.436479110347
575,575,0.258311073925,-2.56564821969
576,576,0.401055094437,2.71974243271
577,577,0.296581024798,-1.77496335875
578,578,1.96124685828,1.3369157761
579,579,0.085551589574,-2.4727050786
580,580,0.126404600671,-2.93384475609
581,581,0.0105751192912,2.5090123533
582,582,-0.275988139475,2.14140259572
583,583,-0.0792335751668,-1.80517834481
584,584,2.73589160449,-0.335009531553
585,585,2.35314788579,-0.0371408896232
586,586,0.0971168619311,-3.12542202599
587,587,3.02880722801,0.192700652596
588,588,0.605529099986,-2.55814388849
589,589,0.638699558533,-1.02363185876
590,590,-1.65124479273,2.38663696315
591,591,-1.53514907201,1.50337767408
592,592,-1.76221061318,1.39022041731
593,593,-2.68691793071,-2.43680027591
594,594,-1.3745897771,2.44342068964
595,595,-0.525161323304,-2.37948228861
596,596,0.798311083195,-0.464650441751
597,597,2.24763363548,-0.137334109235
598,598,1.90889142769,1.96187033389
599,599,0.378967535251,-2.3144643714
600,600,-0.520870222285,3.05799208604
601,601,-0.0586171655941,2.84980894227
602,602,2.36742440292,-0.254514426985
603,603,-0.179970212019,-2.81359577649
604,604,0.00811311533926,-2.77656367197
605,605,1.11434419429,0.440046783116
606,606,-0.0836939726607,2.46706441711
607,607,1.1721264953,-2.35940743812
608,608,-0.986732007211,1.28043595001
609,609,1.11621960059,-1.89119384442
610,610,-1.57193313461,2.75376522906
611,611,1.94198211316,-2.20552435502
612,612,1.98440645547,0.0949097350215
613,613,0.821510301153,0.744142370815
614,614,1.22729380407,1.55907299899
615,615,0.311627349617,0.298295846118
616,616,0.517391037712,0.523526485143
617,617,0.642731260901,0.483380243489
618,618,1.03246386947,0.798300095498
619,619,0.992184544456,-1.61122311102
620,620,1.1437231789,1.27563337152
621,621,2.60576958865,0.640299133705
622,622,0.642350557187,-1.9669384681
623,623,2.14748334217,1.10863857314
624,624,0.422110035374,1.22387919527
625,625,0.174249661641,-1.27681210026
626,626,-0.464054325519,-0.687082023407
627,627,0.939902987512,1.49421090727
628,628,1.50080363817,0.598858379719
629,629,1.49410972077,0.543257261456
630,630,-1.2250272037,-1.45818386289
631,631,-0.733158313363,-2.35978889735
632,632,-1.8637051939,1.44530008643
633,633,-0.530926555391,-1.19578979694
634,634,2.2803167768,0.296869797196
635,635,-0.0846889318793,-0.185600642559
636,636,-1.16193900561,0.893397015886
637,637,-0.174248039056,0.463454984307
638,638,3.93106630523,0.155372897224
639,639,0.370342388038,0.387907875446
640,640,-0.17502052272,-2.28074261289
641,641,0.720707507919,0.468248206832
642,642,1.63473332503,1.22194126479
643,643,-0.466161381645,-1.21255894001
644,644,-0.678403724464,2.49984233247
645,645,0.0983135470253,2.07077907589
646,646,0.402711991015,0.913311969991
647,647,1.61958186056,1.16923982788
648,648,1.85457469788,1.25856063442
649,649,1.0319701897,2.1197198629
650,650,2.39440968198,0.936705304095
651,651,-0.30764733351,-1.52619598084
652,652,-0.897009995505,-1.87196937836
653,653,2.16347806194,-0.0693547497277
654,654,1.93893461274,2.37800096452
655,655,0.609051805412,0.77984783451
656,656,-1.10075288278,-2.50075205234
657,657,1.88963470529,0.676919079981
658,658,0.336664695866,1.6091209853
659,659,3.11741285051,-0.0686080863385
660,660,1.98694186614,2.01374948593
661,661,1.92400038771,2.19891962128
662,662,1.68091756581,1.92946231512
663,663,1.51131354648,1.8203170349
664,664,1.79873786794,2.16364614002
665,665,1.12048067082,1.62220069893
666,666,1.38556840831,1.73884447247
667,667,-0.0588718090575,-2.77252740452
668,668,-0.51318874425,2.43607816853
669,669,1.52288448174,1.59367280644
670,670,-0.55440087464,-1.64805039211
671,671,1.49381144615,1.30098436854
672,672,2.20610221895,-0.430781479142
673,673,-0.759242963393,1.93946400534
674,674,-2.05306781697,2.07544041716
675,675,1.39773715489,-0.710997202844
676,676,0.435707781497,1.8059912703
677,677,1.6793813107,1.29296518333
678,678,2.15837832948,1.3706707133
679,679,0.176619925193,2.90137849355
680,680,1.36179569808,0.570791850018
681,681,2.19880828165,-0.0196015289492
682,682,3.11493237745,0.246465911725
683,683,2.03899628644,1.23600572125
684,684,1.53401315049,1.51422153525
685,685,0.24851479252,2.66973617652
686,686,0.345047046755,2.29861844528
687,687,-0.201934621955,2.74705709144
688,688,0.0453290361677,2.08916116486
689,689,-0.249689613291,3.00585607851
690,690,0.201599317334,2.51204253861
691,691,1.86278146068,1.22116863629
692,692,2.09703894568,1.71885262958
693,693,-0.92518951888,-3.02814567382
694,694,0.840562151555,2.23468071266
695,695,-0.507939862531,-2.18359577733
696,696,1.4801008662,2.04128493202
697,697,1.24687104948,1.72351952756
698,698,1.84928515901,0.343577276326
699,699,2.41400342393,-0.233221631094
700,700,-0.281318215179,-1.74512659446
701,701,-0.383805252717,1.76498458414
702,702,-0.434720581187,1.78073011725
703,703,-0.755997824703,1.77775054303
704,704,-0.464043678284,-1.25021967084
705,705,-0.289136190552,2.45862193438
706,706,1.13493015532,1.87512035546
707,707,0.513852203086,-2.14644126473
708,708,1.46485980056,2.22583191606
709,709,0.93211624381,0.95502456132
710,710,0.272637368716,-2.23493117845
711,711,0.973461084408,0.502306655287
712,712,-0.130336821472,-0.736254135771
713,713,-1.06185430345,-1.29103356438
714,714,0.411466907672,-2.57093108943
715,715,-0.835806833974,2.02539628981
716,716,-0.0825738123407,2.28039070083
717,717,-0.0860967902532,-1.59129423326
718,718,1.11081086521,1.54828006786
719,719,0.141992431361,-1.5761996292
720,720,1.19760771018,1.97164037718
721,721,0.251503009307,-1.89594634342
722,722,-0.752744398836,-1.49448117023
723,723,0.864094703124,1.09026245929
724,724,0.786011056085,1.55239524764
725,725,0.819010811004,1.11008721583
726,726,0.239329931135,-2.29650235428
727,727,-1.10072064305,-1.82852069934
728,728,1.27116667168,-0.972223959892
729,729,2.12772350111,0.54851122723
730,730,-0.724325824751,-2.48082269381
731,731,0.327417769136,-2.97805294436
732,732,-0.309787659746,-2.2638470032
733,733,3.00681033641,-0.222044341975
734,734,0.463315161608,-2.54257243466
735,735,0.0904697969968,2.08849002086
736,736,-0.715250265466,-2.35760728049
737,737,-0.282129443332,1.72733663065
738,738,1.44618488213,-1.40664014082
739,739,-1.83507218563,2.13822282379
740,740,0.992529176035,-2.21850516553
741,741,0.284858328365,1.49162706756
742,742,-1.14431677206,1.54540948357
743,743,1.65014583156,-2.07599507958
744,744,0.689715295884,0.538126294338
745,745,-0.866152020068,-1.81129693817
746,746,0.491950712053,-2.33642551263
747,747,0.625050080814,-0.540935463222
748,748,1.450119551,-0.897059633216
749,749,-0.126324787377,-2.91789079885
750,750,-0.354962345998,-3.03936833173
751,751,-2.19596195783,-1.42502641479
752,752,0.324988943608,2.28403055008
753,753,2.57298288897,-0.0371308863254
754,754,-0.139388490165,-2.45847474621
755,755,0.463967881627,-2.08035345598
756,756,0.390390704299,-2.09741108379
757,757,0.698424594522,-2.31290374225
758,758,-0.99571896974,-2.77839448246
759,759,0.419088828853,-2.05005056559
760,760,-0.824006974244,-2.93405258711
761,761,-0.293308172959,-1.59814936584
762,762,0.839619727464,-2.2888900262
763,763,-0.0181843635787,2.62717213243
764,764,1.66500068243,0.213299939789
765,765,0.12063682371,-2.54435899255
766,766,-1.56786441448,-1.54289176196
767,767,-0.38377841558,-2.83772281742
768,768,-0.228562151694,-1.95303444819
769,769,-1.26527797947,-1.24303324643
770,770,-1.32159903492,-2.29498801481
771,771,0.154588725082,-1.68006500549
772,772,-0.219450316862,-2.74071911585
773,773,1.05399674294,-1.4808183525
774,774,2.04708499677,1.63516170391
775,775,1.65894907005,-2.91649513437
776,776,0.902500373401,-2.24207307151
777,777,-0.446964039324,2.29025059235
778,778,1.15671964754,1.56809823733
779,779,0.0799139606943,1.50778097167
780,780,0.493621757234,-1.44754679392
781,781,0.219031388828,1.89486714922
782,782,0.00708872693149,-2.29334059227
783,783,-0.0250446906242,-2.70657328419
784,784,0.498077735704,-2.36260641185
785,785,-0.233048446568,2.26473171765
786,786,0.015045889783,2.37559867536
787,787,-0.550897423624,2.71110441034
788,788,-0.314123736301,2.53140321785
789,789,0.564167072682,-2.07767008222
790,790,0.368846760034,-2.98481293234
791,791,-0.373278968146,2.68539665595
792,792,0.0039532016805,-2.42651284382
793,793,1.46504489265,-1.5786669826
794,794,-0.315236008927,2.0839925077
795,795,0.281370968294,2.18453197059
796,796,0.100394171398,2.34919353639
797,797,0.753108905704,-2.60908305978
798,798,2.44386921433,0.911391483398
799,799,2.54088144756,-0.256476063017
800,800,2.62119360134,-0.252449467957
801,801,2.39159579093,0.414459487701
802,802,0.202750226799,-2.85300757773
803,803,0.290009742966,-2.63897034238
804,804,2.89519234876,-0.0298125531055
805,805,-0.0704767905926,2.85124148631
806,806,0.345255807644,2.25499324347
807,807,-0.15893888926,2.47792952319
808,808,0.403600559682,2.55563995021
809,809,0.23499325181,-2.28288497455
810,810,0.313247781803,-2.86120446533
811,811,-0.157855758863,-2.74544088887
812,812,-0.0601671306661,2.3549769691
813,813,0.212316009953,2.87755419697
814,814,0.612318565676,-2.09453327484
815,815,2.53132723712,0.394832159573
816,816,-0.144686140704,2.27120398919
817,817,-0.324187195292,2.92427006319
818,818,0.866629835517,-2.5553781576
819,819,0.154539808421,-2.61575011913
820,820,-0.233573830987,2.75191917582
821,821,0.552862350052,-2.25603189306
822,822,2.91744743513,0.0350607888475
823,823,2.75683020149,0.111143761946
824,824,-0.25401855802,2.45171267989
825,825,0.190023992055,2.13067516829
826,826,2.75974131739,0.243432902102
827,827,0.567695680051,2.71749486251
828,828,-0.132537034192,-1.85558394194
829,829,0.299183950978,-3.01474548381
830,830,0.0551458870511,-2.39200408059
831,831,2.74050735424,-0.05111594406
832,832,0.171820236147,2.45312982535
833,833,0.205862829051,2.71543195484
834,834,-0.142949927717,-2.11032940494
835,835,1.66108519413,0.26375986763
836,836,1.74143814104,0.648029493506
837,837,2.27363692165,-0.206814123944
838,838,1.94357025908,-0.0928235616195
839,839,0.371794680349,-2.12193149571
840,840,0.545127715983,-2.45753519506
841,841,-0.266454232659,2.6123712071
842,842,0.975211044551,-2.53127909456
843,843,0.0421075643559,-2.64080274593
844,844,0.0570581204444,-2.58397626846
845,845,0.0700616568603,1.9901280348
846,846,0.214281502076,2.17751532895
847,847,0.208188626649,2.61832277496
848,848,0.0662126158653,2.19848270009
849,849,-0.0830800319995,2.37178211453
850,850,0.369574096659,-2.29612552602
851,851,0.236634652723,2.85501216395
852,852,1.03854094341,-2.4245332103
853,853,0.0518053954068,2.38478223272
854,854,0.567970208819,-2.82415484438
855,855,0.107149249502,-2.99662017898
856,856,2.54184068883,-0.200627620163
857,857,-0.227698252132,-3.32724625465
858,858,-2.85804692472,-0.008126827462
859,859,-1.77658024665,1.76540603371
860,860,-1.71270757453,1.44932646868
861,861,0.424992792694,-0.845909906218
862,862,-2.08011972467,-2.1658228452
863,863,-1.76604520399,2.43070198621
864,864,-0.387376860412,-2.14548918282
865,865,1.82789071914,0.436507534123
866,866,2.59697636759,0.224089457819
867,867,2.86155355492,-0.0727244957782
868,868,-0.0906816132607,-2.67499431935
869,869,0.675411512699,-2.36036344686
870,870,0.525936616015,-0.984726259619
871,871,2.10010511554,0.394534288122
872,872,0.0762843449212,-2.24004712479
873,873,-0.619160680377,1.93801382015
874,874,-0.038657389602,1.29089577566
875,875,3.0607031829,0.65437484686
876,876,-0.108286737413,-0.416423075479
877,877,-0.037198315962,-1.06552046428
878,878,-0.187918757237,-3.1931867337
879,879,-0.184118227525,-1.19243570429
880,880,-0.384001109787,1.39753745877
881,881,0.198449203403,2.63838657633
882,882,1.91436118965,0.0726957748165
883,883,2.33505739328,0.384250271877
884,884,2.53318887339,-0.145263164689
885,885,-0.534596367361,-2.71912600589
886,886,0.170598590612,-2.75162141371
887,887,-0.333765043794,-3.0687784111
888,888,2.85958907587,0.035352643775
889,889,0.248385197239,-2.32508233566
890,890,0.448995882439,-2.48477126732
891,891,1.81567350773,0.781237032699
892,892,0.256850128091,2.71484396308
893,893,0.566918486302,-2.44042941412
894,894,1.06135833265,-2.36266588652
895,895,0.311790805525,-2.08660047377
896,896,0.0502272454301,-2.76912009858
897,897,0.155060626401,-2.83343767718
898,898,1.53584068365,1.52782187982
899,899,0.456645757447,-2.59213503931
900,900,1.37221721118,0.790518495358
901,901,0.174474443012,2.41625039873
902,902,0.853682035835,-1.34793753229
903,903,0.0480882188818,1.68666920838
904,904,-0.496696439886,1.61539780906
905,905,1.94271710298,0.7854282436
906,906,1.88248136334,0.641663274119
907,907,2.01047072044,0.994267183482
908,908,1.57760708668,-0.507504049432
909,909,2.0084239007,0.364192511488
910,910,3.10720254147,-0.140341802991
911,911,-0.412842456895,2.55014749536
912,912,2.32378850691,0.420549724774
913,913,2.37078244119,0.0573115488875
914,914,2.25083789917,-0.802056065407
915,915,-0.0827986241256,1.50883337876
916,916,-0.028258409811,2.44293755595
917,917,-0.104346651037,-1.86644302822
918,918,0.203079583967,-2.12374285059
919,919,1.83398521337,-0.703215983864
920,920,1.19124550626,-2.17605582223
921,921,0.623044123261,-0.0955820613122
922,922,0.121637505787,-2.5197819385
923,923,0.857983838793,-2.21294236165
924,924,-0.432183561908,1.84478927467
925,925,-0.235945348904,1.38935109325
926,926,-0.930532160325,-1.62763752883
927,927,0.121012135241,-2.12203004539
928,928,-0.152459318354,1.10888959711
929,929,0.682331259417,1.84669441998
930,930,-0.110253522764,2.66756335606
931,931,2.48206859117,-0.0115779219869
932,932,0.904543770561,-0.720247965139
933,933,2.57795824009,-0.112272670027
934,934,2.9315093838,0.201583690534
935,935,-1.95374223696,-2.14264345864
936,936,0.696321036488,0.424632324841
937,937,1.17903694099,-0.685555346504
938,938,-0.190473423324,-1.88054334874
939,939,-1.17837521779,1.33192282784
940,940,-0.451140391455,1.38128885311
941,941,1.03606783466,1.43833804987
942,942,1.8430632333,0.778620892324
943,943,-1.01448342539,0.333317789955
944,944,-0.0166241593207,0.855236605448
945,945,-0.448884496515,-1.80864431756
946,946,-1.89687167901,-1.9112006202
947,947,-0.285266875498,1.56976582261
948,948,-0.75484909304,-1.14007214738
949,949,-0.672476141911,-1.8242713203
950,950,0.252123812763,0.923483421062
951,951,0.409224998926,1.10029765695
952,952,-0.118065324223,-2.01895032632
953,953,-0.129273452515,-2.92955525975
954,954,0.379379768161,0.892072071226
955,955,-0.180884468339,-0.921593449595
956,956,0.446670593814,1.89643986501
957,957,0.406351131115,0.961670294807
958,958,0.566670314224,-2.24076638475
959,959,-0.215034784143,-2.43915698853
960,960,-0.386940689314,-2.19360725961
961,961,0.372856465608,-2.21267509068
962,962,0.383431051313,2.80194540929
963,963,0.964234227947,-0.646111701903
964,964,0.0109686628289,-2.56896612849
965,965,0.0474675968401,2.72277181841
966,966,1.04065700887,-0.252161553151
967,967,2.76501243751,0.479408975089
968,968,-0.960853060443,-1.34244540771
969,969,-2.11556099853,-2.14511625614
970,970,-1.38730082817,-1.78228826665
971,971,0.114423711957,1.68743443183
972,972,-0.728590548541,-0.485272930447
973,973,-1.75099497928,-2.01026529698
974,974,-1.43921164972,-1.78528362343
975,975,-1.40927840775,-1.71753261685
976,976,-0.895514490546,-1.72603494885
977,977,-0.486143595843,-1.95604626129
978,978,-1.1678226338,-1.93311154408
979,979,-0.227305722227,-2.01455050898
980,980,0.37207751856,-0.916029034993
981,981,2.9211837755,-0.0343003861069
982,982,0.127202342171,-2.57451220989
983,983,-1.11218880868,-1.57006159518
984,984,0.33448850759,2.73638221795
985,985,-0.326417018498,-1.59884947237
986,986,-0.83526512074,-1.65610314734
987,987,-1.21200216186,-1.93422662717
988,988,0.0956993475902,1.26115614497
989,989,-1.29672853674,-1.84035544685
990,990,-1.62283199357,-2.20999614806
991,991,0.117960319622,2.96522318156
992,992,-0.00199618395727,-1.49148120976
993,993,-0.184707505708,-2.59148072219
994,994,0.474361307156,-2.79517895127
995,995,1.98354093027,0.266595247545
996,996,0.164607912964,-2.57080526529
997,997,-0.550966081486,-1.50233581845
998,998,-1.31836464801,-1.34183741195
999,999,0.242168371876,0.402688200959
1000,1000,-0.552585130091,1.00026878935
1001,1001,-0.448671870437,0.78588376221
1002,1002,-1.13786932957,-0.976422722901
1003,1003,-1.6646453166,-1.05194583423
1004,1004,-0.0638141859596,2.12168645347
1005,1005,-0.33821252604,2.57860596985
1006,1006,1.27489253225,-1.76593896062
1007,1007,0.200366947728,-0.357938808333
1008,1008,-0.35021441464,2.43302542652
1009,1009,1.37870419027,-2.15600518493
1010,1010,2.31958750332,0.211132668322
1011,1011,2.57354409491,0.0197033982363
1012,1012,2.78625382998,0.220664518909
1013,1013,0.951731669619,-2.01918850163
1014,1014,-0.0686815780606,2.21429100156
1015,1015,0.406437857253,-2.64822296716
1016,1016,-0.681084659676,-0.660070041545
1017,1017,-0.5342648852,1.66122802506
1018,1018,2.19297012334,0.0248430707138
1019,1019,-0.263773335775,1.81985721694
1020,1020,0.41909733498,-1.59499945448
1021,1021,0.628441496839,0.0336013156226
1022,1022,0.0411162777834,-1.73403378005
1023,1023,-0.721982147077,1.83785978217
1024,1024,-0.30385170048,0.962307980366
1025,1025,-0.218072264611,1.07562724554
1026,1026,0.589063451935,0.514368676441
1027,1027,-0.315284866547,-0.0660457652678
1028,1028,-1.10348265169,0.501414829807
1029,1029,2.45940965841,0.111974447932
1030,1030,-0.656225075195,1.09506572544
1031,1031,1.07157593024,2.46782451142
1032,1032,-0.462525555091,1.06899819054
1033,1033,-0.87996158577,-0.344994616432
1034,1034,-0.457334118039,-1.76828169417
1035,1035,0.657018966164,-0.970526703898
1036,1036,-0.430493526756,-0.733521459795
1037,1037,0.483500483887,2.84595313885
1038,1038,1.32264737912,-0.888801444278
1039,1039,2.17293254194,-0.562618859366
1040,1040,0.228375825204,-3.14865123264
1041,1041,2.32992385326,0.253932089132
1042,1042,0.398374693869,-2.63039531133
1043,1043,0.0649732523832,-2.80242427339
1044,1044,-0.682786690321,1.49174905893
1045,1045,-1.00498365387,1.98914464188
1046,1046,-0.789126354203,2.09325572501
1047,1047,-0.412960154541,1.76668929258
1048,1048,1.11726997098,-1.88561192396
1049,1049,0.138627126332,2.85657727842
1050,1050,1.62826258665,-2.2439864217
1051,1051,0.497360139021,-2.44121674383
1052,1052,-0.580137098806,2.17650823926
1053,1053,-0.954548440122,2.16999924144
1054,1054,-0.882142431779,2.4904384573
1055,1055,-0.231730924928,2.71861956283
1056,1056,0.731477044554,-2.6993399328
1057,1057,0.653186754454,-2.01783376415
1058,1058,0.250189256451,-2.43310806341
1059,1059,0.071570364621,1.7413078026
1060,1060,0.0214867936697,2.37009294411
1061,1061,1.07278674344,-1.70249643431
1062,1062,-0.0913184798928,-2.50851804259
1063,1063,0.835801434902,-2.11923000923
1064,1064,-0.172076277825,2.17692171691
1065,1065,-0.164457006897,2.58069369335
1066,1066,-0.0873000168502,2.15213231378
1067,1067,-0.451541707209,2.50714113179
1068,1068,0.379377560973,-1.88691958141
1069,1069,0.0393150697754,3.02227363596
1070,1070,-0.984920057472,2.34753485924
1071,1071,0.0331922809561,-1.96769277544
1072,1072,2.16878775324,0.978887832908
1073,1073,0.100527303673,-2.79293690427
1074,1074,3.38769686812,0.758384015686
1075,1075,-0.916341337641,-1.10024631339
1076,1076,0.671234604107,0.493249421521
1077,1077,-1.33231516171,-1.17877010777
1078,1078,-1.34682300673,-1.19665362473
1079,1079,-0.611274746881,1.64942141763
1080,1080,-1.79153971106,-1.62894226103
1081,1081,-1.93471550149,-1.73791031443
1082,1082,2.27202942973,0.0349467875816
1083,1083,-1.69452886694,-1.71684208854
1084,1084,-0.489845001176,1.799051276
1085,1085,0.367976353741,1.43776404614
1086,1086,-0.147563232945,0.321911588979
1087,1087,-1.32603809388,0.865423292563
1088,1088,0.612569679399,1.66702062579
1089,1089,-0.184071484933,1.07658523331
1090,1090,-0.417728171679,-0.965790784621
1091,1091,-1.18253204752,0.823064917547
1092,1092,0.310636196694,1.33047304682
1093,1093,-0.798985446943,-1.67219927214
1094,1094,0.15261635905,-2.67932584825
1095,1095,-1.1359308194,2.90082757713
1096,1096,0.636348833253,-2.79501989499
1097,1097,0.335502471714,-2.49958397561
1098,1098,0.568725242346,-2.45086519148
1099,1099,-0.179555032646,-2.40987006631
1100,1100,0.357031374435,-2.09428938181
1101,1101,-1.58763309078,-1.79971081855
1102,1102,-0.392527587938,-2.19249137481
1103,1103,0.441824749054,-2.38193318504
1104,1104,-1.06030668566,-1.46570027471
1105,1105,0.276647096926,-2.18956586087
1106,1106,2.95211388261,-0.086187853467
1107,1107,-0.186490829454,2.43904599673
1108,1108,-1.76604580354,-2.00831174927
1109,1109,-0.120643839813,1.97099226811
1110,1110,0.323270981739,-1.23988471368
1111,1111,-0.292572117101,2.64215405207
1112,1112,0.66702470048,-1.493234922
1113,1113,2.91659152663,-0.307023114049
1114,1114,1.7843317116,0.781605943398
1115,1115,0.214039535577,-2.56815658923
1116,1116,0.800270282359,-2.30873555037
1117,1117,-0.469639854689,1.10403628871
1118,1118,1.0692450506,-2.00274372681
1119,1119,1.40800611035,-0.904056348278
1120,1120,-0.608389342273,1.67253981968
1121,1121,-0.426409937884,2.13765158169
1122,1122,0.087134637987,2.58776667679
1123,1123,1.1729573678,0.411059626386
1124,1124,-0.905495910851,-1.67382457648
1125,1125,1.14833844209,-1.79009365179
1126,1126,-0.00375870276509,2.35275010662
1127,1127,0.455127834641,1.42182094939
1128,1128,1.48127337679,-0.941476662564
1129,1129,-0.646478633612,2.0460847466
1130,1130,1.05740167644,-1.5308772674
1131,1131,-1.41086638371,-2.06219719423
1132,1132,0.577429414963,-1.87290409519
1133,1133,-0.348548588449,-2.51397851534
1134,1134,0.325685136541,-2.87680166908
1135,1135,0.668021689814,-1.98126747338
1136,1136,-0.00212228355943,2.80144168096
1137,1137,0.233880409855,-2.13681241677
1138,1138,0.293927178682,-2.70380931243
1139,1139,0.787997926609,-2.60794414958
1140,1140,-0.392082614597,2.05603150069
1141,1141,0.567360918979,2.01081106348
1142,1142,-0.596767770412,2.27463249757
1143,1143,1.24011752585,-1.42082289336
1144,1144,2.13152145504,1.38020221375
1145,1145,2.45121152548,-0.0288621569754
1146,1146,1.17285878613,1.46122074543
1147,1147,0.677689784806,2.33882725725
1148,1148,0.295989112276,-2.6743565872
1149,1149,0.323977971945,-2.64738603866
1150,1150,2.76946280933,0.547523135602
1151,1151,0.145264400169,2.45659414092
1152,1152,0.504367025836,2.82417932889
1153,1153,3.01654143385,-0.112708139901
1154,1154,-0.26558272602,-2.39623765089
1155,1155,0.0947990771966,-2.55487207157
1156,1156,2.0436913797,0.432050445504
1157,1157,0.409373425274,2.42727315339
1158,1158,2.21560523018,0.515987128288
1159,1159,2.60530908366,-0.000609131310538
1160,1160,-0.20991508445,2.77809940937
1161,1161,0.0560345190717,-1.09527912711
1162,1162,-0.061351829009,2.42527647989
1163,1163,0.417225785235,2.08867351625
1164,1164,0.8867480912,-2.07561986726
1165,1165,1.46602995103,0.566485070701
1166,1166,0.502912586915,1.86689891834
1167,1167,2.48993040954,0.0795500780857
1168,1168,1.16918829291,-1.96734860843
1169,1169,2.64550384657,0.0707180679875
1170,1170,2.28591964333,0.452859874776
1171,1171,0.0734106241774,-2.90405150823
1172,1172,0.603927691014,-2.84662479007
1173,1173,-0.503093634376,2.52592983289
1174,1174,-0.42336765111,2.88381170981
1175,1175,0.414739253025,2.45201094854
1176,1176,0.0354225738899,2.92935836268
1177,1177,0.350891035701,-1.75209589137
1178,1178,1.84821004307,0.589056030497
1179,1179,-0.313723016103,-2.72763245658
1180,1180,-0.152983285954,-2.94097297039
1181,1181,2.46647899048,0.417361857775
1182,1182,-0.721718600843,-2.69389012445
1183,1183,-0.313834869448,2.74038663293
1184,1184,-0.0505453241065,2.82167018361
1185,1185,1.38742400863,-2.06419767794
1186,1186,-0.31041047548,-2.45038135112
1187,1187,-0.60146702568,-2.32240224484
1188,1188,1.16808469762,-1.5348741408
1189,1189,-0.211430291295,-3.18045352436
1190,1190,-0.638359533542,-2.60885463667
1191,1191,-0.061002035463,-2.28988881894
1192,1192,-0.59780555607,-2.5601847579
1193,1193,-0.208462599246,-2.20105412229
1194,1194,0.00412835096519,-1.98813406554
1195,1195,-0.229710143307,2.46553575217
1196,1196,2.03164874822,0.129719550828
1197,1197,2.74196996727,0.0136969687578
1198,1198,2.79270772476,0.0718610214751
1199,1199,2.4512142866,-0.182209859635
1200,1200,0.754242147121,-2.70905543247
1201,1201,0.836117668453,-2.19046351306
1202,1202,-0.634704175334,1.80457216633
1203,1203,-0.864700045174,2.62572103168
1204,1204,-0.508993327568,1.98403342633
1205,1205,1.57677721666,-2.29711085389
1206,1206,-0.288079720924,2.64254710988
1207,1207,-0.179612430969,-2.42211414022
1208,1208,0.427145210913,-2.28725851809
1209,1209,2.40651955801,0.171133159634
1210,1210,2.97361968701,0.355338727891
1211,1211,-0.0284014497768,2.44741964386
1212,1212,1.02988403843,-2.1410662684
1213,1213,2.53694178779,0.10947832313
1214,1214,1.81849758725,0.4395609848
1215,1215,0.0759007911006,-2.85576144962
1216,1216,0.202619645186,-2.04369547421
1217,1217,0.0647107183227,-2.43913129305
1218,1218,0.325889271014,-1.77038755993
1219,1219,2.19258172568,0.210792086669
1220,1220,1.61033673444,-1.43545716743
1221,1221,1.4877217566,-1.32063399974
1222,1222,1.243945039,0.698424941701
1223,1223,1.47438520033,-1.2134010115
1224,1224,2.72539054541,0.0762152736757
1225,1225,2.66764815382,-0.0866478691112
1226,1226,0.448664480444,-0.188509138841
1227,1227,-0.0853025654847,3.20932549296
1228,1228,0.709409991157,-0.108779518126
1229,1229,0.189558434835,2.70394698249
1230,1230,-0.125041286521,-2.80833957107
1231,1231,0.308818436961,-2.96309703702
1232,1232,-0.0531136947944,2.60781500236
1233,1233,1.25625080972,-2.1606593046
1234,1234,0.0635353714071,2.55657297986
1235,1235,0.143612298643,-2.2174170067
1236,1236,2.89067281391,0.306531262229
1237,1237,0.258490448443,-2.29417627177
1238,1238,-0.0639284859738,3.06240282871
1239,1239,0.88207882542,-1.78660650829
1240,1240,-0.145696028317,-2.12569585304
1241,1241,3.04535359423,0.0370360441023
1242,1242,0.236823207853,-2.34668464526
1243,1243,0.0922522108718,-2.86796452797
1244,1244,0.483020713295,-2.22393149092
1245,1245,-0.0677923370019,2.93462053143
1246,1246,0.374867220189,-2.47804443717
1247,1247,-0.163777985211,2.54028049632
1248,1248,-0.0459315468538,3.13700920336
1249,1249,0.946360232191,-2.72630382314
1250,1250,-0.0933992154132,2.35408818135
1251,1251,-0.131422433713,2.78804857177
1252,1252,-0.0621868707375,3.20622915436
1253,1253,0.804380145538,-2.25280956289
1254,1254,2.45329161447,0.626699981741
1255,1255,2.41546175086,-0.079597686686
1256,1256,2.57170577594,-0.239685215975
1257,1257,2.57678233772,0.0968869826744
1258,1258,2.46195474445,0.661060188449
1259,1259,2.58220775202,0.149197733142
1260,1260,2.91693183633,-0.0363922441562
1261,1261,2.53784779144,0.525028978808
1262,1262,0.267206316613,-2.27421784139
1263,1263,0.0935506117803,-1.97027441798
1264,1264,2.51331322611,3.029894492e-05
1265,1265,0.291475846426,3.13516392123
1266,1266,1.24710759004,-0.0150301999468
1267,1267,1.76430211337,-0.293409352515
1268,1268,-0.000158127473971,-2.50959771605
1269,1269,0.446436300709,-2.28097821701
1270,1270,1.94674790621,-0.223714372513
1271,1271,0.505646780216,2.84529562884
1272,1272,1.66372693303,0.324695751885
1273,1273,-0.477280010275,-2.21771784134
1274,1274,0.613935951635,-0.513104376819
1275,1275,-0.0691724128967,2.92452076261
1276,1276,0.25993191314,-2.2441714877
1277,1277,0.969526874244,-2.8360459971
1278,1278,2.49447297818,-0.061995333784
1279,1279,2.10029285342,-0.130510970814
1280,1280,0.665231068075,-0.0693482511477
1281,1281,2.45483142304,-0.166551258482
1282,1282,2.56117465169,-0.322893800581
1283,1283,2.37362131882,0.278082414954
1284,1284,-0.567910730032,-1.93845843883
1285,1285,1.50093975866,-2.03642278752
1286,1286,0.132501424913,-0.480847497615
1287,1287,1.74873045091,0.742213384611
1288,1288,0.0476137526088,-2.24817936382
1289,1289,-0.163239948735,-2.43765380489
1290,1290,0.0661209018461,-2.61979504666
1291,1291,0.787797011502,-0.580240204286
1292,1292,0.584713121532,1.85575588024
1293,1293,2.23244974029,0.191177768995
1294,1294,2.39879138235,-0.280096323951
1295,1295,0.795502759631,-0.657407861455
1296,1296,-0.0396498641999,-2.85424685501
1297,1297,0.325571469272,-2.53267466301
1298,1298,1.46782389798,-0.758929415437
1299,1299,-0.388454397542,2.9297993432
1300,1300,0.888697421561,-2.32029555283
1301,1301,-0.10713154574,2.7697420756
1302,1302,-0.426199109061,1.99065616149
1303,1303,1.1028523213,-2.43609426544
1304,1304,-0.783985027355,2.35038709578
1305,1305,-0.381711765571,2.11884964453
1306,1306,-0.558677333207,2.38845683954
1307,1307,-0.434193183277,2.7385868913
1308,1308,-0.418074192553,2.46211039858
1309,1309,-0.558769695024,2.61741588192
1310,1310,0.635226011611,-2.48338334907
1311,1311,-0.139996064584,-2.97036775099
1312,1312,-0.224260252019,2.898114071
1313,1313,0.341113330289,-2.31830958205
1314,1314,1.43305996355,-2.90162703884
1315,1315,0.381165833689,-2.24114574999
1316,1316,-0.906993824874,2.68189194919
1317,1317,0.346287827562,2.73231425869
1318,1318,0.67435835264,-2.31115657467
1319,1319,-0.391473631514,2.54962578715
1320,1320,0.262362992267,2.62819465246
1321,1321,-0.569224074205,1.98432368526
1322,1322,0.236162935513,2.33546704579
1323,1323,-0.0974697148696,2.35220703139
1324,1324,0.723097272768,-2.0227620933
1325,1325,1.01090611576,0.805449972328
1326,1326,2.52249096187,0.00598906635371
1327,1327,0.274570347344,-2.78007935767
1328,1328,0.150784463466,-2.41550357992
1329,1329,3.12450133325,0.37213319587
1330,1330,0.15889828756,2.75915198225
1331,1331,1.12243149413,-2.37160428738
1332,1332,1.55983796751,0.488397935604
1333,1333,0.00122700905001,-2.80694611387
1334,1334,-0.410444092736,2.31146435656
1335,1335,0.690268038545,1.96769744087
1336,1336,0.782753822545,1.75143539206
1337,1337,0.0737640775089,1.32868736163
1338,1338,1.26776313844,0.829031288087
1339,1339,0.258979396011,2.29606976964
1340,1340,1.47705979396,1.72421061552
1341,1341,1.22359710605,1.58836638182
1342,1342,1.81381227281,1.38345098939
1343,1343,-0.14930535092,-1.97985726051
1344,1344,-0.119495060784,-2.16852535859
1345,1345,2.3222327811,1.17619378717
1346,1346,0.224185738533,1.90012604454
1347,1347,1.83684811823,0.383575453952
1348,1348,1.10801286967,1.84595344667
1349,1349,-0.109483222559,2.36803332517
1350,1350,-0.922838398244,-1.70099907246
1351,1351,2.32912754008,0.789656103921
1352,1352,-1.06286706283,-1.08382491605
1353,1353,0.544501960037,-1.88571966533
1354,1354,0.257461048158,1.38764076891
1355,1355,1.09645435886,1.04395398389
1356,1356,1.69907915643,0.156876855834
1357,1357,1.61026218529,1.75397712057
1358,1358,0.824943255103,1.74456666919
1359,1359,1.38007116751,0.731348509995
1360,1360,2.46181638397,0.521112516565
1361,1361,0.385558178489,0.321212830802
1362,1362,-1.04707041426,-1.65515590398
1363,1363,-0.391283510952,-1.65738911075
1364,1364,2.23655670876,0.731284672613
1365,1365,1.1755283533,-0.304942748085
1366,1366,2.21501048545,-0.143800050626
1367,1367,-0.458611755597,0.867791141427
1368,1368,0.596813317493,1.63290164198
1369,1369,0.647190231101,-1.85150692428
1370,1370,0.624959614018,2.06507745902
1371,1371,2.61447483221,-0.239083986015
1372,1372,1.61582085906,0.234218961176
1373,1373,0.364957516074,1.77674769539
1374,1374,1.60687963965,0.522187457954
1375,1375,1.0955375426,1.0754314595
1376,1376,0.427020265293,0.896333737465
1377,1377,-1.01749393577,-1.40144850006
1378,1378,-0.22171413868,-2.07157740383
1379,1379,1.50119957723,0.732702282323
1380,1380,0.126530027777,2.59402112954
1381,1381,0.374974929195,1.11623717692
1382,1382,-0.279458203188,-2.62790210343
1383,1383,-0.226669894217,1.90161000453
1384,1384,1.59712818035,0.341943205297
1385,1385,2.05949594679,0.645256553121
1386,1386,1.91109819974,1.06669523383
1387,1387,1.88769112342,1.40565094415
1388,1388,3.19051793001,0.767593686353
1389,1389,1.81967120338,1.83084892225
1390,1390,-0.134232632931,2.51050732182
1391,1391,0.0629986752054,1.90621493356
1392,1392,0.689668850113,-2.30044810205
1393,1393,0.703614216228,0.556477765111
1394,1394,0.903187565646,0.150399475195
1395,1395,2.38722021764,0.276510341292
1396,1396,2.85309738767,-0.109443075628
1397,1397,1.83719042725,-2.31777388838
1398,1398,0.209506162103,1.15098385654
1399,1399,0.285603288262,-2.57629330819
1400,1400,1.16864581099,0.465314750774
1401,1401,-1.04042878522,-0.819199372277
1402,1402,-0.101096706061,1.94545837054
1403,1403,0.977005341716,0.248694674089
1404,1404,0.294665276954,1.85131127709
1405,1405,1.42923591324,1.56276088697
1406,1406,0.120690879086,3.00796824999
1407,1407,-0.00765653271648,4.47870316025
1408,1408,-0.172607674165,3.31357159537
1409,1409,0.304554810341,2.70713680871
1410,1410,-0.0136382817855,2.23625235342
1411,1411,-0.32198949008,2.47413208656
1412,1412,0.43993568217,2.54782121412
1413,1413,0.0042999839309,2.41834556862
1414,1414,0.0052661214122,2.40585006616
1415,1415,0.41772392317,3.01396012637
1416,1416,-0.135647098335,2.87211948786
1417,1417,1.46797337244,-0.0606123147087
1418,1418,0.0291889557331,2.30937457494
1419,1419,0.740916194477,0.275477134576
1420,1420,-1.05692117852,-0.903075945474
1421,1421,0.172991311752,-0.138217919338
1422,1422,0.99597734566,0.140118226199
1423,1423,2.60810047292,0.0123362545056
1424,1424,-0.577726008839,-3.25679187233
1425,1425,0.359099006329,1.68661929149
1426,1426,0.243106378806,0.72378401741
1427,1427,2.5026760947,0.191637653159
1428,1428,3.75491827774,-1.1448944289
1429,1429,2.42741638783,-0.34644576596
1430,1430,2.00118202479,0.801799006193
1431,1431,2.62503251107,0.83496288096
1432,1432,3.23331347825,0.684463398218
1433,1433,2.16819400567,-0.0941334356158
1434,1434,0.951249226507,0.849420257484
1435,1435,1.92232641756,1.27863605419
1436,1436,-0.689271842669,-2.44843169368
1437,1437,2.0120337237,0.345026796666
1438,1438,-0.0248759471749,2.01915782288
1439,1439,1.31633578149,1.85149726445
1440,1440,1.43498386626,2.12509262474
1441,1441,0.349576240483,0.726266297688
1442,1442,1.18162396011,1.97753750491
1443,1443,0.648360905795,-2.46116464157
1444,1444,2.11188439172,2.35536501547
1445,1445,1.0233638004,2.20747576524
