,vote,alpha,beta
0,0,-0.222321280055,2.41933757385
1,1,-0.678844350728,-2.51639063701
2,2,2.58500860812,-0.0461560233994
3,3,2.65767424269,-0.144297756003
4,4,0.698441523921,-1.36066488992
5,5,3.55899769636,-0.572407753293
6,6,2.06071764343,0.684775192854
7,7,2.40048505453,0.664167573812
8,8,0.0508860451815,-1.65450112013
9,9,1.14603996232,-1.36786108662
10,10,2.4692510545,-0.180382453573
11,11,2.86365608402,-0.569836624607
12,12,2.47993413659,0.379850064318
13,13,2.70324800956,0.272929536209
14,14,3.15451149509,0.21320640617
15,15,2.48677182031,0.0217410634905
16,16,0.39504961846,2.414304186
17,17,0.535038955206,-0.744706042835
18,18,2.88132308349,0.40053212275
19,19,2.43910260748,-0.290138376146
20,20,1.40916534515,-0.654492339109
21,21,-0.0304748268806,-2.91110899469
22,22,-0.0711285328749,-2.37469059501
23,23,3.24004771213,-0.140252753811
24,24,0.687221337123,-2.2023139083
25,25,1.34528275838,-0.280932353825
26,26,-0.642962597548,-0.0151307386774
27,27,-0.0829583439287,2.83932512286
28,28,2.45273800129,0.153380975251
29,29,2.57994719354,0.577019224154
30,30,2.42061629143,0.00146116155742
31,31,2.92299121741,0.0827427212125
32,32,-0.225349389558,-2.66255260537
33,33,0.0802734480157,-3.63650575332
34,34,1.30266668174,-0.355955615987
35,35,-0.0796265290567,2.19485472019
36,36,-0.469405852613,-2.68812430229
37,37,0.203439695089,-2.41470710196
38,38,0.231846048396,-2.86831652233
39,39,-0.943064934734,-1.4008620664
40,40,1.91687965587,-1.52625783558
41,41,0.0602312627278,2.87770424029
42,42,-0.230999540859,-2.14281609995
43,43,2.68556319721,0.623996049274
44,44,3.25309846637,0.117825769139
45,45,3.5363499511,-0.112656265323
46,46,2.27668915404,0.195811299605
47,47,2.08290930003,-0.164331986927
48,48,2.84416849335,0.407741411334
49,49,2.37051901082,2.04673961848
50,50,-0.188501821357,-2.70311792096
51,51,0.127207439355,-2.60142413333
52,52,-0.377033768522,3.14487486277
53,53,-0.27069869858,-2.98663739553
54,54,0.287239084747,-3.05997851859
55,55,0.224505750824,-2.39006476724
56,56,0.841244054895,-2.72181306085
57,57,-0.795664464903,2.15824152274
58,58,0.0713586717983,3.17859694844
59,59,-0.252608597194,-1.96800147862
60,60,1.06929830287,-2.58327102493
61,61,2.10707997235,0.140059569369
62,62,2.38635481872,0.23510512572
63,63,3.2764004182,0.187036748147
64,64,2.63314080359,-0.167639836238
65,65,2.82385728019,-0.156336527259
66,66,-0.0190509342006,-2.81073847341
67,67,0.580492707373,-2.46741618619
68,68,1.09198792507,-2.22938611737
69,69,-0.493879999525,-1.70965809792
70,70,-1.22394869287,1.83441209055
71,71,-0.777444657946,2.28508994471
72,72,-0.796591239939,2.02607604704
73,73,-1.24235936011,2.34518964204
74,74,-0.844154305144,2.20967671319
75,75,-0.669652867162,2.22238702826
76,76,-0.501450201059,2.21896086996
77,77,-0.771714038573,1.53290665552
78,78,0.267483763243,2.75126649813
79,79,0.897575528773,-2.28546840034
80,80,-0.963641405597,-2.35453118173
81,81,-0.560679098527,-3.13414497475
82,82,0.254149947367,-3.19496559623
83,83,-0.185077043063,2.40964769562
84,84,-0.51162230041,-1.99932382422
85,85,2.73874719593,0.250431495355
86,86,2.37756696159,-0.528408579628
87,87,0.0243072876652,-3.04153234574
88,88,-0.34498253593,-2.65630264737
89,89,-0.632277232732,-0.903427769245
90,90,0.229499989148,-0.534247959029
91,91,-0.28495022805,-2.19877311813
92,92,-0.974696625505,2.05223498608
93,93,-1.02926170499,-1.8084291633
94,94,0.186903020494,2.7568089625
95,95,2.4768462959,-0.488785871056
96,96,-1.12313328435,2.17968219388
97,97,-0.697715890716,2.04807948958
98,98,-0.291531172126,0.358876508227
99,99,-0.308468801085,1.80127924949
100,100,-0.136702199736,1.98654097621
101,101,-1.16775538716,0.48656270787
102,102,-0.363115771476,-1.76112886421
103,103,-0.9748863207,1.81138737416
104,104,-0.27331456709,-0.849533625199
105,105,-1.24908339659,-0.0497419152343
106,106,0.65290237932,0.906996760465
107,107,0.18317891276,-1.40992177322
108,108,-0.242264871616,0.597426461485
109,109,-0.370032736817,0.484197927909
110,110,1.44711894716,1.5737902977
111,111,-0.0615929575836,-1.87725482067
112,112,-0.431268081827,-1.29570990459
113,113,0.096835874828,-1.92109231403
114,114,0.356090387421,3.16431701779
115,115,0.433040850243,-1.31987376584
116,116,2.75265700343,-0.0811592630387
117,117,2.521744437,-0.303973408684
118,118,0.571879607758,-2.09405264565
119,119,2.22709097467,-0.526059739046
120,120,2.50204997673,-0.163923905468
121,121,-0.242220699351,2.25142133803
122,122,1.20230099072,-1.23045439823
123,123,2.33958363709,-0.0128536301575
124,124,0.891850616174,1.83721782548
125,125,0.303828461128,-2.80809623792
126,126,0.370832180857,-2.44676546894
127,127,-0.695593975946,0.728566286433
128,128,0.209853975998,-2.16844512467
129,129,-0.299935446904,-1.27889467564
130,130,-1.0449854189,-1.6350151541
131,131,0.886031075691,0.85591760679
132,132,-0.390816726079,-1.60606329711
133,133,0.029600080529,1.43195075167
134,134,0.710144879889,-2.28536642306
135,135,1.21597676215,2.01318375937
136,136,-2.12762038436,1.31657725296
137,137,-0.461784114356,0.745264665787
138,138,-1.4235297197,0.702309116608
139,139,0.20618261476,2.03546208476
140,140,-0.624196731593,0.150560212527
141,141,-0.615172540705,0.380921776035
142,142,0.304959688927,-1.64770242247
143,143,-0.78809626382,2.14117644728
144,144,-1.56900189165,2.22856679665
145,145,-0.744247719224,1.15898680911
146,146,2.12796533271,0.935887788859
147,147,-0.131496712892,1.38795672284
148,148,2.89117672836,0.537609556511
149,149,2.80339291692,0.119634164699
150,150,0.254996637028,2.63191309872
151,151,0.85581936752,-0.619783273079
152,152,2.88551610407,0.0757580617274
153,153,2.54047405978,0.00588144805932
154,154,2.96447083649,0.533760856368
155,155,0.384551708282,-2.67124995821
156,156,0.405794300407,-2.3252662667
157,157,3.27176681238,0.0220667526291
158,158,0.120891288278,-2.25122394049
159,159,2.15825772397,0.892440624202
160,160,0.234395820604,-2.19876104207
161,161,0.601123086197,-2.0175846791
162,162,-0.406086560603,2.32769383361
163,163,0.18400746,-0.373858055732
164,164,-1.2233095471,-1.15689839498
165,165,-0.375872554554,1.53168453019
166,166,0.213212856474,-3.05127369038
167,167,-0.74281238255,1.31660235236
168,168,0.933678774474,1.47322917374
169,169,0.0272727765614,0.103492271602
170,170,-0.972763896686,-0.589433716955
171,171,-1.4079491187,-1.1509729811
172,172,-0.898666286661,1.10992631533
173,173,-1.14040590924,-0.731520253158
174,174,-0.831746963786,-1.93123985318
175,175,0.257877929624,1.41875794451
176,176,0.195192982485,0.843132384384
177,177,0.469944427037,-2.40521358759
178,178,0.119887494296,1.13333436544
179,179,-0.629397055859,-1.40318969101
180,180,-1.15837605983,-1.6322453458
181,181,0.914087934447,-0.293708852682
182,182,-0.317532496368,-0.992964901108
183,183,0.106650061693,0.958077315197
184,184,-0.212733075346,0.480148729093
185,185,-0.337195784944,0.239962318306
186,186,0.629958816217,-0.342671951407
187,187,0.03717620302,-0.40315034614
188,188,0.0336257450081,-0.755006946669
189,189,0.0685989655112,-0.321379009915
190,190,0.155589609991,0.276600397155
191,191,-1.41817152233,-2.2764440309
192,192,-0.120950421839,-2.73762367877
193,193,0.224159419274,2.97994555848
194,194,-0.274123871402,-0.831607950517
195,195,2.21250087819,0.0768071955258
196,196,2.69464070831,0.228494770239
197,197,-0.187814038526,-3.00351863048
198,198,-0.884600734951,1.43627376068
199,199,0.494902729606,-2.08592545018
200,200,0.269610663954,1.53473618431
201,201,-0.288619541,2.23901065422
202,202,1.09046314398,-2.27627671438
203,203,2.98204406222,-0.080564325823
204,204,-0.470349997515,2.44337856072
205,205,0.453986045481,-2.34438380971
206,206,0.236560313248,-1.45556202587
207,207,0.367175781987,-1.71086891143
208,208,-0.59487491571,2.18779405271
209,209,0.235196485448,-2.46268575276
210,210,0.649506973333,-0.811133436385
211,211,-0.385705856299,-2.37696191505
212,212,0.347484755931,1.80406518399
213,213,-0.667538052001,2.02654082993
214,214,-0.0513798752794,2.69964207601
215,215,0.414989397327,-1.90219408546
216,216,2.41818031291,-1.1475181711
217,217,2.09934170113,-1.32825190334
218,218,2.56768776436,0.026895953917
219,219,-0.066542733601,-2.44151489261
220,220,0.430464612979,-1.97702917478
221,221,2.16887323246,0.76033356776
222,222,-0.324594936544,2.34772910079
223,223,-0.109751782017,1.81748277135
224,224,-0.83488446411,1.62349776499
225,225,-0.428317653666,0.137469254892
226,226,-1.85112946774,-2.27342174591
227,227,-0.982873503392,2.07754958396
228,228,-1.49057568569,-1.94194128302
229,229,0.175997394373,1.87102826764
230,230,-1.46996012255,-1.32316827536
231,231,1.58382438902,0.72501636835
232,232,-0.211786724204,1.76647858873
233,233,-0.500902156056,1.73957583176
234,234,-0.807226515493,1.75796885884
235,235,-0.905090790645,1.69971980848
236,236,-0.500029571883,1.3428280261
237,237,-1.01300880994,0.625939720846
238,238,-1.21058170152,1.8263702855
239,239,-1.05451080804,1.50552326129
240,240,-0.986604522691,1.47143554225
241,241,-1.2628398874,1.80077952884
242,242,0.51786651307,-2.638834481
243,243,-1.21258349669,-1.97843303847
244,244,-0.536039694216,2.0474766683
245,245,-0.128951764501,0.917524326767
246,246,-1.11489657167,-0.702268291655
247,247,-0.240134488561,1.16897273042
248,248,-0.581266434933,0.337625846273
249,249,-0.573966140611,0.207243004531
250,250,-1.01802395653,0.725614466723
251,251,0.184999090744,1.09604850456
252,252,-1.58680940159,-1.29669485389
253,253,0.414996120364,-2.33995611267
254,254,0.232066788393,-2.19155512748
255,255,-0.703707386254,1.59400224643
256,256,-0.159229697277,0.663377457884
257,257,-0.960250576709,-1.2922098975
258,258,-0.243034776801,2.18121668728
259,259,-0.0411141678128,-1.87177774266
260,260,0.185549411164,-2.32603332752
261,261,-0.159486645137,-3.26563457213
262,262,-0.402010009836,2.20321957302
263,263,0.238302487648,-2.7998614914
264,264,0.387926651042,-2.53119485079
265,265,-0.024635125059,3.16153939449
266,266,-0.286009037566,-1.86935728801
267,267,2.42616531407,-0.405894139471
268,268,3.33679503742,0.248635631723
269,269,3.50014657272,-0.0368250352353
270,270,0.211231859643,-3.20342153893
271,271,0.828308583,-2.55719439308
272,272,-1.12364110259,0.338697477555
273,273,-0.374856989874,2.99508030402
274,274,1.39574498187,-2.20371262768
275,275,-0.129225611189,2.30326811275
276,276,0.691835629285,-1.95616088209
277,277,0.0634454631755,-2.30206203139
278,278,0.240785299538,-2.56707498475
279,279,1.05839949406,1.56488201139
280,280,0.870381330012,-2.41255219188
281,281,0.209436843998,-1.90926505599
282,282,0.144584608156,2.7541265232
283,283,-0.533991249046,-3.2838886855
284,284,-0.698025254282,2.09862108239
285,285,-0.085682331014,2.23204890319
286,286,0.111393112908,2.63604627698
287,287,-0.848202504889,-2.98069756903
288,288,2.29404194615,-0.0131302703189
289,289,2.98298793272,0.318739394446
290,290,0.0859075853818,-2.84101739979
291,291,-0.132064683142,-2.65426000147
292,292,-1.6375350592,0.802968999316
293,293,1.06777250897,-1.96104045946
294,294,-0.603228022724,1.59811430653
295,295,-0.824239891134,1.32614813811
296,296,-1.47583756077,0.773340967879
297,297,-1.25006853633,-0.935932102805
298,298,-0.5914862959,1.3025780229
299,299,-0.663466336349,1.91161626074
300,300,-0.142186609525,-0.2529079325
301,301,0.403821633893,0.0700943314633
302,302,-0.218834576076,0.487704510356
303,303,0.251979628176,0.321567097957
304,304,1.18880876794,-0.62822569222
305,305,0.976410714686,0.343971433714
306,306,-0.444799503902,0.538401179506
307,307,0.848066564544,-1.84922664557
308,308,0.809321799685,-0.266144120607
309,309,0.473129361555,-2.32654258574
310,310,1.10201266377,0.733956912041
311,311,-1.45585342739,1.19871793694
312,312,-1.46305389374,1.75807916526
313,313,-0.223716564988,-0.295886486459
314,314,-0.229205885927,-3.02844706671
315,315,0.142939088026,-2.68108968074
316,316,2.63909058099,0.0869825379734
317,317,0.95685146705,-2.70724671956
318,318,-0.18777144684,0.276870634333
319,319,0.401196242266,-2.08559639157
320,320,0.0484723683125,0.942285779486
321,321,-0.714096265076,-0.822709261549
322,322,0.902794662468,-2.4033285206
323,323,0.393790185179,0.336923934369
324,324,1.10173933027,1.21779338993
325,325,-0.255410939331,1.65315402515
326,326,-0.361854255597,1.6539239908
327,327,0.137224576732,-2.97611425957
328,328,-0.267389489889,0.879739873694
329,329,2.58729205628,-0.862726953986
330,330,-0.0897541968424,0.242179485356
331,331,-0.382022047709,2.25797356702
332,332,0.882986866359,-1.15686823186
333,333,-0.401397512385,2.36848229327
334,334,-0.697030063764,1.99328490789
335,335,0.0631273450902,3.66500611386
336,336,1.17007874376,-1.70331604687
337,337,1.51368342114,1.19908395079
338,338,0.0447296108796,-2.42921812805
339,339,0.261482928155,0.580099416191
340,340,-0.195365115315,-0.486345539526
341,341,-0.416835273688,-0.787242015041
342,342,-0.623644736181,1.30588362154
343,343,-1.02642738234,0.940712246802
344,344,-0.891075053034,0.810321386459
345,345,1.62185756437,-0.466159726096
346,346,1.69555758371,-0.263989985638
347,347,-0.129764420555,2.71745114695
348,348,-0.510741068817,2.78617004646
349,349,-0.171285450276,-2.19219272236
350,350,0.534617913866,-1.95693177863
351,351,0.0470411732619,2.84263694066
352,352,0.782903401699,-2.40711086438
353,353,0.0711704054078,-2.75722397078
354,354,0.0324296057537,-2.31610171818
355,355,2.48039385124,0.103457299221
356,356,0.468574940503,-2.21173209601
357,357,0.809171810892,-2.82233151714
358,358,0.314777415906,-2.59190348486
359,359,1.50077815685,-2.15812348391
360,360,0.705658823933,-1.37245653848
361,361,-0.249704145369,2.20346897061
362,362,-0.797279094144,2.01156151907
363,363,0.0216676047033,2.3623022245
364,364,-0.333084042683,2.60738181286
365,365,0.0605626143736,2.96614972068
366,366,0.414882311179,-2.16842457332
367,367,-0.545275546406,2.50047310147
368,368,0.352826513154,-2.352324656
369,369,2.69695688354,1.43619085551
370,370,2.77728350728,-0.186857958748
371,371,2.40148250235,0.0484970004911
372,372,2.40063914995,0.51345249339
373,373,2.26112214299,0.470870044726
374,374,2.44978104261,-0.0639831085122
375,375,2.55055516967,0.088209458924
376,376,2.53700093642,0.056099330887
377,377,2.09315332655,0.259582174791
378,378,0.0171023556206,-2.98363558365
379,379,-0.00184437297469,-2.67987397986
380,380,0.133767433645,-2.90403167984
381,381,2.73161079343,0.250353459068
382,382,3.12910258809,0.565151453001
383,383,2.53877646619,1.1711298653
384,384,0.152322650597,-2.81398490975
385,385,0.45676775245,-2.45778896008
386,386,1.81096806626,0.684197407022
387,387,-0.767677299854,2.23380967518
388,388,-0.371484603738,2.10097542887
389,389,-0.203660137517,2.28964985459
390,390,-0.724656947318,2.82644218945
391,391,3.13093305452,-0.0312179351089
392,392,0.127138654575,2.3296914533
393,393,0.289879117698,-2.2233244569
394,394,0.0850493789202,-2.71858229423
395,395,0.461614704668,-2.84706898011
396,396,0.189792561968,-2.3231361426
397,397,-0.216546278883,2.43512983695
398,398,-0.677566951504,-2.56406887898
399,399,0.183310508349,3.19353218346
400,400,0.188544782259,-2.94187542456
401,401,-0.293109393435,-2.25013702735
402,402,0.833285533708,-2.04293009587
403,403,0.678932510731,-1.91977720154
404,404,0.0946433723917,2.30906864512
405,405,0.91883374801,-2.23694731097
406,406,1.0204468557,-0.921964900205
407,407,2.83572358015,-0.152154317096
408,408,3.3760359195,-0.191767742656
409,409,2.61472554187,-0.0475382781424
410,410,-0.210347478051,2.11639755759
411,411,2.37052652169,0.291770382841
412,412,0.456820389706,2.32211902472
413,413,3.0116580816,0.115548626048
414,414,2.60151259034,-0.0217333629713
415,415,0.0948185072523,-2.54582543244
416,416,-0.0707916390291,-2.40072177309
417,417,0.101442264701,-2.65706173476
418,418,2.1174072782,0.208998079988
419,419,0.806702982549,-2.20936580316
420,420,-0.293331120814,-2.41677540877
421,421,2.49809776829,0.124372193895
422,422,0.442112542216,2.78948861636
423,423,1.70403394858,0.45449591408
424,424,-0.528836711658,-2.41092233937
425,425,-0.489519665835,-2.37356163994
426,426,2.25587349894,1.31529307594
427,427,0.00952938390298,-1.72276038433
428,428,-0.255170649923,-1.95117848774
429,429,1.14413302081,-2.14064152421
430,430,0.841865009456,-1.62793179344
431,431,0.789469555586,-1.96308888181
432,432,-0.0614634463366,-2.28629564185
433,433,-0.0278415552641,-2.3389374615
434,434,-0.310575233183,-2.97735552582
435,435,-0.464603836519,-2.87145653583
436,436,1.2096794355,-2.14560534637
437,437,0.740555670505,-1.90997806634
438,438,0.322407438467,-3.1373044904
439,439,1.34726788149,-2.07239711388
440,440,-0.115948469198,-2.75324234038
441,441,1.46032069324,-2.03828122046
442,442,0.0121333893142,-2.63055988
443,443,1.88937474485,0.398673053896
444,444,0.0697496568444,-2.60301021066
445,445,-0.0958058427782,-2.78144415712
446,446,1.19972018063,-2.40048276846
447,447,0.25869610397,-3.0166422834
448,448,1.18566146207,-2.4264401378
449,449,3.01140900791,0.276260275732
450,450,3.23113273492,-0.310815994613
451,451,0.00100844491917,-3.31234532276
452,452,0.795808417077,-2.00351130316
453,453,-0.406802915975,-2.51225016553
454,454,0.839418962843,-1.90570657564
455,455,-0.114419666574,-2.86466224642
456,456,0.0349067966685,-2.2978415721
457,457,0.107723439253,-2.56831321894
458,458,-0.235788416274,-2.63908311733
459,459,3.23282332203,-0.4527388111
460,460,-0.0513198802125,-2.62449055581
461,461,1.10372545927,-2.16815065073
462,462,2.70993794729,-0.0353973607773
463,463,0.352520417117,-2.61685459392
464,464,-0.893278989951,-1.53418925288
465,465,0.759338330894,-2.07785982453
466,466,-0.153627865723,-2.84818897145
467,467,0.936886169084,-2.1686412462
468,468,0.275689250417,-2.42884931999
469,469,0.540825824784,-2.40282072372
470,470,0.0743604958578,-0.349547302514
471,471,0.456308172823,2.15889294715
472,472,0.0948275616221,-3.36065192954
473,473,1.26724712165,-2.30611548525
474,474,-0.499370313505,1.70477722974
475,475,1.72202926649,1.97400566507
476,476,1.50099800591,1.97617087007
477,477,2.61799466941,-0.0596218560207
478,478,3.72907599548,-0.284332434355
479,479,0.125155904544,-2.33122477969
480,480,1.2976279525,-1.57504642977
481,481,-0.767479407112,2.44431488811
482,482,-0.0544487346189,-2.10507674489
483,483,-0.819137835227,1.02520171316
484,484,0.122463425525,0.0617511737203
485,485,1.7226984485,0.510759839544
486,486,2.13000687101,-0.146984183354
487,487,2.65068748178,0.0441294941252
488,488,2.50003753912,0.181280990671
489,489,-0.168862037551,-3.11006415554
490,490,0.503795896132,-2.74630799084
491,491,-0.851296129478,2.2719647501
492,492,0.104285449725,2.91896379882
493,493,1.19010128876,-2.14362141378
494,494,0.300393060204,2.74064089713
495,495,1.26628170519,-1.3141408455
496,496,2.68125654041,-1.29694927443
497,497,-0.0739914092147,-2.00392687193
498,498,2.6959230804,0.345304098287
499,499,2.35929773234,0.0200175414543
500,500,-0.303720670414,-3.12699778998
501,501,-0.24307868863,-3.33552853501
502,502,0.242184476345,2.2502804708
503,503,-0.334837251426,2.52572946861
504,504,-0.419238587613,2.84686071689
505,505,0.391284257734,3.06595489728
506,506,-0.0877768678918,-2.07063165169
507,507,3.23190617207,0.712098468569
508,508,0.317899090913,2.74543966115
509,509,0.124883300549,-2.88425100742
510,510,2.74457739404,2.09480968602
511,511,0.504857083893,-3.44953996772
512,512,-0.0820047864485,-2.47777132075
513,513,0.382258249858,-3.07904706058
514,514,-0.462991963498,2.61308430939
515,515,0.816081814328,-1.6032024062
516,516,2.35577070544,-0.16374632553
517,517,3.14763107642,-0.237471748218
518,518,-0.166538603378,-2.98330310243
519,519,0.632462134585,-2.60762841772
520,520,0.0441388737861,-3.14669641607
521,521,0.00043336866959,-2.4106489903
522,522,0.125894262852,-2.04028757196
523,523,-0.167008726895,2.42484779779
524,524,-0.465319802664,2.8236352331
525,525,0.138100910677,2.08386132515
526,526,0.0982563696151,2.00359123881
527,527,0.00724365984132,2.21764977811
528,528,-0.530277529498,2.73133723171
529,529,-0.144748692504,-2.49935211505
530,530,-0.206861481289,-1.47442621816
531,531,0.420716858563,-2.60932261017
532,532,-0.441967331504,2.51293775496
533,533,-1.14760693249,1.47184424479
534,534,-0.637512015973,2.44480327669
535,535,0.496308075447,-2.13002142868
536,536,-0.382928037398,2.43651349032
537,537,-0.81412064996,2.49945757596
538,538,-0.603627749817,1.96635381317
539,539,-0.613544956965,2.25462924208
540,540,-0.652346662226,2.3205359955
541,541,-0.396734220339,2.76226493319
542,542,-0.832746818895,2.81579036508
543,543,0.938392930905,-2.05604452797
544,544,2.57618377517,0.43448284725
545,545,2.57331855886,0.289402186259
546,546,3.08924497577,0.00650930938464
547,547,2.63220539098,0.390919243545
548,548,2.36512860424,0.354542220041
549,549,-0.32643782086,-2.22673122886
550,550,0.493686480854,-2.38213392342
551,551,0.599380821654,-1.05340170636
552,552,-0.405032588709,2.21163110734
553,553,-0.234202325498,1.95306772681
554,554,1.24171615503,-2.02298884529
555,555,1.34835136371,-0.758958452549
556,556,-0.102467833506,1.18421182952
557,557,-0.496671502517,0.26778923003
558,558,-0.540720268812,0.900645582023
559,559,0.642925176885,0.798666556212
560,560,-0.813802870899,1.38920720621
561,561,0.746287367784,-0.389831479379
562,562,2.02964617458,0.404652897355
563,563,3.06627685398,0.0304921273353
564,564,2.52367055592,-0.532765165442
565,565,1.75807751211,-1.64327230726
566,566,3.03641816579,-0.018157026485
567,567,2.69472975674,-0.407213515699
568,568,2.81462330198,0.243270988704
569,569,2.55113201291,-0.115307484537
570,570,0.245574547493,-2.40549267136
571,571,-0.0444572319525,-3.31991938137
572,572,0.184196739956,-2.72351849379
573,573,0.757887362615,0.221381648748
574,574,1.08704784245,-0.371088280299
575,575,0.054210176933,-2.36652881416
576,576,0.476543406195,2.83824595403
577,577,0.272547297637,-1.88797702975
578,578,2.35845812384,1.77023338966
579,579,-0.144518636782,-2.51570414185
580,580,0.103711739836,-2.8201892894
581,581,0.0645115621104,2.6861497708
582,582,-0.252626748903,2.26100957672
583,583,-0.310328317011,-1.76503517676
584,584,3.00495666753,-0.0874450741771
585,585,2.31508637394,0.16589880812
586,586,0.328865737725,-3.19336445047
587,587,2.88310378338,0.135092412708
588,588,0.694626859244,-2.9191588876
589,589,0.715618836261,-1.10938473404
590,590,-1.8543809183,2.47688465007
591,591,-1.52978353097,1.66528403512
592,592,-1.91439322962,1.35962396859
593,593,-2.15302067287,-2.03158944111
594,594,-1.27053286621,2.09483314041
595,595,-0.558894235131,-2.5858926981
596,596,0.682379502266,-0.564849345096
597,597,2.10034714534,-0.0461605199798
598,598,1.91558557623,1.9544313984
599,599,0.221263621495,-2.29124789131
600,600,-0.542514754089,2.94310862998
601,601,-0.262832496723,2.92108542075
602,602,2.34855021493,-0.471327040831
603,603,0.258241366705,-2.87113818753
604,604,0.000925233517765,-3.05342210591
605,605,1.25853813162,0.791900393021
606,606,-0.140042860171,2.73034685269
607,607,1.38573168598,-1.68218862712
608,608,-0.628076375148,1.38597424213
609,609,1.28442110848,-1.97454694149
610,610,-1.69866475746,2.45718232153
611,611,2.30847267861,-2.02364355802
612,612,1.58127538543,0.227924177723
613,613,1.13671710435,0.613990862278
614,614,1.00996086319,1.55246654326
615,615,0.837459825612,0.593788457505
616,616,0.46444744591,1.11845601525
617,617,0.697522794018,0.346651928386
618,618,0.429705340428,0.618367767164
619,619,1.00141743985,-2.08474148404
620,620,0.966709872274,1.14635356605
621,621,2.20019462089,0.401220465162
622,622,0.865152772477,-1.75233895351
623,623,1.6490384415,0.488753673793
624,624,0.405137865244,1.76501637414
625,625,0.0386676810058,-0.844252445893
626,626,-0.190043248135,-0.606462358942
627,627,0.746611173074,1.42489268709
628,628,1.27810353206,0.569866786887
629,629,1.4716173002,0.208223690173
630,630,-0.838554157427,-1.46684364045
631,631,-0.90593291522,-2.54084174791
632,632,-2.11613163042,1.45010710557
633,633,-0.897888296801,-1.37533580385
634,634,2.78282527916,-0.076627277865
635,635,0.0322942681666,-0.0612822750489
636,636,-1.18617540855,0.824602269906
637,637,-0.200431573012,0.321750253221
638,638,2.57046622361,0.251780626509
639,639,0.564398780826,0.320440292312
640,640,-1.09484870321,-2.01581397413
641,641,0.777740892402,0.397279450874
642,642,1.41578720929,1.02505299633
643,643,-0.422002130766,-1.47423508587
644,644,-0.540121153561,2.68744462377
645,645,-0.101338794842,1.48363234169
646,646,0.646181820904,0.844764557102
647,647,2.00475216559,1.15010942665
648,648,1.99045910346,1.42651522605
649,649,0.664204556936,2.06674855221
650,650,2.52503705643,1.13492649702
651,651,-0.325826672873,-1.57393551773
652,652,-0.938072570637,-2.02240932937
653,653,2.44395313067,0.560923369324
654,654,1.75514333842,2.71494383432
655,655,1.01674875574,0.662988755581
656,656,-1.35807444167,-2.41334899375
657,657,1.67073271659,0.702017399752
658,658,0.191841642043,1.50447379231
659,659,3.09116904455,0.704614655192
660,660,1.44247078358,1.88329231045
661,661,1.35666205286,1.77491454229
662,662,2.21795863777,1.99497857849
663,663,1.45570372269,1.73195429627
664,664,1.73362009978,2.01823470519
665,665,1.79307188751,1.73500185036
666,666,1.58237209582,2.21346657474
667,667,0.398282019668,-3.02429947446
668,668,-0.169228865374,2.52427321281
669,669,0.858204047129,1.30714871965
670,670,-0.256249496257,-1.79945247666
671,671,1.21722619205,1.21200701111
672,672,2.33841736446,-0.372366067771
673,673,-0.905336002561,1.87462163879
674,674,-1.71029943833,1.94535385207
675,675,1.34064225769,-0.922161041648
676,676,0.557120735252,1.78117047021
677,677,1.90933688851,1.49829632983
678,678,2.13652953553,1.04255858928
679,679,-0.394595047041,2.7320548497
680,680,1.64753086984,0.849114194753
681,681,2.07899088015,0.447633665563
682,682,2.91769432536,0.149422300159
683,683,2.31400532736,1.61829568698
684,684,1.66027236535,1.85615126484
685,685,0.232865564364,2.98542029719
686,686,0.422930547247,2.06581748804
687,687,0.233910736069,2.37935953304
688,688,0.0301159350704,2.3118199714
689,689,-0.271305368183,2.51090021557
690,690,0.0613086359031,2.51328291488
691,691,2.33184929591,1.27843473668
692,692,2.51180679315,1.88854082205
693,693,-0.745781898995,-3.04570224424
694,694,1.13221159554,2.15998602341
695,695,0.0725963353372,-2.22607159763
696,696,1.47827536081,2.30275435854
697,697,1.59999183371,1.86666514408
698,698,2.39360841008,0.588395078783
699,699,2.3259309919,-0.234609035747
700,700,0.151075440391,-1.17976029809
701,701,-0.113315288392,1.62153166282
702,702,-0.275332317426,2.2599701087
703,703,-0.548805560241,1.84364522621
704,704,-0.705013814064,-1.29812800989
705,705,-0.0331117950112,2.51008037714
706,706,1.13558542446,1.45067874811
707,707,-0.103826267118,-2.04770177992
708,708,1.67179310198,2.15337177924
709,709,0.825946002092,0.887119034803
710,710,-0.287964969948,-2.16462466296
711,711,0.821555970507,0.299312091265
712,712,-0.321753384483,-0.793564098675
713,713,-0.822349605288,-1.90392479103
714,714,0.517214947237,-2.6572337902
715,715,-0.441633400337,1.78927869184
716,716,0.0144144282959,2.77934733012
717,717,-0.106590464237,-1.85247685014
718,718,0.484649280409,1.23179488454
719,719,0.0641428091004,-1.44194509103
720,720,1.33415779093,1.84354883822
721,721,-0.251373958533,-1.44819721683
722,722,-0.169717391571,-1.39540953787
723,723,1.00078994276,1.24042250213
724,724,0.721141002303,1.20918243077
725,725,1.40903292141,1.17425933435
726,726,0.383572845109,-1.99508970132
727,727,-0.87506825895,-1.46758793922
728,728,1.28874754371,-0.862833678597
729,729,2.06909762213,0.521252153891
730,730,-0.26050326149,-2.3991752454
731,731,-0.375730279572,-3.05818187963
732,732,-0.142893036054,-2.26534804079
733,733,3.50623558466,-0.237793421673
734,734,0.0904850787856,-2.98571382663
735,735,0.731678145912,2.82074190826
736,736,-0.314879009687,-1.70844677077
737,737,-0.485735074609,2.40204931208
738,738,1.66156050421,-1.50261765848
739,739,-2.00950081104,2.61451460609
740,740,0.992942650292,-2.20801967269
741,741,0.242185894659,1.95352606401
742,742,-1.32421150028,1.33261751069
743,743,0.991844928288,-1.434695206
744,744,0.686717122671,0.22257445662
745,745,-0.76367266938,-2.08489245846
746,746,0.74119940729,-2.02912689157
747,747,0.865159592109,-0.369061458088
748,748,1.94079026704,-1.00681490164
749,749,0.102163176972,-2.48086224336
750,750,-0.224834561354,-2.93229647786
751,751,-1.85444252479,-1.07698563287
752,752,0.170974538981,2.24615946431
753,753,2.92511769809,0.574854407518
754,754,-0.428625425764,-2.37836128333
755,755,0.0845423637957,-2.149100525
756,756,0.561651702883,-2.32599293452
757,757,0.877082230002,-2.56355665645
758,758,-1.15504598551,-2.54005466718
759,759,0.184411560512,-2.54589903808
760,760,-0.470263655516,-2.40366286661
761,761,-0.597067957987,-1.20531144528
762,762,0.173224411445,-1.84773750508
763,763,0.420907204938,2.21650927075
764,764,1.54822969774,0.397773798867
765,765,0.793609848279,-2.34682777494
766,766,-1.44754311699,-1.29218181431
767,767,-0.776218607716,-3.36603940258
768,768,-0.409657401519,-2.18752927354
769,769,-1.46483010397,-1.30770313876
770,770,-0.89298581378,-1.64592518587
771,771,0.559981100705,-1.65572474924
772,772,-0.813974725563,-2.9626585688
773,773,0.912310790995,-1.3159126021
774,774,1.69192011876,1.22870231451
775,775,1.0436420536,-2.79419472948
776,776,1.12795431332,-2.42408341009
777,777,-0.216337262721,1.86904301122
778,778,0.80546327398,1.26418608252
779,779,-0.101321263791,1.44440497281
780,780,0.736768874909,-1.83162067312
781,781,0.563248256592,1.85497193719
782,782,-0.0316872207934,-2.43072717646
783,783,0.353485550129,-2.76954322095
784,784,0.71817941799,-2.63420171052
785,785,-0.248718372214,2.22440141917
786,786,-0.126147404682,2.27272616641
787,787,-0.72055202746,2.50691636956
788,788,-0.593286438636,2.75910623583
789,789,0.157155085072,-2.06775666054
790,790,0.1098899829,-2.81916695343
791,791,-0.650832311177,2.65823183646
792,792,-0.12436188492,-2.31842892033
793,793,1.68666734247,-1.7009279398
794,794,-0.138290386994,1.98902402875
795,795,0.0635002957536,2.24539680403
796,796,-0.201315519512,2.45918399525
797,797,0.528813527063,-2.32158094986
798,798,2.17451870934,0.945162918765
799,799,2.58870685363,-0.0309957746066
800,800,2.65021698501,-0.0580414081672
801,801,2.08000636048,0.197324734385
802,802,0.317281257552,-2.4594946513
803,803,0.604245578738,-2.72300292221
804,804,2.43859116373,-0.159930839936
805,805,-0.371904704739,2.7827022676
806,806,0.393355912251,2.12100349194
807,807,-0.42232142229,2.45219091285
808,808,0.202488564644,2.52541289366
809,809,0.36596878084,-2.31584265615
810,810,0.0612706206717,-3.03892016158
811,811,0.222400530417,-3.22553900427
812,812,-0.100228108636,2.44998229147
813,813,0.395414179611,3.09890578682
814,814,0.49774118593,-2.18760380913
815,815,2.35703650253,0.472741615956
816,816,-0.783029552426,2.48323387311
817,817,-0.132849301419,2.88941619985
818,818,1.12559256767,-2.72968578299
819,819,-0.0783817918281,-2.74562358035
820,820,0.0892025597478,3.04547833619
821,821,0.367649411898,-2.16910378988
822,822,3.10827447554,-0.131437809355
823,823,2.91874236143,0.0812792880802
824,824,-0.331758342801,2.90465071688
825,825,0.133752402016,2.02035159658
826,826,2.86125999021,0.166592870272
827,827,0.699858323667,3.19193195747
828,828,0.246530153973,-2.08575507607
829,829,-0.0419716379428,-2.78345320768
830,830,0.0890980092311,-2.48800322491
831,831,2.94254299551,0.122649803561
832,832,0.410401105509,2.53428001481
833,833,0.188957582254,2.55937160773
834,834,-0.18594569789,-1.93976908382
835,835,1.60188308031,0.226633822271
836,836,1.68904542562,0.615888557228
837,837,2.19187436314,-0.130787030183
838,838,1.87683525722,-0.120607239071
839,839,0.306936390221,-2.33550801748
840,840,0.6827971464,-2.49177486218
841,841,-0.528670576443,2.91505403365
842,842,1.29165162827,-2.81697134326
843,843,0.0767850944117,-2.6615737472
844,844,-0.20214455658,-2.54457277696
845,845,-0.0138909021419,2.12253592433
846,846,0.145355851407,2.29235389242
847,847,-0.0909212421369,2.48154157991
848,848,-0.179622957438,2.12256739916
849,849,0.526816580833,2.53544492049
850,850,0.482634299061,-2.55194669901
851,851,0.389468366756,3.10925004237
852,852,0.72551756135,-2.16045603356
853,853,0.0171534485821,2.66647933924
854,854,0.416788219921,-2.83110379838
855,855,0.139733414516,-2.61569810754
856,856,2.9759177247,-0.271509735358
857,857,0.0352247862696,-3.29713909027
858,858,-2.6065111464,-0.167352193513
859,859,-1.62364720741,1.7238646722
860,860,-1.8412768204,1.55336434945
861,861,0.439753159568,-0.976949847279
862,862,-2.20895619454,-2.33725268888
863,863,-1.2433505226,2.51149753569
864,864,-0.578192807611,-2.05599790195
865,865,1.83918919598,0.344413081909
866,866,2.46676137395,0.164802129133
867,867,2.71414150372,0.182503276541
868,868,0.0286415079878,-2.55459269378
869,869,0.834869679419,-2.15191621769
870,870,0.462069826542,-0.905074219422
871,871,1.99731105366,0.608423705007
872,872,0.253921469689,-2.92140446647
873,873,-0.534336450271,1.74497925
874,874,0.0294053086823,1.29297455311
875,875,2.54605759136,0.607239219984
876,876,-0.0800036727826,-0.464073028949
877,877,-0.193799705574,-1.09837690158
878,878,-0.281680907017,-3.34615845382
879,879,-0.165049448454,-1.09175217266
880,880,-0.39683618814,1.39777265014
881,881,0.28123067843,2.69981831282
882,882,1.65054295329,0.184723368605
883,883,2.50688222606,0.394591103386
884,884,2.43408705639,-0.0793446399313
885,885,-0.406452954294,-3.17403620738
886,886,0.0917966959603,-2.84833219275
887,887,-0.311475112864,-3.39383822491
888,888,2.98463617146,0.120807395559
889,889,0.312035895576,-2.28535611559
890,890,0.422540003198,-2.58996155831
891,891,2.07834360684,1.02496712725
892,892,0.0126459481687,2.2603929416
893,893,0.606394422555,-2.81498786459
894,894,1.2854183478,-2.55406372463
895,895,0.468031199923,-2.01100682983
896,896,-0.138764765051,-2.87860548131
897,897,-0.0889126549002,-2.88354533911
898,898,1.49520569242,1.46771391482
899,899,0.640060069768,-2.56364062077
900,900,1.41802053038,0.697721700055
901,901,0.197181293167,2.82006912011
902,902,0.951933932393,-1.24807030013
903,903,0.109074959284,1.62670150277
904,904,-0.406720217475,1.96283382316
905,905,1.71667582656,0.654936273069
906,906,1.97287593905,0.889915675545
907,907,2.37649672392,1.30024816133
908,908,1.51245896374,-0.486284483608
909,909,1.93707360953,0.390595393768
910,910,3.15004831624,-0.0746560004339
911,911,-0.299050649675,2.71426884266
912,912,2.0928717565,-0.189118255126
913,913,2.67012622281,-0.254106523248
914,914,2.17853152909,-0.841236000155
915,915,-0.00366937480598,1.61588834622
916,916,-0.226694868383,2.27406349578
917,917,-0.0463444753848,-1.84447832401
918,918,0.18107439199,-2.04502130047
919,919,1.79685610929,-0.772788869215
920,920,1.0959944968,-1.84641096601
921,921,0.578778406249,-0.229500201972
922,922,0.137030934468,-2.40555733696
923,923,0.383939889444,-1.90120071678
924,924,-0.432901719469,1.78699046093
925,925,-0.071622455721,1.4002269309
926,926,-0.99365371155,-1.71114188242
927,927,0.29272124456,-2.27614047144
928,928,-0.0684972533957,1.14380987772
929,929,0.694157256029,1.60694807222
930,930,-0.424087323835,2.7494068359
931,931,2.56607018238,-0.345618868085
932,932,1.04599437139,-0.814068625508
933,933,2.29748470231,-0.177603527656
934,934,2.93262213256,-0.00748082272383
935,935,-2.13482981425,-2.30762555899
936,936,0.698350905494,0.368987494748
937,937,1.22051860323,-0.596155871085
938,938,-0.138772376975,-1.8759532013
939,939,-1.26494442925,1.28211399444
940,940,-0.324915410363,1.36208697754
941,941,1.14916838135,1.58902794304
942,942,1.85653024033,0.55490227606
943,943,-0.997372020023,0.207423412681
944,944,-0.0272806513821,0.854556717017
945,945,-0.348849789598,-1.56025040844
946,946,-2.21496046253,-2.12375720642
947,947,-0.429228296671,1.41537582247
948,948,-0.809136049532,-1.13793522088
949,949,-0.589088742712,-1.99704320471
950,950,0.443695047928,0.845505603056
951,951,0.363088332656,1.06967010817
952,952,-0.209754476088,-2.11856923542
953,953,-0.0351219716206,-2.74014828511
954,954,0.443718468546,0.913543872336
955,955,-0.26176906666,-0.845812113311
956,956,0.106850599291,2.17763392975
957,957,0.285230910227,1.00671559594
958,958,0.559518011118,-2.13328256744
959,959,-0.174425190405,-2.2816330887
960,960,-0.138187506257,-2.21860940261
961,961,0.462966209588,-2.31818603551
962,962,0.110113609567,3.02928506306
963,963,0.874647633925,-0.472381981509
964,964,0.16061103658,-2.77282898715
965,965,0.122439226753,2.45907042376
966,966,1.1078407972,-0.0696674873247
967,967,2.6429570338,0.583253922435
968,968,-1.20018262049,-1.58643855645
969,969,-2.11118349787,-2.34422018135
970,970,-1.20888202464,-1.70085965769
971,971,0.0310639196065,1.39306023899
972,972,-0.911714558425,-0.737611427174
973,973,-1.76096918043,-1.84321797978
974,974,-1.39789092969,-1.64901119579
975,975,-1.48949440416,-1.50778259048
976,976,-0.765103634044,-1.6206958943
977,977,-0.755278202761,-2.10561528046
978,978,-1.23717281866,-2.00580294963
979,979,-0.303920790024,-1.90778291102
980,980,0.317421761159,-0.821727500377
981,981,2.83195624653,-0.0319268077473
982,982,-0.0156708693199,-2.43723133427
983,983,-1.25451442788,-1.7146474221
984,984,0.512146278756,2.78605464847
985,985,-0.136919789205,-1.64974209059
986,986,-0.799235459144,-1.77135581286
987,987,-1.11388859984,-1.93833379748
988,988,0.234819472265,1.15853461675
989,989,-1.39540618249,-1.90323926889
990,990,-1.84600965887,-2.40715529906
991,991,-0.0424778473161,2.7943202005
992,992,0.140747256486,-1.69219521317
993,993,-0.183419106456,-2.29489054777
994,994,0.245436150702,-2.81732291534
995,995,2.01326025385,0.638163813722
996,996,0.287099320799,-2.26076544762
997,997,-0.803743405072,-1.54238039847
998,998,-1.47093965668,-1.61881396743
999,999,0.0351743735203,0.248160303433
1000,1000,-0.707660902835,1.04716386098
1001,1001,-0.524062695446,0.901731068548
1002,1002,-1.13992464542,-1.0224046545
1003,1003,-1.71650071533,-0.990150094031
1004,1004,0.12912109521,2.23907459508
1005,1005,-0.636348574586,2.77979171612
1006,1006,1.29527162183,-1.56300222317
1007,1007,0.343967278463,-0.359865012167
1008,1008,-0.317777772099,2.33129483897
1009,1009,1.4498710116,-2.13116676608
1010,1010,2.33360025776,0.405117152487
1011,1011,2.84253800345,0.288776519361
1012,1012,2.72752849172,0.299889558778
1013,1013,0.785521212027,-1.67954150736
1014,1014,-0.116113805789,2.24083645838
1015,1015,0.544724080702,-2.97097294915
1016,1016,-0.636359987098,-0.682693859831
1017,1017,-0.587186211291,1.85760764659
1018,1018,2.60922927215,0.138221226564
1019,1019,-0.236502669924,1.58418496851
1020,1020,0.482155661339,-1.54819431982
1021,1021,0.680783482733,0.0135876567027
1022,1022,0.237982474261,-1.64303773882
1023,1023,-0.73198138507,1.66857332712
1024,1024,-0.216061363031,0.924606525179
1025,1025,-0.0205984992539,1.01545018634
1026,1026,0.524570027302,0.220249568841
1027,1027,-0.306240738663,-0.182577777059
1028,1028,-0.93419543016,0.203708682654
1029,1029,2.64286722679,0.137223837122
1030,1030,-0.517624541827,1.06388555804
1031,1031,1.11764235831,2.40912292231
1032,1032,-0.567501884495,0.951203491246
1033,1033,-0.861569305655,-0.429483306713
1034,1034,-0.360843082743,-1.96539627069
1035,1035,0.574032885773,-0.955026243059
1036,1036,-0.459473573482,-0.771687010761
1037,1037,0.6357193827,3.03711693068
1038,1038,1.51685107603,-0.999100042774
1039,1039,2.48374235685,-0.79931534561
1040,1040,-0.160918946524,-3.09612155693
1041,1041,2.32876789096,0.18620860646
1042,1042,0.0311752608859,-3.03915075506
1043,1043,0.191806485598,-2.70998034977
1044,1044,-0.810215606781,1.76123617035
1045,1045,-1.12823696256,2.00675804116
1046,1046,-0.862513571448,2.21761391259
1047,1047,-0.468207971648,1.57719548077
1048,1048,0.936424632745,-1.82700660982
1049,1049,0.121441665972,3.00666116753
1050,1050,1.86558076535,-2.28459093319
1051,1051,0.525505165339,-2.50639219613
1052,1052,-0.878719668446,2.1553878969
1053,1053,-1.26108717332,2.39011690623
1054,1054,-0.747960130081,2.29368871112
1055,1055,-0.290098013899,2.5339156958
1056,1056,0.728466145183,-2.79231924569
1057,1057,0.255333541304,-1.93796615983
1058,1058,0.292558630389,-2.70326480947
1059,1059,0.0954803098169,1.81173898236
1060,1060,-0.12422332845,2.65308052693
1061,1061,0.970156039824,-1.70770206553
1062,1062,-0.205678102084,-2.23968448767
1063,1063,0.718277082178,-1.83389250717
1064,1064,-0.157146346032,2.31686826155
1065,1065,-0.152133208468,2.7091636465
1066,1066,0.148342533705,2.02468531323
1067,1067,-0.376724646089,2.44717650335
1068,1068,0.654718203038,-1.90545569484
1069,1069,0.178069487919,2.91755248748
1070,1070,-0.472192844264,2.25078855176
1071,1071,0.389241285311,-2.25696550981
1072,1072,2.45674008891,0.920106799438
1073,1073,0.191789551782,-2.77437814496
1074,1074,3.85998969927,0.850469671897
1075,1075,-1.03680321622,-1.08246992289
1076,1076,0.542424707636,0.519706471266
1077,1077,-1.26922706271,-1.12710907926
1078,1078,-1.35595141441,-1.29714675543
1079,1079,-0.572329311754,1.77620035314
1080,1080,-2.12138836145,-1.96598619227
1081,1081,-2.13655177787,-2.00095576674
1082,1082,2.36916819492,0.129076618044
1083,1083,-1.42503579022,-1.75218155304
1084,1084,-0.531174141684,1.71673933118
1085,1085,0.525961009621,1.55491087539
1086,1086,-0.159778474156,0.282811110871
1087,1087,-1.19833198987,0.761708422442
1088,1088,0.354705349905,1.55721070452
1089,1089,-0.18707645873,1.1575480637
1090,1090,-0.457367980485,-1.04852295774
1091,1091,-1.17443686084,0.972257932472
1092,1092,0.385115289218,1.48707117834
1093,1093,-0.854078525731,-1.74303397518
1094,1094,0.0492409063551,-2.62449818282
1095,1095,-1.17214721892,2.91146159851
1096,1096,0.46956853965,-2.85612419355
1097,1097,0.263618836233,-2.5707696439
1098,1098,0.335359405195,-2.5005472859
1099,1099,-0.106835773534,-2.36253376104
1100,1100,0.456375203349,-2.11113076576
1101,1101,-1.59979430233,-1.86863850329
1102,1102,-0.37481786262,-2.16519994825
1103,1103,0.128127883861,-2.60975001178
1104,1104,-1.21926869101,-1.59997565922
1105,1105,-0.0439342125598,-2.47291088261
1106,1106,2.79557781292,0.343334630337
1107,1107,-0.236198160554,2.00146063664
1108,1108,-1.84839727746,-2.0134068113
1109,1109,-0.209280022047,2.19855333817
1110,1110,0.521412043906,-1.20018418923
1111,1111,-0.50762269986,2.54556367812
1112,1112,0.914993144338,-1.76540407511
1113,1113,3.25530577301,-0.591345736434
1114,1114,2.02465992101,1.05155644976
1115,1115,0.108853904275,-2.91072776774
1116,1116,0.68474566781,-2.39586461207
1117,1117,-0.483416979354,1.08543676019
1118,1118,1.45657883427,-2.09641319341
1119,1119,1.35480742494,-0.834767895547
1120,1120,-0.852894771075,1.76180424859
1121,1121,-0.697485347541,2.30515680671
1122,1122,-0.285892335061,2.54110957718
1123,1123,1.1109152441,0.336432518524
1124,1124,-0.718207312015,-1.65009909098
1125,1125,1.74563655278,-2.03430935456
1126,1126,-0.242003885801,2.63233196162
1127,1127,0.33346040805,1.26386827437
1128,1128,1.62354240791,-0.986519409953
1129,1129,-0.658304463025,1.97353242372
1130,1130,0.975614157224,-1.60483319906
1131,1131,-1.53197469425,-2.15654660258
1132,1132,0.585828911029,-1.70173643025
1133,1133,-0.219560991232,-2.21005379598
1134,1134,0.384244401751,-3.24787646062
1135,1135,0.795284894725,-1.91646505409
1136,1136,-0.115432922568,2.7645418453
1137,1137,-0.0454435281522,-2.09337560325
1138,1138,0.221355004931,-2.55967244286
1139,1139,0.610213001719,-2.51483609292
1140,1140,-0.669313264404,2.18089682576
1141,1141,0.436713581661,2.40977022833
1142,1142,-0.318146292502,2.51540413085
1143,1143,1.31250658037,-1.56956325323
1144,1144,2.19035944465,1.47504137754
1145,1145,2.82392787232,0.137250927895
1146,1146,1.36044498518,1.4428735727
1147,1147,0.23647189953,2.31615005832
1148,1148,0.292115765091,-2.78284480324
1149,1149,0.478534072726,-2.52324534669
1150,1150,2.92595529035,0.262845666428
1151,1151,0.252592953262,2.54147947924
1152,1152,0.596294342426,2.9156400928
1153,1153,3.14497982128,-0.109064876254
1154,1154,-0.236971374289,-3.0626246877
1155,1155,-0.178452983583,-3.03405452363
1156,1156,2.24236444951,0.550732119784
1157,1157,0.112117075193,2.62284466565
1158,1158,2.14982482229,0.508807028895
1159,1159,2.26051036976,0.0177490618712
1160,1160,0.169294954592,2.82121791659
1161,1161,0.14028215616,-0.859790095643
1162,1162,-0.0706314788514,2.51208258536
1163,1163,0.388394892281,2.08555492293
1164,1164,0.364156838541,-1.74730138195
1165,1165,1.51335564323,0.481379718591
1166,1166,0.487055864258,1.90947678875
1167,1167,2.88690368557,0.040108713551
1168,1168,1.11730852804,-1.56174437707
1169,1169,2.64518458554,0.247289605559
1170,1170,2.35647773957,0.233124537034
1171,1171,-0.249598151772,-2.96522903388
1172,1172,0.376206093274,-2.87641432276
1173,1173,-0.597676113366,2.91365276423
1174,1174,-0.341803523347,3.19061962085
1175,1175,0.422496410784,2.33223497909
1176,1176,0.28614233962,3.1360296653
1177,1177,0.116083478018,-1.74268332725
1178,1178,1.60172858927,0.366424044425
1179,1179,-0.567082092399,-3.02305308993
1180,1180,-0.421084182781,-2.970952473
1181,1181,2.49088827703,0.579665723835
1182,1182,-0.301100050641,-2.496904067
1183,1183,-0.302752409339,2.65972782276
1184,1184,-0.35310230078,2.57373816105
1185,1185,1.39154781998,-2.14331749186
1186,1186,-0.134317323238,-2.38326738055
1187,1187,-0.47349620672,-2.29223983001
1188,1188,1.02412281928,-1.77348010453
1189,1189,-0.15593113673,-2.69573780983
1190,1190,-0.512331891941,-2.75716237518
1191,1191,-0.397237732086,-2.4744054458
1192,1192,-0.518702409281,-2.33915579787
1193,1193,-0.673093366495,-2.40578518835
1194,1194,-0.0791588296192,-1.91897783728
1195,1195,-0.293388962438,2.60178483094
1196,1196,2.1346761266,-0.0767037013858
1197,1197,2.77962060053,0.506350728606
1198,1198,3.01974663342,0.625268456453
1199,1199,2.65945594742,0.158433593369
1200,1200,1.0334723231,-2.93129153769
1201,1201,0.819359696481,-2.24472561747
1202,1202,-0.603706569573,1.87601691777
1203,1203,-0.805604616442,2.68997463895
1204,1204,-0.516250587571,2.45965609177
1205,1205,1.59881321491,-2.29478053666
1206,1206,-0.227391590685,2.41167153839
1207,1207,0.0695209959999,-2.4107652663
1208,1208,0.438308307284,-2.41091866527
1209,1209,2.61629563057,0.203315885749
1210,1210,3.26073122719,0.196241849548
1211,1211,-0.117816288208,2.2614519482
1212,1212,1.04283191548,-2.17091437228
1213,1213,2.73687602544,0.0527136972652
1214,1214,1.74652975603,0.576316219057
1215,1215,-0.0757951943669,-2.95214617602
1216,1216,-0.025916995471,-1.90101220135
1217,1217,0.0725826882409,-2.76522965498
1218,1218,0.242594040495,-2.10723618765
1219,1219,2.29899635813,0.151880122224
1220,1220,1.8207179476,-1.5319072543
1221,1221,1.68155777984,-1.30064129318
1222,1222,1.3783164232,0.755888341058
1223,1223,1.39866494254,-0.98148773227
1224,1224,2.74107227241,-0.263884534136
1225,1225,2.63067759525,-0.0537869299975
1226,1226,0.375437972668,-0.0958587784568
1227,1227,-0.220405482011,3.35957697319
1228,1228,0.645190123716,0.0131360513632
1229,1229,0.298121204436,2.4883171243
1230,1230,0.237446068137,-3.08669587474
1231,1231,0.291069007822,-2.89470531315
1232,1232,-0.127903853712,2.85607185667
1233,1233,1.29376400508,-2.27513880197
1234,1234,-0.0369650152035,2.5728951039
1235,1235,-0.126921947334,-2.01763827736
1236,1236,2.76181182664,0.231036082371
1237,1237,0.396265701673,-2.50040145111
1238,1238,-0.0125266322964,3.12857619532
1239,1239,1.06188979155,-1.7765416776
1240,1240,-0.145464387919,-1.92310285246
1241,1241,3.07820797616,-0.0240883823308
1242,1242,0.196531936424,-2.57159107174
1243,1243,0.305008258853,-2.87074079211
1244,1244,0.558455504861,-2.63007300826
1245,1245,-0.414606499225,2.86107965549
1246,1246,0.187149534646,-2.47604515127
1247,1247,-0.399614880255,2.78895365398
1248,1248,0.0725371559697,3.24701185343
1249,1249,0.923327083134,-2.84538455832
1250,1250,-0.378499549093,2.42031901512
1251,1251,0.11335369445,3.09587568484
1252,1252,0.100453017393,2.92680615797
1253,1253,0.614266321727,-2.05888723813
1254,1254,2.47377224619,0.782827985487
1255,1255,2.81888837886,0.0591101897752
1256,1256,2.41548930698,-0.239772998163
1257,1257,2.87030442691,0.38749764137
1258,1258,2.37866963879,0.534414937817
1259,1259,2.56859876965,-0.130927664144
1260,1260,2.52292683433,-0.0946265227187
1261,1261,2.97832267669,0.376888235544
1262,1262,0.395745967361,-1.87657157192
1263,1263,0.148214906389,-2.20327866361
1264,1264,2.32101568959,-0.239873109849
1265,1265,0.392663075918,3.45604831893
1266,1266,1.32879741963,-0.0298537572344
1267,1267,1.81803769641,-0.166967905228
1268,1268,0.27870622529,-2.18428472738
1269,1269,0.331838221133,-2.37772954351
1270,1270,2.06035581402,-0.205295397781
1271,1271,0.416143354549,2.9971964679
1272,1272,1.7079643899,0.652001662523
1273,1273,-0.365204095067,-2.25220318461
1274,1274,0.741037259721,-0.52146356481
1275,1275,-0.236303129648,3.06486842222
1276,1276,0.251591117538,-2.74036789941
1277,1277,0.619921417948,-2.8260733535
1278,1278,2.46095146999,0.0154487112638
1279,1279,2.21471361459,0.278778143191
1280,1280,0.812532914058,-0.210417978498
1281,1281,2.43084462479,-0.0612738728169
1282,1282,2.52691877121,-0.219082866615
1283,1283,2.47002149036,0.284068977498
1284,1284,-0.474479729333,-1.89188363257
1285,1285,1.48192560369,-1.92878686443
1286,1286,0.0644654334175,-0.461194135238
1287,1287,1.39041689044,0.455194773754
1288,1288,-0.316281516483,-2.30477824247
1289,1289,-0.277799732244,-2.35686660388
1290,1290,0.0897017386412,-2.71183107013
1291,1291,0.871668053584,-0.506562161017
1292,1292,0.408720075151,1.63465144706
1293,1293,2.42278935264,0.217552809658
1294,1294,3.0108720706,0.109106406333
1295,1295,0.66598572929,-0.644184178897
1296,1296,0.0293618810302,-3.19353922269
1297,1297,0.390628885613,-2.47252961358
1298,1298,1.56869321934,-0.999808212662
1299,1299,-0.211350411046,2.84567586237
1300,1300,1.03106735226,-2.76266610488
1301,1301,0.0191464725651,2.38178517107
1302,1302,-0.127087140079,1.80723037207
1303,1303,1.56503871866,-2.65928276578
1304,1304,-0.659743016953,2.5321652265
1305,1305,-0.359072860095,2.21728949271
1306,1306,-0.528109395814,2.09592965963
1307,1307,-0.657930100005,2.59414364181
1308,1308,-0.803467823116,2.7468095242
1309,1309,-0.180843919371,2.58570714265
1310,1310,0.680537155854,-2.68921029464
1311,1311,0.00838933859266,-2.50100517266
1312,1312,0.193120903392,3.12669328184
1313,1313,0.194767629186,-2.81095511402
1314,1314,1.6127245802,-3.05122595608
1315,1315,0.388273444855,-2.28660441692
1316,1316,-0.660697583442,2.37862644602
1317,1317,0.58507820858,2.85202370016
1318,1318,0.93447481022,-2.75014532614
1319,1319,-0.0841492860869,2.81597795057
1320,1320,0.062848081937,2.84182332949
1321,1321,-0.719469997699,2.07762765999
1322,1322,0.0611579699553,2.64066293658
1323,1323,-0.0759252277657,2.74270766667
1324,1324,0.817393851792,-1.90841232849
1325,1325,1.01133502736,0.804078780595
1326,1326,2.57961056284,0.176603350877
1327,1327,0.0379175043487,-2.4566727861
1328,1328,0.176214396614,-2.51271612375
1329,1329,3.1622992467,0.483246183449
1330,1330,0.0464806342714,2.95667524185
1331,1331,1.21921698115,-2.40296505654
1332,1332,1.31972119944,0.314141871306
1333,1333,0.0593437089017,-2.8489929912
1334,1334,-0.158143858116,1.90347382111
1335,1335,0.265676671089,1.63056506396
1336,1336,1.06175592444,1.73876879224
1337,1337,-0.283513869261,1.66933466926
1338,1338,1.59314159423,0.897068538083
1339,1339,-0.386914843,1.98716971622
1340,1340,1.81765390016,1.62912040203
1341,1341,1.8950475007,1.99809365141
1342,1342,1.95393705561,1.35893188535
1343,1343,0.322030957438,-2.66090931339
1344,1344,-0.30951054798,-2.11157734468
1345,1345,1.58054013029,0.659813444538
1346,1346,0.801768552035,2.00855742837
1347,1347,1.86687212878,0.169140112208
1348,1348,1.3824916613,1.68048247581
1349,1349,-0.107865102201,2.8798538635
1350,1350,-1.04659735894,-1.6266112172
1351,1351,2.17445349888,0.931826066531
1352,1352,-0.992779632595,-0.696130522124
1353,1353,0.880420952666,-2.12627978077
1354,1354,0.0766429332678,1.84585816339
1355,1355,0.967394454505,0.788295182828
1356,1356,1.82048976546,0.190244513469
1357,1357,1.41862751381,1.91050086801
1358,1358,0.641852961561,1.63854384481
1359,1359,0.655567475316,0.350164341256
1360,1360,2.36805853393,0.838452244567
1361,1361,0.533077412382,0.358688264327
1362,1362,-1.10158982533,-1.47023554664
1363,1363,-0.175673233818,-1.20379791274
1364,1364,2.00970429829,0.367952503088
1365,1365,1.24506241919,-0.689044225895
1366,1366,2.20019449424,-0.305913631625
1367,1367,-0.658075070963,0.831037244895
1368,1368,0.481701303458,2.09894689348
1369,1369,1.19853535257,-1.88263661011
1370,1370,1.004002202,1.85221295854
1371,1371,3.12459056584,0.109983320499
1372,1372,1.91493730138,0.34551167568
1373,1373,-0.330752466007,1.46415089879
1374,1374,2.03890893889,0.729878769606
1375,1375,1.10813835085,0.962615950994
1376,1376,0.895314621961,1.09377010575
1377,1377,-1.11018582922,-1.25722267771
1378,1378,0.338113585383,-1.62039090215
1379,1379,1.68580743968,1.36448942575
1380,1380,-0.0547045583796,1.676991337
1381,1381,0.89473709631,1.25410506196
1382,1382,0.171883504324,-2.14151711496
1383,1383,0.003199941887,1.34342095054
1384,1384,1.60159113869,0.498789271282
1385,1385,2.61175463139,0.535406846337
1386,1386,1.37673573369,1.1265916354
1387,1387,2.17484402466,1.45609824801
1388,1388,2.59830386177,0.333552841044
1389,1389,1.79449745563,1.48339055446
1390,1390,-0.102900022414,2.838766186
1391,1391,-0.125604676572,2.12124727002
1392,1392,1.27624390284,-2.4104261948
1393,1393,0.781733658136,0.45905041268
1394,1394,0.785927429381,0.11135148037
1395,1395,2.32820488601,0.123995818508
1396,1396,1.91701372142,0.0705711944442
1397,1397,1.73422310541,-2.3269842293
1398,1398,0.535525962169,1.2660364125
1399,1399,0.0904914451433,-2.16212569578
1400,1400,1.07496569189,0.355435143769
1401,1401,-1.28420999221,-0.799007765628
1402,1402,0.037119833538,1.89601965107
1403,1403,1.29830157027,0.142943874679
1404,1404,0.589694023997,2.30811027454
1405,1405,1.21619943593,1.40072052021
1406,1406,-0.477612253785,3.1455594023
1407,1407,0.797204516862,4.5344557935
1408,1408,-0.329077982981,3.18492626864
1409,1409,0.549752183674,2.99200224137
1410,1410,0.24971350009,2.03412032385
1411,1411,0.926112427563,2.00618254827
1412,1412,0.213891920315,2.49762738118
1413,1413,0.541235375303,2.93112893759
1414,1414,0.0511495291897,2.33643890036
1415,1415,0.75257002022,2.75390813302
1416,1416,0.403529240171,2.37988694716
1417,1417,1.94251170457,0.0300771507435
1418,1418,-0.25195598626,2.05123356473
1419,1419,0.658614269273,0.375175440289
1420,1420,-1.81237574226,-1.43089393579
1421,1421,0.270565549505,0.106460429681
1422,1422,0.617105419628,0.133573744562
1423,1423,3.39860567944,0.243615068635
1424,1424,-0.0102726890711,-3.46615422111
1425,1425,0.359079808535,1.49454140587
1426,1426,0.0702066126801,0.575355559516
1427,1427,1.97510951551,0.182860805048
1428,1428,3.82309093279,-1.42892673244
1429,1429,2.55476666431,0.10491170417
1430,1430,2.38083351567,0.949774425466
1431,1431,2.60766532483,0.293240841627
1432,1432,3.04836550666,0.146389953182
1433,1433,2.28077392032,0.338775843517
1434,1434,0.832307433957,0.711934472293
1435,1435,1.56650065018,1.16512585578
1436,1436,-0.272288404883,-2.61543244028
1437,1437,2.21271580173,0.268962873633
1438,1438,-0.176284247632,1.69455673235
1439,1439,1.29641250392,1.63714742599
1440,1440,1.28734049239,2.07208437559
1441,1441,0.637655502547,0.784689323625
1442,1442,0.867196544117,2.02181847663
1443,1443,0.537465433519,-2.34251662776
1444,1444,1.81516954976,2.17753341813
1445,1445,1.11494197407,2.43936651062
