,vote,alpha,beta
0,0,-0.208793649996,2.41037516216
1,1,-0.275334464824,-2.23150667886
2,2,2.51603503614,0.177298856624
3,3,2.55357633179,0.0225972814906
4,4,0.567149508935,-1.45982609883
5,5,2.81332471695,-0.306197338345
6,6,2.00301715312,0.596718512197
7,7,1.88971132774,0.478808098621
8,8,0.125554139994,-2.03010166609
9,9,1.27379408742,-1.53015784578
10,10,2.64964079816,-0.0787018926998
11,11,2.48860941353,-0.18976159872
12,12,2.75462008567,0.419890457949
13,13,2.64462698899,-0.0259831534595
14,14,2.45976180814,0.116702816579
15,15,2.05631098068,0.171185184161
16,16,-0.330121345715,2.26905946041
17,17,0.651742747766,-0.632732858401
18,18,2.32384271056,0.405536367608
19,19,2.64395516616,-0.215277003036
20,20,1.52813289504,-0.700415225292
21,21,0.16210894646,-2.58588646866
22,22,-0.269056467809,-2.02433674105
23,23,2.54399624753,-0.183030252772
24,24,0.654136637487,-1.95017758512
25,25,1.29688430001,-0.273530430998
26,26,-0.938598898999,-0.067227070318
27,27,-0.1641204185,2.60772024622
28,28,2.55936200408,0.305122976265
29,29,2.41580771827,0.123172177998
30,30,2.48628728655,0.0982425400584
31,31,2.27668020314,-0.107985100936
32,32,0.515793087187,-2.57568181963
33,33,0.113761776615,-2.36179939571
34,34,1.38042136322,-0.333932430055
35,35,-0.250942888117,2.25759249979
36,36,-0.271196446301,-2.07315758301
37,37,0.194020063099,-1.98776131266
38,38,0.302178542404,-2.30868186711
39,39,-0.811939436018,-1.27179120595
40,40,1.70734850418,-1.48078582447
41,41,-0.161460372129,2.25183223127
42,42,-0.164766216512,-2.38646727974
43,43,2.25689732669,0.0184902039003
44,44,2.55375729268,-0.146068887094
45,45,2.66732987369,-0.149215460738
46,46,2.3207598692,0.046913107637
47,47,2.00487991466,-0.0719814939642
48,48,2.36740757053,0.293845009259
49,49,1.33634997809,1.26271443148
50,50,-0.117599870558,-2.17483714253
51,51,0.628756679445,-2.50341546621
52,52,-0.242667694886,2.28932355038
53,53,0.028043126747,-2.47951137979
54,54,-0.168263533046,-2.41853661896
55,55,0.10385592458,-2.04497412311
56,56,0.402878847799,-2.09903134854
57,57,-0.522151420807,2.11117828966
58,58,0.129863571196,2.53028412133
59,59,-0.0986448068669,-1.82798084055
60,60,0.663533459335,-2.24619878638
61,61,1.99359267096,-0.0236431039009
62,62,2.4335069976,0.177915623797
63,63,2.32999872502,-0.0977869288513
64,64,2.61307192398,0.15071598171
65,65,2.4513261703,-0.12989421676
66,66,0.0263798978084,-2.36347334788
67,67,0.642073674004,-2.54498728681
68,68,0.719691595252,-1.99520498502
69,69,-0.289751983069,-1.93696703259
70,70,-1.13982459097,1.73034744263
71,71,-0.489281636029,1.79805279336
72,72,-0.665085898738,1.90014669538
73,73,-0.749388873911,2.09551767981
74,74,-1.18144031519,2.30649049167
75,75,-0.523048930821,2.08426442252
76,76,-0.323695643722,2.04521806364
77,77,-0.647372868749,1.53349205554
78,78,-0.0917313605201,2.20806120632
79,79,0.56437370853,-1.89223970224
80,80,-0.417086660479,-1.86310416173
81,81,-0.140515994824,-2.14404400483
82,82,0.0102502083637,-2.20967911666
83,83,0.106173453312,2.46525380764
84,84,-0.199903038215,-2.03442962824
85,85,2.1597734466,-0.0426352727303
86,86,2.07838138067,-0.515889522121
87,87,-0.0809449576383,-2.2596020925
88,88,-0.000843896785803,-2.37089725246
89,89,-0.769202028589,-1.05634317411
90,90,0.334572126257,-0.478150433173
91,91,-0.348449675614,-2.12140894056
92,92,-0.680084658494,1.85457867785
93,93,-0.379020384255,-1.68532727083
94,94,0.179746098407,1.98010626627
95,95,1.96671961534,-0.0634879199941
96,96,-0.928782647117,1.96038304499
97,97,-0.518824470888,1.94270757259
98,98,-0.338155222538,0.364965700903
99,99,-0.0836475799324,2.02160789178
100,100,-0.0903698940478,1.76671350941
101,101,-1.10910526115,0.658283411948
102,102,-0.363600067281,-1.74398316468
103,103,-0.8505532175,1.60348877313
104,104,-0.479030823929,-1.02745357784
105,105,-1.23387047573,-0.0614349176175
106,106,0.595757128109,0.953757235661
107,107,0.164686719894,-1.53580936721
108,108,-0.495933777449,0.670291947896
109,109,-0.441867574488,0.505054082546
110,110,1.10113717979,1.29830065608
111,111,-0.206786826379,-2.14028495643
112,112,-0.234820540978,-1.3117356553
113,113,-0.212987193631,-2.15838617818
114,114,-0.0842177579139,2.0510242333
115,115,0.328884697486,-1.51327441146
116,116,2.29256956879,-0.00684242641397
117,117,2.64042691955,0.0711986393065
118,118,0.331098749409,-2.12747505146
119,119,1.85036478184,-0.199150326458
120,120,2.21489509357,-0.432040174575
121,121,-0.162077205989,2.05712015355
122,122,1.07465322445,-1.44191914648
123,123,2.31638914221,0.133551707096
124,124,0.455588800035,1.54370004973
125,125,0.242908874897,-2.28937774845
126,126,0.16108574055,-2.0480754614
127,127,-0.939007910861,0.62460649831
128,128,0.186744211937,-1.98752513575
129,129,-0.367707425187,-1.44690423063
130,130,-0.775196310734,-1.52479827154
131,131,0.964303594282,0.852551954419
132,132,-0.457175576156,-1.79434075935
133,133,0.290105428684,1.49555913557
134,134,0.137438583949,-1.90609018605
135,135,0.944714308215,1.87852133948
136,136,-1.54020023993,0.968091339303
137,137,-0.430524855001,0.93573943873
138,138,-1.35435462065,0.781138665727
139,139,-0.205491409954,1.80727508153
140,140,-0.429204754465,0.201261769445
141,141,-0.65119513915,0.466637681433
142,142,0.35874904465,-1.85723882158
143,143,-0.662772835784,1.72251079272
144,144,-1.38190808396,1.90325802913
145,145,-0.75765127898,1.24227149618
146,146,1.67703645312,0.611971425649
147,147,-0.0925605837597,1.36551182234
148,148,2.48198077203,0.231802823998
149,149,2.29013029419,-0.104079999574
150,150,-0.0596036037245,2.08538027766
151,151,0.739892740617,-0.682861286118
152,152,2.63079738706,-0.230024714554
153,153,2.41244350328,-0.0474680842886
154,154,2.40459862532,-0.0409844972365
155,155,0.0992430512456,-2.58230050064
156,156,-0.0793301192485,-2.05388236765
157,157,2.54630618384,0.174871728154
158,158,0.00775812277433,-2.22057750592
159,159,1.95839832078,0.499279271311
160,160,0.265580547011,-2.4167013012
161,161,0.467980501865,-1.89497133887
162,162,-0.136840702942,2.07584867911
163,163,0.388243719516,-0.390954429806
164,164,-1.11506241895,-0.884070466105
165,165,-0.12751287109,1.74437348852
166,166,0.150844294328,-2.39538105929
167,167,-0.749783822111,1.46394886063
168,168,1.04906412052,1.41609529741
169,169,-0.0547615886377,-0.00494074890546
170,170,-1.03385196071,-0.730380997327
171,171,-1.16429551519,-1.04359793085
172,172,-0.821700439633,1.16718269718
173,173,-1.10812177283,-0.704195205169
174,174,-0.800784087289,-1.79662003256
175,175,0.170070556827,1.55521132404
176,176,0.0184864753064,0.630803132418
177,177,0.263588311363,-2.14385581361
178,178,0.0496912479443,1.09328489855
179,179,-0.345283846526,-1.32039987028
180,180,-0.934136575934,-1.51204039534
181,181,1.07769031397,-0.43960241057
182,182,-0.186250972511,-1.18649094555
183,183,0.052184511446,1.14919969756
184,184,-0.0418795022507,0.459420644231
185,185,-0.225696374347,0.26334327167
186,186,0.578354219515,-0.500543124067
187,187,0.147856210298,-0.522781281276
188,188,-0.0705429070191,-0.679450121789
189,189,-0.211386949492,-0.218664627273
190,190,0.153511781127,0.377226082181
191,191,-0.973112913563,-1.68330036708
192,192,-0.0534544366143,-2.18241399152
193,193,0.0555324512034,2.75843345614
194,194,-0.346695760924,-0.862761648152
195,195,2.1779044724,-0.0744712215776
196,196,2.22626747874,-0.114163032492
197,197,0.174836116208,-2.45046249635
198,198,-0.989602377205,1.46975383158
199,199,0.0944336459122,-1.9009434128
200,200,0.245521526739,1.52812353243
201,201,-0.11879413378,1.99616082739
202,202,1.22264573272,-2.15912736727
203,203,2.21593679972,-0.32156189763
204,204,-0.452221546208,2.36273657799
205,205,0.467532284883,-1.82006554818
206,206,0.255231941803,-1.56401133699
207,207,0.207949865191,-1.92783498026
208,208,-0.4107135397,1.87709142663
209,209,0.086482478747,-2.29665546722
210,210,0.363089112406,-0.615757165848
211,211,-0.204575163157,-2.06165282642
212,212,0.424860154331,1.9028364502
213,213,-0.764294467318,2.05004686971
214,214,0.033622682122,2.32515735102
215,215,0.344988502914,-1.79042482677
216,216,1.97613978914,-0.771721086662
217,217,1.43581504227,-0.987441169641
218,218,2.38367867843,0.316643063777
219,219,0.137670779373,-2.24011155726
220,220,0.430008372582,-2.12402672064
221,221,1.65240911269,0.52161115397
222,222,-0.566075867226,2.26498212552
223,223,-0.0641704297037,1.86206044883
224,224,-0.98039661876,1.57738305284
225,225,-0.444055739354,0.378860975897
226,226,-1.03649229605,-1.55457610261
227,227,-0.81522155651,1.72438276019
228,228,-1.01917112493,-1.69544804793
229,229,0.267483171995,1.96708816881
230,230,-1.07745367418,-1.22709136637
231,231,1.71057030312,0.910245286708
232,232,0.140828549521,1.62389963544
233,233,-0.700789503433,1.92347001342
234,234,-0.577570324998,1.76833270328
235,235,-0.945756188108,1.90154152727
236,236,-0.932611755708,1.78404635046
237,237,-1.03357518846,0.661700956003
238,238,-0.735291555514,1.49766968292
239,239,-0.770939114282,1.24112298784
240,240,-0.955250946462,1.69345906121
241,241,-1.05405536193,1.78341822904
242,242,0.0998401754073,-2.09547629367
243,243,-1.10634528459,-1.66948780704
244,244,-0.564446005774,1.88215744576
245,245,-0.139233183065,1.07605635362
246,246,-1.42496417444,-1.12601941085
247,247,-0.223933706137,1.30097660316
248,248,-0.781042586375,0.315746379488
249,249,-0.514392087181,0.224653006494
250,250,-1.12056796654,0.823227392854
251,251,0.226376681054,1.3625736517
252,252,-1.58251257368,-1.40004172779
253,253,0.169315560405,-2.0792150557
254,254,0.0823081726328,-1.88798264648
255,255,-0.80856425522,1.57909089454
256,256,-0.223993907238,0.684422713593
257,257,-1.12474298281,-1.49234139065
258,258,-0.206467859689,2.2213508867
259,259,-0.0480070298292,-1.90156790833
260,260,0.125756882574,-2.49241414374
261,261,0.138437709879,-2.15692889604
262,262,-0.105623165059,2.01581654061
263,263,0.0818519861726,-2.513626712
264,264,0.356705070456,-2.58515047825
265,265,-0.271071596868,2.48556712623
266,266,-0.294667713065,-2.23507460008
267,267,2.4229652882,-0.254432918727
268,268,2.49710959254,0.0637013985223
269,269,2.86363868829,-0.14967543223
270,270,0.0189107489897,-2.27434050706
271,271,0.0590986049177,-2.18658623803
272,272,-0.937953664026,0.259912561829
273,273,-0.350320548474,2.38310902166
274,274,1.0025319273,-1.74367169
275,275,-0.0736428968619,2.38889775505
276,276,0.536952328343,-2.08043237897
277,277,0.176788316115,-1.8763242631
278,278,0.237759788646,-2.36700761663
279,279,0.957482997689,1.47877739928
280,280,0.612437839381,-2.22631041449
281,281,0.57334387037,-2.12791797663
282,282,-0.0919009466809,2.2084593762
283,283,0.0809888961789,-2.19370826209
284,284,-0.267616806096,2.04720335143
285,285,-0.122293095194,1.95060602051
286,286,0.145841413625,2.90535668162
287,287,-0.356623725747,-1.77198718953
288,288,2.12394084638,0.104788317547
289,289,2.75276640805,0.0560712643983
290,290,0.132329335039,-2.06188513991
291,291,0.0588279650327,-2.1608150467
292,292,-1.55364353405,0.729809115963
293,293,0.884057809112,-1.7914261568
294,294,-0.681010524608,1.6335597487
295,295,-0.68252150475,1.27597216578
296,296,-1.53637097398,0.801009881567
297,297,-1.02723376075,-0.69733072733
298,298,-0.384321070328,1.29705534806
299,299,-0.490394823032,1.78459661821
300,300,-0.198224230968,-0.452134075609
301,301,0.430124559699,0.00700568408702
302,302,-0.170553154848,0.497315984015
303,303,0.161686101053,0.395604913945
304,304,1.0130648052,-0.555001608217
305,305,1.00405561365,0.393349038707
306,306,-0.382408150768,0.532026464796
307,307,0.748793887576,-1.65775203605
308,308,0.724217461105,-0.230386062406
309,309,0.258469648389,-2.44010622011
310,310,1.06324526689,0.815399440964
311,311,-1.1029537226,1.08569121674
312,312,-1.0933805952,1.52656109853
313,313,-0.0950637199394,-0.498645498689
314,314,0.135309825671,-2.5472918077
315,315,0.167033427846,-2.45030194435
316,316,2.34860485141,-0.035510672267
317,317,0.40138488959,-2.14096666767
318,318,-0.396210316922,0.292101687865
319,319,0.150113269049,-2.06148320798
320,320,0.203834746443,1.12518106792
321,321,-0.598276753961,-0.819416861006
322,322,0.72784848472,-2.30611689401
323,323,0.421453205196,0.322368565138
324,324,0.80142185027,1.38068130058
325,325,-0.450797609158,1.54979622525
326,326,-0.137871337418,1.72046245837
327,327,0.0217253219363,-2.52263994012
328,328,-0.256664405524,1.10721087323
329,329,2.48571253818,-0.651088108509
330,330,-0.055614011701,0.221692140512
331,331,-0.224744970276,2.22949141041
332,332,1.10459041148,-0.986792731823
333,333,-0.398683722785,2.0617730586
334,334,-0.679385238254,2.04951898313
335,335,-0.187321498817,2.41941128155
336,336,1.15632536666,-1.62823587963
337,337,1.42167231396,1.23058824473
338,338,-0.201459198051,-2.46499461102
339,339,0.310899494901,0.69463496174
340,340,-0.0685361611262,-0.480408238175
341,341,-0.478728454658,-0.986517162626
342,342,-0.590044707475,1.19310845346
343,343,-0.818862360485,0.925950449554
344,344,-0.760075084725,0.940780574949
345,345,1.68237672744,-0.299255090776
346,346,1.69416417384,-0.319494311457
347,347,-0.386594645929,2.27459557697
348,348,-0.486898022094,2.27136227172
349,349,0.0361216783203,-2.00279404175
350,350,0.325100965933,-1.83351602546
351,351,-0.152429557492,2.25385428336
352,352,0.321892398908,-2.02002212878
353,353,0.265154325508,-2.09382500142
354,354,0.0941738738596,-2.27038100085
355,355,2.17777893247,-0.0225098890327
356,356,0.666970725122,-1.84103757888
357,357,0.543787451494,-2.1635994617
358,358,0.256095055229,-2.00896130542
359,359,1.1268513043,-2.03432905179
360,360,0.522534440527,-1.24346251314
361,361,-0.273949885374,1.90944932531
362,362,-0.462571094594,2.11160749979
363,363,-0.108185400495,2.51137693435
364,364,-0.0983029176289,2.30643112166
365,365,-0.0117529889988,2.27919440503
366,366,0.301394096347,-1.99391831017
367,367,0.106091919972,2.45936715697
368,368,-0.134115431768,-2.13452721319
369,369,1.80379337281,0.759395657177
370,370,2.86265614631,0.309445430122
371,371,2.20790239244,0.0712930651556
372,372,2.25436335536,0.412754280758
373,373,2.0719320889,0.362640514034
374,374,2.72142411118,-0.122109920937
375,375,2.22563622474,0.137781307997
376,376,2.25419687759,-0.0450405794857
377,377,1.98101481485,0.0124342780458
378,378,0.0322513736109,-2.44857250829
379,379,-0.0315592108193,-1.99337410533
380,380,0.270911020548,-2.2327196717
381,381,2.36263024697,0.161360706821
382,382,2.57141703862,0.167513316624
383,383,1.9465644796,0.573423418096
384,384,-0.189890505874,-2.45729835827
385,385,0.003609024456,-2.1621895765
386,386,1.75492833785,0.139806642013
387,387,-0.605155861817,2.2105856506
388,388,-0.552823158506,2.15962262451
389,389,-0.513388416021,2.35114988394
390,390,-0.112196672378,2.47904408458
391,391,2.79700931823,-0.278956027332
392,392,0.167598102362,2.23617410808
393,393,0.634775651339,-1.77187834346
394,394,0.0483656715952,-2.25927163239
395,395,-0.223028938345,-2.61465792407
396,396,-0.315982907701,-2.49383351337
397,397,-0.192066885448,2.23977830775
398,398,-0.442047985952,-1.86694649742
399,399,-0.163403409696,2.2730669577
400,400,0.084242787837,-1.86658705838
401,401,-0.250674132098,-1.97205443298
402,402,0.329400714906,-1.77265988053
403,403,0.960953639736,-2.35490567754
404,404,-0.155556533554,2.29356323947
405,405,0.665978544594,-1.91557432919
406,406,0.977797230541,-0.82821516407
407,407,2.41666172928,-0.197696657841
408,408,2.86997534922,-0.392825142709
409,409,2.75921663995,0.166849265818
410,410,-0.300121320423,2.09138378061
411,411,2.28672975275,0.209299718118
412,412,0.307271337732,2.17281367324
413,413,2.3338539587,0.201191861366
414,414,2.68795950534,0.154149738915
415,415,0.0523495201119,-2.07899201065
416,416,0.343514774145,-2.25334993194
417,417,0.220123561826,-2.38348701017
418,418,2.47979765824,0.0268505056975
419,419,0.555258857518,-1.7278050384
420,420,-0.36949989498,-2.63604330125
421,421,2.60779264554,0.00246517339542
422,422,-0.183831719468,2.19524300084
423,423,1.5403276044,0.538662728993
424,424,0.140003713627,-2.48117894034
425,425,-0.0390633937378,-2.08422814145
426,426,1.70051479491,0.722263525685
427,427,-0.101678767082,-1.98900288103
428,428,0.0155872787983,-1.82656499194
429,429,0.839024960578,-1.77837228508
430,430,0.899852687331,-1.67825899993
431,431,0.626279695041,-2.01964065196
432,432,0.00798751063008,-2.26861153588
433,433,0.153741077252,-2.21271937259
434,434,0.0810675301827,-2.15803963053
435,435,-0.231691493476,-2.80707903464
436,436,0.718040773045,-2.00408778143
437,437,0.644498784095,-1.79106460882
438,438,0.119819213886,-2.51009974627
439,439,0.79798940521,-1.81577557723
440,440,-0.0295505499318,-2.20554699421
441,441,0.846923491103,-1.92572606693
442,442,0.0860290700855,-2.54846417698
443,443,1.82177895462,0.182628657362
444,444,0.0943064035973,-2.15129241502
445,445,-0.0595816053164,-2.57729584448
446,446,0.751334484961,-1.87726095347
447,447,-0.0212471055852,-2.45076183583
448,448,0.756377102933,-1.98629791476
449,449,2.9139519532,0.155160202376
450,450,2.7811841508,-0.225247566027
451,451,-0.149612591602,-2.55634612166
452,452,1.04091888063,-1.97651218922
453,453,-0.140063614434,-2.3331696283
454,454,0.871306057894,-2.23453739835
455,455,-0.0533633721184,-2.45898536615
456,456,0.151212634596,-2.17670891245
457,457,0.0370263267377,-2.50090851441
458,458,-0.172758791953,-2.04539004802
459,459,2.66871197999,0.187219273409
460,460,0.000309797591287,-2.43745157501
461,461,0.453409177132,-1.69027765002
462,462,2.31859161453,-0.0663324439391
463,463,0.130240971618,-2.26845379632
464,464,-0.946990423295,-1.47842392585
465,465,0.88198161348,-2.07857309959
466,466,0.327975215975,-2.42733965376
467,467,0.717165584733,-2.05510070825
468,468,-0.127874714245,-2.15603244047
469,469,0.129868660168,-2.23051789215
470,470,-0.0440033696205,-0.275223456353
471,471,0.225797743178,1.86294592883
472,472,-0.0796837616152,-2.2856339577
473,473,0.623774961056,-2.13331368662
474,474,-0.591967287314,1.77785599477
475,475,0.946955577387,1.37749675034
476,476,1.03072323217,1.34381975782
477,477,2.31661705314,-0.00243209931082
478,478,2.72676113754,0.104491568292
479,479,0.23860585389,-2.32862277073
480,480,0.974767150819,-1.51180196654
481,481,-0.405444925245,2.03335972279
482,482,-0.0208261626657,-2.11785249897
483,483,-0.954211251837,1.19799731317
484,484,0.110436847397,-0.0142172585775
485,485,1.81150929403,0.563586065962
486,486,1.98516265188,0.0849089699075
487,487,2.36041864164,-0.0782506486386
488,488,2.26677996587,0.400579481323
489,489,0.41540339835,-2.3024754693
490,490,0.440499710374,-2.06200021472
491,491,-0.81508009099,1.85815528203
492,492,-0.0256053419056,2.33559592093
493,493,0.877340659867,-1.88535291145
494,494,-0.0202686286527,2.23457779866
495,495,1.23123420028,-1.40236115169
496,496,1.75417412661,-0.639693052644
497,497,-0.00757106031421,-2.02193321586
498,498,2.44197519505,0.10267218252
499,499,2.29741346719,-0.0753483996578
500,500,0.074839460628,-2.24381564752
501,501,0.0615485430549,-2.44732344083
502,502,-0.0657567336158,2.30949192275
503,503,-0.112953366968,2.48403487813
504,504,0.0438446147677,2.35586865786
505,505,0.112910444504,2.2214759611
506,506,-0.0572280611319,-1.82922522068
507,507,2.36446091476,0.291719836837
508,508,-0.0303494214294,2.14282413223
509,509,0.119656687263,-2.25810270533
510,510,1.51947031338,1.05144200894
511,511,0.152820186631,-2.47615128162
512,512,0.220058585725,-2.308324246
513,513,-0.0641001768953,-2.88779643783
514,514,-0.301678782635,2.20615699107
515,515,0.759246632857,-1.5723688787
516,516,2.52992483115,-0.0335536009794
517,517,2.43210696318,0.270794531076
518,518,0.160822891957,-2.6874660345
519,519,0.203703737573,-2.42435236427
520,520,-0.0995318528542,-2.32171873425
521,521,-0.195198858214,-2.26411060696
522,522,-0.00350211474324,-2.04746936192
523,523,-0.158111697781,1.9920626403
524,524,-0.363485555429,2.26878430504
525,525,0.186882196362,2.15359660016
526,526,-0.0366277579545,1.80439031494
527,527,-0.157345265693,2.17864660372
528,528,-0.468350035065,2.28918004819
529,529,-0.0571480181396,-2.38831130096
530,530,-0.443742697634,-1.94167776399
531,531,0.309654461085,-2.17543922568
532,532,-0.240945946599,1.96918720869
533,533,-1.1167754156,1.64256435445
534,534,-0.196554602968,2.22817308217
535,535,0.458355139204,-2.21415493502
536,536,-0.29855746332,2.04155431534
537,537,-0.496977967597,2.41856830137
538,538,-0.294735666274,1.9327880816
539,539,-0.856131254897,1.99942750153
540,540,-0.683666303473,2.14818994301
541,541,-0.173870676364,2.11199659601
542,542,-0.442137108617,2.12030663945
543,543,0.832930075519,-2.12005377538
544,544,2.32146917889,0.259530602131
545,545,2.75825176341,-0.219965270224
546,546,2.5153796867,0.340663674483
547,547,2.34375144983,-0.333540083617
548,548,2.37588542462,0.0919973544346
549,549,0.0404408716275,-2.21393040541
550,550,0.379748124442,-2.1915918542
551,551,0.496304910417,-0.919133798637
552,552,-0.187056032366,2.5797229756
553,553,-0.318849501596,2.08200585829
554,554,0.915140871778,-1.81660125897
555,555,1.27864879126,-0.72954781605
556,556,-0.00535767350363,1.31697116051
557,557,-0.486948459613,0.291218871099
558,558,-0.609601964405,0.888378294158
559,559,0.458221503719,0.704371067614
560,560,-0.650334358859,1.34823449935
561,561,0.816101462927,-0.35503601639
562,562,1.96242348686,0.763848699221
563,563,2.63712167495,0.43938810056
564,564,2.56416993422,0.0513122255186
565,565,1.46957670921,-1.42865381149
566,566,2.50351929564,0.161426488336
567,567,2.21273885984,-0.073557596963
568,568,2.35163288192,0.0306133555345
569,569,2.57309370588,0.0543369572053
570,570,-0.105951652316,-2.40430320881
571,571,0.2995081769,-2.27018128167
572,572,-0.00181522394883,-2.37941166899
573,573,0.659334209569,0.288933838765
574,574,1.19404695878,-0.535415492936
575,575,0.221672490054,-2.31548056701
576,576,-0.0883088308496,2.56410935457
577,577,0.503066597727,-1.97870971139
578,578,1.42936927711,1.03519658716
579,579,0.0567240749902,-2.54252770278
580,580,0.0421324239773,-2.54203148781
581,581,0.0273530725929,2.24206414581
582,582,-0.211981296813,1.93231091793
583,583,-0.246980678378,-1.89555424288
584,584,2.46870908003,0.276293942193
585,585,2.52719280927,0.0587537481833
586,586,-0.17974444067,-2.46242393656
587,587,2.48208284744,-0.0680368117001
588,588,-0.0239298385047,-2.47749081923
589,589,0.675677116166,-1.1509212412
590,590,-1.03512903554,1.84683075358
591,591,-1.34417718388,1.38592111789
592,592,-1.78598188696,1.57635992656
593,593,-2.30386295816,-2.1318871288
594,594,-0.98414328202,2.13193780456
595,595,-0.303703120068,-2.04734339928
596,596,0.64484632943,-0.430192595623
597,597,1.93930306506,0.168551424133
598,598,1.49171031942,1.55499195843
599,599,0.154721636244,-1.97179240193
600,600,-0.134844694836,2.61321933796
601,601,0.0562254513747,2.24291911322
602,602,2.14139883923,-0.32107965309
603,603,0.24548736254,-2.41928998371
604,604,0.298272236487,-2.75233273065
605,605,1.58213036946,1.16709483195
606,606,0.6038484976,2.79348935008
607,607,0.963549835126,-1.83742107328
608,608,-0.976190160359,1.79635076287
609,609,0.565318328286,-1.89385820821
610,610,-1.01128909212,2.37650904643
611,611,1.43988632083,-1.79947115008
612,612,2.72809910719,0.831046287934
613,613,1.27357881765,0.677547398131
614,614,0.745125010813,1.68953250431
615,615,0.91877680449,0.397882991401
616,616,0.64745056397,0.536916747736
617,617,0.25556891984,0.587681356097
618,618,0.573347825498,0.501896863904
619,619,0.777665139082,-1.58834425462
620,620,0.238362898546,1.3182134977
621,621,2.14935375301,-0.368890616079
622,622,0.531836637431,-2.26738301251
623,623,1.77283202125,1.13269484351
624,624,0.508172318378,2.26768349176
625,625,4.49670511504e-05,-1.12049735402
626,626,-0.572119255962,-0.788272741267
627,627,0.476497222437,1.30958919506
628,628,1.26053304521,0.580571088404
629,629,1.77441580267,0.778419384477
630,630,-1.06411795027,-1.99717630353
631,631,-0.773812647472,-2.26250995394
632,632,-1.49704697075,1.40893677131
633,633,-0.720069523339,-1.55903877781
634,634,2.43234605914,0.176113721415
635,635,-0.020582910631,-0.127612434995
636,636,-1.01656969885,1.01983369402
637,637,-0.093095516223,0.546342384619
638,638,3.41088880984,0.955504581039
639,639,0.46734259351,0.0904652791239
640,640,-0.525541429155,-1.77170509847
641,641,0.688426752596,0.803999903432
642,642,1.18829978293,1.35541885926
643,643,-0.159901331187,-1.33638353191
644,644,-0.184883415299,3.17676160264
645,645,0.174834670195,2.14562937883
646,646,0.86793249009,0.937666055864
647,647,1.81663305316,1.27785857411
648,648,1.79212978201,1.00165704638
649,649,0.625120623258,1.795094738
650,650,1.96506059891,0.778288217494
651,651,-0.240259536154,-1.73954280861
652,652,-0.96915547497,-2.03366563814
653,653,2.68965817306,-0.456280790353
654,654,0.589987997465,2.09600304019
655,655,1.15515960996,0.920403143386
656,656,-0.889605159172,-2.0959722562
657,657,1.87626580345,1.02384321097
658,658,0.297147727926,2.22196979441
659,659,2.88512357862,-0.0451319318118
660,660,1.46111296226,1.7089625045
661,661,1.55292780175,1.86466351967
662,662,1.32035421853,2.17085136677
663,663,1.54418347741,2.40336583296
664,664,1.06502333999,1.63078074081
665,665,1.04338661277,2.22833913277
666,666,1.19733024953,2.30186642885
667,667,0.717758846716,-2.53862635523
668,668,-0.0657778391044,2.98495225256
669,669,1.17490929854,1.37184008666
670,670,0.0379588482878,-1.8091503443
671,671,1.21517399633,1.33116638902
672,672,2.41816055087,-0.259635759152
673,673,-0.716203340341,2.2727313515
674,674,-1.16193072736,1.52731318488
675,675,1.19075806616,-0.590104107717
676,676,0.500333863171,1.81424823184
677,677,1.2490886817,1.24846695157
678,678,2.02419050891,1.1117738031
679,679,-0.085938591386,2.3712117803
680,680,1.09145809504,0.45141313249
681,681,2.35885539468,0.662561346821
682,682,2.21583369236,-0.0704498422218
683,683,1.3927638152,1.50353280958
684,684,1.10852545607,1.86676537356
685,685,0.531831336719,2.33111818317
686,686,-0.00877768833054,2.40936407699
687,687,0.482802292867,2.54016680047
688,688,0.122086378696,2.24612137676
689,689,-0.0386452973139,2.97667071682
690,690,-0.0584475258698,2.32929512133
691,691,1.45438681816,1.08107288888
692,692,1.6937359465,1.80441109688
693,693,0.0576373111977,-2.00616079472
694,694,0.684987627355,1.66910892924
695,695,-0.305642695303,-1.82789516288
696,696,1.13830254148,1.7295254067
697,697,1.12315834652,2.04686585346
698,698,2.2572800718,0.35195721605
699,699,2.05243908492,-0.517813480075
700,700,-0.0867602398957,-1.64995481633
701,701,0.110482763837,1.34071374755
702,702,-0.0108479661406,2.14651772098
703,703,-0.744588984699,2.95780853831
704,704,-0.733730040002,-1.60480505836
705,705,-0.724047658486,2.39061777486
706,706,1.18473091516,1.58109748793
707,707,-0.0843192587032,-1.69498556315
708,708,0.875605020758,1.53939049896
709,709,1.42673552407,1.31170548612
710,710,-0.283022349421,-2.20307454433
711,711,1.22100847378,0.392396694448
712,712,-0.116034302999,-0.439088294612
713,713,-0.95873266009,-1.73638320163
714,714,-0.159498052041,-2.61821359775
715,715,-0.49712800047,1.84241034708
716,716,0.0392198018079,3.26952755665
717,717,-0.0263036192021,-2.36563424864
718,718,1.0496257348,1.65706126929
719,719,0.160934119409,-1.5031822192
720,720,1.20722029078,2.05212462058
721,721,0.0645011888111,-1.97464699176
722,722,-0.668118414153,-1.87781372159
723,723,0.954851782401,1.34046012455
724,724,0.640797266314,1.15475634316
725,725,0.888400673219,0.872122481481
726,726,0.351265270188,-2.20456964659
727,727,-0.609737606757,-1.7297931216
728,728,1.11799121999,-0.571685883253
729,729,2.21070379896,0.860711560707
730,730,-0.309449000323,-2.61613337309
731,731,-0.125579778925,-2.8416807579
732,732,-0.185302127327,-2.18201432971
733,733,2.90702246529,0.254082897264
734,734,0.00946244937195,-2.64984987496
735,735,0.34953288826,2.26056119036
736,736,0.475282229557,-2.16951617299
737,737,-0.318939735033,1.92575114365
738,738,1.06645614758,-1.2234136561
739,739,-0.730027777622,1.83785226179
740,740,0.694679580321,-1.73574980632
741,741,0.171087566786,1.49908489266
742,742,-1.40710879198,1.67834522867
743,743,1.46728394721,-2.49250096399
744,744,0.615224164254,0.422528358494
745,745,-1.06161631392,-2.33659825784
746,746,0.290768599587,-1.46294121118
747,747,0.374841507475,-0.4218322984
748,748,1.42668528691,-0.993106836293
749,749,-0.0358381791002,-2.60894770359
750,750,-0.170110694659,-2.66960061952
751,751,-1.70596902562,-1.28014504839
752,752,-0.460190071561,2.35544748089
753,753,2.28709560064,0.150114351226
754,754,0.231878390777,-2.53088807308
755,755,-0.440429432551,-2.21139249457
756,756,0.716192245383,-2.61101006162
757,757,-0.139365696698,-2.00979106614
758,758,0.0142445367012,-2.5933450416
759,759,0.263767641889,-1.9489302658
760,760,-0.846521419505,-2.87710402752
761,761,-0.0936066068391,-2.23973572211
762,762,0.349883795761,-2.36917849455
763,763,0.210279965357,2.37627643858
764,764,2.19832369784,0.495936188062
765,765,0.0646949368478,-2.22597432921
766,766,-1.16683975832,-1.39214291929
767,767,-0.367315208882,-2.98446799829
768,768,-0.229510388851,-2.20715957106
769,769,-1.23301781533,-1.26585205151
770,770,-0.787789009812,-1.82811575467
771,771,0.190993616726,-2.20612446591
772,772,-0.506302976919,-2.62128000854
773,773,1.38909065482,-1.8899488572
774,774,1.62342789153,1.66078018404
775,775,0.839066295745,-2.48173963632
776,776,1.00351711827,-2.40552864351
777,777,-0.709574434747,2.40351410263
778,778,0.874329797113,0.935719354642
779,779,-0.337744623689,1.5430025164
780,780,0.130565479598,-1.53925791576
781,781,-0.052471011337,2.02387407679
782,782,0.247260545951,-2.30182529383
783,783,0.119143736605,-2.12576146939
784,784,0.390156016119,-2.050403272
785,785,-0.277847863799,1.98443252258
786,786,-0.0170223889511,2.45155159589
787,787,-0.479147807466,2.22446100129
788,788,-0.14397632667,2.27329856034
789,789,0.128390892783,-2.09637773917
790,790,0.12823365321,-2.49756721798
791,791,-0.411190413564,1.98377858359
792,792,-0.165637395343,-2.15356512462
793,793,1.28285064925,-1.49830415971
794,794,-0.149410164959,2.19362665223
795,795,-0.48055074478,2.19496167376
796,796,-0.0719003081935,2.02857368367
797,797,0.578410587398,-2.21666385056
798,798,2.05569840782,0.858987104813
799,799,2.35170201784,0.00658727073109
800,800,2.53664402103,-0.312941965128
801,801,2.17268359896,0.310804103811
802,802,0.353003158052,-2.37441777949
803,803,0.0897168279169,-2.00196171081
804,804,2.37817989447,0.0464875615496
805,805,-0.100631303822,2.17789360755
806,806,-0.0933587708101,2.25188443481
807,807,-0.218205741192,2.20852444491
808,808,-0.0245878782775,2.2599347263
809,809,0.173783862701,-2.10992980732
810,810,0.151041360815,-2.56422800086
811,811,0.169154338746,-2.14316539218
812,812,-0.146208806937,1.9973154257
813,813,-0.0306957467121,2.7057815047
814,814,0.246061047095,-1.8336681615
815,815,2.0836161892,0.307551102624
816,816,-0.283012773196,2.09469033726
817,817,-0.0306830017217,2.40949775116
818,818,0.392418952544,-2.09417659358
819,819,0.0593670072054,-2.41027301154
820,820,0.186855652596,2.31627915889
821,821,0.356446004541,-2.01671192439
822,822,2.69215259651,0.266954923237
823,823,2.67066662026,-0.187424285103
824,824,-0.107596494075,2.17128322851
825,825,-0.0134626333402,2.08679849796
826,826,2.43277558708,-0.00682556335251
827,827,0.0662792448337,2.1802529566
828,828,0.205749867435,-1.93335877385
829,829,0.282469888901,-2.73652808196
830,830,0.0832345108595,-2.26761562793
831,831,2.25010407848,-0.210618016562
832,832,0.0940984730898,1.98776256436
833,833,-0.229666789141,2.16140847256
834,834,-0.23879564007,-2.32017581471
835,835,1.86888174374,0.328334870667
836,836,1.57671975854,0.505936921048
837,837,2.16359561565,-0.238078385097
838,838,2.15028606451,0.30569576676
839,839,0.224788467352,-2.38932425616
840,840,0.233716699404,-2.3821368533
841,841,-0.0794647540325,2.45577708494
842,842,0.703911721667,-2.08824371528
843,843,-0.276615973915,-2.19917133674
844,844,0.0403185851048,-2.21541382879
845,845,-0.125776936597,2.15139774686
846,846,0.180323555962,1.8448836317
847,847,0.0382250907786,2.08776907239
848,848,0.0388961752636,2.27185599569
849,849,-0.109427493879,2.06228796103
850,850,0.428602230093,-2.08516464324
851,851,-0.0999322057172,2.46727253156
852,852,0.888671142654,-2.45182799595
853,853,-0.00306125801573,2.34399803074
854,854,0.413674349024,-2.26384943004
855,855,-0.0700161517283,-2.64424749476
856,856,2.57156087469,-0.00586219823796
857,857,-0.0710702994117,-2.67259462126
858,858,-2.76709644508,-0.142284231992
859,859,-1.08546711901,1.29286065756
860,860,-1.60074412677,1.25145966587
861,861,0.341111178707,-0.882825513427
862,862,-1.47195557526,-1.71467919015
863,863,-0.840459325869,1.99345132208
864,864,-0.409849104792,-1.98787817404
865,865,1.6120187083,0.130775539182
866,866,2.71667993341,0.1785062894
867,867,2.51964458494,-0.296629194665
868,868,0.273565132468,-2.43214479946
869,869,0.48336140901,-2.11375638904
870,870,0.574363593056,-1.00414384556
871,871,2.15697994331,0.523254817871
872,872,0.303049726828,-2.22768247757
873,873,-0.661680820308,1.62943885442
874,874,0.101343421643,1.41478155893
875,875,2.83264949764,0.155927853777
876,876,-0.090745234789,-0.464186462612
877,877,-0.0572323881913,-1.2073818766
878,878,0.0308378039048,-2.4363349176
879,879,-0.150219347673,-1.23530992201
880,880,-0.440317517235,1.36665197932
881,881,0.177487913935,2.48661280588
882,882,1.83545555517,0.0780228465775
883,883,2.14879113726,0.264864033488
884,884,2.32797935125,-0.0364630974353
885,885,0.235708508207,-2.08932929929
886,886,-0.29890141103,-2.27077203938
887,887,0.357876746355,-2.41647566323
888,888,2.77477364612,0.288692639363
889,889,0.131003659677,-2.25237489151
890,890,0.189657432903,-2.47000992511
891,891,2.059030902,0.976359484958
892,892,-0.0459334179799,2.58969806105
893,893,0.491193656199,-2.20933024408
894,894,1.04122351253,-2.00363990049
895,895,0.711994091453,-2.20786296306
896,896,-0.105972346954,-2.15466802142
897,897,0.188108096427,-2.15506232823
898,898,1.23741097921,1.33695378365
899,899,0.317342840538,-2.41497640458
900,900,1.22428407144,0.657614614972
901,901,0.143113983648,2.40082772731
902,902,1.11947336021,-1.37758264377
903,903,-0.0926948195249,1.8079390141
904,904,-0.270237251347,1.89007027329
905,905,1.7147653104,0.743333860418
906,906,1.54269794105,0.585996788281
907,907,1.68316953078,0.90135486854
908,908,1.21787293414,-0.268726160699
909,909,2.26080500362,0.524133232382
910,910,2.3351644646,0.16567551095
911,911,-0.166412000944,2.637643988
912,912,2.25669275306,0.160346424253
913,913,2.21321963178,0.237384601334
914,914,1.89376909492,-0.711335278982
915,915,-0.089064136574,1.4207079491
916,916,0.00642282885576,2.01222165721
917,917,0.0367046369666,-2.04905442858
918,918,0.102419312973,-1.69621952142
919,919,1.81063584555,-0.7114416575
920,920,1.02845722398,-1.89458449268
921,921,0.723499553031,-0.188424888347
922,922,0.0787291679381,-2.04853049206
923,923,0.833344768587,-2.24928142263
924,924,-0.381967903248,1.78721417921
925,925,-0.148960168145,1.45973271119
926,926,-0.548127015231,-1.39648051766
927,927,0.115441300425,-1.93486124123
928,928,-0.0503322550708,1.17854000563
929,929,0.529993043415,1.67796904412
930,930,0.137976199926,2.2607308841
931,931,2.14587117351,-0.0965398865907
932,932,1.06158854474,-0.875219180764
933,933,2.40172300315,0.146968847299
934,934,2.55713303842,-0.0770352768988
935,935,-1.51411330172,-1.84307196313
936,936,0.719595515181,0.444905740658
937,937,1.09550481718,-0.644196886044
938,938,0.0218493161991,-1.82646852196
939,939,-1.07831315102,1.2768254047
940,940,-0.186359677328,1.55757430401
941,941,1.05614765281,1.66623889736
942,942,1.51975562641,0.47534484956
943,943,-0.902655865052,0.224858000605
944,944,0.0644544958358,0.906431015777
945,945,-0.340109284782,-1.70176026944
946,946,-1.34058245386,-1.46698388634
947,947,-0.425820738201,1.59635712665
948,948,-0.73305691236,-1.14544698726
949,949,-0.525087643768,-1.80851861479
950,950,0.399418121266,1.01569874262
951,951,0.220437718647,1.04869727594
952,952,0.0891281919112,-2.02911167682
953,953,0.309580957838,-2.53097258956
954,954,0.311817209885,0.83842523357
955,955,-0.365802337424,-1.03153209844
956,956,0.474577597781,2.12292669175
957,957,0.312148934727,0.9988778744
958,958,0.541508963121,-2.10355418345
959,959,-0.106885638615,-2.31110104579
960,960,-0.491945736825,-2.09134908199
961,961,0.113496114941,-1.93405652972
962,962,-0.000271111322966,2.38222521923
963,963,0.988503442892,-0.611818534013
964,964,0.00394436772406,-2.15005777278
965,965,-0.287941996364,2.45768140945
966,966,0.983158110924,-0.177757818152
967,967,2.38289389311,0.150688102865
968,968,-0.774173030718,-1.38631714991
969,969,-1.32798175687,-1.52282298383
970,970,-0.698267806197,-1.31935996012
971,971,-0.08649524676,1.60943808015
972,972,-0.761029586052,-0.609116193322
973,973,-1.43008777494,-1.62775305921
974,974,-1.11853938923,-1.45317800627
975,975,-1.20401230882,-1.35285852832
976,976,-0.546012937852,-1.44053309138
977,977,-0.448787712674,-1.98358105841
978,978,-1.04225906901,-1.69102591168
979,979,-0.230777414762,-2.12830555965
980,980,0.373460734995,-0.858428553354
981,981,2.4199390293,-0.0558514931256
982,982,0.0767591745559,-2.06443818506
983,983,-1.09804951615,-1.58911121558
984,984,-0.356199874933,2.75944980188
985,985,-0.0882173884854,-1.5122874384
986,986,-0.561561200778,-1.40697497045
987,987,-0.813294623851,-1.8503167497
988,988,0.0854758802458,1.13300635615
989,989,-0.746920861943,-1.28722901243
990,990,-1.08690157256,-1.98369004277
991,991,0.0447894025925,2.6909341245
992,992,-0.00367096258529,-1.58917188562
993,993,-0.0293282524652,-2.40747186509
994,994,0.116894370082,-2.73300398985
995,995,1.89441099372,0.311952118765
996,996,0.37223962634,-2.22223911916
997,997,-0.769754566497,-1.55882694533
998,998,-1.02147351108,-1.17328844044
999,999,0.16657730662,0.395135065458
1000,1000,-0.517832980824,1.01867601357
1001,1001,-0.608873511965,0.931428348784
1002,1002,-0.988928821752,-1.09616747885
1003,1003,-1.58634922836,-0.85078262594
1004,1004,-0.144300182068,1.92790782922
1005,1005,-0.208811514117,2.41525309281
1006,1006,1.06620198301,-1.61658666088
1007,1007,0.271621036093,-0.308536857132
1008,1008,-0.223183026859,2.28829233335
1009,1009,1.12360302826,-1.67353041719
1010,1010,2.09250233279,-0.146604444509
1011,1011,2.7302091365,-0.0179617594074
1012,1012,2.52655732286,-0.276460423182
1013,1013,0.682341989494,-1.83820450101
1014,1014,0.0401023132547,2.15750840856
1015,1015,0.374631504164,-2.33962457828
1016,1016,-0.650755726518,-0.728392286411
1017,1017,-0.537571562517,1.47914288415
1018,1018,2.43326836981,-0.0249031646723
1019,1019,-0.37793965911,1.78651690275
1020,1020,0.302948724668,-1.89449920971
1021,1021,0.624992408496,-0.00593304600868
1022,1022,0.0339700826703,-1.56612687259
1023,1023,-0.658479651333,1.93545666783
1024,1024,-0.353431314115,0.999828677446
1025,1025,-0.107182565161,1.00041496983
1026,1026,0.581606569075,0.35217862818
1027,1027,-0.254254190149,-0.00309795379554
1028,1028,-0.957550219575,0.387421993847
1029,1029,2.06037323627,0.00553138548824
1030,1030,-0.366439859532,0.958464427408
1031,1031,0.58307401778,1.87721867256
1032,1032,-0.477282046097,1.03146778096
1033,1033,-0.758726504922,-0.286622585019
1034,1034,-0.478699375376,-1.63419589762
1035,1035,0.794912501378,-1.00042006836
1036,1036,-0.422711117533,-0.697195296451
1037,1037,0.116030497143,2.37621511301
1038,1038,1.28601133028,-0.854742642261
1039,1039,2.04948162458,-0.594219657339
1040,1040,-0.0318547902155,-2.08224037638
1041,1041,2.23973160275,0.287776508425
1042,1042,0.06867676976,-2.40476099859
1043,1043,0.0204657024908,-2.44280821623
1044,1044,-0.871513447807,1.6236391003
1045,1045,-0.667160468054,1.69784104346
1046,1046,-0.803239081689,2.04749134532
1047,1047,-0.589557959461,1.67645860876
1048,1048,0.843885668413,-1.84164815813
1049,1049,-0.124882608305,2.06900292923
1050,1050,1.43992285676,-1.83001320738
1051,1051,0.432659053529,-2.24595731061
1052,1052,-0.167047687067,2.0362662158
1053,1053,-0.706738884055,1.90247537619
1054,1054,-0.732543936358,2.11029653984
1055,1055,-0.27020539435,2.6788631614
1056,1056,0.820997610315,-2.0957635833
1057,1057,0.652310192186,-2.13865794092
1058,1058,0.395370819811,-2.35584585751
1059,1059,-0.0751151655958,1.7607896692
1060,1060,-0.229647883463,2.35541499248
1061,1061,0.980349789267,-1.59112036608
1062,1062,0.0185728723835,-2.39092393394
1063,1063,0.649605005633,-1.90266521976
1064,1064,-0.398167502105,2.13891186472
1065,1065,-0.13726717855,2.07293459079
1066,1066,0.0617390098955,2.24862512749
1067,1067,-0.348358223224,2.06241718354
1068,1068,0.569543237054,-2.00137229862
1069,1069,-0.0480648192139,2.23665110332
1070,1070,-0.499406701237,2.14270566997
1071,1071,0.24956949322,-2.02049744707
1072,1072,1.88321134605,0.566112215785
1073,1073,-0.0803316704436,-2.38081644432
1074,1074,2.55531482587,0.125364903923
1075,1075,-0.828641528195,-1.12901806333
1076,1076,0.699408310609,0.62198749572
1077,1077,-1.17506392195,-0.940802942132
1078,1078,-1.08100859794,-0.945371322196
1079,1079,-0.602798011387,1.62075914685
1080,1080,-1.27401469536,-1.33008815827
1081,1081,-1.43317493958,-1.30449756927
1082,1082,2.15128363733,0.244519664301
1083,1083,-1.21271849596,-1.46731457784
1084,1084,-0.23636649433,1.87769669579
1085,1085,0.18668121863,1.27248828049
1086,1086,-0.137459957035,0.337248765282
1087,1087,-1.1921636822,0.836605995955
1088,1088,0.509527045285,1.81014538928
1089,1089,-0.234204360765,1.17211200113
1090,1090,-0.351312913305,-0.903094647609
1091,1091,-0.904000150283,0.743526420896
1092,1092,0.282570910047,1.36857339322
1093,1093,-0.741299808852,-1.50413642956
1094,1094,0.0840099084008,-2.4315936693
1095,1095,-0.501946820924,2.456842696
1096,1096,0.649519490041,-2.66333066028
1097,1097,-0.342273879434,-2.47377728711
1098,1098,0.308654037005,-2.11987702871
1099,1099,0.0664595448167,-2.12440192454
1100,1100,0.384220793633,-1.79225460987
1101,1101,-1.00606894522,-1.25668575745
1102,1102,-0.360616329066,-1.86894778569
1103,1103,0.265925514388,-2.39375371932
1104,1104,-1.26109172532,-1.63096847448
1105,1105,0.0696299176733,-2.28332695692
1106,1106,2.53185252375,0.230353819269
1107,1107,-0.603885795872,2.13332276277
1108,1108,-1.39489960589,-1.80935170849
1109,1109,-0.212690738375,2.19447891135
1110,1110,0.434048889181,-1.41883540677
1111,1111,-0.316914142374,2.12714030875
1112,1112,0.698978859402,-1.59586104706
1113,1113,2.49867358748,-0.070677006733
1114,1114,1.4578634617,0.711104580318
1115,1115,0.355133149529,-2.48723432313
1116,1116,0.457697299334,-2.19262781598
1117,1117,-0.474264907567,1.12088853331
1118,1118,0.733831489738,-1.65329177639
1119,1119,1.23073513691,-1.01916289001
1120,1120,-0.503346634317,1.75659836004
1121,1121,-0.6116003303,1.98296004017
1122,1122,-0.353308949079,2.25641322059
1123,1123,1.31808798699,0.439718729342
1124,1124,-0.685184766091,-1.52399305181
1125,1125,1.18048712067,-1.64141599257
1126,1126,-0.381771398483,2.138801287
1127,1127,0.557747765961,1.46644346034
1128,1128,1.66167162044,-1.11756644418
1129,1129,-0.427761564136,2.3920191841
1130,1130,0.924634574421,-1.74218883134
1131,1131,-1.03366362432,-1.69305838379
1132,1132,0.501451144594,-1.91960822614
1133,1133,-0.208639482828,-2.20180071434
1134,1134,0.179496642518,-2.37284068519
1135,1135,0.572406305708,-2.01096893843
1136,1136,0.0773790332634,2.43043191586
1137,1137,0.0609385977577,-2.10688998107
1138,1138,0.582744063181,-2.69222258892
1139,1139,0.505676305231,-2.07942871501
1140,1140,-0.0137136741332,2.15415894213
1141,1141,0.198113580273,1.93272009557
1142,1142,-0.181958796605,2.22922506524
1143,1143,0.91804958158,-1.50486683324
1144,1144,1.39061971765,0.795081969982
1145,1145,2.78080071752,0.0135664559158
1146,1146,1.00588582765,1.34299537427
1147,1147,0.268012899998,1.83370407763
1148,1148,-0.19489870238,-2.54354589888
1149,1149,0.323251658886,-2.4703556667
1150,1150,2.37311910987,-0.0907117366361
1151,1151,-0.349318933222,2.68789989952
1152,1152,0.266432610947,2.61420262354
1153,1153,2.45795968068,-0.153177361561
1154,1154,-0.130280339612,-2.40688059333
1155,1155,-0.130313158003,-2.59324501963
1156,1156,1.92537950622,0.423768986421
1157,1157,-0.100252611449,2.05895657876
1158,1158,2.15670121495,0.61492323534
1159,1159,2.06718032492,0.00445662957079
1160,1160,-0.0836723610047,2.02856077428
1161,1161,0.169206394209,-1.13413880591
1162,1162,0.168320086864,2.25050198945
1163,1163,0.427379964506,2.01263680473
1164,1164,0.76130612214,-1.82596383889
1165,1165,1.59584389432,0.712600820552
1166,1166,0.579717032027,1.83692702267
1167,1167,2.47845067282,-0.302380367388
1168,1168,0.891384570424,-1.79221850401
1169,1169,2.21626173538,-0.19936297904
1170,1170,2.03713846181,0.0723937495586
1171,1171,-0.3672923572,-2.47568161636
1172,1172,-0.0531311445021,-2.18786781899
1173,1173,-0.213969034616,2.27061113462
1174,1174,0.0302891492745,2.5436421756
1175,1175,0.213813824001,2.1622290041
1176,1176,0.165660387529,2.23676254706
1177,1177,0.0282777782733,-1.607950408
1178,1178,1.67359557281,0.601190856792
1179,1179,-0.0901596613142,-2.49650175161
1180,1180,-0.0867604708365,-2.63734988481
1181,1181,2.24476746741,0.213637647872
1182,1182,-0.174267059998,-2.31086517315
1183,1183,-0.200132809013,2.23787181505
1184,1184,-0.434437267039,2.41404579376
1185,1185,0.971798557911,-1.85060211764
1186,1186,-0.107574611023,-2.56801507972
1187,1187,-0.406313794739,-2.05105967304
1188,1188,0.871292558548,-1.56914595387
1189,1189,-0.467205714328,-2.56017784154
1190,1190,-0.198872961835,-2.5391906246
1191,1191,0.390959218626,-2.24010055769
1192,1192,-0.0773904694295,-1.97384137864
1193,1193,-0.0885109440458,-2.05030637582
1194,1194,-0.324311273974,-1.90613243837
1195,1195,-0.116993908955,2.12629804436
1196,1196,1.97565768875,0.0627561045308
1197,1197,2.27680848136,0.0234466786319
1198,1198,2.29339018455,-0.170282692271
1199,1199,2.37617521817,-0.0575388261549
1200,1200,0.360112275027,-2.30585583858
1201,1201,0.558068867742,-1.81514579488
1202,1202,-0.574392588224,1.83683729082
1203,1203,-0.599698049652,2.2107274897
1204,1204,-0.235161552231,2.10430149523
1205,1205,1.04662780116,-1.96829285386
1206,1206,-0.163063873674,2.17127497666
1207,1207,0.0152751422614,-2.69232258544
1208,1208,0.595875035517,-2.30622267754
1209,1209,2.14191431323,0.0665655709649
1210,1210,2.73239532564,-0.162260307764
1211,1211,-0.0652454256192,2.21132132631
1212,1212,0.861090004592,-2.11347892004
1213,1213,2.58865335064,0.294116620183
1214,1214,1.44268115426,0.405876046064
1215,1215,-0.305402268278,-2.50704183055
1216,1216,0.359107193574,-1.68710465376
1217,1217,-0.0165794629989,-2.43738254205
1218,1218,0.284825985368,-1.92208972367
1219,1219,2.13930767438,0.0255336796536
1220,1220,1.30047066496,-1.14613802861
1221,1221,1.38095594125,-1.34670833356
1222,1222,1.34716996096,0.6789218206
1223,1223,1.29375780285,-0.957468987305
1224,1224,2.96870145461,-0.109330870469
1225,1225,2.54165746425,-0.108681886796
1226,1226,0.290966536983,-0.0682531771039
1227,1227,-0.226416404849,2.6180082443
1228,1228,0.689695242375,-0.0702086745785
1229,1229,-0.0707783858784,2.02696441617
1230,1230,0.12885653054,-2.27078442432
1231,1231,0.50690024279,-2.2870901479
1232,1232,-0.263455323223,2.54298056262
1233,1233,0.900828516175,-2.01488921889
1234,1234,-0.138773926238,2.35146449686
1235,1235,0.294361167878,-2.04718536959
1236,1236,2.40086548548,0.438184445723
1237,1237,0.457778635455,-2.60851531734
1238,1238,0.0598124383324,2.23284261667
1239,1239,0.779710269098,-1.71497162156
1240,1240,-0.0392717547669,-2.01520619068
1241,1241,2.41024376013,-0.0656425567766
1242,1242,0.353701639097,-2.16629718356
1243,1243,-0.00936854707891,-2.68205167305
1244,1244,0.384520191449,-2.23387777061
1245,1245,-0.120505891307,2.53773103033
1246,1246,0.0638264275713,-2.42854744233
1247,1247,-0.185458730085,2.34991792324
1248,1248,-0.250325181468,2.38916681383
1249,1249,0.402223864161,-2.42230333525
1250,1250,0.122390267808,2.39068832885
1251,1251,-0.0412157730339,2.35971347181
1252,1252,-0.207803136229,2.3392994096
1253,1253,0.495707783908,-1.89246792612
1254,1254,1.86384734474,0.407787864795
1255,1255,2.89071539127,-0.169986167816
1256,1256,2.24281037847,-0.280280381516
1257,1257,2.54739141005,-0.0974788184046
1258,1258,2.13008515229,0.386284492678
1259,1259,2.20317824869,0.0871837280858
1260,1260,2.47185224207,0.277694417905
1261,1261,2.39874221126,0.0939097680435
1262,1262,-0.209602441696,-1.92928731036
1263,1263,0.184825669874,-2.21131958656
1264,1264,2.20012673831,-0.107190385115
1265,1265,0.111624927954,2.4775447097
1266,1266,1.28381600362,0.0915519623397
1267,1267,1.60191854706,-0.262945212573
1268,1268,-0.0832414127348,-2.32884423399
1269,1269,0.223262954813,-2.30798601814
1270,1270,1.88737039434,-0.261744282496
1271,1271,-0.365456119738,2.43709817755
1272,1272,1.82746799369,0.60426973247
1273,1273,-0.0911984462406,-2.07137955118
1274,1274,0.607597068727,-0.56905530199
1275,1275,-0.242789069531,2.66019036689
1276,1276,0.499562294423,-2.28404554943
1277,1277,0.140692727911,-1.8878376412
1278,1278,2.29386803165,0.0867455477299
1279,1279,2.00226830138,0.295995027943
1280,1280,0.774074065153,-0.0897051091457
1281,1281,2.55901863088,0.155363639137
1282,1282,2.25580821498,0.245153503658
1283,1283,2.25336252469,0.208828988681
1284,1284,-0.416222358709,-1.95261542294
1285,1285,1.00981151875,-1.78727885686
1286,1286,-0.0225575549285,-0.52114494468
1287,1287,1.69007965382,0.949231933053
1288,1288,-0.158711875497,-2.18131501343
1289,1289,-0.0732212505965,-2.23431585626
1290,1290,0.0532365405829,-2.14490465804
1291,1291,0.908146124188,-0.511270426469
1292,1292,0.544281308334,1.8452938697
1293,1293,2.50845389236,0.184439631451
1294,1294,2.58668971487,0.103346302255
1295,1295,0.79492108211,-0.701342479287
1296,1296,0.194533697652,-2.45797733814
1297,1297,0.328150566839,-2.18030221238
1298,1298,1.3999170825,-1.02392035817
1299,1299,-0.177561994636,2.25517815928
1300,1300,0.292233536928,-2.07289676719
1301,1301,-0.0264877090671,2.67269454446
1302,1302,-0.233208736743,1.8202890816
1303,1303,0.888021548161,-2.14574758081
1304,1304,-0.269784799463,1.94053256586
1305,1305,-0.016805221967,1.93818393654
1306,1306,-0.407773698981,2.36257565067
1307,1307,-0.447550449497,2.27872172086
1308,1308,-0.366424305305,2.23179495723
1309,1309,-0.235232455675,2.42125886293
1310,1310,0.454454486688,-2.1063543433
1311,1311,0.112224837472,-2.59244957961
1312,1312,-0.3422303897,2.52519555385
1313,1313,-0.024537955215,-2.28602095046
1314,1314,0.947719103466,-2.32788720195
1315,1315,0.250890007786,-2.17362085094
1316,1316,-0.73393718828,2.35246067449
1317,1317,-0.146818402458,2.08465005033
1318,1318,0.297157783543,-2.45900862442
1319,1319,-0.221639641574,2.15124196334
1320,1320,0.548990585431,2.35975099486
1321,1321,-0.564675536755,2.05067503892
1322,1322,0.179408766489,2.13617945797
1323,1323,-0.00166038684447,2.15419928882
1324,1324,0.824090335094,-2.09655826456
1325,1325,0.974934028955,0.795757036422
1326,1326,2.17882970831,-0.092762154049
1327,1327,-0.0645388536187,-2.35672969666
1328,1328,0.144863131187,-2.15915606232
1329,1329,2.2434124665,-0.0863773554202
1330,1330,-0.204450801085,2.4303242018
1331,1331,0.966261242216,-1.94772951746
1332,1332,1.6348916432,0.691089453689
1333,1333,0.128714063065,-2.41025938091
1334,1334,0.167703531657,1.84676284686
1335,1335,1.28104141188,1.94641408704
1336,1336,0.69866536032,1.55518437525
1337,1337,-0.442299960389,2.46344650777
1338,1338,1.96990131226,1.43977146555
1339,1339,0.0911300331316,2.66443034716
1340,1340,1.40298795153,1.22316144065
1341,1341,0.823099504852,1.39565517161
1342,1342,1.33927748049,1.22823528978
1343,1343,-0.0120296815584,-2.8072132848
1344,1344,0.129851070604,-2.21138027434
1345,1345,1.48141776102,1.0722341746
1346,1346,0.533831582278,2.05874123057
1347,1347,1.48223090925,0.46296609871
1348,1348,1.24727615141,2.17489609441
1349,1349,0.146981782127,2.12282360921
1350,1350,-0.720591170122,-2.0562467485
1351,1351,1.79343730532,0.77433574092
1352,1352,-0.715285091023,-0.540746041825
1353,1353,0.36018621959,-1.7793711502
1354,1354,0.641926632472,1.7803083523
1355,1355,1.19908064841,1.23599362913
1356,1356,2.03034961421,0.315837823076
1357,1357,1.36615424526,1.46988767406
1358,1358,0.544295429171,1.89231982897
1359,1359,0.948798240099,0.664040434857
1360,1360,1.91829579094,0.211402279475
1361,1361,0.580113491413,0.263141140972
1362,1362,-1.03798993366,-1.34287980538
1363,1363,-0.288146084503,-1.84629496883
1364,1364,1.77679700895,0.324123468607
1365,1365,1.42638425519,-0.566900756126
1366,1366,2.62326450713,0.0293442696009
1367,1367,-0.296811347385,1.03574639328
1368,1368,0.320767805005,2.28665190269
1369,1369,0.294763472563,-2.068935679
1370,1370,0.283314623814,2.42361611817
1371,1371,2.60024593994,-0.111100594599
1372,1372,1.59426720225,0.36929016002
1373,1373,-0.249653259404,1.86930258536
1374,1374,1.88999373318,0.665588396536
1375,1375,1.48352511779,1.66063502779
1376,1376,1.01830013169,1.19450762408
1377,1377,-0.927274974456,-1.14947748856
1378,1378,0.647386132131,-2.21897125185
1379,1379,1.54004770817,0.992961678971
1380,1380,0.196629631862,2.6238559656
1381,1381,1.118404221,1.65560862538
1382,1382,-0.150180807977,-2.54635490083
1383,1383,-0.0810811163419,2.21357613546
1384,1384,1.68588303788,1.0653853919
1385,1385,2.19875354124,0.57910717477
1386,1386,0.904827794098,0.293550473923
1387,1387,1.82791903596,1.47896046182
1388,1388,2.82418927975,0.898679079253
1389,1389,0.922073949348,1.28735948111
1390,1390,0.270694333104,1.99768373674
1391,1391,-0.173770137892,2.27761767791
1392,1392,0.924765327725,-2.67794462759
1393,1393,0.584761797872,0.632535063099
1394,1394,0.908093866416,0.345385344008
1395,1395,2.18541191381,-0.260595016635
1396,1396,2.23941199378,0.34143059742
1397,1397,0.995547607845,-1.80103038845
1398,1398,0.176800460824,1.76496621827
1399,1399,-0.411470716709,-2.51133927634
1400,1400,1.02447702146,0.138921818188
1401,1401,-1.64470386761,-1.67629154907
1402,1402,0.230815060704,2.43432818058
1403,1403,1.20696673626,0.0290892602724
1404,1404,0.139070170958,2.33895567604
1405,1405,1.00805452437,1.68464775099
1406,1406,0.255379861337,2.47432415317
1407,1407,-0.547419266466,3.30567599081
1408,1408,0.201848784493,2.05101231768
1409,1409,0.26944603553,3.42629730161
1410,1410,0.0429465785889,2.17556324642
1411,1411,-0.440518991192,2.45576736373
1412,1412,0.00275131625061,2.33654247823
1413,1413,0.00677174511998,1.94863638986
1414,1414,0.172912444172,2.3532241257
1415,1415,0.908536204862,2.91937518242
1416,1416,0.334899963959,2.96492598122
1417,1417,2.39176033407,0.136753834543
1418,1418,-0.0428541588615,2.25017485826
1419,1419,0.753893529357,0.513836315748
1420,1420,-1.15125927248,-1.04159773411
1421,1421,0.28765133695,0.0138443345762
1422,1422,1.14390114609,0.0949677129426
1423,1423,2.20912525078,0.110251415775
1424,1424,-0.00628928989765,-2.24562091849
1425,1425,0.317336729512,2.14704263632
1426,1426,0.205787473359,0.797547211943
1427,1427,2.42889322408,0.795725896604
1428,1428,3.35796774793,-1.03472799609
1429,1429,2.57970274404,0.0675232990725
1430,1430,1.75545382507,1.1144483522
1431,1431,2.18708718688,0.3805208177
1432,1432,2.05931070957,-0.0226350549886
1433,1433,1.5690928271,0.180669992655
1434,1434,0.804188218886,0.688360708011
1435,1435,1.08480956894,0.680881217646
1436,1436,0.512334749139,-2.85329518964
1437,1437,2.11231254717,0.630778107393
1438,1438,-0.435356028924,1.82528252195
1439,1439,1.36674834552,2.118164924
1440,1440,1.36689877114,2.10954976809
1441,1441,0.300584854918,0.7540637586
1442,1442,0.603749306454,1.58842402891
1443,1443,0.648504507486,-2.80233509804
1444,1444,1.55944771021,2.18328257238
1445,1445,0.235097860883,1.86191707954
