,vote,alpha,beta
0,0,-0.0196413301044,2.47659647332
1,1,-0.570029024983,-2.64063331302
2,2,2.9485460462,-0.0794786275015
3,3,2.53530260516,-0.181325326882
4,4,0.98634654036,-1.75208161837
5,5,3.53994015084,-0.293503678225
6,6,2.24920748991,0.438040415718
7,7,2.31358868348,0.718610395765
8,8,0.0752349157534,-1.9652201798
9,9,1.30003717739,-1.48279509425
10,10,2.5049219491,-0.0542766317537
11,11,2.93045196382,-0.120693528411
12,12,2.42638042983,-0.184967062
13,13,2.89115227382,0.263419378121
14,14,3.08225639233,0.514107293082
15,15,2.20380007836,0.284292277686
16,16,0.139790765952,2.42490080412
17,17,0.613865567462,-0.45972814387
18,18,2.93094047217,0.560437595758
19,19,2.67622305661,-0.0842381657471
20,20,1.45907420762,-0.657280221324
21,21,0.3878067795,-3.36958845256
22,22,-0.30307534103,-2.43755670614
23,23,3.52184472665,-0.281431725898
24,24,0.921154641489,-2.46452532899
25,25,1.4281531363,-0.102717382251
26,26,-0.607432459758,0.0473455488069
27,27,0.0314200904304,2.58119048771
28,28,2.43389946567,-0.125676522861
29,29,2.45527354471,0.352812271843
30,30,2.72436293063,0.0323110970763
31,31,2.80123198748,0.353964711178
32,32,-0.0667218465205,-2.52873634267
33,33,-0.117897001098,-3.48273680776
34,34,1.54147851122,-0.57360221011
35,35,-0.191846925963,2.35655113241
36,36,-0.702357495741,-2.81667281595
37,37,0.101468071302,-2.15340725777
38,38,0.271158603991,-2.80234454992
39,39,-0.867799481057,-1.50370707959
40,40,2.19487539617,-1.72984611145
41,41,0.283085466965,3.11608786867
42,42,-0.440066715797,-2.32129860459
43,43,2.34206217659,0.312560181885
44,44,3.06545304067,-0.355737227147
45,45,3.43658270047,-0.212838416322
46,46,2.44807627108,0.222601679368
47,47,2.23820695182,-0.194490883713
48,48,2.75973231313,0.582848646838
49,49,2.42944440822,1.98627367878
50,50,-0.0587518684569,-2.73689920822
51,51,0.0411492881974,-2.52180441878
52,52,-0.464603899251,3.25019572408
53,53,-0.213957206635,-2.83287945154
54,54,0.024423166076,-2.93589813334
55,55,0.0675203179113,-2.5936204107
56,56,0.806698490528,-2.47697942357
57,57,-0.753959557704,2.16424345614
58,58,0.352945402974,3.54663472081
59,59,-0.399602777417,-1.96389233081
60,60,0.824755249718,-2.25275835844
61,61,2.29392098227,0.136345948302
62,62,2.1229922006,0.186674184267
63,63,2.91203201897,-0.156139848926
64,64,2.55345748468,-0.372259331366
65,65,2.63732921337,-0.456697032557
66,66,-0.130038618701,-2.42092088411
67,67,0.585538091129,-2.14778381153
68,68,1.07658883923,-2.40535325877
69,69,-0.461817083224,-1.70361171783
70,70,-1.15517496603,1.58884239731
71,71,-0.838148069172,2.29162416474
72,72,-1.0480775195,2.28017129911
73,73,-1.29637280327,2.68693945659
74,74,-0.892857428296,2.41043010671
75,75,-0.932494017828,2.20249398627
76,76,-0.586242533372,2.31750830341
77,77,-0.646378306903,1.40173790014
78,78,-0.0176133715281,2.82608878913
79,79,0.979448365411,-2.48410089154
80,80,-0.748860344987,-2.25109127444
81,81,-0.559487507848,-3.07964038231
82,82,0.447519869256,-3.42122314125
83,83,0.0167319291672,2.54788728845
84,84,-0.174799586763,-1.92671045718
85,85,3.2796249904,0.501591196222
86,86,2.41603006869,-0.701398024647
87,87,0.127692700272,-3.53965378385
88,88,-0.32673478397,-2.83079370652
89,89,-0.567381187168,-0.77165581631
90,90,0.247285686275,-0.40406879287
91,91,0.0464926232092,-1.9458954743
92,92,-0.866577173826,1.98154211793
93,93,-1.1242338306,-2.02157124668
94,94,0.423905266258,3.12382957578
95,95,2.04703684372,-0.319413304459
96,96,-1.13397570501,2.17902589521
97,97,-0.538470906325,1.93667348252
98,98,-0.37425911509,0.306785918521
99,99,-0.279581403614,1.93210770401
100,100,-0.0735803804823,1.82043746606
101,101,-0.91743625429,0.324236581994
102,102,-0.127253510784,-1.7318992639
103,103,-0.825668958152,1.65914572846
104,104,-0.389769122813,-0.878768527196
105,105,-1.17542544188,-0.0770563781169
106,106,0.827410856513,1.10048577228
107,107,0.313648284367,-1.28164437899
108,108,-0.398441720715,0.487331502971
109,109,-0.406970543652,0.481077071855
110,110,1.5853888947,1.73183564297
111,111,-0.0373158761272,-2.04681618358
112,112,-0.401042755261,-1.45921228469
113,113,-0.442606213173,-2.03640869135
114,114,0.457966952428,3.07774716523
115,115,0.354921335088,-1.40305878365
116,116,3.07634285877,0.0217140768763
117,117,2.58567464251,-0.218550109585
118,118,0.47504028988,-2.14260565697
119,119,2.06264870042,-0.48828142055
120,120,2.5811443365,0.0784462512941
121,121,-0.520514496865,2.80860172062
122,122,1.22735911679,-1.34134530546
123,123,2.62961970874,0.231947532834
124,124,0.749754604516,1.65349447772
125,125,0.556031939979,-2.9458800262
126,126,0.308024084133,-2.96569975088
127,127,-0.830456438031,0.674201734374
128,128,0.120083606749,-2.08234490956
129,129,-0.279171302846,-1.24655194042
130,130,-0.953082172335,-1.66138654039
131,131,0.842466341903,0.786829352772
132,132,-0.443366740765,-1.73911223588
133,133,0.101444394589,1.50957344203
134,134,0.52976144646,-2.36491550348
135,135,1.38441543654,2.24522958678
136,136,-2.00490417981,1.23306239307
137,137,-0.473105803129,0.623032006906
138,138,-1.38154735779,0.883776323719
139,139,-0.0384709148823,2.30854869608
140,140,-0.566505565946,0.196848115052
141,141,-0.730974330469,0.385707295457
142,142,0.171222360627,-1.98828156365
143,143,-0.831973046097,1.95236956358
144,144,-1.59320688964,2.17173344243
145,145,-0.883268990519,1.40479142354
146,146,2.17405892622,1.07938418594
147,147,-0.0872663937488,1.27993742372
148,148,2.84583489533,0.399664566367
149,149,3.00240485335,0.0563186042236
150,150,0.209007767958,2.84780499095
151,151,0.887982119659,-0.544725315187
152,152,2.59294879487,-0.111897293687
153,153,2.65961316126,-0.0239674890852
154,154,2.96762947095,0.391551168509
155,155,0.319754307627,-2.85913391171
156,156,0.206800485006,-2.31687681352
157,157,3.41264816624,-0.0559689021216
158,158,0.0530941565263,-2.25676797602
159,159,2.14585979053,0.712965104681
160,160,0.463359316127,-2.44141154275
161,161,0.442936969105,-1.79717765348
162,162,-0.363038662772,2.34653048971
163,163,0.333200509391,-0.43663011224
164,164,-1.20392841608,-1.18075860284
165,165,-0.393084893281,1.65125097328
166,166,0.210686403306,-3.00159997004
167,167,-0.989433456317,1.56878829259
168,168,1.32378324998,1.58846032514
169,169,-0.0647469619708,0.0770788426672
170,170,-1.01571531738,-0.647727558366
171,171,-1.65911713463,-1.30062282569
172,172,-0.856455460112,0.978520795398
173,173,-1.45756712101,-0.838604860141
174,174,-1.31508410778,-2.29711146221
175,175,0.160194497921,1.50747673795
176,176,0.133970173899,0.798553991316
177,177,0.199400804642,-2.28312149876
178,178,-0.0076189151362,1.20569175743
179,179,-0.486727891967,-1.12607861862
180,180,-1.51962668716,-1.96777595344
181,181,0.836872482577,-0.280251125427
182,182,-0.423447710869,-1.19645273286
183,183,0.137502963276,1.1177742049
184,184,-0.0536919060525,0.499780059017
185,185,-0.246611795065,0.386715366979
186,186,0.56326139817,-0.344982734767
187,187,0.0339027324406,-0.439017836967
188,188,-0.192282093429,-0.658751183148
189,189,-0.0847743577218,-0.212074610754
190,190,0.0921165161425,0.223226352723
191,191,-1.70516392217,-2.40201606182
192,192,-0.423459964077,-2.60520893944
193,193,0.249769374381,2.88138245232
194,194,-0.428417671482,-0.879474142049
195,195,2.3338951136,0.0303770303807
196,196,2.2570816099,0.271861926303
197,197,-0.0498852038775,-2.98940705682
198,198,-0.700552664731,1.24481043176
199,199,0.419048981075,-2.41744336523
200,200,0.291957679266,1.54947762127
201,201,-0.310125187954,2.58766235119
202,202,0.945547809656,-2.09185489325
203,203,2.91494299249,0.174741645995
204,204,-0.160374650635,2.44083427108
205,205,0.553804852133,-2.37095835216
206,206,0.1717353989,-1.13929096696
207,207,0.371761411264,-1.82652589464
208,208,-0.412738481084,2.02218803581
209,209,0.0808364151742,-2.49509273239
210,210,0.565787956399,-0.554212114284
211,211,-0.628853734695,-2.42258285313
212,212,0.252277488138,1.59308194689
213,213,-0.891977578684,2.18002152816
214,214,-0.0516721022632,3.18205207976
215,215,0.508299191113,-1.98122204583
216,216,2.0577720438,-0.876179783071
217,217,2.07273549088,-1.44568974911
218,218,2.6475563623,-0.209080906837
219,219,-0.260885698485,-2.51483608144
220,220,0.557127238657,-2.07694617907
221,221,1.74772246705,0.662641751163
222,222,-0.305631170788,2.4602119107
223,223,-0.254582294051,1.98660920876
224,224,-1.19299280752,1.62784621412
225,225,-0.424558975148,0.324374193975
226,226,-2.00636994081,-2.54430026727
227,227,-0.777202306206,1.75602225506
228,228,-1.44939964199,-1.90136994517
229,229,0.350364563514,2.09614423632
230,230,-1.39053812477,-1.57250530401
231,231,1.569058849,0.760613154519
232,232,0.118622634214,1.72741835416
233,233,-0.632739756577,1.78234634281
234,234,-0.709478273634,1.75790149006
235,235,-1.03336843263,1.82129531747
236,236,-0.526134336134,1.49701545464
237,237,-1.45182305129,0.938958274542
238,238,-1.15695633933,1.6907064547
239,239,-0.894243040552,1.33870931922
240,240,-0.78314846751,1.47106966662
241,241,-1.15097235173,2.01292322719
242,242,0.350884923689,-2.51699377383
243,243,-1.50039894106,-2.01162398177
244,244,-0.660777532651,2.0248802616
245,245,-0.086843496504,0.948405225483
246,246,-1.28905802393,-0.763652971914
247,247,-0.136960625256,1.00837515543
248,248,-0.559165747706,0.286999646598
249,249,-0.540148925326,0.454245311122
250,250,-1.15964593958,0.886141748353
251,251,0.43412667853,1.27126286246
252,252,-1.46203032674,-1.07325109583
253,253,0.269548051882,-2.52752886323
254,254,0.330399826729,-2.03351555981
255,255,-0.664388514246,1.56587358397
256,256,-0.322462649829,0.711914666852
257,257,-1.03611416445,-1.29032216865
258,258,-0.342492912989,2.21770314153
259,259,-0.0109873311958,-1.93532798354
260,260,-0.315275696783,-2.60320553683
261,261,-0.443942084765,-3.33925081296
262,262,-0.341144787866,2.18553956414
263,263,-0.239837910958,-2.4663922617
264,264,0.264098754303,-2.66562000683
265,265,-0.258557895139,2.96664744803
266,266,-0.433791860564,-1.84696000732
267,267,3.14637171603,-0.210609133647
268,268,3.59749513574,0.247253448079
269,269,3.50976455402,0.209702560917
270,270,0.349165407011,-3.41256306532
271,271,0.636963351452,-2.53288068783
272,272,-1.00375060458,0.211626285843
273,273,-0.435866320718,2.95584887055
274,274,1.43399050075,-2.32951055516
275,275,0.0648665951445,2.29795305755
276,276,0.826628234989,-1.91667652077
277,277,0.228784286528,-2.35125171315
278,278,0.334689859517,-2.38393702637
279,279,1.17674345204,1.5829748107
280,280,0.455172349787,-2.38145284316
281,281,0.133344553347,-1.7375009984
282,282,0.417383056098,3.08165106598
283,283,-0.548753352653,-2.96534712445
284,284,-0.367639972466,2.12100218356
285,285,0.336039822939,2.54678517247
286,286,-0.0617214285614,2.90315188293
287,287,-1.30573786322,-2.92979785362
288,288,2.14943670516,-0.0854814989553
289,289,3.31740782324,0.28894613426
290,290,0.287466882962,-2.92591105079
291,291,-0.294960942543,-2.78133426635
292,292,-1.44474907276,0.707840910706
293,293,1.12682582189,-2.15682884872
294,294,-0.626001979839,1.6075087132
295,295,-0.885267222196,1.17210131014
296,296,-1.85533193747,0.898843143542
297,297,-1.26759847113,-0.924991943119
298,298,-0.556142766046,1.4515182528
299,299,-0.633242447013,1.71286439088
300,300,-0.183660165641,-0.43775779935
301,301,0.600773061276,0.172336404038
302,302,-0.245897874113,0.534802640494
303,303,0.193653719381,0.297414741328
304,304,1.20566925697,-0.67215654432
305,305,1.01848995099,0.404761353404
306,306,-0.40937767558,0.438657352287
307,307,0.848641680628,-1.84403437746
308,308,0.923225036931,-0.333510047174
309,309,0.632557608515,-2.2538631559
310,310,0.978324592037,0.642295564752
311,311,-1.31505468117,1.24918193607
312,312,-1.47709341466,1.92886459275
313,313,-0.0645150486873,-0.318948488376
314,314,0.149003650001,-2.99283255344
315,315,0.352175624821,-2.80375052902
316,316,2.54489733137,-0.318871107651
317,317,0.874162570455,-2.74758650056
318,318,-0.149576533983,0.191364757166
319,319,0.476225829596,-2.02357612649
320,320,0.126561532254,0.974199383499
321,321,-0.75174665465,-0.796769269195
322,322,1.04384815448,-2.29188330138
323,323,0.394700334709,0.326291651828
324,324,1.05561628465,1.310895332
325,325,-0.549674617896,1.65641737371
326,326,-0.098647193108,1.80315441112
327,327,0.179402545816,-3.03702824669
328,328,-0.179739841746,0.905804051169
329,329,2.59400543771,-0.806084382828
330,330,-0.0731210692401,0.192412648247
331,331,-0.272629103628,2.03583014934
332,332,0.940171811462,-0.898189187087
333,333,-0.507179371011,2.69061192713
334,334,-0.810415651957,1.95177680158
335,335,0.151110083598,3.37305394977
336,336,0.997504426238,-1.67443608573
337,337,1.61430004418,1.40522047563
338,338,0.224272037359,-2.4135304744
339,339,0.334548355331,0.617312119057
340,340,-0.0757741795862,-0.419812870513
341,341,-0.464377860401,-0.840345634168
342,342,-0.777073711767,1.23257893081
343,343,-0.984947870206,0.857162016516
344,344,-1.05993422222,0.941673214679
345,345,1.61075899164,-0.405944186369
346,346,1.79688913012,-0.410590217194
347,347,-0.384233430128,2.6957820377
348,348,-0.833897940332,2.77511377768
349,349,0.00493626674129,-2.31796656993
350,350,0.528412644449,-1.76961838988
351,351,0.0653036806268,2.89459724755
352,352,0.638000222961,-2.50913878945
353,353,-0.00859839156368,-2.52685935961
354,354,0.00540817099693,-2.3022168246
355,355,2.1952748943,-0.0137711845989
356,356,0.606658709853,-2.07353170938
357,357,0.872605696999,-2.87638943331
358,358,0.0121209019881,-2.57674927134
359,359,1.51483522104,-2.29365357416
360,360,0.610956572564,-1.36490603248
361,361,-0.311857023157,2.07570054099
362,362,-0.358906298553,1.97979713215
363,363,-0.0101609500336,2.44010675825
364,364,-0.110173932271,2.92309503179
365,365,-0.48620642141,2.6300422322
366,366,0.330686433401,-2.26239862518
367,367,-0.536188218522,2.76771590134
368,368,-0.0811755442316,-2.73279000378
369,369,2.85393541029,1.51048132895
370,370,2.89087811732,-0.531828312486
371,371,2.54700184559,0.0459167504632
372,372,2.45889515306,0.610978517847
373,373,2.29393131736,0.479431823699
374,374,2.09642955742,0.160947664961
375,375,2.59645933077,0.0954120744028
376,376,2.64134099225,0.365961690971
377,377,2.44815356257,0.19597391465
378,378,0.0551431053929,-2.80127210186
379,379,0.0895447297487,-2.54640917088
380,380,0.0953766274364,-2.82357876452
381,381,2.69957484294,0.357967619121
382,382,3.21645905959,0.519171681525
383,383,2.38675825326,0.974883463844
384,384,-0.0222493221264,-2.7848726869
385,385,0.329165228472,-2.61570775252
386,386,1.79692165111,0.524045477144
387,387,-0.505780644954,2.53430434348
388,388,-0.502353378374,2.23430050071
389,389,-0.483267992992,2.47367218966
390,390,-0.350831429782,2.81534761002
391,391,3.30551266013,-0.235809801233
392,392,0.0654558764039,2.44041455118
393,393,0.257285333466,-1.90495919509
394,394,0.0472319044874,-2.71967819351
395,395,0.269082720996,-2.87419426498
396,396,0.0621006611568,-2.52997668481
397,397,0.0198632937898,2.51032976005
398,398,-0.551462591436,-2.51902774157
399,399,0.220848912442,3.13769243211
400,400,0.7393351414,-2.9033131519
401,401,-0.235074643244,-2.08995982125
402,402,0.519348344716,-1.78020666387
403,403,0.814309585578,-1.88967223587
404,404,0.00895019766906,2.51226898438
405,405,1.00548134488,-2.40195350988
406,406,1.13989306332,-0.76187537716
407,407,2.56460116954,-0.0733062971798
408,408,3.00796463892,-0.17144363035
409,409,2.44749792129,-0.108101171552
410,410,-0.185982330108,1.98581977218
411,411,2.82967116804,0.318762060491
412,412,0.405138605459,2.49363737726
413,413,2.92146532174,0.0350747745599
414,414,2.3282171824,0.21101567868
415,415,-0.00370536625052,-2.41355882647
416,416,-0.0249801911902,-2.52479117224
417,417,0.256321989346,-3.20078321313
418,418,2.29134332154,-0.0643379544042
419,419,1.12143125585,-2.36345549535
420,420,-0.226456419871,-3.1429900438
421,421,2.65762223025,0.0927405914112
422,422,0.020293988531,2.93178903508
423,423,1.68254956146,0.635661064291
424,424,-0.252531297661,-2.74013704886
425,425,-0.210799105202,-2.25234709222
426,426,2.41001687981,1.31393799936
427,427,-0.114127641551,-1.63892096179
428,428,-0.0618558838778,-1.95817202761
429,429,1.32305922265,-2.61883043228
430,430,1.15625235014,-1.87970889902
431,431,1.02952476026,-2.12130641786
432,432,-0.06138314775,-2.26596855683
433,433,0.16275785434,-2.48723159633
434,434,-0.234178270924,-3.25172397978
435,435,-0.0991156690325,-2.77172572281
436,436,0.902811636458,-2.18551800482
437,437,0.815212719327,-1.90527183999
438,438,0.272779809423,-3.24850671225
439,439,1.63909924309,-2.20792092444
440,440,-0.116066215328,-2.70686626573
441,441,1.14321806327,-2.18633504498
442,442,-0.0698254762779,-2.73149974999
443,443,2.30979734449,0.44785871547
444,444,0.517200073142,-2.4173515372
445,445,-0.0947952677711,-2.55511293231
446,446,1.07243733011,-2.28438871792
447,447,0.309969643999,-3.08403481092
448,448,0.933516848961,-2.18736996058
449,449,3.77026480517,0.0376705515495
450,450,3.14621987558,0.0220722306379
451,451,-0.325204060342,-3.32384640716
452,452,0.953288867607,-2.23326630725
453,453,-0.263721940869,-2.87925124202
454,454,0.787284573795,-2.07431575541
455,455,-0.231256421976,-2.82156554282
456,456,-0.215129452317,-2.69878928316
457,457,-0.162283558564,-2.94814493528
458,458,-0.294339401446,-2.52112542752
459,459,3.15905030501,-0.418623465022
460,460,-0.00575448235009,-2.77508737974
461,461,1.4603114723,-2.60203203676
462,462,3.00225400795,-0.199011126622
463,463,0.262072059679,-2.67286908211
464,464,-0.979416468068,-1.55643074555
465,465,0.841284132595,-1.74876255467
466,466,0.0505913878785,-3.23840034839
467,467,1.00318307263,-2.34739745157
468,468,-0.027996733727,-2.293968557
469,469,0.457880578761,-2.50101893811
470,470,0.0147141316126,-0.383408413279
471,471,0.646817565598,2.57392612135
472,472,-0.304213999413,-2.83055102205
473,473,1.14903482621,-2.36331467688
474,474,-0.489501328933,1.60654842317
475,475,1.80500832701,2.06213477654
476,476,2.14887449186,2.40317264803
477,477,2.56727660511,0.288299958234
478,478,3.77320500346,-0.237782322466
479,479,-0.0918248905634,-2.5111336369
480,480,1.2076537693,-1.48565776464
481,481,-0.502701482172,2.16034605674
482,482,0.0376613438953,-1.77780908238
483,483,-0.867566403845,1.07707919613
484,484,0.168440267895,0.0526215188125
485,485,1.67375286393,0.547205068865
486,486,2.53428950575,0.0289808798088
487,487,2.85475041039,0.187057245346
488,488,2.6316262865,-0.111740702423
489,489,-0.167741337748,-3.19869837223
490,490,0.625367162423,-2.77867119449
491,491,-0.616160600222,2.2198828961
492,492,0.102824737059,3.44896039832
493,493,1.37647316713,-2.19551307855
494,494,-0.00540324014026,2.65337932196
495,495,1.26457393111,-1.236347345
496,496,2.67505032979,-1.2681722451
497,497,-0.0135045200389,-2.555184321
498,498,2.61998833344,0.0131089473908
499,499,2.34520189486,-0.256751354983
500,500,-0.212405554332,-3.41348298985
501,501,-0.156143687621,-3.4688869362
502,502,0.202392165269,2.13707954062
503,503,-0.463284036445,2.71193044294
504,504,-0.211118912772,3.0605460739
505,505,0.325301947943,3.19062667107
506,506,-0.0880285391792,-1.80527060713
507,507,2.8645793307,1.03060433655
508,508,-0.117762587352,2.84041610686
509,509,-0.296109428612,-3.2178017387
510,510,2.79427381517,2.0852778666
511,511,0.220843897079,-3.71624987657
512,512,0.0147174834626,-2.42608461966
513,513,0.412035159896,-3.1394327466
514,514,-0.340068129555,2.19799869354
515,515,1.02014283335,-1.92408231338
516,516,2.2799199308,-0.0740079135296
517,517,3.00267133924,-0.536203619203
518,518,-0.564732222044,-2.99191661544
519,519,0.250505376878,-2.61446635852
520,520,-0.127698205814,-2.96050742313
521,521,-0.262231685899,-2.74649651376
522,522,0.287969459047,-2.54942443462
523,523,0.321412608492,2.59917553812
524,524,-0.371388904849,3.16738889698
525,525,-0.197697207094,2.25064557365
526,526,0.323151305933,2.37683261199
527,527,0.0353201100759,2.42343323619
528,528,-0.460164875549,2.59257104876
529,529,-0.345102161775,-2.61330646667
530,530,-0.327761505541,-1.74451031709
531,531,0.582606729712,-2.29379663967
532,532,-0.244034386088,2.45547126292
533,533,-1.42148195088,1.61871075394
534,534,-0.487659155693,2.19462693189
535,535,0.432588791622,-1.89385776689
536,536,-0.214706673017,2.28095565784
537,537,-0.598383091744,2.51941740549
538,538,-0.481535783185,2.01047791607
539,539,-0.97422974771,2.1751860602
540,540,-0.928226988143,2.66047138968
541,541,-0.52022471523,3.16715431916
542,542,-0.810837642533,2.94817746554
543,543,0.96842838253,-1.83234001579
544,544,2.25879909152,0.628633041352
545,545,2.57341381316,0.257006468693
546,546,2.84364648524,0.424248616592
547,547,2.9183751904,-0.00630778929673
548,548,2.29984890083,0.314238309658
549,549,0.0608023613797,-2.62564210709
550,550,0.965771219828,-2.41703847353
551,551,0.567268657163,-1.11942652248
552,552,-0.689427783187,2.1994458132
553,553,-0.407976309619,1.95300016046
554,554,1.1249311676,-1.90655702104
555,555,1.52243093326,-0.868050690471
556,556,0.0784806032338,1.1189779694
557,557,-0.53315152554,0.271424531455
558,558,-0.650577531607,0.96135162604
559,559,0.419976136177,0.659791446433
560,560,-0.628948597738,1.23130271997
561,561,0.794248514389,-0.272988710182
562,562,2.13692600432,0.521710602719
563,563,2.71309597412,0.348584000192
564,564,2.84204317646,-0.359024387346
565,565,1.66790702422,-1.6168499699
566,566,3.29953151961,0.575301291385
567,567,2.82866992319,-0.269849940158
568,568,2.83365054812,0.358335523203
569,569,2.77670545335,-0.0710764003252
570,570,-0.132100226229,-2.56103991484
571,571,-0.222218312532,-3.41297918344
572,572,0.301271541268,-3.19893617375
573,573,0.896357853486,0.110151854697
574,574,1.10328573144,-0.328461601976
575,575,0.375889291699,-1.99228461926
576,576,0.336177377398,2.72227055577
577,577,0.304618228647,-1.86835766347
578,578,2.88078966266,2.08887511403
579,579,0.0813331759575,-2.95813795488
580,580,0.355843360894,-2.93814015294
581,581,-0.0322212634233,2.689607813
582,582,-0.137440291459,2.4283605286
583,583,-0.16425095826,-1.84530316559
584,584,3.01876826082,0.130809198719
585,585,2.32272537287,0.222436428564
586,586,-0.107991596962,-3.56034077518
587,587,2.82997454839,-0.0714585552135
588,588,0.417694351064,-2.70758810897
589,589,0.802033009483,-1.06606573796
590,590,-1.86600788793,2.80397783333
591,591,-1.67127672368,1.72928819622
592,592,-1.73951986363,1.39915442381
593,593,-2.10009357609,-1.9258426735
594,594,-1.23218126151,2.1769236004
595,595,-0.613604121424,-2.27815030399
596,596,0.720802717717,-0.477764013653
597,597,2.2222941738,-0.265063907222
598,598,1.73000074104,1.72606936471
599,599,0.471955120487,-2.32143778301
600,600,-0.311962851564,2.89209825136
601,601,-0.0605310387299,2.85030876954
602,602,2.23826368374,-0.441624580702
603,603,0.0322009530765,-3.08644727521
604,604,-0.0636608395119,-3.27450337181
605,605,0.912041995645,0.366805581331
606,606,0.550314136301,2.73226138371
607,607,1.2616014831,-1.64534491931
608,608,-0.761133320433,1.13632829778
609,609,1.28258751762,-1.92517149168
610,610,-1.31476244406,2.77814528097
611,611,1.79718288399,-1.841681554
612,612,2.17828622806,0.158827966434
613,613,0.927089116183,0.430967571925
614,614,0.784578195414,1.31194302836
615,615,0.661109869583,0.328492201162
616,616,0.505334165365,0.734092672182
617,617,0.884524084703,0.468582467215
618,618,0.69316312647,0.54937333153
619,619,1.12579046567,-1.86569626889
620,620,1.04091521309,1.6230942976
621,621,2.45383762888,0.46678559479
622,622,1.16667703461,-1.70390348314
623,623,1.63139450009,0.773062568314
624,624,0.777284731397,1.8562808059
625,625,-0.265634497036,-0.866681596046
626,626,-0.613581113508,-0.632642965666
627,627,0.712647293187,1.457824216
628,628,1.80072065054,0.772886873748
629,629,1.54147963766,0.543227949254
630,630,-1.30982309331,-1.33541737222
631,631,-0.778921091431,-2.35120110307
632,632,-1.64249908152,1.26295895595
633,633,-0.684199361966,-1.44000723637
634,634,2.85946017488,-0.0116605148577
635,635,-0.143261947594,-0.174509881921
636,636,-1.18644079803,0.869995874611
637,637,-0.184180089454,0.47867960332
638,638,2.709941128,0.803703497397
639,639,0.375604893044,0.185572916779
640,640,-0.677027972504,-1.67744979158
641,641,0.764498946927,0.514820154409
642,642,0.965318647615,0.999443748418
643,643,-0.463537286151,-1.18110881556
644,644,-0.414252437156,2.1802078689
645,645,0.044818626285,1.44722370756
646,646,0.685066677346,0.706343263221
647,647,1.75449475057,1.45931292252
648,648,2.0213530427,1.23881337504
649,649,0.82222708246,1.99764372705
650,650,2.38671823879,0.858975348554
651,651,-0.547884636342,-1.51540843691
652,652,-1.00055739659,-1.84408378312
653,653,2.16010836045,0.419642063907
654,654,1.72812880643,2.42052698127
655,655,0.952871416169,0.669279046399
656,656,-0.49944155428,-2.10255992391
657,657,1.61719152439,0.655548481277
658,658,0.110564400024,1.60314361755
659,659,2.82087059912,0.660721663372
660,660,1.83595960668,2.063151746
661,661,2.41248604253,2.12351376917
662,662,2.58574209022,2.40472138256
663,663,1.6308180118,1.88079962787
664,664,1.46722803362,1.8093342163
665,665,1.89317175827,1.75384634226
666,666,1.68108978619,1.99840811989
667,667,0.759384915185,-3.12036008587
668,668,-0.351272304698,1.89151407702
669,669,1.65314897752,1.37597619113
670,670,-0.116877384358,-1.53979225746
671,671,0.791362889537,1.13406908344
672,672,2.1085525455,-0.287876138217
673,673,-0.924843241151,1.73690817679
674,674,-2.00806320488,1.90781792727
675,675,1.71987993558,-0.855901857719
676,676,0.166492426388,1.85990065242
677,677,1.83569327563,1.46122983328
678,678,2.6395173155,1.66895115546
679,679,-0.245395990258,2.81484880816
680,680,1.85592156592,0.651686206354
681,681,1.81464962689,0.162987281546
682,682,2.5307401738,-0.150562064965
683,683,1.33872247571,1.19747962354
684,684,1.55045744292,1.47864237835
685,685,0.289743734591,2.69409625244
686,686,0.288030011454,2.81975500313
687,687,-0.111623219864,2.13661297132
688,688,-0.0121797586666,2.02772501254
689,689,0.0715258459924,2.26632401614
690,690,-0.220738478702,2.25238351133
691,691,2.50251606345,1.72015681034
692,692,2.31536135093,1.8264566431
693,693,-0.742494950131,-2.5684989582
694,694,1.83052042001,2.05909017653
695,695,0.129101276816,-1.72129271269
696,696,0.914331903434,1.90628660319
697,697,1.49778533365,1.91251734527
698,698,2.18128408646,0.548374666179
699,699,2.49527378266,0.482979955039
700,700,-0.355659049794,-1.71058294774
701,701,-0.188472457517,1.1971759224
702,702,-0.41357450643,2.29206042469
703,703,-0.42309394628,1.92191422925
704,704,-0.594700106803,-0.999474787184
705,705,-0.154450165136,1.95380556684
706,706,1.33924022241,1.48727146424
707,707,-0.5036164775,-2.00943528251
708,708,1.13591818683,2.03207898112
709,709,0.864203019175,0.953706511317
710,710,0.206998419801,-2.19816774539
711,711,1.18136375331,0.539289397816
712,712,-0.254886192731,-0.498752103518
713,713,-1.23420167456,-1.73428348821
714,714,0.341945459797,-2.29123431749
715,715,-0.845455247849,1.7901572857
716,716,0.567182903428,2.83711553593
717,717,-0.428235450023,-2.37747860901
718,718,0.98463848758,1.19335675214
719,719,0.307716834083,-1.70554382238
720,720,1.50262179417,1.77188229217
721,721,-0.235126860138,-1.27649780049
722,722,-0.791450832083,-1.31316816531
723,723,0.782411273798,1.360325148
724,724,1.06344082457,1.33174845916
725,725,0.926832805898,0.68998062005
726,726,0.0538829225448,-2.60096805615
727,727,-0.286302235495,-1.10481219797
728,728,1.58654507166,-1.01239486116
729,729,1.78729764795,0.400979665622
730,730,-0.438842405664,-2.76427948508
731,731,0.284031125261,-2.99342113515
732,732,0.147261728007,-2.22605747007
733,733,2.18439531681,0.382433621571
734,734,-0.0421028309554,-3.1063566175
735,735,0.779756407403,2.33690620953
736,736,-0.0170815015701,-1.43072879129
737,737,-1.07034275485,1.84527461738
738,738,2.16212858003,-1.82618513317
739,739,-2.05762969061,2.56023547388
740,740,1.292777095,-2.03957196578
741,741,-0.0783726556314,2.29470260431
742,742,-0.810091916478,1.00801453337
743,743,0.865320921871,-1.3057924286
744,744,1.0004331489,0.408375754486
745,745,-0.946898434396,-1.76085638113
746,746,0.329168727793,-1.89444269911
747,747,0.522424425136,-0.48960727024
748,748,2.58837583026,-1.40267035213
749,749,-0.504117296413,-1.87429312071
750,750,-0.701479616152,-2.67781734689
751,751,-1.71127378377,-1.37127701712
752,752,0.363457512948,1.82866155825
753,753,2.69200299067,0.364845958927
754,754,-0.4671503108,-2.47053750236
755,755,0.450264764983,-2.06937266276
756,756,-0.448814505298,-1.96545943887
757,757,0.392471905469,-2.52252574787
758,758,-0.754427627738,-2.3575817547
759,759,-0.177892487632,-1.90796335601
760,760,-0.847311082252,-2.52353658589
761,761,-0.612820521279,-1.47650463587
762,762,-0.190425355787,-2.16308983501
763,763,0.291017544048,1.8898304485
764,764,1.75330953063,0.515429322917
765,765,0.479369428163,-2.00128879088
766,766,-1.27664795746,-0.852452210049
767,767,-0.554461280415,-3.23695528101
768,768,0.125568695731,-2.07521470935
769,769,-1.89838447954,-1.52584001357
770,770,-0.671076785194,-1.31502630073
771,771,0.860142500831,-2.31190715422
772,772,-1.25110959219,-2.67743834663
773,773,1.63703304598,-1.67841104904
774,774,1.76367514125,1.35226668181
775,775,1.11083802094,-2.29233231085
776,776,1.07764236807,-1.98444122152
777,777,-0.140092084872,1.57483360781
778,778,0.859225170985,0.991853618381
779,779,-0.210738806967,1.54708604556
780,780,0.487532232344,-1.61552464147
781,781,0.444797640181,2.51591626057
782,782,-0.213671833843,-2.66255221165
783,783,0.0363762770273,-2.94163400476
784,784,0.592345895532,-2.28031527358
785,785,-0.549076379872,2.51646307482
786,786,-0.111242998049,2.43765622392
787,787,-0.30534298902,2.71806726238
788,788,-0.140587468438,2.87266798184
789,789,0.323152951846,-2.32820347397
790,790,-0.0485798623816,-2.78631529068
791,791,-0.741462017551,2.72178282568
792,792,-0.227015233077,-2.44833422814
793,793,1.39689694888,-1.55574550737
794,794,-0.370114972274,2.18286093582
795,795,-0.359736193653,2.34058789046
796,796,-0.229883613273,2.45566007096
797,797,0.890706304534,-2.64369773919
798,798,2.10878318608,0.755300682443
799,799,2.70787788903,-0.029897417082
800,800,2.6019039382,-0.175963739806
801,801,1.9844386565,-0.0453744226976
802,802,0.0726196161051,-2.89097078141
803,803,0.319651009019,-2.65138424317
804,804,2.45397418021,0.315767902414
805,805,-0.198138916076,2.88290308707
806,806,0.132764287077,2.53852333917
807,807,-0.610755195652,2.94835553896
808,808,0.250893352172,2.68078452924
809,809,0.236199045177,-2.22376538264
810,810,0.0432286556064,-3.52789048155
811,811,0.240012066548,-3.1155378724
812,812,-0.278092243018,2.55014443284
813,813,0.678396210454,3.33170734748
814,814,0.676879360446,-2.07895080241
815,815,2.33462105755,0.397191443731
816,816,-0.711797110465,2.39014117613
817,817,-0.0827179402338,2.88683979005
818,818,0.996726655941,-3.09357429116
819,819,-0.0673776326364,-2.85427014077
820,820,0.417578479212,2.94657204284
821,821,0.258216842429,-2.2508001033
822,822,3.22001034845,-0.154366292749
823,823,3.01863463066,-0.0511366543074
824,824,-0.309179993922,2.81096256391
825,825,-0.0122094442494,2.1344747718
826,826,2.81804629694,-0.208400764973
827,827,0.380235625982,3.38153676561
828,828,-0.00567864398645,-2.01231257044
829,829,0.144923451777,-2.36843196697
830,830,0.0811227491237,-2.46646904391
831,831,2.903728981,-0.0334733550147
832,832,0.58333483083,2.50997221572
833,833,-0.0236464581115,2.89262498199
834,834,-0.061951335815,-1.99414196333
835,835,1.79543960201,0.328644563965
836,836,1.66470734132,0.586237662931
837,837,2.17980953447,-0.21087781652
838,838,1.8916108713,0.205257511989
839,839,0.595786117225,-2.69005402921
840,840,0.690287249551,-2.67527074455
841,841,-0.492132454544,3.2239291475
842,842,1.5970061152,-2.85403652375
843,843,0.267429734028,-2.65900565863
844,844,-0.124606293614,-2.47167450948
845,845,-0.0477071203105,2.1047334805
846,846,0.553686958641,2.38046910782
847,847,0.10418303765,2.24734993845
848,848,-0.12838347619,2.2324151933
849,849,0.328138522252,2.68310550751
850,850,0.316204466401,-2.5660139057
851,851,-0.174633455474,2.97903777431
852,852,0.804171503325,-2.02464694511
853,853,0.179501361573,2.94964005143
854,854,0.414364445748,-2.65531228987
855,855,0.0691742926921,-2.55690403247
856,856,3.22187691743,-0.147688429203
857,857,0.0129364802057,-3.20003188938
858,858,-2.45878849082,0.031552345856
859,859,-1.76338529415,1.77734429455
860,860,-1.93581533873,1.56811745775
861,861,0.292810412756,-0.870467660102
862,862,-2.32217436483,-2.44460297134
863,863,-1.62445133236,2.30001325474
864,864,-0.69464223948,-2.15656555804
865,865,1.99238013585,0.396197550332
866,866,2.63709870664,-0.307844144885
867,867,2.91077565708,0.516804202399
868,868,0.222031646209,-2.70510343504
869,869,1.1047060772,-2.1228089294
870,870,0.416390260903,-0.884722796116
871,871,2.054519821,0.27560930473
872,872,-0.107179846359,-2.91155576447
873,873,-0.634182339432,1.67561262825
874,874,-0.0080984708364,1.15312886634
875,875,2.62185455661,0.448360400582
876,876,-0.226699203411,-0.416498899746
877,877,-0.0253633109765,-1.0342782653
878,878,-0.633185539427,-2.88663433786
879,879,-0.175127248878,-1.12632788847
880,880,-0.342352681342,1.26308500278
881,881,0.246363171208,3.09875896537
882,882,1.83468232481,0.156292658972
883,883,2.60661608399,0.45261512619
884,884,2.71483750883,-0.122051454843
885,885,-0.527697003614,-3.25680398609
886,886,-0.215255548984,-3.0103501709
887,887,0.0182923416519,-3.56747607907
888,888,3.50153602507,0.011585118432
889,889,0.168327539778,-2.35812402962
890,890,0.434484133879,-2.69657385893
891,891,2.15355362234,0.883069143978
892,892,-0.0844242315998,2.28049063093
893,893,0.400950437229,-2.88945828354
894,894,1.42138411208,-2.55202060563
895,895,0.320178266108,-2.13133467276
896,896,-0.467814754403,-3.09136980311
897,897,0.161007487418,-2.99382957699
898,898,1.45392934905,1.44092384434
899,899,0.809943960129,-3.37703611009
900,900,1.46236158163,0.731247107467
901,901,0.148247740493,2.87742632304
902,902,0.994503073269,-1.34969078944
903,903,-0.0151988788431,1.69893240692
904,904,-0.193040061524,1.37986918441
905,905,1.52653353032,0.597517787331
906,906,1.89095136376,0.684789783773
907,907,2.21704812548,1.2983415152
908,908,1.12799021949,-0.266668540626
909,909,2.35356137112,0.729048036777
910,910,3.09565995332,-0.0805790921973
911,911,0.0781140196932,2.29386558919
912,912,2.01946077538,0.209829347262
913,913,2.81883129217,0.0921348788295
914,914,1.98914628419,-0.640918390503
915,915,-0.146944324829,1.51386255413
916,916,0.185024109486,2.36676477157
917,917,-0.119606753024,-1.95084844161
918,918,0.209277182935,-2.13390262481
919,919,2.13034049598,-1.02195618392
920,920,1.57498499843,-2.21988114392
921,921,0.602563424588,-0.113157714376
922,922,0.332310615475,-2.40223749091
923,923,0.659230851,-1.6982684145
924,924,-0.656225854293,2.09092364175
925,925,-0.248931122033,1.33809352828
926,926,-0.920113105865,-1.74605071733
927,927,0.199755293885,-2.1881072664
928,928,-0.122030089171,1.22902051299
929,929,0.589358774985,1.40206946228
930,930,-0.197524165205,2.89084477881
931,931,2.7202474301,-0.0518303343352
932,932,0.916108957879,-0.77428439589
933,933,2.7164809516,-0.0620852036511
934,934,2.8800012986,-0.153362607033
935,935,-1.95575324545,-2.12201664396
936,936,0.660861699075,0.304783440036
937,937,1.15009930969,-0.604522271627
938,938,-0.0762418390719,-1.85999906258
939,939,-1.60735284834,1.7631120981
940,940,-0.286687936447,1.2446339932
941,941,1.43614874809,1.62531023363
942,942,1.99614768404,0.917736196979
943,943,-1.06488528133,0.215666040922
944,944,-0.0850921378567,0.685747265179
945,945,-0.199868926124,-1.56350516442
946,946,-2.08459367476,-2.1284425117
947,947,-0.221679962112,1.63004829298
948,948,-0.838482098598,-1.17623782597
949,949,-0.623698970026,-1.68247547698
950,950,0.507306109876,0.947329725181
951,951,0.331121174792,0.987087937547
952,952,-0.446020870833,-2.27333075697
953,953,-0.00888374195616,-2.9304868435
954,954,0.488099039264,0.866739715129
955,955,-0.221915248179,-0.820996255156
956,956,0.425279335745,2.24775618645
957,957,0.344334216232,0.920607809114
958,958,0.579449310352,-2.41511485398
959,959,-0.154603295568,-1.93557414799
960,960,-0.530366048476,-2.35367498843
961,961,0.281859415676,-2.46521491269
962,962,0.386485957314,3.03280425088
963,963,0.896340408703,-0.508089502234
964,964,0.405696296648,-2.90141086152
965,965,0.0538800950875,3.03859075533
966,966,1.18721187374,-0.0867279003123
967,967,2.82058148095,0.488265946642
968,968,-1.20592855462,-1.61019480611
969,969,-2.06211117747,-2.09634027348
970,970,-1.4028092513,-1.94903305272
971,971,0.0670543855638,1.27169202738
972,972,-0.826586347377,-0.494835500613
973,973,-1.80514594526,-1.95602805621
974,974,-1.58063854401,-1.78147810083
975,975,-1.43831460713,-1.51776409616
976,976,-0.811808782622,-1.874422456
977,977,-0.531239431069,-2.03302064631
978,978,-1.420951566,-2.11679585152
979,979,-0.606368164372,-2.29775904156
980,980,0.15372488068,-0.787183629971
981,981,3.18846785393,-0.00239773421621
982,982,0.152066894597,-2.55161251099
983,983,-1.35800600884,-1.89383657809
984,984,0.349542596462,2.73700976028
985,985,-0.330051408695,-1.61640457466
986,986,-0.876006864297,-1.58989655076
987,987,-0.953611764133,-1.79096721643
988,988,0.0580085108911,1.14917550806
989,989,-1.13252626314,-1.73878795706
990,990,-2.1687121254,-2.69732477366
991,991,-0.0579227970233,2.96633161235
992,992,0.0596754030102,-1.63911986816
993,993,-0.0415874864504,-2.39865664164
994,994,0.432614292137,-2.5986577876
995,995,2.07031598784,0.484600151876
996,996,0.483146727027,-2.67846264988
997,997,-0.838339593452,-1.49772513932
998,998,-1.68702178559,-1.69326310309
999,999,0.110352166531,0.289281303354
1000,1000,-0.823498283031,1.16764689498
1001,1001,-0.477429544907,0.81173545337
1002,1002,-0.955997391554,-1.05923856152
1003,1003,-1.37504577567,-0.74881976214
1004,1004,-0.0798753266565,2.26781767428
1005,1005,-0.246543484239,2.73016455978
1006,1006,1.37019018362,-1.76112313739
1007,1007,0.191371054919,-0.172619383705
1008,1008,-0.318386849191,2.15210781513
1009,1009,1.26806977697,-1.88020152273
1010,1010,2.25414885723,0.226751421357
1011,1011,2.81960654805,0.15405373553
1012,1012,2.62554946411,-0.0195256546233
1013,1013,0.788545383945,-1.76611786356
1014,1014,0.0716389545787,2.02313604413
1015,1015,0.596010823102,-3.07854394111
1016,1016,-0.694416094827,-0.72543382449
1017,1017,-0.427621142696,1.94860966783
1018,1018,2.28500965038,0.100449338086
1019,1019,-0.354633139107,1.67119464501
1020,1020,0.493244421043,-1.79391550567
1021,1021,0.680912539794,0.0738577065128
1022,1022,0.26700251815,-1.84762231805
1023,1023,-0.800515978251,1.83215040808
1024,1024,-0.373817533216,1.17445188569
1025,1025,-0.0480865788619,0.95964913962
1026,1026,0.594222019328,0.358139910685
1027,1027,-0.283557718598,-0.109143998338
1028,1028,-0.980156877815,0.253020307198
1029,1029,2.56708243364,-0.073295297162
1030,1030,-0.4458445496,0.998261182271
1031,1031,0.969228786216,2.29600486448
1032,1032,-0.42114610956,0.813472509267
1033,1033,-0.866911481511,-0.393530422637
1034,1034,-0.340687033707,-1.5060542184
1035,1035,0.783045543455,-0.87320042574
1036,1036,-0.312746715547,-0.766019045985
1037,1037,0.417147756042,2.92834324728
1038,1038,1.66390315473,-1.04092116479
1039,1039,2.42438119157,-0.788582230702
1040,1040,-0.181545560463,-3.15902370976
1041,1041,2.14591060302,0.304222616723
1042,1042,0.127518601305,-3.42009980365
1043,1043,-0.149658294686,-3.13437823788
1044,1044,-0.975656540774,1.72288704083
1045,1045,-0.939219129442,2.09732272093
1046,1046,-0.837547603991,2.15488600051
1047,1047,-0.565859600972,1.70931012389
1048,1048,1.03378677117,-1.7508719013
1049,1049,-0.299246488503,3.04019081432
1050,1050,2.24708846424,-2.56680963796
1051,1051,0.418569768237,-2.26153913427
1052,1052,-0.713372846693,2.45096045185
1053,1053,-1.13873777113,2.4825585765
1054,1054,-0.748372928807,2.26054433955
1055,1055,-0.0425315230485,2.75217333146
1056,1056,1.19582482092,-2.90962979409
1057,1057,0.31466665274,-2.12475626351
1058,1058,0.322713936196,-2.53529706133
1059,1059,0.237564034537,1.75313207585
1060,1060,-0.0619613326469,2.37537439896
1061,1061,1.38794968503,-1.97989076316
1062,1062,-0.0893339965371,-2.3798851263
1063,1063,0.736225799402,-1.93667708656
1064,1064,-0.0289982062133,2.5495778916
1065,1065,-0.0163304861497,2.57710756046
1066,1066,0.296483318184,2.18118414881
1067,1067,-0.237910672019,2.48095045222
1068,1068,0.384776858041,-1.80059983493
1069,1069,0.117507313006,2.51916556101
1070,1070,-0.421238135278,2.2469319284
1071,1071,0.237911735536,-2.06819433629
1072,1072,2.77596739647,1.29116511568
1073,1073,0.164897238525,-2.9289305318
1074,1074,3.8759064434,1.02714876685
1075,1075,-0.808105947715,-0.855160321804
1076,1076,0.546622660043,0.474412299124
1077,1077,-1.22066819529,-1.03852374857
1078,1078,-1.21332163172,-1.0282289609
1079,1079,-0.6383265884,1.84933344714
1080,1080,-2.22055014407,-2.032371178
1081,1081,-2.31092249429,-1.96280711712
1082,1082,1.91029542129,0.200977792126
1083,1083,-1.8035885449,-1.91001944645
1084,1084,-0.378899383395,1.71930127891
1085,1085,0.47792417875,1.39823332404
1086,1086,-0.215326253516,0.324514268388
1087,1087,-1.30248948245,0.766835045958
1088,1088,0.426148595697,1.48229278832
1089,1089,-0.269964348073,1.13795546665
1090,1090,-0.47357786762,-0.909234751023
1091,1091,-1.24594296785,1.00053540903
1092,1092,0.371052968902,1.44576050166
1093,1093,-1.25224345429,-1.99571749691
1094,1094,0.231448730089,-2.60524475651
1095,1095,-0.559240352367,2.3307115622
1096,1096,0.0215739063243,-2.83105854872
1097,1097,-0.0199219699423,-2.6558647037
1098,1098,0.319712473794,-2.5071021475
1099,1099,0.0453921574361,-2.28536706231
1100,1100,0.367576251463,-1.54786421364
1101,1101,-1.98811891573,-2.19670279709
1102,1102,-0.40388244574,-2.07388911905
1103,1103,0.00936761882904,-2.9194026775
1104,1104,-1.37360183691,-1.65179208178
1105,1105,-0.042419034718,-2.41030944593
1106,1106,2.65950667969,0.169481341755
1107,1107,-0.301728348201,2.29025472196
1108,1108,-1.99729968993,-2.06785312389
1109,1109,0.000581799493638,2.31338699834
1110,1110,0.356772754546,-1.22684200922
1111,1111,-0.156536135568,2.55527129032
1112,1112,0.679880679378,-1.41645682706
1113,1113,3.5114891866,-0.398434726964
1114,1114,1.69670062733,0.881072842083
1115,1115,0.187302641006,-2.60034474149
1116,1116,0.573049051432,-2.05335370442
1117,1117,-0.511360751739,0.979910100718
1118,1118,1.29366901785,-2.00664225916
1119,1119,1.50496160232,-0.947633585185
1120,1120,-0.62858067573,1.38103987098
1121,1121,-0.734748531836,2.26343911518
1122,1122,-0.127621266634,2.77238756964
1123,1123,1.17359098735,0.334820648327
1124,1124,-0.586709770433,-1.42330390466
1125,1125,1.55845081262,-2.00053064843
1126,1126,-0.222007448437,2.8564511914
1127,1127,0.244904812079,1.17399953914
1128,1128,1.54848259711,-1.03746656026
1129,1129,-0.681530386152,2.2546692334
1130,1130,1.2414862781,-1.79042266118
1131,1131,-1.44977036224,-2.06172433103
1132,1132,0.419580907642,-1.89343042305
1133,1133,-0.40940198683,-2.56314403824
1134,1134,0.348207468071,-3.2257762829
1135,1135,0.804071721001,-2.23136875312
1136,1136,-0.0206113753264,2.68470151935
1137,1137,0.0528848325687,-2.06380202318
1138,1138,0.46283336203,-2.40663181855
1139,1139,0.511463627092,-2.40192656707
1140,1140,0.21909023353,2.39569000546
1141,1141,0.547256255588,2.17836066017
1142,1142,-0.192052925887,2.35494372052
1143,1143,1.26880428214,-1.52060542455
1144,1144,2.08720469679,1.44562575967
1145,1145,3.08646819873,0.197737416132
1146,1146,1.40473063599,1.76820663554
1147,1147,0.538539392321,2.29943289089
1148,1148,0.234464013016,-2.71422067642
1149,1149,0.441932821219,-2.37532222732
1150,1150,3.12233270716,0.343791654032
1151,1151,-0.221274078786,2.48129276867
1152,1152,0.556076424043,3.10584135441
1153,1153,3.08066688532,0.386699651752
1154,1154,-0.243556423039,-2.86825217314
1155,1155,-0.137157043237,-3.04590884308
1156,1156,2.03019100465,0.510112740229
1157,1157,0.0281587841118,2.52266592629
1158,1158,2.10701848553,0.249551643426
1159,1159,2.5044336521,-0.0185265857802
1160,1160,0.510607108679,2.37804443493
1161,1161,0.0250287251344,-1.04254417791
1162,1162,-0.131338149653,2.38076308098
1163,1163,0.225603960873,2.18121622418
1164,1164,0.498197956773,-1.75857744977
1165,1165,1.52301171188,0.488210483376
1166,1166,0.837447351926,2.09030933624
1167,1167,2.85720361444,0.138633749362
1168,1168,1.0643329217,-1.84602659457
1169,1169,3.05532774881,0.231566485263
1170,1170,2.31005222042,0.297959312813
1171,1171,-0.221467068018,-3.03679900729
1172,1172,0.280033527838,-2.99446796999
1173,1173,-0.413529193695,3.25821783713
1174,1174,-0.524382017012,3.23808271989
1175,1175,0.49448354836,2.13628290114
1176,1176,0.245252817613,3.00711281582
1177,1177,0.349840688845,-1.56281219618
1178,1178,1.59361410939,0.50358665389
1179,1179,-0.866360471009,-2.95014278067
1180,1180,-0.23166849782,-2.75237403376
1181,1181,2.52128827395,0.365252342394
1182,1182,-0.754764320036,-2.57014076312
1183,1183,-0.306303082897,2.68595568827
1184,1184,-0.302358442611,2.35605858982
1185,1185,1.23844393435,-2.10382993085
1186,1186,0.0344346042286,-2.43604533091
1187,1187,-0.516963030315,-2.3608158452
1188,1188,1.04264083815,-1.51557834081
1189,1189,-0.275504909117,-2.72823366832
1190,1190,-0.635270895552,-2.68991475053
1191,1191,-0.331768819341,-2.80366614162
1192,1192,-0.243842498434,-2.39881340049
1193,1193,-0.652601116028,-2.30882460804
1194,1194,-0.0919998860576,-2.02951672922
1195,1195,-0.563508737308,2.51587874305
1196,1196,1.97179086582,-0.244030332504
1197,1197,3.12519007332,0.281724220145
1198,1198,3.02951274657,0.521833121788
1199,1199,2.78904103752,0.254056031668
1200,1200,0.783538229972,-2.88685254139
1201,1201,0.883753912814,-2.50179523433
1202,1202,-0.593934719146,1.88578579432
1203,1203,-0.771881234967,2.54339388553
1204,1204,-0.147159589624,2.26355027871
1205,1205,1.83910912404,-2.36825797395
1206,1206,-0.427685838987,2.57312247167
1207,1207,-0.157328182055,-2.40556046558
1208,1208,0.357063988348,-2.53150258903
1209,1209,2.76394449663,-0.117305021004
1210,1210,3.31696631201,0.325324615156
1211,1211,0.16610174889,2.31279860333
1212,1212,1.22381804137,-2.2630420136
1213,1213,2.70595723948,0.0790701102772
1214,1214,1.74153013346,0.472646811859
1215,1215,-0.0154367853858,-3.00403869246
1216,1216,0.126934843408,-1.97683222619
1217,1217,-0.150657674646,-2.382650571
1218,1218,0.317208967466,-2.17749199828
1219,1219,1.99606680746,0.0620297612904
1220,1220,1.59257082992,-1.39857750422
1221,1221,1.7822269875,-1.39828102282
1222,1222,1.2684320308,0.623268516223
1223,1223,1.37173804598,-1.12105513029
1224,1224,2.90785664726,-0.240383037774
1225,1225,2.69153581302,-0.35967177537
1226,1226,0.477014825558,-0.269910948565
1227,1227,-0.291353719055,3.56535661532
1228,1228,0.606444279751,-0.0833319199492
1229,1229,-0.189553997642,2.52342901802
1230,1230,0.0916486401072,-3.1328326785
1231,1231,0.0292950622398,-2.83104828128
1232,1232,-0.145881087081,2.72733770828
1233,1233,1.58191664197,-2.38080573002
1234,1234,0.0314533937006,2.35070689523
1235,1235,0.0370877908413,-1.950289827
1236,1236,2.89471280688,0.160326446507
1237,1237,0.467105425929,-2.15551063885
1238,1238,-0.214079445937,3.4511259502
1239,1239,1.21510749746,-2.13418473191
1240,1240,-0.066861701212,-2.17592077884
1241,1241,2.56816941531,-0.0504651461541
1242,1242,-0.308671460114,-2.67354984247
1243,1243,0.104821750882,-2.94390139854
1244,1244,0.692505346148,-2.78154777159
1245,1245,-0.0999189476315,2.80712964235
1246,1246,0.367505144467,-2.64181570525
1247,1247,-0.172216082241,2.58996206707
1248,1248,0.0892727126613,3.51352082961
1249,1249,0.797031472897,-2.62472597587
1250,1250,0.027011510433,2.20461035239
1251,1251,-0.139607492638,3.32470321634
1252,1252,0.0650630045574,2.98948194556
1253,1253,0.827262984586,-2.09797699215
1254,1254,2.44911942827,0.739256879973
1255,1255,2.93732865833,0.153985662074
1256,1256,2.82585403448,-0.269597815822
1257,1257,3.07670577957,0.538453024584
1258,1258,2.27249491999,0.0647493939247
1259,1259,2.71169212498,-0.108338499374
1260,1260,2.5017799201,-0.121719191174
1261,1261,2.84070910935,0.547721503466
1262,1262,0.304539997653,-2.2208179692
1263,1263,0.22474991296,-2.44925164883
1264,1264,2.2556224568,-0.204405092618
1265,1265,0.5142893459,3.79651955431
1266,1266,1.18520988954,-0.0618855327647
1267,1267,1.78297420917,-0.28901656837
1268,1268,-0.00453260902631,-2.28151985376
1269,1269,0.173566930303,-2.5138163903
1270,1270,1.85292864624,-0.22715749347
1271,1271,-0.0093105031145,2.84981296843
1272,1272,1.85102442919,0.495363011082
1273,1273,-0.640507213946,-2.44283327762
1274,1274,0.609394075658,-0.543070655493
1275,1275,-0.339504026511,2.98356763717
1276,1276,0.503278952039,-2.82481693982
1277,1277,0.751995836248,-3.01264888478
1278,1278,2.49527909647,0.0649350680281
1279,1279,2.2794529691,0.299658056796
1280,1280,0.881862280757,-0.214896882893
1281,1281,2.85445015311,0.158403720836
1282,1282,2.5911169436,0.346135590832
1283,1283,2.51727932164,0.263775986212
1284,1284,-0.535232929938,-1.94321293821
1285,1285,1.39203235726,-1.76034033376
1286,1286,0.0451248660064,-0.496307457956
1287,1287,1.78048017637,0.690833165385
1288,1288,-0.15350507822,-2.45199172549
1289,1289,-0.366970953971,-2.49319602737
1290,1290,0.120561138724,-2.63701194341
1291,1291,0.857987762657,-0.574682057929
1292,1292,0.692644300142,1.7219474676
1293,1293,2.48408022269,0.62017852926
1294,1294,3.06924489978,0.0955989596031
1295,1295,0.702083419593,-0.557607270354
1296,1296,-0.0475059834247,-3.34391733231
1297,1297,0.244705694156,-2.33859539196
1298,1298,1.89330991058,-1.1755020056
1299,1299,-0.146531468059,2.9644958562
1300,1300,1.43580833664,-2.96237574875
1301,1301,0.320008181767,2.95614334759
1302,1302,-0.399051229556,1.7022234503
1303,1303,1.54851603846,-2.6624018205
1304,1304,-0.868637693385,2.81902609276
1305,1305,-0.259553916112,2.20207174781
1306,1306,-0.435190004095,2.05644933833
1307,1307,-0.533934619067,2.4436320243
1308,1308,-0.549298155015,2.6596992451
1309,1309,0.0071732383947,2.7921177145
1310,1310,0.609284449569,-2.89636608278
1311,1311,0.00384598439257,-2.60091971573
1312,1312,0.29897458454,3.01540158944
1313,1313,0.0470272043421,-3.12533685074
1314,1314,2.06430366946,-3.06477498234
1315,1315,0.495961100253,-2.53106125922
1316,1316,-0.905940602145,2.2844998421
1317,1317,0.456800509679,2.59491547391
1318,1318,0.936009386108,-2.70501110393
1319,1319,-0.494378693494,2.58854640275
1320,1320,0.423057773861,2.59155965387
1321,1321,-0.790084232439,2.14360099155
1322,1322,-0.0557913054007,2.95990744799
1323,1323,-0.344083898606,3.08961462678
1324,1324,0.856142327611,-2.11293839889
1325,1325,1.15704631276,0.865731850188
1326,1326,2.91685527687,0.174297573557
1327,1327,0.181067545415,-2.71492230075
1328,1328,0.191104846581,-2.81459788529
1329,1329,2.67075449282,0.453531086998
1330,1330,-0.297834134603,2.58400399289
1331,1331,1.10670923234,-2.07270871711
1332,1332,1.44756971155,0.515873935094
1333,1333,0.0607296280119,-3.06312335399
1334,1334,0.454438232915,1.61300889788
1335,1335,0.695851222281,1.33261137263
1336,1336,0.721782300889,1.76162452766
1337,1337,-0.241971083078,2.18968809533
1338,1338,1.27115608328,0.88085286593
1339,1339,0.217618206512,1.68499750061
1340,1340,1.30199112162,1.1727635306
1341,1341,1.94523149796,1.90783801963
1342,1342,2.10265616231,1.23784355797
1343,1343,0.672254973726,-2.22314242354
1344,1344,-0.333084730561,-2.39159236982
1345,1345,1.44084541784,0.904560315164
1346,1346,0.780351855754,2.0755364375
1347,1347,1.69115164738,0.112415227825
1348,1348,1.41564959895,1.73104241803
1349,1349,0.0494260999801,2.88305859246
1350,1350,-0.939893614476,-1.49525172193
1351,1351,1.601965295,0.805305894941
1352,1352,-1.07825111299,-0.947740477154
1353,1353,0.45476305335,-1.68402556244
1354,1354,0.513928099544,1.79515788644
1355,1355,1.34587743226,0.955316656692
1356,1356,2.08059157345,0.488622859358
1357,1357,1.2183437887,1.54202882338
1358,1358,0.715133320543,1.60860227164
1359,1359,0.475491037571,0.578436801734
1360,1360,2.52614704651,0.601269097343
1361,1361,0.485020723442,0.0187515252921
1362,1362,-0.747820488347,-1.32910756252
1363,1363,-0.672188766325,-1.56983525822
1364,1364,1.75838308428,0.454300198946
1365,1365,2.0328555997,-0.684772264017
1366,1366,1.52156115218,-0.162331377022
1367,1367,-0.469935286214,0.590700990957
1368,1368,0.454863471603,2.14377462137
1369,1369,0.9224952808,-1.75455190505
1370,1370,0.195547353373,2.26594212818
1371,1371,2.56404410588,-0.180076910782
1372,1372,3.21075127821,0.778676529194
1373,1373,0.0096182620529,1.28426847565
1374,1374,2.34333891089,0.81934370329
1375,1375,1.7478282236,1.21537280186
1376,1376,0.539190202887,1.1515495264
1377,1377,-1.14909176659,-1.35279191349
1378,1378,-0.0486029270445,-1.68786744977
1379,1379,2.06625447749,1.48940377998
1380,1380,0.254244688462,1.66018467586
1381,1381,0.688745454779,0.887190187433
1382,1382,-0.224075109351,-1.94734145949
1383,1383,0.0261677468219,1.62370997821
1384,1384,2.22054593583,0.739694235383
1385,1385,2.01740215257,0.315648909413
1386,1386,1.28542324181,0.413175967088
1387,1387,2.40999253912,1.48770654107
1388,1388,2.03608289466,-0.0361501612298
1389,1389,1.58934303627,1.37351394342
1390,1390,-0.014751548861,3.41363256192
1391,1391,0.140249098772,2.60572551734
1392,1392,0.75656208756,-2.40393982637
1393,1393,0.711811085608,0.47604559501
1394,1394,1.00494344127,0.091899306975
1395,1395,2.13140578693,0.497473978504
1396,1396,2.28511129083,0.195031226235
1397,1397,1.65415785015,-2.17429343022
1398,1398,0.599798726119,1.32773732971
1399,1399,-0.593806881994,-2.3907283038
1400,1400,1.27871621324,0.221250721397
1401,1401,-1.60923963032,-0.868230066599
1402,1402,0.473645788595,2.30314592634
1403,1403,1.33123581484,-0.0496405059709
1404,1404,0.388445525154,1.8983572461
1405,1405,1.00951023794,0.946655830315
1406,1406,0.308050007972,2.94774920097
1407,1407,1.09800443022,4.26198015656
1408,1408,-0.385794463927,3.38036965925
1409,1409,0.175520269714,2.56940589807
1410,1410,0.516104915001,1.81806549231
1411,1411,0.457041169996,2.28245055182
1412,1412,-0.278366394172,3.0658653198
1413,1413,0.126727218115,3.22095738226
1414,1414,0.653750735464,2.23988168756
1415,1415,0.329123148325,3.40498386565
1416,1416,0.170235533423,1.58612401694
1417,1417,2.11429994715,-0.334083813254
1418,1418,-0.369841099331,2.29812307867
1419,1419,0.652454040918,0.188828009158
1420,1420,-2.14886235519,-1.87091602547
1421,1421,0.200544493539,-0.00444147637104
1422,1422,0.981555126381,0.0597164116487
1423,1423,3.50786993345,0.596855768147
1424,1424,-0.92005073236,-3.32776067415
1425,1425,0.226205805322,2.17381487722
1426,1426,0.0693790331403,0.575767606044
1427,1427,2.18833191421,0.196775612589
1428,1428,3.47817626761,-0.794418568829
1429,1429,2.27507249202,-0.147133360316
1430,1430,1.38223392028,0.233428808215
1431,1431,2.42989614349,-0.291977185849
1432,1432,3.07286302686,0.109005896142
1433,1433,2.5784730313,0.130159973293
1434,1434,0.692451868494,0.677923736917
1435,1435,1.55766968476,1.04604115357
1436,1436,-0.323983148683,-2.05387849384
1437,1437,2.22562903831,0.333000711424
1438,1438,-0.332675248767,1.98760800279
1439,1439,1.61728416615,2.21602880525
1440,1440,0.884800227046,1.27042871736
1441,1441,0.282643005828,0.543782298307
1442,1442,0.610347027929,2.08385388685
1443,1443,0.626687641397,-2.32002451419
1444,1444,2.12955758116,1.99770379883
1445,1445,1.19397143316,2.57815890448
