,vote,alpha,beta
0,0,-0.376420569739,2.49424819866
1,1,-0.202329175293,-2.00919089705
2,2,2.40429842921,0.378515985518
3,3,2.287354104,-0.158544990628
4,4,0.521918526303,-1.11059702526
5,5,2.65004777911,-0.130474874186
6,6,1.89156616212,0.276931629208
7,7,1.98958494377,0.300088722656
8,8,0.278964154729,-2.01038349344
9,9,1.10888830757,-1.36139857805
10,10,2.51527367354,0.129227818558
11,11,2.24567836057,-0.0063937469283
12,12,2.3854262558,0.221758478532
13,13,2.25563769125,-0.261714804978
14,14,2.01082162243,-0.0391846794986
15,15,2.28476597948,-0.0253825551703
16,16,-0.111058656566,2.42336486697
17,17,0.564723663278,-0.614304533791
18,18,2.26208744623,0.147572550029
19,19,2.49133582409,-0.0127986033949
20,20,1.60406993213,-0.85405358237
21,21,0.19750337895,-2.41445455704
22,22,-0.193375149842,-1.95820152921
23,23,2.484284248,-0.353148302068
24,24,0.753781398391,-1.7761094702
25,25,1.36893987993,-0.387419891647
26,26,-0.711053534774,-0.00255914167659
27,27,-0.27453387693,2.45421425436
28,28,2.32742031129,0.268029221755
29,29,2.17952958937,0.148597131821
30,30,2.33707150845,0.232075508053
31,31,2.27970335353,-0.115140253863
32,32,0.320207959049,-2.22365370621
33,33,0.144429414695,-2.15843445191
34,34,1.46721821208,-0.620270381924
35,35,-0.150835237274,2.04292609164
36,36,-0.2576787419,-2.17368396533
37,37,-0.00366405299586,-1.98394026711
38,38,0.169278245712,-2.17551737159
39,39,-0.745197708706,-1.15629430064
40,40,1.7722024439,-1.2165718929
41,41,-0.4200764879,2.11501534365
42,42,-0.276035299982,-2.12568924408
43,43,2.00296727318,-0.0260010994187
44,44,2.38488984804,-0.113824804957
45,45,2.63638960852,-0.133846524922
46,46,2.11797899437,0.117406682256
47,47,1.84968171938,-0.202805333743
48,48,2.47583354021,0.123510556477
49,49,1.33984771736,1.01766386598
50,50,-0.00133525045255,-2.09776888821
51,51,0.347036438847,-2.23559994471
52,52,-0.156075881294,2.36927690232
53,53,0.130842163945,-2.37173953771
54,54,-0.0666803558616,-2.24123478795
55,55,0.236304130321,-1.98324262949
56,56,0.551740698683,-1.88661843105
57,57,-0.510238166648,1.96082511843
58,58,-0.00751171774079,2.14778430583
59,59,-0.00918273524051,-1.58612208167
60,60,0.539724921116,-2.02610479982
61,61,1.92154846282,0.247925950777
62,62,2.29160999209,0.0769014969991
63,63,2.43457833839,-0.115991360658
64,64,2.30638542557,-0.0821555594339
65,65,2.27622595768,-0.242207972143
66,66,0.193660686411,-2.01247074932
67,67,0.411810313175,-2.26735720396
68,68,0.737660943018,-2.14181278999
69,69,-0.235760237227,-1.59780411048
70,70,-0.950423459436,1.64239445753
71,71,-0.380596194675,1.6805606904
72,72,-0.433408145492,1.96013259606
73,73,-0.630024453082,1.95406565884
74,74,-0.894180480038,2.31968478226
75,75,-0.33773830108,1.75613757361
76,76,-0.30542957538,1.93787551606
77,77,-0.626161920873,1.51710462567
78,78,0.0579279942089,2.03651643688
79,79,0.766790794944,-1.91263289254
80,80,-0.473012552818,-1.79745100247
81,81,-0.0883707754214,-2.07791998267
82,82,-0.0822437726501,-2.30908182218
83,83,0.212934289312,2.47479818909
84,84,-0.177425612598,-2.02138696619
85,85,2.15274513749,-0.114801920647
86,86,1.96419839223,-0.496534184399
87,87,0.201617321328,-2.09889227559
88,88,0.11143359403,-2.00645050973
89,89,-0.752231465105,-1.03680740414
90,90,0.165483355035,-0.580051282476
91,91,-0.222660623873,-1.74172712041
92,92,-0.636888876269,1.73240992452
93,93,-0.554651382317,-1.44358112523
94,94,0.0811766253063,2.09906679299
95,95,1.92953605592,-0.405022078172
96,96,-0.835194301255,1.74715385964
97,97,-0.414909211473,1.96009865575
98,98,-0.378218125828,0.329322853539
99,99,-0.246082416317,1.88054759536
100,100,-0.104340963762,1.83753007196
101,101,-0.851023463472,0.635514639723
102,102,-0.342479936036,-1.63803163953
103,103,-0.62410031945,1.63008691813
104,104,-0.333532466754,-0.810688752074
105,105,-1.26361869763,-0.0658662854554
106,106,0.682945978394,0.931029717359
107,107,0.231545214167,-1.65730690518
108,108,-0.418033718189,0.562260672357
109,109,-0.358239258792,0.612526991976
110,110,0.907791877733,1.14947830028
111,111,-0.0468714728175,-2.02745825391
112,112,-0.545510516112,-1.45453761719
113,113,-0.00761656283928,-1.72433317252
114,114,-0.12643661869,1.88294315044
115,115,0.140325876338,-1.50639515076
116,116,2.2332440448,-0.119080357804
117,117,2.61765491063,-0.0227870932783
118,118,0.208271073264,-2.11937958005
119,119,1.8180854491,-0.311899986368
120,120,2.32949667731,-0.0258635508368
121,121,-0.277536157102,2.03665265731
122,122,0.877338307759,-1.18963130507
123,123,2.48321804862,-0.144284911857
124,124,0.625167772558,1.50641674335
125,125,0.323806495345,-2.09784889658
126,126,0.0934249169155,-2.01801635708
127,127,-0.92745431147,0.711905145566
128,128,0.361338663979,-2.05405399114
129,129,-0.186210253447,-1.12912904463
130,130,-0.569661023991,-1.35941438925
131,131,0.928204364708,0.85433236854
132,132,-0.316780675368,-1.528014551
133,133,0.0490803400641,1.48243050653
134,134,0.236363217826,-2.16474382961
135,135,0.765130870546,1.50021343342
136,136,-1.21552853484,0.703384509764
137,137,-0.496350962038,0.586474435527
138,138,-1.19060110688,0.673642123426
139,139,-0.0312635396393,2.05694503565
140,140,-0.483445371737,0.0788563584234
141,141,-0.73659316248,0.484618532236
142,142,0.564292958408,-2.01654681063
143,143,-0.676275051811,1.84827369715
144,144,-1.01954208563,1.66460376805
145,145,-0.747631206106,1.37000647109
146,146,1.54737276222,0.36564984819
147,147,-0.00253182886149,1.21626501264
148,148,2.24398085104,0.0677161839696
149,149,2.13394210461,-0.251768276163
150,150,-0.129167623944,1.92707501318
151,151,0.769609659328,-0.68506666336
152,152,2.62377397395,-0.161248611035
153,153,2.23650486054,-0.154099442641
154,154,2.37086485792,0.178878625446
155,155,0.277921926934,-2.50088402062
156,156,-0.0877518638248,-2.0479444465
157,157,2.34692256525,0.0185620742736
158,158,-0.0039432024471,-2.12785518711
159,159,1.45565578336,0.327892535948
160,160,0.503167516079,-2.41584134942
161,161,0.265583926353,-1.95432539322
162,162,-0.143415845695,1.99949019433
163,163,0.416628765204,-0.412446680333
164,164,-0.999038029423,-0.933131691216
165,165,-0.320723386601,1.68018738473
166,166,0.15439224608,-2.15364833478
167,167,-0.710300823258,1.51935756227
168,168,0.821802780167,1.27199438441
169,169,-0.0694834050075,0.132438580811
170,170,-1.0505684903,-0.703495155622
171,171,-1.11689684583,-1.04537728453
172,172,-0.955007972648,1.05574285815
173,173,-1.16603691949,-0.711923030161
174,174,-0.62116042576,-1.59331006834
175,175,0.275036009125,1.74288138987
176,176,0.205055289427,0.813055346754
177,177,0.00839521232846,-2.13292205088
178,178,0.0221006668477,1.04774555021
179,179,-0.268252032536,-1.17958988578
180,180,-0.841782982203,-1.31423440941
181,181,0.865607694815,-0.2530757582
182,182,-0.357193929895,-1.14611869972
183,183,0.101119766813,1.05258453595
184,184,-0.0460925685264,0.513876900093
185,185,-0.275289715879,0.296938476904
186,186,0.416969029707,-0.434291291948
187,187,-0.00281572431741,-0.466396234206
188,188,0.00431817929056,-0.747458769526
189,189,0.0131652937017,-0.254849347205
190,190,0.121038549661,0.227214741334
191,191,-0.886502187946,-1.45645772291
192,192,0.1392256134,-1.92584659671
193,193,0.24114987587,2.48859165496
194,194,-0.324566188495,-0.930224689857
195,195,2.09609220711,-0.06776053762
196,196,2.18229392376,0.306074788581
197,197,0.161555557911,-2.14348463466
198,198,-0.682433869257,1.20469440584
199,199,0.154691224133,-1.99535777539
200,200,0.299231262133,1.70830790033
201,201,-0.186500326027,1.97328267229
202,202,0.842921908396,-1.92059644879
203,203,2.20523336142,-0.370885442806
204,204,-0.272472503757,2.2186272966
205,205,0.269709965918,-1.76456360055
206,206,0.398967483506,-1.46019388025
207,207,0.254165716103,-1.78211166565
208,208,-0.196468233249,1.99145107864
209,209,-0.0207114980997,-2.3485996907
210,210,0.528226458312,-0.622889306708
211,211,-0.0695343735178,-1.81593394852
212,212,0.132323693163,1.77494358896
213,213,-0.754184894738,2.01662009432
214,214,0.137987223822,1.9960258973
215,215,0.22055971032,-1.72783859698
216,216,1.75996733887,-0.703823308397
217,217,1.47347345649,-1.03691974547
218,218,2.3486377199,0.345255256893
219,219,0.19343106426,-2.03991043484
220,220,0.288253558869,-1.77698612106
221,221,1.64889637227,0.456329171782
222,222,-0.40869094538,2.19830091526
223,223,-0.0237665846262,1.78106013149
224,224,-0.776524739727,1.53017132404
225,225,-0.468210025789,0.245223756642
226,226,-0.867484860372,-1.35140356043
227,227,-0.785045957883,1.91754258116
228,228,-0.69782524833,-1.29099557248
229,229,0.273356308859,1.77454097198
230,230,-1.07903536045,-0.989868772426
231,231,1.49879648606,0.852882978152
232,232,-0.118435419422,1.68740822356
233,233,-0.462527742367,1.65182257338
234,234,-0.57580932011,1.72650582207
235,235,-0.837244297891,1.66417245399
236,236,-0.642242679863,1.60730588849
237,237,-1.07329043033,0.641321101582
238,238,-0.781372198225,1.40908775001
239,239,-0.723456723906,1.32983079439
240,240,-0.843387962698,1.60893566074
241,241,-1.12047573024,1.63562404989
242,242,0.190177750667,-2.21198274025
243,243,-0.80788713615,-1.51286017187
244,244,-0.447075530554,1.83714694732
245,245,-0.156887107094,1.08843998018
246,246,-1.2906526442,-0.969311578839
247,247,-0.433807105151,1.29366235662
248,248,-0.66473013471,0.298949240295
249,249,-0.617783450243,0.348952039673
250,250,-0.987255771863,0.788444889131
251,251,0.19672498897,1.27654120239
252,252,-1.39584105295,-1.17854046195
253,253,0.0509410129814,-1.96865711801
254,254,0.126573521187,-1.96131961047
255,255,-0.631340385575,1.46146190816
256,256,-0.181288156876,0.753527877625
257,257,-0.894448362412,-1.336651563
258,258,-0.367342545364,1.87030505161
259,259,0.156939144033,-1.58980881181
260,260,0.0309262865553,-2.48745806764
261,261,0.0663999743849,-2.04589813137
262,262,0.0150745974597,2.03900562351
263,263,0.0755308875297,-2.17540711272
264,264,0.400494060386,-2.24187957576
265,265,-0.0389853778586,2.11511070863
266,266,-0.494970154362,-2.31884515659
267,267,2.38058381536,-0.026661931621
268,268,2.38209460185,0.143778698122
269,269,2.55280244413,-0.198076327666
270,270,-0.118683515812,-2.23451522555
271,271,0.153840004137,-2.19998835156
272,272,-0.995604627684,0.299154874139
273,273,-0.0978517582416,2.33562268558
274,274,0.92119496587,-1.74447693664
275,275,-0.236222026229,2.17138513738
276,276,0.573373887507,-1.75376316389
277,277,0.0751649614361,-1.86904322519
278,278,0.157425417311,-2.25044175924
279,279,0.928604768113,1.41369355553
280,280,0.254315329887,-2.1955261716
281,281,0.614307587377,-2.24639767429
282,282,0.0663312881445,1.83826128854
283,283,-0.0469790357142,-2.05344833403
284,284,-0.229621615123,1.86467644311
285,285,-0.0828302691786,1.97076485624
286,286,0.105029988645,2.46774652825
287,287,-0.185630071865,-1.77568421904
288,288,2.06150661055,0.103383820829
289,289,2.41512974678,-0.0880879744379
290,290,0.288664989757,-2.11320223452
291,291,-0.0667774431592,-2.25135035877
292,292,-1.36569098151,0.626937546334
293,293,0.711716572556,-1.60587877052
294,294,-0.398143376007,1.52031580679
295,295,-0.561777998645,1.20932361155
296,296,-1.52996066263,0.659454608672
297,297,-1.00821173851,-0.850844079561
298,298,-0.500305363737,1.51010941637
299,299,-0.652314751078,1.86657328271
300,300,-0.23125547683,-0.379132635438
301,301,0.495501152131,0.0116752478211
302,302,-0.169736977391,0.514387991367
303,303,0.260758156449,0.333038149501
304,304,1.18127265887,-0.624552695378
305,305,1.01945126028,0.477554515091
306,306,-0.380285399865,0.511043146535
307,307,0.595841116829,-1.6522913679
308,308,0.900426739169,-0.132336462257
309,309,0.488476497096,-2.06042256329
310,310,0.920245363874,0.607306907473
311,311,-1.15913838929,1.18045039535
312,312,-0.907903591451,1.34908592663
313,313,-0.0780995125868,-0.475868188802
314,314,0.527476409612,-2.30149677487
315,315,-0.00904722904872,-2.23268089623
316,316,2.36973562062,-0.329561576405
317,317,0.503863534527,-2.08283300374
318,318,-0.283888336446,0.357481138954
319,319,0.358842302408,-2.09660558743
320,320,0.0971134078352,1.2033579682
321,321,-0.859211249909,-0.876006735393
322,322,0.561788080943,-2.06224167196
323,323,0.329540067306,0.325584096952
324,324,0.789720607057,1.13067521516
325,325,-0.342064451577,1.8938534728
326,326,-0.0420447803961,1.74251572322
327,327,0.425127534582,-2.31152239186
328,328,-0.408538323361,1.1008655798
329,329,2.34184078931,-0.623363975369
330,330,-0.0447855327199,0.197609689742
331,331,-0.0471037630906,1.93359553329
332,332,1.20678482165,-1.10640660184
333,333,-0.420154486931,2.23071753661
334,334,-0.73214776198,2.00705481304
335,335,-0.125071455943,2.42610244209
336,336,0.83432942463,-1.73887660596
337,337,1.32386772618,1.07201891122
338,338,-0.0749872176018,-2.26233456441
339,339,0.295136955343,0.548695507215
340,340,-0.146706258731,-0.472346620386
341,341,-0.469079872658,-0.795431553587
342,342,-0.620856085819,1.28227966113
343,343,-0.919859964102,0.975697539479
344,344,-0.823484845949,0.926441143319
345,345,1.33801121303,-0.307705736877
346,346,1.89561716424,-0.420970001308
347,347,-0.0763133921152,2.0431696121
348,348,-0.289427037924,2.1949168583
349,349,0.0932580211266,-2.33204636247
350,350,0.359295378968,-1.72983858048
351,351,-0.165925294121,2.32372949295
352,352,0.281906367462,-1.92885265947
353,353,0.153492568991,-1.93333865729
354,354,0.0117418933487,-1.97326493677
355,355,2.11995769123,-0.136575424229
356,356,0.552441797713,-1.87548659991
357,357,0.63646727908,-2.0954316931
358,358,0.29365752569,-1.89753773066
359,359,0.906713629608,-1.83555833193
360,360,0.520812383438,-1.28350238471
361,361,-0.168217412048,1.97272201603
362,362,-0.333798614482,2.0800861042
363,363,-0.0584708790385,2.2432341824
364,364,0.0239068030933,2.42652729479
365,365,-0.0751119783149,2.10022529622
366,366,0.195680868654,-2.09510601033
367,367,-0.193213767534,2.42222304183
368,368,-0.0149744875614,-2.33663180015
369,369,1.63582835761,0.748784913435
370,370,2.60264478355,0.0778940058063
371,371,2.16953301094,0.0534690701307
372,372,2.27108579847,0.313203406835
373,373,1.97959758194,0.237611564266
374,374,2.63244358729,-0.0662376859857
375,375,2.23969989752,-0.0920103375602
376,376,2.12325677252,-0.000139219688365
377,377,2.01934708139,0.289775754864
378,378,-0.100352095916,-2.04104592488
379,379,0.218603865666,-1.872416894
380,380,0.209900623456,-1.9968698659
381,381,2.4187432012,0.243165615935
382,382,2.27249400754,0.127277392324
383,383,1.7462343204,0.484007871359
384,384,0.0407895926873,-2.46048586292
385,385,0.14850807343,-2.15195915133
386,386,1.71632184258,0.37682811697
387,387,-0.433766882857,2.07150149935
388,388,-0.288942759097,2.07366161907
389,389,-0.316139935784,2.26613100159
390,390,-0.333619663319,2.28925951826
391,391,2.45181984166,-0.0390081356993
392,392,0.0985575079481,2.01200811941
393,393,0.693057747048,-2.01175125271
394,394,0.15394996742,-2.05281834049
395,395,-0.27903843972,-2.42102481862
396,396,-0.232231077036,-2.1238792377
397,397,-0.0726224734308,1.9607806534
398,398,-0.328989044295,-1.81128319476
399,399,-0.181142757962,2.28109993828
400,400,0.297990237673,-2.04206075654
401,401,-0.183640219394,-1.93650657608
402,402,0.311938693302,-1.85557821399
403,403,0.782956242854,-1.87794753856
404,404,-0.20351859192,2.00368800221
405,405,0.314729248124,-1.62188879703
406,406,1.04229067728,-0.826568469553
407,407,2.66123646032,-0.198893222024
408,408,2.55464759584,-0.119607324754
409,409,2.30567322281,0.0599302076288
410,410,-0.389625539317,1.8952631726
411,411,2.13957505622,0.266978237721
412,412,0.0473166560955,2.03963611969
413,413,2.51414401532,0.095520933161
414,414,2.38990786564,0.0481512210176
415,415,-0.000166213364063,-1.88531815742
416,416,0.159751987495,-2.23008899916
417,417,0.296081627609,-2.18035070171
418,418,2.30290569127,0.108799524841
419,419,0.586336619019,-1.77204468196
420,420,-0.195131807049,-2.59846527913
421,421,2.25729056432,-0.00199898280303
422,422,0.0536055869835,2.07381879116
423,423,1.63232867572,0.536093396862
424,424,-0.0956307847189,-2.39601762491
425,425,0.0682959024846,-1.89048156864
426,426,1.6074661098,0.708795406841
427,427,-0.0821371621663,-1.69153210864
428,428,-0.0875214869837,-1.91956786447
429,429,0.759344008573,-1.7871630193
430,430,0.865103034788,-1.58441705461
431,431,0.526833727743,-1.73296448612
432,432,0.0303869591037,-2.23576359989
433,433,0.218051604863,-2.24099106078
434,434,0.150879974531,-2.22136772368
435,435,-0.0321122202626,-2.30756581276
436,436,0.68734210316,-1.86694172764
437,437,0.763984100497,-1.77918824919
438,438,0.0856984920904,-2.3932849795
439,439,0.885467877073,-1.74138742237
440,440,-0.0876837249638,-2.22178063784
441,441,0.974156834064,-1.77276738944
442,442,0.0385272681091,-2.37696160241
443,443,2.01710279767,0.349160124925
444,444,-0.11253963452,-1.87084920854
445,445,0.205557365006,-2.12579194235
446,446,0.66380013889,-1.60275525766
447,447,0.145275665329,-2.15899309126
448,448,0.581802875423,-1.68427128003
449,449,2.8014014887,-0.090736761863
450,450,2.56400956916,-0.0242133855133
451,451,-0.0190853314381,-1.99560115097
452,452,0.599670457225,-1.78308008333
453,453,-0.0183280562026,-2.34326249563
454,454,0.683659511726,-2.09689434486
455,455,-0.0691135937782,-2.28239054579
456,456,0.343113723911,-2.03807404228
457,457,-0.0527965521616,-2.38896849854
458,458,-0.0778959546005,-1.95942062795
459,459,2.48292261551,0.130782619698
460,460,-0.0769537576802,-2.30655594315
461,461,0.557051200858,-1.68167206063
462,462,2.17780183522,-0.0761669905968
463,463,0.0685137427976,-2.10271067354
464,464,-0.74418871458,-1.22277494541
465,465,0.580707914503,-1.88835432293
466,466,0.106173278042,-2.20769899756
467,467,0.417504266705,-1.92325326044
468,468,-0.0567333276219,-2.1902538284
469,469,0.175636724019,-2.06110522475
470,470,-0.0538557387957,-0.357174483405
471,471,0.213799896085,2.01492703454
472,472,-0.0257707381552,-2.1078885672
473,473,0.608563887264,-1.75994937996
474,474,-0.407050568356,1.48751887976
475,475,1.06781362531,1.36249600275
476,476,0.963251196121,1.26289401084
477,477,2.14049830082,0.00553414419309
478,478,2.60241060477,0.13251984987
479,479,0.161632555363,-2.23230071639
480,480,0.898976187508,-1.58661579121
481,481,-0.45049599293,2.10720294478
482,482,-0.0255200510596,-1.92702513273
483,483,-0.944518445733,1.17056544018
484,484,0.105608692396,0.0364660471869
485,485,1.82356217117,0.494166044337
486,486,2.07069526464,0.0268699693655
487,487,2.39236380532,-0.308350856383
488,488,2.13880155479,0.166269253517
489,489,0.444337521397,-2.0213548481
490,490,0.541047480391,-2.06850567272
491,491,-0.767783092233,1.8548522717
492,492,-0.142804059055,2.16137366527
493,493,0.716733408606,-1.7529719427
494,494,0.0537058748514,2.20847986428
495,495,1.25043324445,-1.43023512939
496,496,1.88079120881,-0.574257722725
497,497,-0.0852650395553,-1.98767917869
498,498,2.60772438489,-0.0200076218043
499,499,2.26384519579,-0.214551526258
500,500,0.10546869917,-2.12179787969
501,501,0.00884535209874,-2.1644979607
502,502,0.0099972780131,2.06281160815
503,503,-0.0501544155351,2.2283958462
504,504,0.0818418251069,2.14547268992
505,505,-0.0247634125764,2.17783701189
506,506,-0.0186732653966,-1.90581993064
507,507,2.22967396055,0.0423612254294
508,508,-0.156595341088,1.94186596545
509,509,0.149847323522,-2.01642943031
510,510,1.70432924408,1.20907475209
511,511,0.0574138095042,-2.21777062532
512,512,0.230006002208,-2.27733543958
513,513,-0.0215202864682,-2.52884148262
514,514,-0.19617643747,1.94491188765
515,515,0.55369085371,-1.43786523018
516,516,2.30477872644,0.155322767676
517,517,2.25076647804,0.00682133621493
518,518,0.229932644234,-2.33657073325
519,519,0.199768376703,-2.25050871287
520,520,0.0559749042358,-2.33248987981
521,521,-0.0211986331825,-2.45076919992
522,522,0.00588010358376,-2.01451944656
523,523,-0.057715857536,1.97896069195
524,524,-0.301869674031,2.16410368001
525,525,-0.0544081208252,2.08590886387
526,526,0.120055067808,1.80504308272
527,527,0.190015461531,2.34780923071
528,528,-0.361833252575,2.00079087479
529,529,0.0776783232751,-2.38885465861
530,530,-0.233919557782,-1.87898518065
531,531,0.0792291584014,-2.23279963114
532,532,0.0483050073474,2.15234613332
533,533,-0.86698112647,1.28261655045
534,534,0.0199227768394,2.13241653987
535,535,0.477271789748,-2.09555984324
536,536,-0.174985240365,1.59254405753
537,537,-0.225398110333,2.22563514135
538,538,-0.350435429653,1.74332330122
539,539,-0.508939429096,2.05131190768
540,540,-0.504889932768,2.10676562971
541,541,-0.0967492734693,2.41322951194
542,542,-0.421089508609,1.97539915887
543,543,0.751804643864,-1.80836534597
544,544,1.79686608301,0.19448426759
545,545,2.57261276972,-0.0792734472489
546,546,2.18141515205,0.111445657805
547,547,2.11226159552,-0.157139075366
548,548,2.31542328146,0.331401486998
549,549,0.0964906595769,-2.16536065819
550,550,0.387730788525,-2.05789779669
551,551,0.562510351089,-1.02985809832
552,552,-0.0265323676975,2.24409924526
553,553,-0.319470118312,1.94825941236
554,554,0.883031812411,-1.71264990471
555,555,1.33623698152,-0.759414332474
556,556,0.0188763656588,1.15292863316
557,557,-0.455909561625,0.240215160908
558,558,-0.727792066867,0.979688892199
559,559,0.428141359724,0.805562882673
560,560,-0.702247671648,1.47432545849
561,561,0.854178451419,-0.343018420317
562,562,1.91909876368,0.347399923233
563,563,2.6541618694,0.371363668578
564,564,2.37705633595,0.130090336506
565,565,1.1361382174,-1.3137506379
566,566,2.34428571241,0.0441519810838
567,567,1.95340536057,-0.0358603284098
568,568,2.30232532806,-0.270991752377
569,569,2.49073742828,0.000617384358375
570,570,-0.0177187164238,-2.2600644476
571,571,0.170205407591,-2.08589294477
572,572,0.0305079314206,-2.2228287524
573,573,0.836560039856,0.133670201481
574,574,0.915297691171,-0.443830869901
575,575,0.251380378476,-2.20862566185
576,576,-0.0332323627442,2.18535039172
577,577,0.532233353484,-1.68339748255
578,578,1.59358184745,1.0876348621
579,579,-0.198829947509,-2.3859586071
580,580,0.05237055611,-2.45549246241
581,581,-0.0879137276639,2.22980614514
582,582,-0.179028930162,2.0171472629
583,583,-0.341863020201,-1.79442326496
584,584,2.32397263853,0.266203724311
585,585,2.28980455139,0.0138234354541
586,586,0.128220811505,-2.47123965999
587,587,2.3119332563,-0.0303126824398
588,588,-0.108714223454,-2.28235422244
589,589,0.668146581208,-1.07408334827
590,590,-0.875424210622,1.71477372128
591,591,-1.14543561715,1.28017659826
592,592,-1.58022987769,1.45068256949
593,593,-1.40355507418,-1.2452832489
594,594,-0.753293492248,1.76905080452
595,595,-0.176303250139,-1.9714934818
596,596,0.772970267858,-0.438153783772
597,597,2.15949838288,0.131262699074
598,598,1.37029861897,1.54056108078
599,599,0.0654234637943,-2.01333781086
600,600,-0.301672864889,2.40712464826
601,601,-0.00600972435258,2.10527338818
602,602,2.13279284068,-0.414247444748
603,603,0.157731937799,-2.05153679012
604,604,-0.0561252688669,-2.72466289586
605,605,1.52866894879,0.899989484746
606,606,0.36481707189,2.76485507979
607,607,0.981827733356,-2.1615534786
608,608,-0.509593307797,1.42394410232
609,609,0.792867181168,-1.65930121983
610,610,-1.15876941317,1.78771763073
611,611,1.40091809403,-1.78691158592
612,612,2.21256906783,0.833210366393
613,613,1.09573038215,0.767302131697
614,614,0.63313439816,1.50804804462
615,615,0.707615478314,0.493177543437
616,616,0.457115431055,0.850879061739
617,617,0.827357723812,0.665970271701
618,618,0.668004545657,0.721983159317
619,619,0.557478039294,-1.71092532543
620,620,0.95970810874,1.43137076826
621,621,2.0726046516,-0.544457700459
622,622,0.560328894721,-2.22688449221
623,623,1.59783688936,0.770117582147
624,624,0.442243029693,2.53729465952
625,625,0.0476891627665,-1.27448892428
626,626,-0.395945723468,-0.645032198964
627,627,0.741499638748,1.37321243983
628,628,1.25986958251,0.901928912207
629,629,1.41756404188,0.375051867752
630,630,-0.476005520181,-1.59888424959
631,631,-0.30416072647,-1.92775860311
632,632,-1.22195606102,1.40031993238
633,633,-0.492883621816,-1.6843758531
634,634,2.56242894844,0.402713913188
635,635,-0.0384953700735,-0.29363495178
636,636,-0.976259842696,0.808585004695
637,637,-0.139342131297,0.910504782285
638,638,2.91288293993,0.172842009034
639,639,0.503116169475,0.256353043605
640,640,-0.833226386882,-2.05691959015
641,641,0.977713760566,0.427672494576
642,642,1.3102795318,1.55099055781
643,643,-0.495242084413,-1.23209897097
644,644,-0.13017445526,2.79567959866
645,645,0.190742605359,1.99454235492
646,646,0.785394688642,0.992316197122
647,647,0.966292516061,0.674350035558
648,648,1.01140303682,0.697990545423
649,649,0.597555180886,2.06472770488
650,650,1.96049338364,0.697080683183
651,651,-0.679261760254,-2.05546972701
652,652,-0.767646538974,-1.78940915901
653,653,2.56002327033,-0.685984339722
654,654,0.707677603644,2.10944152831
655,655,0.578405035052,0.591676309252
656,656,-0.344168047419,-1.86451669306
657,657,1.50036500953,0.402583566437
658,658,0.541402500754,1.89935180802
659,659,2.65743242701,-0.273675283361
660,660,1.07111290114,1.94617182341
661,661,1.45494739339,1.94221575923
662,662,1.76301721392,2.13095069299
663,663,0.743666148182,1.8121648248
664,664,1.05547025777,1.72400638402
665,665,1.42443713227,1.81154642804
666,666,0.916368877024,1.75792715981
667,667,0.280214254809,-2.48399764768
668,668,0.112752688698,2.61841376559
669,669,1.0593940152,1.37963841061
670,670,-0.160483890344,-1.80192849154
671,671,0.775623948037,1.35425517678
672,672,2.52741010854,-0.927618852147
673,673,-0.808907178645,1.64621332344
674,674,-0.859393730719,1.49862588935
675,675,1.24496601741,-0.611337792807
676,676,0.695699587356,2.49344654421
677,677,1.3230602464,1.32272199595
678,678,1.84124475634,1.05897862253
679,679,0.00230577186941,2.41484413381
680,680,1.24987331932,0.467243002079
681,681,1.60996146929,0.633850478466
682,682,2.71031133364,-0.0307145674366
683,683,1.73215823423,1.62703663638
684,684,1.12211913132,1.56428377539
685,685,0.290505603636,1.87374929119
686,686,-0.199448566036,2.19203493255
687,687,0.408906185274,2.49020743754
688,688,-0.202466122885,2.19665245709
689,689,0.152518884121,2.9835620415
690,690,-0.156623558015,2.07806734724
691,691,1.61995887072,1.19797865125
692,692,1.51420628499,1.51094630804
693,693,-0.334824781798,-2.29818405259
694,694,0.414014955792,1.50097273604
695,695,-0.465630999125,-1.8263730655
696,696,0.76229884508,1.7371805088
697,697,0.865465922762,1.69477190135
698,698,2.21158423987,0.288868630291
699,699,2.66068450617,-0.268831228978
700,700,-0.490744183812,-1.74207550549
701,701,-0.193239629089,1.42905765002
702,702,-0.439399767452,2.03424687172
703,703,-0.233117637232,2.23491164774
704,704,-0.745333988343,-1.88929455142
705,705,-0.589653957934,2.83035424636
706,706,0.899315877223,1.70446894365
707,707,-0.283608340368,-1.92232474035
708,708,0.83646667273,1.55286945595
709,709,1.08935358313,1.42245310067
710,710,0.000996814858544,-2.3507575604
711,711,1.40998041407,0.594016779692
712,712,-0.106559058668,-0.640939498397
713,713,-0.910498761837,-1.53998600033
714,714,-0.435888044647,-3.24702663513
715,715,-0.525745605341,1.48980811511
716,716,0.0852412880961,2.79895097239
717,717,-0.288770881045,-2.4760563022
718,718,0.870784629078,1.66963708379
719,719,-0.230952232173,-1.56469140824
720,720,0.547219307044,1.85150590289
721,721,0.291964587026,-2.04514241884
722,722,-0.690521897944,-1.6843371551
723,723,1.14142065202,1.44122302262
724,724,0.560022408827,1.80469533201
725,725,1.03938345966,1.34942633939
726,726,0.0310760116964,-2.11876928252
727,727,-0.268382667169,-2.0860037317
728,728,1.3009810885,-0.93531971435
729,729,2.1648862593,0.49961016665
730,730,-0.247668918441,-1.957720598
731,731,0.0628406722922,-2.48655637895
732,732,-0.283755779329,-2.77076873733
733,733,2.13339218308,0.118442798858
734,734,-0.337902379684,-2.60302011987
735,735,0.108431491942,2.35850618393
736,736,-0.300542238655,-1.98359615426
737,737,-0.428374286979,2.09055306426
738,738,1.33026715597,-1.74574139132
739,739,-1.05024627354,2.32692074946
740,740,0.329965689786,-1.95212242302
741,741,0.280005898931,1.76653108951
742,742,-0.990496084948,1.51489314963
743,743,1.60301317589,-2.21267468322
744,744,0.574704491302,0.498232231355
745,745,-0.724919766466,-2.04061825474
746,746,0.138795965526,-1.50710988034
747,747,0.718233395261,-0.770354628832
748,748,1.45074289924,-1.06962596194
749,749,-0.09578650256,-2.11224507916
750,750,-0.16524012559,-2.77064043611
751,751,-1.75352685778,-1.24506172145
752,752,-0.0350796276725,1.94332791862
753,753,2.36522103371,-0.227453348161
754,754,0.0120904965912,-2.12190897409
755,755,0.257145866372,-2.10821923198
756,756,0.347869031872,-2.52893343048
757,757,-0.154420839813,-2.25332361206
758,758,-0.120660302663,-2.43195475471
759,759,0.283975371938,-2.31192890269
760,760,-0.12334634514,-2.69156076665
761,761,-0.266101870015,-1.85451196074
762,762,0.508811792912,-2.30776560939
763,763,0.169281655526,2.0199150576
764,764,1.58926381714,0.537780404673
765,765,0.149439257352,-2.26622830053
766,766,-1.42410756765,-1.49118732499
767,767,0.199096264975,-2.78757987886
768,768,-0.281044943138,-2.17355701949
769,769,-0.994084636315,-1.00649036096
770,770,-0.486237043187,-1.50609671002
771,771,0.107709518953,-1.93289151002
772,772,-0.349183726676,-2.60626356892
773,773,1.30700359063,-1.76631095451
774,774,1.39888278698,1.45333192364
775,775,0.538559381964,-2.29914962585
776,776,0.820149926639,-2.40109510587
777,777,-0.234493003439,2.57857931281
778,778,0.83265962351,1.35589788243
779,779,0.233131363683,1.55216876488
780,780,0.432987772368,-1.44473558506
781,781,0.270572502186,1.93132544118
782,782,-0.110156792098,-2.15732002117
783,783,0.029641780389,-1.89120594744
784,784,0.433611812673,-2.0209034741
785,785,-0.259840993973,1.73629335302
786,786,0.0492041874281,2.37765697485
787,787,-0.369197606427,1.8827890875
788,788,-0.100610155366,2.10211687032
789,789,0.376698906384,-1.96249735841
790,790,0.129912268034,-2.48388510332
791,791,-0.123520701765,1.84440726124
792,792,0.169844340169,-2.08649404383
793,793,1.10839482069,-1.38262013836
794,794,-0.270247217133,1.95429588879
795,795,-0.143493504931,2.01623516344
796,796,-0.20473632317,1.85600577953
797,797,0.556016976774,-2.08402970442
798,798,2.21340865834,0.877872895035
799,799,2.25863518118,0.0672211917162
800,800,2.53641894395,-0.193773605597
801,801,2.17212232633,0.149993124515
802,802,0.275745502443,-2.19615947084
803,803,0.248624476609,-1.93771702083
804,804,2.49812356883,0.0590251100758
805,805,0.0838219125858,2.19099780088
806,806,-0.110220216091,2.20492287414
807,807,-0.223828679138,1.97815690906
808,808,0.0724901260145,2.21102666648
809,809,0.205118630721,-2.11659626974
810,810,0.0114944573414,-2.5437942293
811,811,0.131824354394,-1.98060027098
812,812,-0.0844231365103,2.0123083687
813,813,-0.0835551187532,2.2991589002
814,814,0.333055362355,-1.87757302361
815,815,2.13340685761,0.117017447013
816,816,-0.44838215601,2.05549016945
817,817,-0.00033128998144,2.26590035406
818,818,0.302600987638,-1.92360671638
819,819,-0.00347173809617,-2.23906659314
820,820,0.100699033431,2.14595197186
821,821,0.243102963358,-1.93183466709
822,822,2.49570290477,-0.00015876353278
823,823,2.51138872257,-0.141457912592
824,824,-0.0891668690428,2.04939312526
825,825,-0.0648394300894,1.89419138268
826,826,2.21543585172,0.0634122960768
827,827,0.161296422791,2.06974693645
828,828,0.0577478414592,-1.80581700289
829,829,0.25772030411,-2.46456103035
830,830,0.0150286849342,-2.13006048693
831,831,2.37020357745,-0.0462478231322
832,832,-0.0870331868705,1.72558375392
833,833,-0.222503554566,2.15956594086
834,834,0.0291894984707,-1.78869419692
835,835,1.73005332364,0.374691435734
836,836,1.4622413881,0.428086042043
837,837,2.34556379886,-0.233705449423
838,838,1.97128070496,0.322586292909
839,839,0.219101685387,-2.18718915333
840,840,0.395722737976,-2.06898868765
841,841,0.0357337200247,2.23769029248
842,842,0.742218071775,-2.09717910053
843,843,0.0311144806709,-1.96912566626
844,844,-0.0699880490915,-2.11837565495
845,845,-0.00351595949215,2.14444079962
846,846,0.278184714574,1.93590816476
847,847,0.0829273587833,1.92582184891
848,848,-0.275226474498,2.13545881965
849,849,-0.00750730240243,2.12215580815
850,850,0.158122883362,-1.856169608
851,851,-0.279723719643,2.0953562191
852,852,0.789050274318,-2.23465381622
853,853,-0.142113309092,2.30788443386
854,854,0.217904714794,-2.15284996282
855,855,0.19962816718,-2.24754114354
856,856,2.2873169916,-0.0335834851511
857,857,-0.0888087038917,-2.36283860088
858,858,-2.55146418289,-0.0618109497963
859,859,-1.07550475324,1.28619679177
860,860,-1.39406336524,1.15874269102
861,861,0.335807102689,-0.909062261728
862,862,-1.23229590891,-1.52884424132
863,863,-0.62914920479,1.57338810988
864,864,-0.2479255272,-1.92327201603
865,865,1.88668555195,0.322670488761
866,866,2.47824784419,-0.150108243594
867,867,2.58242910838,-0.0628583045406
868,868,0.473369434033,-2.2299444237
869,869,0.360714490707,-1.98945255681
870,870,0.593045788309,-0.954508790027
871,871,2.26222653508,0.442055716896
872,872,0.319389898555,-2.08101268608
873,873,-0.665602620812,1.61332824255
874,874,0.116699244862,1.3702735175
875,875,2.4312361037,0.134180688718
876,876,-0.0894675425768,-0.369395190655
877,877,-0.0931538588,-1.21485031813
878,878,0.199333652184,-2.46040776744
879,879,-0.123870964911,-1.1836842778
880,880,-0.507265797996,1.33141583141
881,881,0.246167793186,2.38320224826
882,882,1.87977020694,0.131710300849
883,883,2.10243898511,-0.0284185432326
884,884,2.31590558976,0.0773714701444
885,885,0.0763756627724,-2.12754498775
886,886,-0.0196933976607,-2.22116106758
887,887,0.301946594262,-2.25586974468
888,888,2.43581907455,0.200143521151
889,889,0.106411382341,-2.14688047095
890,890,0.221707354358,-2.0683202044
891,891,1.98834291608,0.879550671398
892,892,-0.054876385429,2.26007616171
893,893,0.283293936671,-2.40374647996
894,894,0.831513297981,-1.80089154369
895,895,0.457458677736,-2.06856269994
896,896,0.347894378519,-2.21847107193
897,897,0.263113689423,-1.79673963876
898,898,1.10238772299,1.14832823358
899,899,0.197965653033,-1.99291619507
900,900,1.19093496007,0.666409451851
901,901,-0.142436356596,2.16602743911
902,902,1.06212479668,-1.42988520189
903,903,-0.128476675013,1.71432829513
904,904,-0.213168434299,1.82218873475
905,905,1.86078637268,0.70936392597
906,906,1.5855188591,0.357729860858
907,907,1.48114869242,0.615997824019
908,908,1.3258610058,-0.395633990971
909,909,1.97625864358,0.392402774953
910,910,2.32123323281,0.116910860103
911,911,0.204694369191,2.29438541053
912,912,2.16583837175,0.0441452228204
913,913,2.41275333444,0.195813144283
914,914,1.91390657625,-0.576472096805
915,915,-0.075756797177,1.38099326785
916,916,0.0686049140734,1.96282043781
917,917,0.0332542452767,-1.76746769839
918,918,-0.181896205808,-1.86419116393
919,919,1.53655016346,-0.575413414159
920,920,0.78046966326,-1.78698158424
921,921,0.565322903177,-0.248882045856
922,922,0.338457511326,-1.87362735107
923,923,0.810480625648,-1.90239963333
924,924,-0.3625500003,1.88194215953
925,925,-0.0002893721118,1.52528269037
926,926,-0.585278878451,-1.36387483668
927,927,0.0634093133169,-1.72398138278
928,928,-0.0671506312779,1.10454845357
929,929,0.396594863383,1.52699461293
930,930,-0.0176073701945,2.28701292335
931,931,2.36269160718,-0.115786529878
932,932,0.920110778959,-0.604133280841
933,933,2.05862975912,0.0776831171162
934,934,2.28707354587,-0.00322521127172
935,935,-1.35193118254,-1.65509810249
936,936,0.701694562743,0.359393718988
937,937,1.23249866562,-0.642734901847
938,938,0.070583359645,-1.88659439309
939,939,-0.892961710485,1.35892706838
940,940,-0.395324963766,1.39062537312
941,941,1.00406495347,1.35326587115
942,942,1.68482590906,0.525236465336
943,943,-1.03367011319,0.193182134946
944,944,0.0330772298713,0.907212671973
945,945,-0.304099385279,-1.66053909071
946,946,-1.08167386374,-1.24365830934
947,947,-0.430124686796,1.65922138977
948,948,-0.789148050831,-1.20342563608
949,949,-0.297624460805,-1.71397634597
950,950,0.46345121399,1.01980382774
951,951,0.334249502065,1.16436145795
952,952,-0.115618631801,-1.90929461326
953,953,0.0523139612424,-2.18717244617
954,954,0.553876785732,0.990904897996
955,955,-0.336903802769,-0.970676703228
956,956,0.520512401575,2.06778989893
957,957,0.27434693263,0.978009262899
958,958,0.439171949102,-1.89387614446
959,959,0.19490125913,-2.09821403383
960,960,-0.289197276086,-2.02846751921
961,961,0.148477332905,-1.81408886675
962,962,0.250137549631,2.38438207985
963,963,0.835356489173,-0.613048568586
964,964,0.285115079156,-2.02990531795
965,965,-0.0675103406978,2.01408056579
966,966,1.04797358724,-0.254420587672
967,967,2.21112664501,0.105447689605
968,968,-0.578033580785,-1.25223600863
969,969,-1.15131062827,-1.48472349824
970,970,-0.881827018847,-1.5065023809
971,971,-0.0874172673999,1.55187159328
972,972,-0.68621947124,-0.538744592497
973,973,-0.97810067276,-1.29625545161
974,974,-0.913211933399,-1.28399245557
975,975,-1.10619143854,-1.17487459084
976,976,-0.550312172392,-1.55142236078
977,977,-0.375248153707,-1.88402738064
978,978,-0.882800519424,-1.67187009838
979,979,-0.0777640184749,-1.8982037054
980,980,0.289319647423,-0.914346858064
981,981,2.23174866402,0.0261385817894
982,982,0.248556757792,-1.87543864461
983,983,-0.74530322148,-1.28677945667
984,984,0.012882965131,2.30785380157
985,985,-0.0120873407515,-1.38168514394
986,986,-0.460764636458,-1.49200995731
987,987,-0.932130923735,-1.68243322728
988,988,0.0182232024533,1.15737237485
989,989,-0.577423012412,-1.34008546885
990,990,-0.871169459114,-1.55039621517
991,991,0.282730224236,2.36772563967
992,992,0.0167528679728,-1.66971805393
993,993,0.106711698429,-2.35584288906
994,994,0.315761296728,-2.42936579481
995,995,1.92711058319,0.496622542179
996,996,0.173002874076,-1.9022127323
997,997,-0.716587252776,-1.39211025155
998,998,-0.885519624484,-1.19881271529
999,999,0.172965325029,0.336892571929
1000,1000,-0.649676226581,1.06259581121
1001,1001,-0.596152812798,0.923906817028
1002,1002,-1.18537763321,-1.20843923993
1003,1003,-1.49605958024,-0.956344743614
1004,1004,0.074074179252,2.06435670668
1005,1005,-0.130631551237,2.08029114428
1006,1006,0.91443573719,-1.30501052909
1007,1007,0.261168848321,-0.386840302008
1008,1008,-0.225507878017,2.07643928956
1009,1009,0.613153567137,-1.64928290081
1010,1010,2.20255554827,-0.0622759652193
1011,1011,2.43506967596,-0.117036119858
1012,1012,2.48641014664,-0.364719894092
1013,1013,0.693643399328,-1.61922313646
1014,1014,0.112890302496,2.21243069963
1015,1015,0.311732325037,-2.12970458695
1016,1016,-0.644207920968,-0.609587712077
1017,1017,-0.379030112518,1.74092087171
1018,1018,2.33464839246,0.220141183358
1019,1019,-0.26186668241,1.880919394
1020,1020,0.272994318455,-1.7483672713
1021,1021,0.577331389975,0.0531688529514
1022,1022,0.0795243923448,-1.58641317509
1023,1023,-0.763060528205,1.87438239575
1024,1024,-0.173479132792,1.04039189405
1025,1025,-0.19011108997,1.03233977469
1026,1026,0.595363989434,0.354871924674
1027,1027,-0.281861853864,-0.216177951567
1028,1028,-1.15646570854,0.312586466873
1029,1029,2.11489852022,0.0468435479911
1030,1030,-0.574416209386,1.00829660407
1031,1031,0.413738531805,1.87610696874
1032,1032,-0.484093779042,0.947469407184
1033,1033,-0.821553036144,-0.254035968964
1034,1034,-0.355820730406,-1.94347863476
1035,1035,0.746682490231,-1.10731608111
1036,1036,-0.434166410782,-0.796405456599
1037,1037,0.295623485248,2.44182998834
1038,1038,1.18521680577,-0.792821874487
1039,1039,1.94765301254,-0.346385301833
1040,1040,-0.170353421173,-1.93993070526
1041,1041,2.46313093004,0.332397899695
1042,1042,0.250534743164,-2.33129600266
1043,1043,0.130510647864,-2.16860228045
1044,1044,-0.521307792935,1.68034299418
1045,1045,-0.448736063322,1.76077330035
1046,1046,-0.592140991533,2.1724224887
1047,1047,-0.516643673531,1.63797592428
1048,1048,0.610379599953,-1.69686787513
1049,1049,-0.0439174433144,1.79539953346
1050,1050,1.20755354856,-1.84477854682
1051,1051,0.212889201614,-1.97043982601
1052,1052,-0.394584046739,2.2179792529
1053,1053,-0.555253960601,1.67808052873
1054,1054,-0.59266914144,2.06773174201
1055,1055,-0.199076138656,2.13030822643
1056,1056,0.754010270211,-2.06127358792
1057,1057,0.319904000289,-1.9131587498
1058,1058,0.15098285057,-2.06920296749
1059,1059,-0.215981961859,1.84997744978
1060,1060,-0.0386375669934,2.23215534849
1061,1061,0.842170601361,-1.57023392877
1062,1062,-0.121665962463,-2.27998806359
1063,1063,0.58772214234,-1.917477433
1064,1064,-0.309009828527,1.85822761453
1065,1065,-0.0166945667595,1.97110302923
1066,1066,0.0257752781867,2.02834106137
1067,1067,-0.275914159851,1.68854260904
1068,1068,0.41796987823,-1.86151352659
1069,1069,0.0919010112087,2.02491422811
1070,1070,-0.383549186375,2.07700976617
1071,1071,-0.0308444495406,-2.07280511973
1072,1072,1.85954595051,0.4119707786
1073,1073,0.305256690833,-2.35158608342
1074,1074,2.52834522617,-0.0385463495553
1075,1075,-1.10928185383,-1.1472119569
1076,1076,0.543893765897,0.617715927652
1077,1077,-1.12576304294,-0.903020891749
1078,1078,-1.0388447998,-0.936862622681
1079,1079,-0.490221866638,1.59868929503
1080,1080,-1.04908881254,-1.23813092499
1081,1081,-1.46172491888,-1.1816357276
1082,1082,2.12869349347,0.0882758861393
1083,1083,-0.98402975263,-1.25460011694
1084,1084,-0.224262300754,2.17378713601
1085,1085,0.468876078938,1.41965576835
1086,1086,-0.278857526474,0.367552169558
1087,1087,-1.11704935931,0.834153382298
1088,1088,0.551775706646,1.74504477729
1089,1089,-0.466618075156,1.24344219025
1090,1090,-0.420943789551,-0.835607649704
1091,1091,-1.10416693227,0.834814356664
1092,1092,0.465243044553,1.43104613282
1093,1093,-0.569059839991,-1.51168280845
1094,1094,-0.110888572066,-2.42429746866
1095,1095,-0.58148684977,2.12442733176
1096,1096,0.560540857472,-2.25223525143
1097,1097,-0.0491558068308,-2.20953975623
1098,1098,0.139710852744,-1.96906144313
1099,1099,0.0227223017505,-2.17598078542
1100,1100,0.304932107114,-1.77518759162
1101,1101,-0.983010903106,-1.36070757098
1102,1102,-0.240596442287,-1.91553552675
1103,1103,0.225644418491,-2.31903957005
1104,1104,-1.14399050752,-1.61115406106
1105,1105,-0.0660864908218,-2.14619493196
1106,1106,2.41630803515,0.346349750428
1107,1107,-0.353911297775,1.98510999464
1108,1108,-1.21089924765,-1.52445772167
1109,1109,-0.199053849344,1.94270348156
1110,1110,0.446996354878,-1.27229910887
1111,1111,0.0307717574976,1.95145703134
1112,1112,0.831830522035,-1.67163478859
1113,1113,2.40215814299,-0.317750753267
1114,1114,1.37166252689,0.533400986945
1115,1115,0.160212750569,-2.15798931975
1116,1116,0.344040969612,-2.0094787324
1117,1117,-0.509900186234,1.08726640884
1118,1118,0.894085587031,-1.51692621073
1119,1119,1.35066673675,-0.792507811767
1120,1120,-0.565657703849,1.6608595436
1121,1121,-0.591364881006,1.86953366847
1122,1122,-0.328990732796,2.213103931
1123,1123,1.17300771223,0.389573630582
1124,1124,-0.477009367322,-1.40189734944
1125,1125,1.21011555498,-1.55091553879
1126,1126,-0.297871609658,2.06926220241
1127,1127,0.390500622686,1.44891969941
1128,1128,1.53475872393,-1.03930418055
1129,1129,-0.434224878064,2.21890535236
1130,1130,0.714157872598,-1.48038571594
1131,1131,-0.789052566919,-1.55004401253
1132,1132,0.581799217884,-1.99110193985
1133,1133,0.12802396017,-1.85091073338
1134,1134,0.00358471390213,-2.14751168519
1135,1135,0.586631180216,-1.8284545244
1136,1136,0.0244968356142,2.41969566302
1137,1137,-0.0959990711033,-2.00915553953
1138,1138,0.132912385071,-2.39493961583
1139,1139,0.356786565829,-1.95109384492
1140,1140,-0.192514519506,2.15706411446
1141,1141,0.127371970584,1.88752442685
1142,1142,-0.301092427934,2.09240657677
1143,1143,1.02982856374,-1.40739732364
1144,1144,1.52008360395,0.893546002165
1145,1145,2.64637826106,-0.0384511077162
1146,1146,0.872400782467,1.30007467499
1147,1147,0.301930371635,1.74530106208
1148,1148,-0.0646516922202,-2.24632912884
1149,1149,0.29675778989,-2.26015978594
1150,1150,2.27600264949,-0.0884320453904
1151,1151,-0.0729576569708,2.34753590164
1152,1152,0.213599841178,2.02509636094
1153,1153,2.45497199356,-0.423859644178
1154,1154,-0.124232407976,-2.23604375355
1155,1155,-0.217044083702,-2.74193890972
1156,1156,1.79811202337,0.327730169799
1157,1157,-0.157919828653,1.71336230912
1158,1158,1.77150202447,0.323321151941
1159,1159,2.12278124563,-0.0253285040711
1160,1160,-0.153642246941,1.8221918394
1161,1161,-0.0222551915697,-1.03434052486
1162,1162,0.101655693684,2.23545488167
1163,1163,0.111924308029,1.78597928512
1164,1164,0.527512673329,-1.84517990626
1165,1165,1.56534489664,0.663013582311
1166,1166,0.470619324127,1.75559085807
1167,1167,2.37489579953,0.0582912509985
1168,1168,0.782365717277,-1.59969237233
1169,1169,2.30042754341,-0.183904729118
1170,1170,1.97372173547,0.00438100217987
1171,1171,0.0273193799752,-2.13114645041
1172,1172,0.0881194389831,-2.25002622608
1173,1173,-0.152863871518,2.04538249919
1174,1174,0.130092885436,2.23792606493
1175,1175,0.175015692975,1.85291026022
1176,1176,-0.0804366373291,2.2979192307
1177,1177,0.193359868522,-1.90465911653
1178,1178,1.61387425491,0.543566205154
1179,1179,-0.0495374400131,-2.58798387581
1180,1180,-0.125051360414,-2.44837472592
1181,1181,2.0138508107,0.117419103074
1182,1182,-0.197426858026,-2.23431272255
1183,1183,-0.160405880418,2.27483470771
1184,1184,-0.149970921543,2.32080827239
1185,1185,0.661805267988,-1.64724222943
1186,1186,-0.147802760822,-2.12904470449
1187,1187,-0.178557908465,-2.03137976419
1188,1188,0.76089946794,-1.59298388515
1189,1189,-0.146805620539,-2.43070715994
1190,1190,-0.132733673003,-2.20196951107
1191,1191,0.328725157361,-2.4657962061
1192,1192,-0.131666093865,-1.97407084976
1193,1193,0.143717029721,-2.14358156323
1194,1194,-0.19248833458,-1.78357603464
1195,1195,-0.0898034321205,1.86988376235
1196,1196,2.22538488567,0.093055181543
1197,1197,2.06392153626,-0.0956537986515
1198,1198,2.25952536831,-0.104175973544
1199,1199,2.24506246969,-0.0400031386015
1200,1200,0.186408659458,-2.02671282688
1201,1201,0.637053663487,-1.77260814433
1202,1202,-0.693147541275,1.90271406733
1203,1203,-0.559946959159,1.98586353445
1204,1204,-0.346050310257,2.19357038084
1205,1205,1.04697741229,-1.84922255516
1206,1206,-0.249436761428,2.15919180703
1207,1207,-0.0981189036849,-2.37401220922
1208,1208,0.338864753543,-2.12044923939
1209,1209,2.30417447638,0.191361790291
1210,1210,2.43658564765,-0.0338257343634
1211,1211,-0.169491554252,1.94747589656
1212,1212,0.71128254206,-1.95062832361
1213,1213,2.42312017499,0.299155366677
1214,1214,1.86324179104,0.624086991054
1215,1215,-0.154628191171,-2.15951220468
1216,1216,-0.0359314675613,-1.93179312231
1217,1217,0.136974138898,-2.49662667057
1218,1218,0.0595045292943,-2.16714323186
1219,1219,2.0185751329,0.1693167649
1220,1220,1.109338801,-1.06002511697
1221,1221,1.24590391618,-1.12834602184
1222,1222,1.34017486609,0.713118391998
1223,1223,1.14936744578,-0.872640985981
1224,1224,2.64159789845,0.0464194749384
1225,1225,2.37955419853,-0.0884597924102
1226,1226,0.318617668724,-0.148439672389
1227,1227,-0.0748481949525,2.40094808243
1228,1228,0.66746294858,-0.0967162541511
1229,1229,-0.205405520366,2.04405630377
1230,1230,0.0654733999183,-2.12533063639
1231,1231,0.507243945951,-2.27615618291
1232,1232,-0.0412692332981,2.15474736375
1233,1233,0.839923047907,-1.84544936681
1234,1234,-0.0206843386769,2.18069803315
1235,1235,0.0698693381031,-1.91900670426
1236,1236,2.09393049199,0.074953313745
1237,1237,0.510784293226,-2.13378892919
1238,1238,0.128894039181,2.36177147205
1239,1239,0.619037084793,-1.48412398482
1240,1240,-0.300526683918,-1.9991278485
1241,1241,2.0922595995,-0.122447333229
1242,1242,0.0400166315527,-2.27468905477
1243,1243,0.0688289337198,-2.17817589865
1244,1244,0.240892198304,-2.31169408573
1245,1245,0.0642282416467,2.18881295366
1246,1246,0.11575297139,-2.34412496588
1247,1247,-0.0249442617411,2.3418932097
1248,1248,-0.324649768671,2.24481269432
1249,1249,0.548548191951,-2.18639680782
1250,1250,-0.116527252684,2.21370625877
1251,1251,-0.139536303004,2.14473741497
1252,1252,-0.14980036945,2.19781730131
1253,1253,0.221574856269,-1.65610423857
1254,1254,1.83216861362,0.449811557716
1255,1255,2.59391095725,-0.186182189255
1256,1256,2.20740543772,-0.11310763171
1257,1257,2.50293065451,0.121839805056
1258,1258,2.09668161495,0.2675177473
1259,1259,2.41017916749,-0.0488390572547
1260,1260,2.29508925429,0.112164713728
1261,1261,1.91322066615,-0.0713626189987
1262,1262,-0.0190076250347,-1.74311515966
1263,1263,0.330346944296,-1.92093907099
1264,1264,2.33474759382,-0.38632154716
1265,1265,0.00281446111329,2.43338203554
1266,1266,1.27128818374,-0.00649256878604
1267,1267,1.66418552563,-0.228365450928
1268,1268,-0.0840653818865,-2.11814991427
1269,1269,0.232970367582,-2.04650138698
1270,1270,2.05018435292,0.00263814696262
1271,1271,-0.0662478448459,2.0867563521
1272,1272,1.85030238727,0.647362615023
1273,1273,-0.0549738737194,-1.99692443525
1274,1274,0.727723216123,-0.475962038063
1275,1275,-0.0312614401318,2.38844408026
1276,1276,0.266084915167,-2.13770091077
1277,1277,0.190265143276,-1.93468846576
1278,1278,2.43402722914,-0.0447015187284
1279,1279,1.92629632842,0.215543850436
1280,1280,0.681881490655,-0.249340821178
1281,1281,2.23306333005,0.0973629345598
1282,1282,2.49602598434,0.0436521752365
1283,1283,2.32626532038,0.0968764222538
1284,1284,-0.32146799961,-1.83509193482
1285,1285,0.915690525515,-1.47780129345
1286,1286,0.0694562152369,-0.547796217203
1287,1287,1.66430380308,0.679121783184
1288,1288,0.0695121244749,-2.01644469851
1289,1289,-0.0794398068087,-1.95269316884
1290,1290,0.221103612233,-2.29205784762
1291,1291,0.859850870952,-0.551996284922
1292,1292,0.508929115234,1.73241748233
1293,1293,2.23458370397,0.264101468075
1294,1294,2.56822318961,0.0788643975833
1295,1295,0.693950614842,-0.773476969232
1296,1296,0.151996354853,-2.22235451684
1297,1297,0.0461176633805,-1.9901015495
1298,1298,1.39399906125,-0.854473203037
1299,1299,-0.189995135015,2.30502496528
1300,1300,0.385786130704,-1.89028370906
1301,1301,-0.121823724293,2.41266290348
1302,1302,-0.385470335915,1.51036315346
1303,1303,0.75429331883,-1.86169183129
1304,1304,-0.436963922289,1.95474670537
1305,1305,-0.305639223986,1.93923807726
1306,1306,-0.262819099028,2.04535112838
1307,1307,-0.204406027372,2.33059100878
1308,1308,-0.569001127905,2.18429357285
1309,1309,-0.187472209295,2.2151850294
1310,1310,0.265674485044,-2.00127403934
1311,1311,0.0986578038131,-2.06712833732
1312,1312,-0.319178824505,2.3573166082
1313,1313,-0.0452470221895,-2.21649900916
1314,1314,0.970535480995,-2.07487118169
1315,1315,0.453393075452,-2.33556113502
1316,1316,-0.677978235685,2.21876517002
1317,1317,0.0926525039533,2.33529954879
1318,1318,0.206024093123,-2.22104174919
1319,1319,-0.474675177099,1.97563295945
1320,1320,0.258342153751,2.4448884897
1321,1321,-0.464953617334,2.09242836806
1322,1322,0.0527737704756,1.99348374541
1323,1323,-0.196778279883,2.00680248794
1324,1324,0.648949912337,-1.65880939803
1325,1325,1.14258702351,0.80872751903
1326,1326,2.16391296226,-0.0177113115828
1327,1327,-0.0192857650395,-2.17008480064
1328,1328,0.283194801237,-2.16821728767
1329,1329,2.36290481319,0.0768205689006
1330,1330,-0.239227839808,2.07875534667
1331,1331,0.767741006999,-1.79926104199
1332,1332,1.56881144823,0.760498237563
1333,1333,0.0851587794203,-2.1418012303
1334,1334,0.167066969789,1.91016371025
1335,1335,0.863211810496,2.13683842412
1336,1336,0.847220965347,1.98778625238
1337,1337,-0.470992551159,2.08162508331
1338,1338,1.9269807789,1.35878080092
1339,1339,0.362219084833,2.09804002639
1340,1340,1.02624007446,1.40179720033
1341,1341,0.710259041692,1.33495990365
1342,1342,1.67814942429,1.03755438749
1343,1343,0.189210896098,-2.53323013915
1344,1344,0.0875718060437,-2.48546079818
1345,1345,1.61283985331,1.02563363483
1346,1346,0.789176718811,2.21390480205
1347,1347,1.8349545486,0.170016094146
1348,1348,0.861282865286,1.98438053655
1349,1349,-0.0866666840981,2.1054626457
1350,1350,-1.03134457074,-1.60562590031
1351,1351,2.15581230805,1.09209174947
1352,1352,-0.593910271943,-0.820987829227
1353,1353,0.198154631169,-1.83271015501
1354,1354,0.643751461325,2.49100381583
1355,1355,1.27450382492,0.493629164861
1356,1356,2.33041356831,0.763101713297
1357,1357,0.88571380217,1.65648030366
1358,1358,0.51568371143,1.83017246571
1359,1359,1.02481903105,0.577854279738
1360,1360,2.38611403451,0.47737081177
1361,1361,0.549764062092,0.243104883504
1362,1362,-0.931573011065,-1.53833130839
1363,1363,-0.334449177973,-1.4830931167
1364,1364,1.82814984494,0.24294658649
1365,1365,1.2398585464,-0.606685158981
1366,1366,2.42493934315,-0.328812231206
1367,1367,-0.249175169976,1.04305358558
1368,1368,0.351436415746,2.35102942092
1369,1369,0.256378822214,-2.66375051429
1370,1370,0.243801825735,2.2470165566
1371,1371,2.28201149028,0.334944712112
1372,1372,1.6192042383,0.334985333017
1373,1373,-0.257261593056,2.43332787305
1374,1374,1.27729559798,0.337363102879
1375,1375,1.06485219641,1.15326973882
1376,1376,0.357057592344,0.91834533123
1377,1377,-0.81501166278,-1.41262233559
1378,1378,0.332663104405,-2.23441629846
1379,1379,1.16206049256,0.795002797036
1380,1380,0.183421944468,3.03407458103
1381,1381,1.36003572248,1.6388164858
1382,1382,0.186538981108,-2.29292399817
1383,1383,-0.0064917505367,2.26457706223
1384,1384,1.4630149398,0.627334787177
1385,1385,2.09594500498,0.599731052245
1386,1386,1.38489341539,0.685536242237
1387,1387,1.89069532365,1.67793389767
1388,1388,2.87337651587,0.238903826145
1389,1389,1.09205046643,1.38109992289
1390,1390,0.578677931468,2.09952024624
1391,1391,-0.41979077937,2.38451209691
1392,1392,0.465684013368,-2.11043244817
1393,1393,1.05794285267,0.924985125109
1394,1394,0.860838504701,0.236302122526
1395,1395,1.90438622226,0.20773045872
1396,1396,2.58925260321,0.412434717197
1397,1397,0.588363358137,-1.79680091714
1398,1398,0.537530519389,1.72269483397
1399,1399,0.0175055554752,-2.31572735333
1400,1400,1.00763370203,0.247749949489
1401,1401,-1.21960903631,-0.950622478095
1402,1402,0.490090424307,2.41137151604
1403,1403,1.10967806275,0.449404778755
1404,1404,-0.119792728751,2.84480315136
1405,1405,1.14159386503,1.91425749999
1406,1406,0.2398430966,2.071096729
1407,1407,-0.145368199991,2.68315725588
1408,1408,-0.16068594717,2.6670151318
1409,1409,-0.223032795801,2.71805732555
1410,1410,0.559193906752,2.3934098893
1411,1411,0.419695047934,2.18595162222
1412,1412,0.406290202899,1.9940916614
1413,1413,-0.284586229525,2.20915617696
1414,1414,0.160231700925,2.27989584221
1415,1415,0.519118877654,3.03059654648
1416,1416,0.0676183333962,2.55141853925
1417,1417,2.25272064776,0.678218272613
1418,1418,-0.243417291777,1.86896672031
1419,1419,0.9100704016,0.46607818054
1420,1420,-1.08142557852,-1.09336138045
1421,1421,0.0957113932736,-0.0225089066573
1422,1422,0.858156744868,0.12986227894
1423,1423,2.02608264891,-0.00871217469891
1424,1424,-0.448132384003,-2.04874434325
1425,1425,-0.147686138468,2.51882178964
1426,1426,0.155366306041,0.795060060888
1427,1427,2.41089643297,0.499163341966
1428,1428,2.94494418413,-0.680185177059
1429,1429,2.3043932954,0.258477564509
1430,1430,1.77467325939,0.604814282808
1431,1431,1.85704199807,0.408202892815
1432,1432,2.01858436817,0.186503185702
1433,1433,1.91596474099,-0.204389440655
1434,1434,1.00423865804,0.874993287901
1435,1435,1.07825465278,0.762552310923
1436,1436,0.316256189696,-2.77380590704
1437,1437,2.25851237816,0.331878670538
1438,1438,0.0292601208933,1.73498836326
1439,1439,1.26748670705,2.21135737058
1440,1440,0.978096003835,1.92801604528
1441,1441,0.507866006587,0.901567928635
1442,1442,0.559892399161,1.73746187543
1443,1443,0.324953635198,-2.4452751112
1444,1444,1.44610988462,2.35484445875
1445,1445,0.730715652369,2.42302439704
