,vote,alpha,beta
0,0,-0.238269862172,2.39979123854
1,1,-0.588354067712,-2.50619170866
2,2,2.57785566621,-0.125348921797
3,3,2.6898590132,-0.253120001719
4,4,0.676646975784,-1.46293598742
5,5,3.60772258585,-0.557768639734
6,6,2.10636250835,0.737921169062
7,7,2.35467200528,0.631305338817
8,8,0.22223920705,-1.72227537589
9,9,1.15664239911,-1.40433179922
10,10,2.56731893528,-0.171096952131
11,11,2.80113368915,-0.500304081173
12,12,2.62967631383,0.363374269696
13,13,2.59334191944,0.170608349943
14,14,3.12754626564,0.351244769006
15,15,2.42262848028,-0.05470400821
16,16,0.375311294178,2.48256211582
17,17,0.649831819312,-0.533935462417
18,18,2.99225661442,0.485212322409
19,19,2.41800530653,-0.333787053103
20,20,1.38178806749,-0.542222251951
21,21,0.140380611758,-2.95165671247
22,22,-0.104847687761,-2.43991089472
23,23,3.18438846135,-0.252580642162
24,24,0.861291669885,-2.1842949503
25,25,1.39450525345,-0.344337060263
26,26,-0.778563124613,-0.022371686325
27,27,0.0460081416594,2.77321727771
28,28,2.49424430917,0.00255399027455
29,29,2.6499197998,0.440054633837
30,30,2.4495838157,0.0478029570105
31,31,3.07249854012,0.230110998048
32,32,-0.344850647191,-2.63010748049
33,33,0.128338185653,-3.58429893584
34,34,1.37980629536,-0.465161858678
35,35,-0.0962689904076,2.21459710117
36,36,-0.523990481295,-2.74576566866
37,37,0.235189261037,-2.44263178893
38,38,0.100854877082,-2.87769452963
39,39,-0.874691297662,-1.51584885259
40,40,1.94224604106,-1.48917268592
41,41,0.135561120582,2.95143594599
42,42,-0.221851513924,-2.17617513359
43,43,2.68237951455,0.649747365874
44,44,3.10985480864,0.0134695297069
45,45,3.4578287487,-0.163906260609
46,46,2.26035577945,0.279888795719
47,47,2.16625277789,-0.288256301418
48,48,2.85227509186,0.22860299823
49,49,2.4110597618,1.99342595944
50,50,-0.0751450362106,-2.77084544464
51,51,0.185590751575,-2.64497059144
52,52,-0.355654501778,3.20201055089
53,53,-0.158032682175,-2.86512745677
54,54,0.131798319343,-3.15178708639
55,55,0.258867983253,-2.51418700645
56,56,0.736359024491,-2.7039055222
57,57,-0.778359732755,2.13689069853
58,58,0.0721044415733,3.1499464508
59,59,-0.147350138614,-1.96625329343
60,60,0.9624035084,-2.54036420381
61,61,2.12581368473,0.0383646651112
62,62,2.30234470304,0.378935708895
63,63,3.24141899387,0.130842128825
64,64,2.65018301147,-0.177175664883
65,65,2.82882027974,-0.269100450654
66,66,-0.136897519455,-2.74818820794
67,67,0.826693052311,-2.4506463113
68,68,1.11347076703,-2.15947666871
69,69,-0.436772975372,-1.77884728826
70,70,-1.44143096702,1.7784798058
71,71,-0.784018615861,2.22372582606
72,72,-0.857203411759,2.13295925511
73,73,-1.13512286432,2.32642847365
74,74,-0.777281355412,2.20754430679
75,75,-0.564220664884,2.16730740142
76,76,-0.508690538474,2.22656300097
77,77,-0.872663144959,1.47384913546
78,78,0.301070816579,2.638231715
79,79,0.829987306928,-2.28546865164
80,80,-0.912732069951,-2.41887669054
81,81,-0.599957739437,-3.20958781348
82,82,0.337037623103,-3.11769851638
83,83,-0.0111099071763,2.56029848203
84,84,-0.452803374857,-2.03487324171
85,85,2.80263686748,0.338617921772
86,86,2.44228150978,-0.532973762921
87,87,0.0885072851987,-3.02270227536
88,88,-0.423100679716,-2.68862962447
89,89,-0.676266357357,-0.77311063276
90,90,0.22068214102,-0.518764947976
91,91,-0.275470265494,-2.13534655399
92,92,-0.745182361858,2.1161335762
93,93,-1.09488378966,-2.00595372692
94,94,0.263471916188,2.69130848465
95,95,2.44911883596,-0.414435255136
96,96,-1.26905574876,2.18780157517
97,97,-0.777906984133,1.96083218229
98,98,-0.348017058055,0.263651221073
99,99,-0.228437321425,1.8147259225
100,100,-0.26130739181,2.02594060344
101,101,-0.979965420746,0.579507478308
102,102,-0.392649118894,-1.77018095644
103,103,-1.04954404668,1.77714313769
104,104,-0.316618460646,-0.773929911193
105,105,-1.13612813979,-0.119176463029
106,106,0.633877076216,0.848731771723
107,107,0.152467103833,-1.38653889175
108,108,-0.449561494406,0.588312013094
109,109,-0.410533256634,0.542382523345
110,110,1.53952906111,1.6576556819
111,111,-0.0959083917075,-1.84502868433
112,112,-0.456757357218,-1.29491492605
113,113,0.16464055948,-1.91896862174
114,114,0.467681650319,3.13781411916
115,115,0.478443576196,-1.32101542775
116,116,2.94074993235,-0.0611874400908
117,117,2.49113717533,-0.375989645375
118,118,0.498919324481,-2.095516226
119,119,2.05720644621,-0.381854649069
120,120,2.34671827617,-0.082963816048
121,121,-0.189249603741,2.32336438115
122,122,1.16904224087,-1.43052435674
123,123,2.26186358146,0.140475858692
124,124,0.82525985965,1.73053403381
125,125,0.196512682117,-2.70556739987
126,126,0.465269547476,-2.42202612953
127,127,-0.788656039076,0.645848752821
128,128,0.147952861756,-2.21019541131
129,129,-0.162168829904,-1.26139845378
130,130,-1.0877122143,-1.72060386286
131,131,0.87569593245,0.843252502196
132,132,-0.438923957523,-1.48216316695
133,133,0.0232612912523,1.51921169367
134,134,0.608003772738,-2.1631228167
135,135,1.26240547827,2.03691520767
136,136,-2.02046470405,1.27070256899
137,137,-0.471625935627,0.626644696478
138,138,-1.23278375669,0.68867872221
139,139,0.0301646312167,1.95273495092
140,140,-0.485685519047,0.127804973709
141,141,-0.742475862086,0.455002234978
142,142,0.291798663793,-1.6200681073
143,143,-0.780688436089,2.09321790587
144,144,-1.54210708762,2.1657633323
145,145,-0.931467524606,1.2145387329
146,146,2.26555979544,0.786950904438
147,147,-0.241479904799,1.2077395532
148,148,2.83845000138,0.68863353162
149,149,2.89652096256,0.115949347414
150,150,0.155199500665,2.67567729935
151,151,0.714214043978,-0.616645164644
152,152,2.73931381219,0.115751432892
153,153,2.57851534548,-0.0185365987792
154,154,2.93892971064,0.458828780593
155,155,0.298621762381,-2.73402618064
156,156,0.536128825328,-2.39565542033
157,157,3.10601806162,0.100044424246
158,158,0.0531318034783,-2.2589365442
159,159,2.18132632184,0.988157978764
160,160,0.253520509466,-2.23290634059
161,161,0.636770422494,-1.95712614653
162,162,-0.263025943361,2.48215168913
163,163,0.367859881397,-0.497240016267
164,164,-1.25976895435,-1.2680824261
165,165,-0.478803253798,1.62476921231
166,166,0.216948311189,-3.21082682755
167,167,-0.700815498774,1.42826862575
168,168,1.1678096594,1.45812542615
169,169,-0.0517646737522,0.0598972710061
170,170,-0.973196639735,-0.643662295477
171,171,-1.48323578358,-1.25007106006
172,172,-0.967471004131,1.11573526356
173,173,-1.26263260395,-0.73651683771
174,174,-0.975499119058,-2.13942856119
175,175,0.345830362594,1.64475927335
176,176,0.18473505518,0.893781258378
177,177,0.415731734676,-2.36973633326
178,178,0.0528033491659,1.04881751349
179,179,-0.614956726645,-1.44726216567
180,180,-1.16886491207,-1.63324171216
181,181,0.839791898459,-0.366491893844
182,182,-0.287873052881,-1.09693314553
183,183,0.124190185971,0.989533788711
184,184,0.003244278632,0.43241338077
185,185,-0.141229605371,0.220984918758
186,186,0.483549935141,-0.388541800887
187,187,0.0861473817713,-0.498065132207
188,188,-0.125063027173,-0.66001068941
189,189,-0.0783673687531,-0.229341095063
190,190,0.134885800182,0.261537455988
191,191,-1.47282456471,-2.21495126245
192,192,-0.248965250362,-2.61607750711
193,193,0.179530147268,2.79485831501
194,194,-0.16244257019,-0.836154241417
195,195,2.32839935206,0.0597461413924
196,196,2.60029569393,0.122371224933
197,197,-0.0999547330694,-2.89260589378
198,198,-0.952982865146,1.27585979916
199,199,0.561913898405,-2.20867403321
200,200,0.174897671349,1.58346067118
201,201,-0.321824642241,2.22063494174
202,202,1.08241223469,-2.19978894262
203,203,2.84883176149,-0.0793778965451
204,204,-0.625077257855,2.54207479558
205,205,0.432411648613,-2.2552041972
206,206,0.320764480222,-1.48991166653
207,207,0.319661804417,-1.57960703953
208,208,-0.480791105235,2.13296555779
209,209,0.253878567024,-2.44018057709
210,210,0.638852809881,-0.76289069434
211,211,-0.423065307536,-2.37385365037
212,212,0.485060141483,1.9151356717
213,213,-0.896299475891,2.05283085118
214,214,-0.129578627315,2.91011568294
215,215,0.554063882316,-1.96511429865
216,216,2.44748963874,-1.11065825977
217,217,2.06314820013,-1.34737920825
218,218,2.67256388394,0.026654102507
219,219,0.0665409790489,-2.44253323231
220,220,0.562278151194,-1.9458280392
221,221,2.19881850945,0.848849614641
222,222,-0.261850318365,2.31710372233
223,223,-0.220589562192,1.97355898405
224,224,-0.956936715837,1.45425251733
225,225,-0.390156702577,0.242409890872
226,226,-1.78188517572,-2.25391116402
227,227,-0.891596394484,1.95482541143
228,228,-1.39640429205,-1.81232418195
229,229,0.123227670305,1.84903955662
230,230,-1.3634046751,-1.38235450632
231,231,1.60037472004,0.787864457485
232,232,-0.132299251721,1.80955395579
233,233,-0.598522172468,1.71980982856
234,234,-0.719327035447,1.81805279372
235,235,-0.977868781997,1.59341488897
236,236,-0.549111260294,1.36129771729
237,237,-1.01846708541,0.665680921346
238,238,-1.26158489106,1.90956130895
239,239,-1.08598544776,1.48652756989
240,240,-0.874032218153,1.45168048444
241,241,-1.22627201299,1.81661727121
242,242,0.498033368455,-2.59680773052
243,243,-1.23037144639,-1.79827836811
244,244,-0.469855673616,2.06635950488
245,245,-0.159935050898,0.925844937159
246,246,-1.1218937552,-0.756518181699
247,247,-0.250340990238,1.18102039642
248,248,-0.604569894551,0.280886497461
249,249,-0.417518305284,0.255986792901
250,250,-1.0220899016,0.796284081283
251,251,0.0825110070669,1.13115560134
252,252,-1.58689482885,-1.30299375572
253,253,0.412362037712,-2.20498791716
254,254,0.229810648381,-2.17527288739
255,255,-0.748917676803,1.54794841624
256,256,-0.254074578201,0.612595894258
257,257,-1.08527862638,-1.32282298474
258,258,-0.292777888459,2.22145927198
259,259,-0.215458914946,-1.88719623856
260,260,0.0555211791876,-2.46084284294
261,261,-0.242392967349,-3.35939281566
262,262,-0.3317625773,2.0868725606
263,263,0.0600346283976,-2.8566755197
264,264,0.467660304727,-2.74652092652
265,265,-0.0336983812746,3.24875496556
266,266,-0.346719971548,-1.96224061208
267,267,2.51281478874,-0.47961937523
268,268,3.52830760729,0.233116102141
269,269,3.50432762613,-0.0330886750004
270,270,0.293808813899,-3.19037948095
271,271,0.840173822014,-2.64002122219
272,272,-1.00504890155,0.267332078639
273,273,-0.343462581688,3.05629098652
274,274,1.47490663632,-2.27184212729
275,275,-0.278020685656,2.25890263091
276,276,0.606777680987,-2.01971561942
277,277,0.128431939277,-2.36925700789
278,278,0.349250158837,-2.63934926554
279,279,1.13208560118,1.44694247399
280,280,0.836393107834,-2.45441133526
281,281,0.22793357782,-1.93827122951
282,282,0.176145064144,2.70582946473
283,283,-0.549869536929,-3.39188570014
284,284,-0.666635809386,2.12282293516
285,285,0.0342136399118,2.3729248121
286,286,0.233163673495,2.63820248411
287,287,-0.911740092168,-2.94563494678
288,288,2.30359958848,-0.0768492905326
289,289,2.96094616485,0.311580238968
290,290,0.31590008238,-2.80681624607
291,291,-0.181622858541,-2.75758412785
292,292,-1.63682057474,0.780984258091
293,293,0.98966092617,-2.00824992224
294,294,-0.571241069773,1.5888310115
295,295,-0.83759150954,1.3604811471
296,296,-1.49924619903,0.729386560287
297,297,-1.40624636648,-1.06660435003
298,298,-0.524520833016,1.2716139904
299,299,-0.5773866333,1.79030922231
300,300,-0.142325473771,-0.275973886389
301,301,0.484640079265,0.0481539238248
302,302,-0.220088941842,0.406562492878
303,303,0.300401705342,0.382539307504
304,304,1.30185897114,-0.811862174243
305,305,0.923528721673,0.281422537648
306,306,-0.492710120989,0.622604893806
307,307,0.738581854075,-1.88465546367
308,308,0.789151022839,-0.315136594943
309,309,0.633975340251,-2.14310614459
310,310,1.07690635828,0.77002151957
311,311,-1.47768443546,1.27995706696
312,312,-1.43547069,1.87417491648
313,313,-0.23357066524,-0.40302973057
314,314,-0.155733507755,-2.97997975218
315,315,0.239365646739,-2.73756020749
316,316,2.45185366858,0.13115073207
317,317,0.874216781794,-2.8020967823
318,318,-0.116665572999,0.218848372022
319,319,0.557858193128,-1.96305705705
320,320,-0.022551939253,0.964410207213
321,321,-0.603372137465,-0.682079311254
322,322,0.953552375266,-2.36819433924
323,323,0.329209426817,0.223787608329
324,324,1.11144289473,1.27188131784
325,325,-0.379375042306,1.61839095997
326,326,-0.4323960222,1.68231228233
327,327,0.0757549461024,-2.98064614179
328,328,-0.115944694635,0.874418508271
329,329,2.66988987385,-0.774639270325
330,330,0.0162780530514,0.259839157445
331,331,-0.239100065375,2.26170945065
332,332,0.985334221301,-1.03892211249
333,333,-0.483481463626,2.50864311875
334,334,-0.625067771016,1.88713591973
335,335,0.153927527931,3.62265095686
336,336,1.16914025359,-1.73224080054
337,337,1.5350579541,1.1948902032
338,338,-0.00606023077869,-2.38224330923
339,339,0.212048249822,0.621725086604
340,340,-0.122898175194,-0.53924708904
341,341,-0.347902387498,-0.890788947524
342,342,-0.678399330361,1.19124474474
343,343,-1.06885418343,0.985193222385
344,344,-0.990860363863,0.871208260748
345,345,1.62161204946,-0.445414343303
346,346,1.8239344277,-0.305552427131
347,347,-0.171694998057,2.55575850118
348,348,-0.569075711542,2.91533962744
349,349,-0.170230561017,-2.38158324162
350,350,0.398303426726,-1.72428402317
351,351,0.0336343775908,2.85749080302
352,352,0.792062647144,-2.44744721811
353,353,0.127821114125,-2.74224195497
354,354,0.188214321314,-2.39405596935
355,355,2.46234283279,0.155305670953
356,356,0.396684573542,-2.16801405376
357,357,0.890093522108,-2.86180957656
358,358,0.244505763484,-2.71126592183
359,359,1.49902763116,-2.18154865731
360,360,0.69602011039,-1.37530715723
361,361,-0.166887523749,2.24230517155
362,362,-0.663418706833,2.0912234456
363,363,0.0791497022292,2.44713885593
364,364,-0.265438530907,2.59956891357
365,365,-0.128118756004,2.94121255073
366,366,0.268417710278,-2.22130080075
367,367,-0.49873416575,2.45253258473
368,368,0.297761543067,-2.40198795255
369,369,2.5647296127,1.30351717416
370,370,2.67824295929,-0.174708105302
371,371,2.50419554019,0.0853957231779
372,372,2.25975536769,0.439471631456
373,373,2.27134309103,0.6103177724
374,374,2.38381034284,-0.0277418828215
375,375,2.68686376248,0.159170238134
376,376,2.43340501554,0.0387206514953
377,377,2.2595608945,0.301963935919
378,378,0.0160636831904,-2.85208861631
379,379,0.0261055875746,-2.55602956699
380,380,-0.0553823509364,-2.98808842197
381,381,2.90253832987,0.273347625526
382,382,3.13597875506,0.631492588252
383,383,2.52070692407,1.20212256759
384,384,0.0311172255744,-2.82615899522
385,385,0.56450979119,-2.53365928042
386,386,1.99465681283,0.642028068889
387,387,-0.698132131502,2.43189959165
388,388,-0.292246488621,2.13738368508
389,389,-0.293623923188,2.41489146274
390,390,-0.60294666778,2.86684106823
391,391,3.2826943278,-0.0322894907598
392,392,0.138303762309,2.43920966484
393,393,0.323718477114,-2.13498438539
394,394,0.118032717758,-2.67875630972
395,395,0.319395391791,-2.85297351699
396,396,-0.0173867434718,-2.44595518974
397,397,-0.315984655684,2.39441934532
398,398,-0.652996447936,-2.50057593703
399,399,0.0811827871394,3.19305177027
400,400,0.382972486286,-3.01586109235
401,401,-0.362729256705,-2.21888691282
402,402,0.595816632319,-2.01335247586
403,403,0.71632752429,-1.97202530087
404,404,0.205497415539,2.36181078504
405,405,0.946197262582,-2.40102555606
406,406,1.01246486182,-0.883911823903
407,407,2.78180041623,-0.158362166464
408,408,3.25585092183,-0.0770425684145
409,409,2.50822174693,-0.0405686367457
410,410,-0.198491366299,2.18477640661
411,411,2.38542369293,0.416612216075
412,412,0.379587939379,2.36801023754
413,413,3.09022644641,0.000609979507884
414,414,2.69605842732,0.0383576974488
415,415,0.133082553419,-2.31586554524
416,416,0.0182844347526,-2.42722467949
417,417,0.144801035208,-2.70809022205
418,418,2.02847380954,0.261717125089
419,419,0.999002414742,-2.33235402995
420,420,-0.223048374947,-2.53506038993
421,421,2.54821927385,0.111872601142
422,422,0.50463824875,2.83782462117
423,423,1.56376006081,0.427886031083
424,424,-0.452555951075,-2.53898518656
425,425,-0.350841897305,-2.28462015163
426,426,2.31387685179,1.33890262058
427,427,-0.0187055712268,-1.79792990654
428,428,-0.244143540096,-2.06333558542
429,429,1.10887103942,-2.08415577165
430,430,0.966296000751,-1.59051508079
431,431,0.737320881518,-1.99409065732
432,432,-0.18801567798,-2.17462845651
433,433,0.148457645037,-2.39646941046
434,434,-0.242184918713,-3.0975315384
435,435,-0.306798731058,-2.8850546015
436,436,1.05792567223,-2.09308367448
437,437,0.694746491605,-1.90230715265
438,438,0.251732843542,-3.12865505207
439,439,1.41039822084,-2.17729639671
440,440,-0.137068434956,-2.8457592009
441,441,1.2207195267,-2.09922507584
442,442,-0.0483160440905,-2.70676142256
443,443,1.91143688967,0.360138312615
444,444,0.0548211270871,-2.69501338065
445,445,-0.0904691619328,-2.76209762909
446,446,1.13022476255,-2.47568919996
447,447,0.292106762036,-3.03762971822
448,448,1.15996490575,-2.46693019749
449,449,3.09009605396,0.295895351605
450,450,2.98006838704,-0.301761167028
451,451,-0.0125469707212,-3.37344767833
452,452,1.03637499629,-1.9682237537
453,453,-0.482321308935,-2.64661268138
454,454,0.796743206539,-2.07064875038
455,455,-0.173032127307,-2.89267476431
456,456,0.080371852036,-2.31728144811
457,457,0.0987900531506,-2.60091207563
458,458,-0.362675135428,-2.55840413112
459,459,3.34615951796,-0.589177356408
460,460,-0.153141149313,-2.5290485798
461,461,1.16108438465,-2.26446610996
462,462,2.67713403717,0.0741536108299
463,463,0.24228802275,-2.57969997891
464,464,-0.883151081344,-1.51613702309
465,465,0.958816997093,-1.98780377242
466,466,-0.402751034509,-3.02968377607
467,467,0.945622748975,-2.0722856437
468,468,0.278487989465,-2.51199173015
469,469,0.217161820421,-2.40670306842
470,470,-0.0716549586565,-0.230313235149
471,471,0.625940091112,2.10248192739
472,472,0.104167897183,-3.25250879395
473,473,1.12460334494,-2.32371087387
474,474,-0.452424223317,1.66123180677
475,475,1.78777813481,1.97969121677
476,476,1.79518847209,2.0500519081
477,477,2.43915817016,-0.0941140972284
478,478,3.66504437842,-0.246991793174
479,479,0.163440405865,-2.38862699859
480,480,1.15572802909,-1.71237334464
481,481,-0.712170494689,2.43946332288
482,482,-0.230795364907,-2.02639866373
483,483,-0.905513037391,1.0759159069
484,484,0.14604438108,-0.0292880114478
485,485,1.6660923402,0.403740854577
486,486,2.24941634891,-0.183373599272
487,487,2.69445562197,0.0301037247328
488,488,2.51296310051,0.213527265208
489,489,-0.137741065242,-3.03896212679
490,490,0.457877299707,-2.82963047361
491,491,-0.862386773885,2.19301758629
492,492,0.214512718501,3.05146302185
493,493,1.11882714387,-2.17461112147
494,494,0.384915161989,2.80520643
495,495,1.30973090776,-1.34910151106
496,496,2.72677398377,-1.29949160368
497,497,-0.0421330202422,-2.13322465824
498,498,2.65277255025,0.341225795004
499,499,2.20988132415,0.0924508357892
500,500,-0.194692698587,-3.22390306586
501,501,-0.240893718642,-3.30486769421
502,502,0.203847209771,2.10722747873
503,503,-0.443046198664,2.44051996204
504,504,-0.517712464,2.83132531653
505,505,0.269254618035,2.99700484613
506,506,-0.175668785666,-2.13848225288
507,507,3.15282547284,0.682421992973
508,508,0.25813413672,2.83459668924
509,509,0.132832756233,-2.90008355145
510,510,2.68743752254,2.01897603419
511,511,0.571482251643,-3.574213142
512,512,0.0250261555153,-2.50796926939
513,513,0.387001927111,-3.11561342587
514,514,-0.450182746275,2.49322308131
515,515,0.777057779642,-1.56447305954
516,516,2.30389441481,-0.026091769726
517,517,3.1698248175,-0.31287757617
518,518,-0.18512686038,-3.03009140047
519,519,0.502120894662,-2.72076921858
520,520,0.041706943906,-3.07467959411
521,521,0.0559530534273,-2.46921197203
522,522,0.0506442278598,-2.03855134528
523,523,-0.0507638029887,2.49858003148
524,524,-0.424919893014,2.78104836324
525,525,0.0993189630953,2.27082974877
526,526,0.190713465005,1.98025467656
527,527,-0.104148150818,2.22397583809
528,528,-0.61403259613,2.69832111032
529,529,-0.0120263343544,-2.6774060713
530,530,-0.274376081675,-1.42415668845
531,531,0.539660828097,-2.59069261373
532,532,-0.438445074135,2.46340337279
533,533,-1.14954257192,1.58509339536
534,534,-0.704606068397,2.32117544426
535,535,0.584538450096,-2.2314808926
536,536,-0.473860557975,2.37516478431
537,537,-0.925620212068,2.48588978926
538,538,-0.724923422183,2.12857031182
539,539,-0.86258122034,2.27283085539
540,540,-0.762642794363,2.3053930488
541,541,-0.428646890803,2.7407171773
542,542,-0.8057815292,2.78149596208
543,543,1.05586848928,-2.05786245101
544,544,2.54995620429,0.372507948815
545,545,2.66576633071,0.237094289527
546,546,3.00843867598,0.159290249806
547,547,2.80096761337,0.332092000271
548,548,2.43958642446,0.395326285184
549,549,-0.323717550529,-2.42551589433
550,550,0.642620250669,-2.36385472503
551,551,0.610634440122,-1.07508215374
552,552,-0.500602926283,2.23262295435
553,553,-0.404689863569,1.8306682279
554,554,1.17022571465,-2.06769647985
555,555,1.39290206459,-0.748840542712
556,556,-0.0795491995528,1.32091669331
557,557,-0.576104415991,0.293804360391
558,558,-0.675657286377,0.905177166349
559,559,0.65769621916,0.735680431069
560,560,-0.666973172686,1.30708773189
561,561,0.851740363499,-0.408591863833
562,562,1.95342925979,0.497039994308
563,563,3.08541617063,0.0758592325674
564,564,2.39895294643,-0.58173975529
565,565,1.73621682087,-1.67211261035
566,566,3.12237080497,-0.00116873873222
567,567,2.8309125721,-0.311678796401
568,568,2.76961195587,0.120323155378
569,569,2.45702591804,0.0379907076389
570,570,0.277540039515,-2.3487531127
571,571,-0.111536347396,-3.29720408457
572,572,0.213341264196,-2.82636758772
573,573,0.825915681143,0.26147778678
574,574,1.09627920655,-0.372459841687
575,575,0.0221591938044,-2.36663437429
576,576,0.417491484813,2.78930223178
577,577,0.27398827999,-1.96044817699
578,578,2.43316554527,1.80192940366
579,579,-0.153037836314,-2.3447687152
580,580,0.0506515940173,-2.721750458
581,581,-0.0510416355583,2.80048519087
582,582,-0.278752723088,2.13954852545
583,583,-0.084219090985,-1.80439094814
584,584,3.01347130489,0.0675963400321
585,585,2.24503368385,0.202523170577
586,586,0.26936486519,-3.35330838041
587,587,2.87246916575,0.119597653046
588,588,0.622803842869,-2.96914229944
589,589,0.699384957045,-1.0615538156
590,590,-1.70504332528,2.56200985124
591,591,-1.74798070673,1.63491547001
592,592,-1.74479017917,1.38233432664
593,593,-2.66082624225,-2.47552948558
594,594,-1.31132225062,2.20032382833
595,595,-0.516365310053,-2.58220002116
596,596,0.714692329472,-0.478078976317
597,597,2.22668946429,-0.120533136774
598,598,2.01379434338,1.98938723208
599,599,0.356547674144,-2.21569659062
600,600,-0.577109509608,2.76638450843
601,601,-0.242711231595,3.00479773445
602,602,2.37763411423,-0.374781967741
603,603,0.380571640512,-2.85731076039
604,604,0.0841464670079,-3.06129925746
605,605,1.27901070613,0.775880054562
606,606,-0.163626637055,2.73881581699
607,607,1.02212883172,-1.5778834487
608,608,-0.981300924285,1.18581077847
609,609,0.722576592156,-1.94621919929
610,610,-1.78345107273,2.61524787963
611,611,2.10602421631,-2.12012623676
612,612,2.06084939913,0.320169329732
613,613,1.04247659664,0.777056123303
614,614,0.931835005786,1.66162520502
615,615,0.567988857858,0.357437946312
616,616,0.527142671424,0.805247440972
617,617,0.692954645171,0.308079102369
618,618,0.647265543655,0.527842004011
619,619,1.14281076774,-1.96455503629
620,620,1.0368913948,1.28482381275
621,621,2.36265501955,0.363063012243
622,622,1.16153563277,-1.85552702166
623,623,1.60103371808,0.561987886925
624,624,0.283412940732,1.68997388075
625,625,0.0865134368951,-0.895692600455
626,626,-0.247865832426,-0.736900457598
627,627,0.663218793034,1.34091480826
628,628,1.48871942686,0.579082909883
629,629,1.22245074314,0.463225676411
630,630,-0.98467171659,-1.63417665116
631,631,-0.657339800866,-2.68452013114
632,632,-1.98473440464,1.52853405911
633,633,-0.650691522827,-1.24082759162
634,634,3.0253520606,-0.132368516161
635,635,-0.0742440061624,-0.13226101768
636,636,-0.76823820663,0.915144779723
637,637,0.0209748373933,0.44781537429
638,638,2.83179306082,0.127478864891
639,639,0.409624269219,0.389041381302
640,640,-0.668091514496,-2.14362853599
641,641,1.2003270036,0.452961659621
642,642,1.40440544904,0.884978587447
643,643,-0.482902613492,-1.34417685377
644,644,-0.397048824627,2.72435825711
645,645,-0.233668343784,1.3870527821
646,646,0.677035246756,0.829606995143
647,647,1.7903000935,1.35929152969
648,648,2.00285335004,1.54697361248
649,649,0.982230033661,2.03426411906
650,650,2.5140235386,1.10163511878
651,651,-0.525321190326,-1.63692576065
652,652,-0.894184818834,-1.89173072639
653,653,2.13542096811,0.441350114501
654,654,1.94536415715,2.8558218349
655,655,0.716228255163,0.732173657106
656,656,-1.17753377117,-2.42944643603
657,657,1.95942073275,0.644053299518
658,658,0.680372036804,1.37111481048
659,659,3.24935638603,0.662548919912
660,660,1.86862097806,1.86402205676
661,661,1.48702952551,1.86302229839
662,662,1.9573377655,2.11225004821
663,663,1.55786657486,1.73249254505
664,664,1.6401071416,2.04706001229
665,665,1.70775388568,1.85383295071
666,666,1.40329228924,2.03835740029
667,667,0.491887760544,-2.87745382372
668,668,-0.281288751872,2.24764156091
669,669,0.852532454517,1.06301397677
670,670,-0.488023525807,-1.64070909042
671,671,1.26185758472,1.52988522732
672,672,2.18592531909,-0.339445482593
673,673,-0.801170002129,1.87844797628
674,674,-1.85491576481,2.02365969366
675,675,1.10250507608,-0.685519903442
676,676,0.7447353409,1.61914902056
677,677,1.76930459393,1.49671073224
678,678,2.27058103871,1.26432177812
679,679,-0.426217643742,2.7519274213
680,680,1.59889147521,0.604791128744
681,681,2.04155754292,0.491643833442
682,682,2.58204143581,0.115167843961
683,683,1.9537496401,1.47730968507
684,684,1.65787685285,1.79694187092
685,685,0.209482948678,2.72183150122
686,686,0.369323740996,2.26435502721
687,687,0.261024578018,2.20602513587
688,688,0.0569665445166,2.33220080509
689,689,-0.0603657858393,2.53996643527
690,690,0.0737054007961,2.15872390923
691,691,2.3057112963,1.68044483594
692,692,2.39885515571,1.81504840524
693,693,-0.889796440868,-2.88385951317
694,694,1.38423027943,2.06717712865
695,695,-0.135434771338,-2.13288761966
696,696,1.45017392706,2.15675121071
697,697,1.45912802114,1.9470592794
698,698,2.39694338381,0.72486432763
699,699,2.41779429115,0.0643641519392
700,700,-0.110656669998,-1.33341064636
701,701,-0.207418646205,1.29004832221
702,702,-0.523286099152,2.24884066808
703,703,-0.439067580452,1.82321432187
704,704,-0.500951152414,-1.4043142322
705,705,-0.122959905659,2.44819597972
706,706,1.24936514722,1.71544495716
707,707,-0.364902886577,-2.1265797704
708,708,2.01716079082,2.19081401795
709,709,1.07931886916,0.954105437069
710,710,-0.341246240653,-2.44119976757
711,711,0.741501723862,0.422113596457
712,712,-0.387951192979,-0.778157804472
713,713,-1.22767009453,-1.91638069756
714,714,0.497290585715,-2.71725273222
715,715,-0.684372165163,1.87348775038
716,716,0.028089917077,2.94303354439
717,717,-0.16596531918,-2.11376667758
718,718,0.651987082969,1.34748874422
719,719,0.277649623949,-1.4711870227
720,720,1.25883734412,1.86694738637
721,721,0.248842590063,-1.17244248788
722,722,-0.206364390623,-1.29096042299
723,723,1.27957978409,1.19836529636
724,724,0.63321707057,0.956914194672
725,725,1.36802410303,1.16886067313
726,726,0.489172041577,-2.15760176294
727,727,-0.584049803166,-1.23286677714
728,728,1.53374525645,-1.02870261524
729,729,2.10178790054,0.420719683678
730,730,-0.453690438038,-2.20162695051
731,731,-0.294650423618,-2.94561527025
732,732,0.00736023433661,-2.31649621683
733,733,3.38298717281,0.0203764974647
734,734,-0.0501557578483,-3.2004308465
735,735,0.708905794632,2.96216814608
736,736,-0.0979565353808,-1.69893031658
737,737,-0.820119465066,2.01953400557
738,738,1.41372758764,-1.47251734221
739,739,-2.10371368006,2.56372602525
740,740,0.977555457672,-2.24383290766
741,741,0.687167372984,2.16027942628
742,742,-1.13006788483,1.5144715825
743,743,0.867527725675,-1.54547459054
744,744,0.877208912333,0.293490730523
745,745,-0.893281684348,-2.21571931934
746,746,0.507065965932,-2.18467991294
747,747,1.10118100393,-0.705856703536
748,748,1.90947845912,-1.15911505834
749,749,0.0932877897995,-2.35349394495
750,750,0.119709495804,-3.00407756482
751,751,-1.71925674847,-1.05708615871
752,752,0.266666004399,2.20533368712
753,753,2.98668153166,0.340623586125
754,754,-0.458246562474,-2.34355239022
755,755,-0.0929757060449,-2.31283302249
756,756,0.270702609312,-2.42226499211
757,757,0.905446045182,-2.50960356761
758,758,-1.31993552763,-2.65675135365
759,759,0.0811365672563,-2.54236614706
760,760,-0.415710959171,-2.51390342292
761,761,-0.909133597636,-1.39033438096
762,762,0.0778281571742,-1.74696188579
763,763,0.428677280139,2.35544623582
764,764,1.50169483936,0.27080490626
765,765,0.579026489514,-2.45791638013
766,766,-1.24489169257,-1.05319005075
767,767,-0.537943821041,-3.22936091953
768,768,-0.292336637892,-2.15934976763
769,769,-1.47183329658,-1.26731191337
770,770,-0.846728767561,-1.65899689346
771,771,0.620498122965,-1.83823434385
772,772,-0.704549039701,-2.92617426653
773,773,1.13425644132,-1.53562553801
774,774,1.83827179226,1.21039549391
775,775,0.928103233048,-2.57831905109
776,776,1.102099089,-2.38800925102
777,777,-0.478174691812,2.03981655551
778,778,0.787087481537,1.22124389385
779,779,-0.175556210304,1.20640098325
780,780,0.766570868204,-1.63094832226
781,781,0.421730368007,2.04921965176
782,782,-0.070065931895,-2.46781054829
783,783,0.299322738294,-2.82298373366
784,784,0.625650456721,-2.58610678606
785,785,-0.239820565172,2.24584999447
786,786,-0.146125334696,2.37636212602
787,787,-0.604717925222,2.62040477777
788,788,-0.586422505616,2.79495170232
789,789,0.27574522179,-2.07513468916
790,790,0.0559832137743,-2.87429959104
791,791,-0.723210875205,2.70198733985
792,792,-0.188167640445,-2.45514515227
793,793,1.73306550683,-1.7490260637
794,794,-0.0863734741492,2.08705994505
795,795,0.445636577832,2.31868046326
796,796,-0.156312423287,2.36309541449
797,797,0.692082995456,-2.29837649243
798,798,2.20340085839,0.931103164299
799,799,2.59582592165,-0.0333717036937
800,800,2.79742170873,-0.0534343947116
801,801,1.94454837038,0.194372424948
802,802,0.330849333914,-2.56488957624
803,803,0.639650627816,-2.68666090903
804,804,2.41071752559,-0.030882996957
805,805,-0.42806883712,2.88492743703
806,806,0.186959228809,1.95029771162
807,807,-0.317378318255,2.62033065942
808,808,0.234876636344,2.66705537526
809,809,0.2974902825,-2.35025802807
810,810,0.330089186387,-3.05657596306
811,811,0.254463394489,-3.10020478963
812,812,-0.163251776939,2.53509615032
813,813,0.475590281493,3.21277156612
814,814,0.558074971357,-2.20690623449
815,815,2.31381099218,0.466247785999
816,816,-0.822891056432,2.38258339537
817,817,0.00727946944341,2.78191324917
818,818,1.16207277991,-2.86591754733
819,819,0.00881118653141,-2.72481689252
820,820,0.256191615592,2.99654712005
821,821,0.373494762451,-2.02720086863
822,822,3.10446075856,-0.0224940992908
823,823,2.93194471139,-0.0420482870664
824,824,-0.320989728473,2.87391829218
825,825,0.108072800945,2.03892235092
826,826,2.68105913199,0.240734016966
827,827,0.461770015579,3.31894025049
828,828,0.131684060649,-2.11327635374
829,829,0.0845873183153,-2.77466274711
830,830,0.152911342344,-2.42308431445
831,831,2.98051885347,0.101618428887
832,832,0.388934239855,2.4331012113
833,833,0.31533766733,2.55630581151
834,834,-0.249243583998,-1.83425355751
835,835,1.58168208696,0.333242367694
836,836,1.7194015836,0.566620938731
837,837,2.27912332021,-0.0525335625635
838,838,1.98103518488,-0.00141803229243
839,839,0.410572354719,-2.27871287651
840,840,0.68748513081,-2.5260547267
841,841,-0.429825945584,2.74181521258
842,842,1.35493694009,-2.89610413411
843,843,0.0634392526445,-2.53237584377
844,844,-0.311502920196,-2.50854818931
845,845,0.128342042655,2.02878890662
846,846,0.185056368062,2.436603774
847,847,0.0827233513918,2.40603558877
848,848,-0.221469950144,2.01652710877
849,849,0.551415221917,2.55539123725
850,850,0.351713876404,-2.42189168324
851,851,0.331016694942,2.93612800346
852,852,0.904271290373,-2.05601198777
853,853,0.102961890863,2.67907989508
854,854,0.361152984795,-3.00983381127
855,855,0.227551232541,-2.62481398491
856,856,3.19998801205,-0.268857318284
857,857,-0.034479778657,-3.23091342179
858,858,-2.67896221781,-0.373613509974
859,859,-1.62073939502,1.58859389946
860,860,-1.93023114584,1.46486119994
861,861,0.405582968987,-0.867165223661
862,862,-2.16241504376,-2.29199987634
863,863,-1.35872751789,2.45895973328
864,864,-0.660194786897,-2.16530905992
865,865,1.76792329887,0.555451422822
866,866,2.73315653164,0.14469431979
867,867,2.62432639835,0.219990935159
868,868,0.0827879928528,-2.44697064277
869,869,0.678311517249,-2.22379213841
870,870,0.487664916468,-0.941227278873
871,871,2.04043609139,0.619265685415
872,872,0.167062445555,-2.91034283209
873,873,-0.521390441067,1.66891927189
874,874,-0.0272838016518,1.32000763305
875,875,2.46192360648,0.532497565566
876,876,-0.16584400748,-0.540177409627
877,877,-0.202003065077,-1.22742096911
878,878,-0.616061232146,-3.30496677504
879,879,-0.160097018197,-1.12748287639
880,880,-0.384836841558,1.37150461522
881,881,0.151580766511,2.70434586891
882,882,1.6815650284,0.0706870200553
883,883,2.5403473694,0.299802496201
884,884,2.51425580365,-0.134930257318
885,885,-0.473236329729,-3.27248792895
886,886,0.0258094488324,-2.87729891302
887,887,-0.38725673176,-3.39603089833
888,888,2.93662910177,0.198539296862
889,889,0.221761343558,-2.19112267182
890,890,0.462625301063,-2.69148764296
891,891,2.19522802368,1.110087265
892,892,-0.0731762478455,2.19217630166
893,893,0.601283191786,-2.89087525807
894,894,1.38904427233,-2.6261338929
895,895,0.552365013474,-1.95221272755
896,896,-0.184591632174,-2.85367467289
897,897,-0.0359763855347,-2.79755283909
898,898,1.44468666302,1.54146669347
899,899,0.597437220829,-2.61784249721
900,900,1.3245555307,0.637433886239
901,901,0.268169324113,2.73573923926
902,902,1.02849025103,-1.19793873892
903,903,-0.0584970552952,1.64729946342
904,904,-0.512481688562,1.82497240147
905,905,1.64309665895,0.578299120853
906,906,1.86479354588,0.706740797196
907,907,2.42795897804,1.32738190357
908,908,1.30581589794,-0.50481692105
909,909,2.06971307672,0.228602815166
910,910,3.24813765913,0.0595762932756
911,911,-0.146708971637,2.62209457808
912,912,2.08761471814,-0.0670537164507
913,913,2.64289462709,-0.350900276824
914,914,2.09617908925,-0.849953117706
915,915,-0.149848454816,1.59515423613
916,916,-0.103865033163,2.29162399878
917,917,-0.103567129276,-1.79259061897
918,918,0.153862300515,-2.1041913553
919,919,1.91033809145,-0.776749793599
920,920,1.05754706053,-1.90244448972
921,921,0.695650912045,-0.158849849881
922,922,0.170336938149,-2.55643187073
923,923,0.548877406123,-1.8584022738
924,924,-0.298398205038,1.83265923209
925,925,-0.0665063488991,1.39967144687
926,926,-0.993251359599,-1.6868094049
927,927,0.300443720776,-2.24013239288
928,928,-0.161998877115,1.16541170271
929,929,0.478455148676,1.5442172354
930,930,-0.212320876338,2.82100298091
931,931,2.55633086913,-0.288082340287
932,932,1.11610135665,-0.736989868653
933,933,2.46685119009,-0.1835085537
934,934,2.90146724003,-0.054275346964
935,935,-2.10516404021,-2.23861798051
936,936,0.895358660909,0.42940740424
937,937,1.10480513921,-0.592046242
938,938,-0.191263116646,-1.88440259447
939,939,-1.35109937988,1.34926317258
940,940,-0.223397510483,1.55217676173
941,941,1.22567420348,1.50235008638
942,942,1.83908523903,0.524641008647
943,943,-0.886147060143,0.169661514103
944,944,-0.0597244475661,0.857102076764
945,945,-0.318756634288,-1.60224371453
946,946,-2.27864725946,-2.10323460007
947,947,-0.351976812733,1.52647086919
948,948,-0.63800677741,-1.25344110505
949,949,-0.691952240756,-1.87461937862
950,950,0.381240452349,0.877934434176
951,951,0.328938492114,0.987893685073
952,952,-0.237838722393,-2.04409155876
953,953,-0.062083659273,-2.71238811241
954,954,0.557334124149,0.873352769811
955,955,-0.275820285178,-0.927989600072
956,956,0.237898891351,2.26476075607
957,957,0.320362671219,0.949585668891
958,958,0.463577314192,-2.21027373947
959,959,-0.198745724412,-2.38138877211
960,960,-0.308682199619,-2.26581205602
961,961,0.522857480828,-2.2386603549
962,962,0.0210900625207,2.90486653437
963,963,0.89017533365,-0.641366788207
964,964,0.266510959397,-2.84501452218
965,965,0.19329482175,2.52255889191
966,966,1.09785614627,-0.164832326272
967,967,2.67456813677,0.644626457711
968,968,-1.12493791285,-1.54892343775
969,969,-2.09740630056,-2.26048810873
970,970,-1.34441793688,-1.66482877659
971,971,-0.0276980097545,1.35059912238
972,972,-0.984206341554,-0.75547328845
973,973,-1.78325646661,-1.8062710219
974,974,-1.40440872147,-1.74698455291
975,975,-1.43737415607,-1.59943159997
976,976,-0.80655666413,-1.74343876305
977,977,-0.632377397608,-2.14005980435
978,978,-1.01790228893,-2.02726093224
979,979,-0.332152170803,-1.97888903104
980,980,0.283881502171,-0.872593397689
981,981,2.83253697424,-0.0307392846534
982,982,-0.0330487698456,-2.50155120853
983,983,-1.22487037898,-1.78384117972
984,984,0.55337762737,2.75881601281
985,985,-0.199424654678,-1.69497521582
986,986,-0.86583847349,-1.78135187638
987,987,-1.0801417751,-1.82923181655
988,988,0.176860936393,1.02417335047
989,989,-1.38919774427,-1.92320293223
990,990,-1.91628685044,-2.44416349731
991,991,-0.247702004069,2.74241771108
992,992,0.0383135425897,-1.71471102618
993,993,-0.350626678657,-2.33324989578
994,994,0.167044636012,-2.79877838259
995,995,2.13514156761,0.517995491175
996,996,0.338580750316,-2.42054388077
997,997,-0.911004933557,-1.56740692075
998,998,-1.63101318956,-1.56885562938
999,999,0.0119560395637,0.265517028594
1000,1000,-0.640986288118,1.01676018738
1001,1001,-0.689018192468,0.915206372663
1002,1002,-1.08300532042,-1.01450323129
1003,1003,-1.78077113445,-0.91708095678
1004,1004,0.172756406721,2.27414530011
1005,1005,-0.567437167584,2.73619651459
1006,1006,1.22010025169,-1.61568085909
1007,1007,0.274116307646,-0.331112105769
1008,1008,-0.250885666011,2.21880973479
1009,1009,1.24250080437,-1.98454313861
1010,1010,2.38473272791,0.244715852906
1011,1011,2.98288090275,0.239947957686
1012,1012,2.83387327331,0.261843546883
1013,1013,0.736539859039,-1.72535693595
1014,1014,0.0272278450153,2.24508696471
1015,1015,0.623568628383,-3.01658125026
1016,1016,-0.644181214837,-0.747375417493
1017,1017,-0.639932900096,1.86085653825
1018,1018,2.48918844319,0.135867933204
1019,1019,-0.210194991767,1.57600101016
1020,1020,0.401647540604,-1.62356548267
1021,1021,0.709772496219,0.0239677625697
1022,1022,0.283173953304,-1.48247268738
1023,1023,-0.683497271591,1.67412171812
1024,1024,-0.291338485463,0.896879465135
1025,1025,-0.0653186860289,0.991300952328
1026,1026,0.541916519673,0.356269238693
1027,1027,-0.284276474276,-0.0775009513962
1028,1028,-0.985324566555,0.206529178668
1029,1029,2.68715505343,0.069279859886
1030,1030,-0.409857807767,1.06330228781
1031,1031,1.00892288809,2.51583238977
1032,1032,-0.497192044846,0.973601662352
1033,1033,-0.739891244845,-0.292138475034
1034,1034,-0.599129013335,-1.92003378674
1035,1035,0.583977509872,-0.824568889376
1036,1036,-0.373205808104,-0.848009447285
1037,1037,0.59658493011,3.10386419472
1038,1038,1.60313212421,-1.05294033966
1039,1039,2.47421496721,-0.899433879845
1040,1040,-0.0933511620453,-3.16399745966
1041,1041,2.40279037923,0.115655631849
1042,1042,0.302486114607,-3.09798024213
1043,1043,0.118125511027,-2.84749329647
1044,1044,-0.90872725356,1.78888336803
1045,1045,-1.03450832877,1.95299758881
1046,1046,-0.769965673804,2.21517281098
1047,1047,-0.379655651469,1.58354355068
1048,1048,0.901410913199,-2.01429213962
1049,1049,0.174955956669,3.12870513188
1050,1050,1.92604138634,-2.29009118401
1051,1051,0.612422224128,-2.59706949676
1052,1052,-0.827382135204,2.30434288797
1053,1053,-1.28676601797,2.38643444446
1054,1054,-0.667993952455,2.28761273429
1055,1055,-0.171106600925,2.63007270058
1056,1056,0.712857316888,-2.82882569677
1057,1057,0.447940045378,-1.96163032343
1058,1058,0.373681578075,-2.57366194794
1059,1059,-0.0843236194797,1.78466013532
1060,1060,-0.262630943362,2.62802790151
1061,1061,1.17303647638,-1.80492638823
1062,1062,-0.257715928358,-2.20526874372
1063,1063,0.759449197808,-1.8685484082
1064,1064,-0.24800379279,2.30728922405
1065,1065,-0.180692967768,2.57217868882
1066,1066,0.206232190653,2.05439900006
1067,1067,-0.531608401351,2.27645197974
1068,1068,0.671412822784,-1.87355306864
1069,1069,0.329330856018,2.95690459681
1070,1070,-0.299706361939,2.25157237079
1071,1071,0.213209381396,-2.3879130652
1072,1072,2.48090868686,0.89730837184
1073,1073,0.204131321432,-2.80816909267
1074,1074,3.92467368141,0.942785498421
1075,1075,-0.908290305885,-1.10996901644
1076,1076,0.590624696104,0.689429085044
1077,1077,-1.28101040373,-1.09396026861
1078,1078,-1.26814292479,-1.25760539006
1079,1079,-0.731824909854,1.68415380809
1080,1080,-2.19505038474,-2.0511266481
1081,1081,-2.23508533321,-1.94198831088
1082,1082,2.36500345321,-0.0143700743253
1083,1083,-1.47816730529,-1.68180599787
1084,1084,-0.552640732982,1.60272118443
1085,1085,0.496823441007,1.53533017296
1086,1086,-0.119560588127,0.39001236105
1087,1087,-1.21592638967,0.743955047584
1088,1088,0.393813967908,1.61817146642
1089,1089,-0.26581318071,1.17397326009
1090,1090,-0.408552707253,-0.988262838772
1091,1091,-1.10930245604,0.811902995559
1092,1092,0.387413519437,1.50120042801
1093,1093,-0.936495050749,-1.79909299324
1094,1094,0.113173051041,-2.60454006407
1095,1095,-1.11150064837,2.86834460366
1096,1096,0.469001624421,-2.75841364813
1097,1097,0.245127320417,-2.65865831018
1098,1098,0.421228090842,-2.42927847251
1099,1099,-0.0930949415314,-2.29014746071
1100,1100,0.399857936935,-2.03699250311
1101,1101,-1.8360143693,-1.95338745344
1102,1102,-0.480414366062,-2.1918635316
1103,1103,0.0750918448667,-2.61259889438
1104,1104,-1.31384031988,-1.52934443839
1105,1105,-0.0483147807881,-2.46350100828
1106,1106,2.62549705026,0.205794045696
1107,1107,-0.249051579537,1.99022915953
1108,1108,-1.81842941672,-1.92776937083
1109,1109,-0.164575062617,2.13712719804
1110,1110,0.606256542565,-1.18302520496
1111,1111,-0.425989113102,2.45580184502
1112,1112,0.824734727943,-1.61279183789
1113,1113,3.16465666773,-0.586721327253
1114,1114,1.90590862209,1.01738461804
1115,1115,0.124714767131,-3.00636746793
1116,1116,0.783383799384,-2.42312310157
1117,1117,-0.461152005823,1.04685898841
1118,1118,1.33077117274,-1.96183590376
1119,1119,1.3196902089,-0.8071343944
1120,1120,-0.825243735607,1.83574808172
1121,1121,-0.66346120317,2.31388514512
1122,1122,-0.159647955117,2.50393475147
1123,1123,1.0987973691,0.304990075454
1124,1124,-0.663197136301,-1.4875964242
1125,1125,1.75786358096,-2.07808356205
1126,1126,-0.465393785586,2.62699744916
1127,1127,0.380365032353,1.17602550669
1128,1128,1.63253702222,-1.21103442194
1129,1129,-0.684656216428,1.91701233359
1130,1130,1.09186052738,-1.72837910589
1131,1131,-1.61813102635,-2.2139880847
1132,1132,0.260551038729,-1.75810770034
1133,1133,-0.111641378579,-2.18673675416
1134,1134,0.4483079888,-3.18448277171
1135,1135,0.776428138856,-1.92755444172
1136,1136,-0.132719358106,2.71999612491
1137,1137,0.0513992172243,-2.02584389205
1138,1138,0.395410445737,-2.50730885683
1139,1139,0.724250782081,-2.54083678028
1140,1140,-0.268158161169,2.29846847202
1141,1141,0.401814693995,2.30953183317
1142,1142,-0.38193273057,2.46788236022
1143,1143,1.17731775703,-1.49922742786
1144,1144,2.13059192152,1.39758053629
1145,1145,2.97782617797,0.247374002307
1146,1146,1.36209450094,1.47961981106
1147,1147,0.265080432083,2.30043139906
1148,1148,0.279611970985,-2.74653400034
1149,1149,0.449078064306,-2.55413698244
1150,1150,2.98567774215,0.241450787926
1151,1151,0.166922153729,2.41485560624
1152,1152,0.696319923339,2.8569318184
1153,1153,3.09766664717,0.00407798675797
1154,1154,-0.232681316774,-3.07140713011
1155,1155,-0.251932948174,-3.19877475929
1156,1156,2.04692414436,0.470268762572
1157,1157,0.115212671638,2.51027049054
1158,1158,2.24115877449,0.439784256479
1159,1159,2.19274834187,0.0140775109864
1160,1160,0.353280381336,2.64653027394
1161,1161,0.0283051143809,-0.98872158546
1162,1162,-0.0929366849575,2.38828259031
1163,1163,0.369208520891,2.11735796499
1164,1164,0.534648169303,-1.74111304742
1165,1165,1.59743702037,0.653440118894
1166,1166,0.54756229415,1.89331112869
1167,1167,2.90041931464,0.0857120080589
1168,1168,1.02794888321,-1.63176584694
1169,1169,2.86933990082,0.143564965447
1170,1170,2.33905346607,0.270658099596
1171,1171,-0.291041908567,-3.00810508763
1172,1172,0.453817791226,-2.80295734625
1173,1173,-0.672407283294,3.02067967578
1174,1174,-0.453017004793,3.07728300459
1175,1175,0.488216564235,2.23572472265
1176,1176,0.336228728984,3.09438843169
1177,1177,0.121832022596,-1.78738050818
1178,1178,1.54262949376,0.387531013889
1179,1179,-0.541900929622,-2.9172004556
1180,1180,-0.381466924054,-2.97316774305
1181,1181,2.56905905511,0.723318158177
1182,1182,-0.572999129153,-2.39278151534
1183,1183,-0.201200343018,2.69416912313
1184,1184,-0.205605715178,2.54715554742
1185,1185,1.47833854677,-2.10807429195
1186,1186,-0.184626658151,-2.39607004885
1187,1187,-0.551774716108,-2.42283053324
1188,1188,0.974077893183,-1.61592355628
1189,1189,-0.157531082261,-2.85865017257
1190,1190,-0.502951357211,-2.73149048143
1191,1191,-0.402282428823,-2.66336612703
1192,1192,-0.485098601893,-2.36670991557
1193,1193,-0.516876889392,-2.34511273722
1194,1194,-0.0654252365249,-1.81697813679
1195,1195,-0.3764924419,2.36947192384
1196,1196,2.11158897693,-0.0454072662088
1197,1197,2.86895032252,0.611738296101
1198,1198,3.01214086035,0.571878603997
1199,1199,2.92599811458,0.102068976883
1200,1200,0.899257110255,-3.06423092246
1201,1201,0.822677916218,-2.26379106276
1202,1202,-0.627571642532,1.68791167602
1203,1203,-0.807270056911,2.69007561453
1204,1204,-0.543982417732,2.50768938429
1205,1205,1.55812073274,-2.39281104153
1206,1206,-0.33680955748,2.41116330135
1207,1207,0.088679490296,-2.41187376878
1208,1208,0.279342560118,-2.42405569425
1209,1209,2.79905031604,0.246386207002
1210,1210,3.2115080863,0.209485510077
1211,1211,-0.0475410649444,2.17902716751
1212,1212,1.0567925738,-2.19023534353
1213,1213,2.62750520302,0.14509158971
1214,1214,1.92706118322,0.663294145946
1215,1215,-0.0527877245498,-2.9969486003
1216,1216,0.221526161073,-1.92180622072
1217,1217,0.00192908198209,-2.81729949297
1218,1218,0.208365308977,-2.15253292017
1219,1219,2.25883573422,0.0455791718338
1220,1220,1.79965106216,-1.6317690317
1221,1221,1.75608764464,-1.42654327383
1222,1222,1.45427334479,0.801011789191
1223,1223,1.51200625999,-1.0166766684
1224,1224,2.84040533673,-0.283766319198
1225,1225,2.75757854949,-0.0451880348697
1226,1226,0.338746540703,-0.228409530752
1227,1227,-0.433243253084,3.34196468583
1228,1228,0.674487061921,-0.145357569908
1229,1229,0.216913732431,2.49528004159
1230,1230,0.107046563791,-3.12778824803
1231,1231,0.26663909786,-2.81156558484
1232,1232,-0.0577500391568,2.78658380535
1233,1233,1.33236153173,-2.17487943681
1234,1234,0.00224083864194,2.4289553238
1235,1235,-0.0946653583625,-1.8968205433
1236,1236,2.86621670502,0.224471871515
1237,1237,0.294257051826,-2.39566026426
1238,1238,0.0361469395834,3.13982807968
1239,1239,1.16788192784,-1.8562691847
1240,1240,-0.0580230736811,-1.96875739465
1241,1241,2.8653065148,0.0634855774383
1242,1242,0.18789408344,-2.64053231912
1243,1243,0.246309447437,-2.9528654154
1244,1244,0.738395536873,-2.55446986702
1245,1245,-0.377610176565,2.82903059827
1246,1246,0.300211265887,-2.4364603339
1247,1247,-0.342220871428,2.80506362343
1248,1248,0.098173794235,3.27342597028
1249,1249,0.858419255391,-2.9039794543
1250,1250,-0.132446848299,2.40847026909
1251,1251,0.218623885738,3.23838371041
1252,1252,0.0312965330845,2.78665988069
1253,1253,0.588953962904,-2.03079420717
1254,1254,2.55229057682,0.826009015405
1255,1255,2.94921232159,0.154444281208
1256,1256,2.52975084971,-0.187322930735
1257,1257,2.80327231587,0.299582367239
1258,1258,2.34425723949,0.44254582483
1259,1259,2.643725694,-0.0933387651288
1260,1260,2.5884901535,-0.0507559312634
1261,1261,2.85295322866,0.334151852747
1262,1262,0.342599555455,-1.93339782406
1263,1263,0.15659547759,-2.21842964228
1264,1264,2.43626322331,-0.227141177337
1265,1265,0.498287722158,3.4047654242
1266,1266,1.26185338629,0.03100096808
1267,1267,1.80382083897,-0.337420104154
1268,1268,0.141722079079,-2.21769669813
1269,1269,0.28610024791,-2.55498597374
1270,1270,1.999764018,-0.155079865675
1271,1271,0.411807495191,3.00858325224
1272,1272,1.78073563002,0.377316498038
1273,1273,-0.404385899405,-2.37073809208
1274,1274,0.782940134555,-0.62673767612
1275,1275,-0.290641352678,3.00806027334
1276,1276,0.13187954529,-2.67694462041
1277,1277,0.626408456336,-2.93051281583
1278,1278,2.52598341487,0.0202624827874
1279,1279,2.06010197495,0.28892545027
1280,1280,0.818228288809,-0.286286069615
1281,1281,2.60553087748,-0.0152476225696
1282,1282,2.55296467418,-0.259766765734
1283,1283,2.41256589373,0.325984200316
1284,1284,-0.388066510971,-2.04710408632
1285,1285,1.41685454787,-1.9049048344
1286,1286,-0.0168391931614,-0.542279867441
1287,1287,1.47976376363,0.602228400042
1288,1288,-0.320907472032,-2.23935080848
1289,1289,-0.274510377519,-2.44770177866
1290,1290,0.176433057185,-2.7325298001
1291,1291,0.861291686165,-0.536478193039
1292,1292,0.422222923056,1.69194469302
1293,1293,2.39924744002,0.431729224078
1294,1294,2.95245104705,0.234869543533
1295,1295,0.667788396889,-0.591458146344
1296,1296,0.0984628168643,-3.2447808412
1297,1297,0.395855441876,-2.60738041723
1298,1298,1.65196214453,-1.02967825865
1299,1299,-0.191136220801,2.75413170892
1300,1300,1.0335467049,-2.97908680181
1301,1301,0.026648376896,2.30029916524
1302,1302,-0.087530167374,1.88234136022
1303,1303,1.52656514436,-2.76353286615
1304,1304,-0.823781515532,2.5142001651
1305,1305,-0.376305930994,2.21126917333
1306,1306,-0.594566725794,2.07873089175
1307,1307,-0.852581975981,2.67287368322
1308,1308,-0.774779628698,2.77003887769
1309,1309,-0.144108750987,2.6231885218
1310,1310,0.694074181426,-2.70827716034
1311,1311,-0.173655349357,-2.45716213003
1312,1312,0.25888384071,3.06385415335
1313,1313,0.235312540131,-2.7619558567
1314,1314,1.7007151676,-3.09081141147
1315,1315,0.402405016824,-2.40577931937
1316,1316,-0.788206696099,2.31285047628
1317,1317,0.559673120523,2.77441734653
1318,1318,0.987590357821,-2.68168852825
1319,1319,-0.0388121566927,2.76431690613
1320,1320,0.153826157401,2.83050202988
1321,1321,-0.727160947803,1.9645241742
1322,1322,0.0576257598934,2.67869613062
1323,1323,-0.160370021586,2.78719647128
1324,1324,0.789627242279,-1.94341628934
1325,1325,1.12404736818,0.852404135079
1326,1326,2.70701942446,0.254454500535
1327,1327,-0.00804624771211,-2.50634601285
1328,1328,0.00701231103713,-2.5069532335
1329,1329,2.98784611658,0.461326959001
1330,1330,0.161723541553,2.83438148053
1331,1331,1.17905835599,-2.36016605921
1332,1332,1.37450547273,0.365331479415
1333,1333,0.133171367273,-2.84365456746
1334,1334,-0.104298623103,1.7302790612
1335,1335,0.278146169922,1.6038544445
1336,1336,0.698358332234,1.69478726607
1337,1337,-0.16098417256,1.69951436868
1338,1338,1.81823793897,0.970155020726
1339,1339,-0.270670128092,2.15335664989
1340,1340,1.68828978056,1.63818531556
1341,1341,1.66626010418,1.91581912432
1342,1342,1.78716706836,1.13623777734
1343,1343,0.459369468974,-2.4842651507
1344,1344,0.20598454424,-2.29643769414
1345,1345,1.28446482377,0.549621804622
1346,1346,1.01731725513,2.12165458086
1347,1347,1.79921049728,0.134251826063
1348,1348,1.25958637541,1.5853156722
1349,1349,-0.0623761046793,3.10173661154
1350,1350,-1.01684499843,-1.58711018128
1351,1351,1.98621336777,0.892251921592
1352,1352,-0.897409449992,-0.767417049662
1353,1353,0.75541645534,-2.07190973167
1354,1354,0.145675585722,1.707311596
1355,1355,0.96522026788,0.676392269561
1356,1356,1.68761823618,0.206478318686
1357,1357,1.6608152764,1.73654298073
1358,1358,0.536636959368,1.83384084713
1359,1359,0.798783869368,0.482241304275
1360,1360,2.23557343577,0.592914602295
1361,1361,0.399202945015,0.210725574594
1362,1362,-1.28135976617,-1.47516374919
1363,1363,-0.0786826738843,-1.03135686876
1364,1364,1.62354634222,0.185848784314
1365,1365,1.57983493698,-0.450714321025
1366,1366,2.11677952119,-0.155064571544
1367,1367,-0.672508914581,0.875158232437
1368,1368,0.481196716371,2.01944182387
1369,1369,1.16756273413,-2.01004268522
1370,1370,0.770432704447,2.00310150838
1371,1371,3.16773256244,-0.137279644188
1372,1372,2.00233670473,0.564394622644
1373,1373,-0.12292801052,1.21896039998
1374,1374,1.9348726533,0.660755030077
1375,1375,1.10147721736,1.45092684878
1376,1376,1.0120138153,1.13383801098
1377,1377,-1.38222143688,-1.22930675885
1378,1378,0.25026652017,-1.87708743624
1379,1379,1.82872012377,1.36403699823
1380,1380,0.0970696629683,1.64397583627
1381,1381,0.63306167581,1.43330294331
1382,1382,-0.123426322388,-2.24686691074
1383,1383,-0.242773849048,1.30553361222
1384,1384,1.68164235941,0.59492550554
1385,1385,2.55644575846,0.681615041462
1386,1386,1.48003302651,1.04791127577
1387,1387,2.30193064564,1.38233211345
1388,1388,2.38139633314,0.347693561036
1389,1389,1.68629149105,1.56620946798
1390,1390,-0.0150514851215,2.74323315926
1391,1391,-0.437687795007,2.19895712693
1392,1392,1.10624576569,-2.33589378345
1393,1393,0.783356622058,0.407677414769
1394,1394,0.890704081858,0.0925451627959
1395,1395,2.11154171722,0.093251768576
1396,1396,1.90432041557,0.0204129509276
1397,1397,1.80859297407,-2.3032011707
1398,1398,0.464887605206,1.34805568542
1399,1399,0.180621842535,-2.17890965867
1400,1400,1.22979984488,0.433307364582
1401,1401,-1.2133538783,-1.01837066727
1402,1402,0.101732265682,1.71790834272
1403,1403,1.20510204993,0.384136909464
1404,1404,0.623074561615,2.38970468614
1405,1405,1.17403497718,1.47050539103
1406,1406,-0.308079647916,3.08764029383
1407,1407,0.573551471221,4.41479725796
1408,1408,-0.454012833218,2.97999583512
1409,1409,0.713014861453,3.04260014769
1410,1410,0.400574773445,1.7823262106
1411,1411,0.825579305488,1.96680763437
1412,1412,0.318194992401,2.61124741774
1413,1413,0.379417437619,2.68608510111
1414,1414,0.0845284250489,2.19870069939
1415,1415,0.756272335451,2.95991841473
1416,1416,0.534809004226,2.30754215026
1417,1417,2.54667711002,0.148170049678
1418,1418,-0.473441733623,1.80131473012
1419,1419,0.853235792566,0.179961298279
1420,1420,-1.8017914612,-1.53368962962
1421,1421,0.522387619195,-0.0388645439826
1422,1422,0.914830813941,0.219967333584
1423,1423,3.43680231964,0.351709632299
1424,1424,-0.519575307608,-3.36024637151
1425,1425,0.335955683835,1.41700815351
1426,1426,0.0552855372252,0.663724623897
1427,1427,2.38261319435,0.152651363733
1428,1428,3.61012648128,-1.21150723762
1429,1429,2.37212824931,0.0312117024946
1430,1430,2.02195644998,0.830425052494
1431,1431,2.55602107712,0.117655431024
1432,1432,3.03290624674,-0.0326008859125
1433,1433,2.34263787751,0.480959169585
1434,1434,0.694834044749,0.640188025653
1435,1435,1.70383369947,1.19761362678
1436,1436,0.120935196692,-2.66244602252
1437,1437,2.25734354295,0.327807390981
1438,1438,-0.49540292138,1.9907973905
1439,1439,1.32641135861,1.91826057461
1440,1440,1.07700169966,1.78412600274
1441,1441,0.645565949776,0.650856283645
1442,1442,0.587208659001,2.17989570768
1443,1443,0.678087639626,-2.28278053833
1444,1444,1.8955096943,2.05112341481
1445,1445,1.35439194368,2.19199573391
