,vote,alpha,beta
0,0,-0.35205633667,2.50771246427
1,1,-0.26373357463,-2.2895416361
2,2,2.62725008341,0.0138826465127
3,3,2.54357929787,0.106684170832
4,4,0.584400405172,-1.38202265291
5,5,2.58834391362,-0.180952806953
6,6,2.06426212555,0.402924619637
7,7,2.0659597176,0.32538213725
8,8,0.18856294664,-2.01416349681
9,9,1.30507452947,-1.53328676758
10,10,2.58750810143,0.282523199685
11,11,2.89852461591,-0.290008763191
12,12,2.65428518591,0.531759951258
13,13,2.51112984411,-0.124902601245
14,14,2.7027756903,0.0351701539153
15,15,2.16540263233,0.317252647161
16,16,-0.337541870154,2.40460035323
17,17,0.52830302221,-0.609927392937
18,18,2.57539493623,0.480342886236
19,19,2.95588434635,-0.126892080123
20,20,1.46324987442,-0.696981530982
21,21,0.207915034566,-2.56334400936
22,22,-0.234593803895,-2.26811051134
23,23,2.96377192093,-0.277555802515
24,24,0.656200442006,-1.97527826491
25,25,1.33767571977,-0.273871825406
26,26,-0.790607974748,-0.0527186781655
27,27,-0.272908803629,2.51848188379
28,28,2.6337236548,-0.0439384435629
29,29,2.42828767735,0.046064060907
30,30,2.35803756663,0.101237541431
31,31,2.45264717161,-0.213067600669
32,32,0.493939921462,-2.31910237796
33,33,0.131046978701,-2.47480113136
34,34,1.40030735537,-0.439166182031
35,35,-0.239485466559,2.15089036262
36,36,-0.162406553645,-2.12539211371
37,37,-0.070112517803,-2.06695708383
38,38,0.151181782977,-2.21297945874
39,39,-0.657558343764,-1.27727664991
40,40,1.84115250919,-1.39464954719
41,41,0.0528941209055,2.3590095571
42,42,-0.134722681808,-2.44434176583
43,43,2.35693064081,-0.0596654964935
44,44,2.65313742863,-0.00425344053048
45,45,2.73973640118,0.102033089789
46,46,2.16241113111,-0.15969069323
47,47,2.15995200856,-0.031494826772
48,48,2.58794880716,0.35165953074
49,49,1.52692005765,1.37399236311
50,50,-0.114837349689,-2.3388693108
51,51,0.270487302285,-2.55204453952
52,52,-0.356842213478,2.42871349277
53,53,0.00946169266398,-2.54985820219
54,54,-0.0235126089509,-2.52863547298
55,55,0.195842278076,-2.00242298627
56,56,0.583303155907,-2.15239607622
57,57,-0.569633906092,1.97475026777
58,58,-0.0740188784139,2.78976027438
59,59,0.0375072498002,-1.7259201343
60,60,0.838567868428,-2.24996098748
61,61,2.25429967184,0.153987405757
62,62,2.7676778663,0.160769926886
63,63,2.40732161529,-0.157591679232
64,64,2.75848676331,-0.0259938165
65,65,2.61867915417,-0.61923671291
66,66,0.37192439596,-2.17668880593
67,67,0.59903132613,-2.41276859425
68,68,0.881431002091,-1.91498692785
69,69,-0.407833424436,-1.73325201237
70,70,-1.19436788794,1.8734807452
71,71,-0.602994470919,1.76592891289
72,72,-0.641822519876,2.17794197033
73,73,-0.933312910153,2.25897224397
74,74,-0.729326451383,2.41541645554
75,75,-0.480039252839,2.23387886221
76,76,-0.50772332909,2.10955262311
77,77,-0.702015871914,1.37019281646
78,78,-0.122142951166,2.20175735451
79,79,0.770410047833,-2.12790265288
80,80,-0.66443713071,-1.97798153242
81,81,0.0906091078432,-2.49050644637
82,82,0.0430074159858,-2.49094094368
83,83,0.0742783603756,2.62832582478
84,84,0.0885211135389,-2.00124137892
85,85,2.47140004866,-0.0699108475637
86,86,2.26323321992,-0.529878911636
87,87,-0.134961036273,-2.53796790962
88,88,-0.0218276167181,-2.31208788974
89,89,-0.556946276979,-0.925303201879
90,90,0.301673987323,-0.571724565036
91,91,-0.23533004737,-2.0959037784
92,92,-0.653286514016,1.84956487977
93,93,-0.689865756206,-1.72218162258
94,94,0.226330417429,2.1555156133
95,95,2.35395678769,-0.245381164218
96,96,-1.01149631564,2.11848267703
97,97,-0.477331943866,2.03303529074
98,98,-0.374731375906,0.366761128994
99,99,-0.371252667172,2.0137873511
100,100,0.0145247161839,1.78835225402
101,101,-0.962375658685,0.693496416191
102,102,-0.252031656325,-1.809020353
103,103,-0.85785107875,1.64631478448
104,104,-0.412586127199,-0.933821170537
105,105,-1.13005280661,-0.0439645637139
106,106,0.695597894906,0.894636633374
107,107,0.352558575942,-1.45940410025
108,108,-0.391034025108,0.566908328638
109,109,-0.491205662888,0.560330262662
110,110,1.20688663822,1.39754507203
111,111,-0.123781579883,-2.37813904396
112,112,-0.405841582738,-1.38531600511
113,113,-0.56996276574,-2.14568559034
114,114,-0.164695097537,2.35197126284
115,115,0.250155419584,-1.45123046492
116,116,2.49952617731,0.0681005169013
117,117,2.48854874808,-0.228233556249
118,118,0.438323105436,-2.19362599387
119,119,2.02029054865,-0.362990521147
120,120,2.19606530092,-0.134939884632
121,121,-0.143405133371,2.04859225634
122,122,1.26758388814,-1.50497783944
123,123,2.26890658234,0.145918095134
124,124,0.510097088164,1.64639401542
125,125,0.708865435881,-2.49473377318
126,126,-0.0782450821857,-1.98693790709
127,127,-0.833107142375,0.732657937616
128,128,0.245025621786,-1.98011266372
129,129,-0.195528771141,-1.3112319458
130,130,-0.623964990961,-1.41857476318
131,131,0.985989119171,0.896810027571
132,132,-0.530223802106,-1.95945014644
133,133,0.21451059612,1.53517772206
134,134,0.572443154878,-1.96888779092
135,135,0.897813006118,1.88033800509
136,136,-1.5263140039,0.948718673176
137,137,-0.644307165664,0.662420421728
138,138,-1.27932949351,0.822431210141
139,139,-0.26577037241,2.06392856943
140,140,-0.455108400673,0.0860881812118
141,141,-0.686999272039,0.486938759713
142,142,0.240154110274,-1.95026080217
143,143,-0.658234442924,2.14150840369
144,144,-1.43414176554,2.03186572148
145,145,-0.90018465986,1.3423473865
146,146,1.90596963747,0.644033081133
147,147,-0.137502039812,1.33527726936
148,148,2.60244080287,0.385163854628
149,149,2.49205872487,-0.146093664554
150,150,-0.0467031204822,2.28554958318
151,151,0.899382038523,-0.725993522071
152,152,2.77119766107,-0.201817706784
153,153,2.53792549217,-0.22692736844
154,154,2.48918899773,0.0119876447748
155,155,0.0248335478606,-2.71254687898
156,156,-0.0353338575456,-2.19612084177
157,157,2.94090084907,0.218697037278
158,158,0.00516709904304,-2.26375541666
159,159,1.90787807862,0.533220344806
160,160,0.518079257385,-2.43780144907
161,161,0.301592094383,-1.87390038322
162,162,-0.250436231487,2.17708353799
163,163,0.289652025564,-0.421256312508
164,164,-1.22282872729,-1.0534978126
165,165,-0.267382206125,1.5357078567
166,166,0.290840834879,-2.58511882909
167,167,-0.667508359,1.54198869861
168,168,1.03990077453,1.43637339249
169,169,-0.00642916100175,0.0396527394496
170,170,-0.967888359783,-0.710410418784
171,171,-1.21596527908,-1.13403416836
172,172,-0.762660580543,0.972942002068
173,173,-1.22889345887,-0.683816411069
174,174,-0.707406192908,-1.79798939488
175,175,0.375604459493,1.51930435372
176,176,0.0975899539677,0.849704034591
177,177,0.298078519645,-2.11268839397
178,178,0.0510365023042,1.18215070866
179,179,-0.40989020235,-1.40014134509
180,180,-1.07145777056,-1.64667585681
181,181,0.878332177214,-0.359056419664
182,182,-0.326617798169,-1.13256906667
183,183,0.115496873933,1.07357945976
184,184,-0.00370558248432,0.575219801932
185,185,-0.288313608407,0.308876037008
186,186,0.613734694632,-0.414767922896
187,187,0.116256079317,-0.48346435018
188,188,0.0496271902733,-0.773416227883
189,189,-0.0367198730724,-0.222904656099
190,190,0.228457220293,0.349386377492
191,191,-1.08585228404,-1.94129935672
192,192,-0.148597144771,-2.16071989278
193,193,0.0310364763074,2.73536579571
194,194,-0.366948110035,-0.789236714284
195,195,2.31433622153,0.287973514282
196,196,2.27524267869,0.0806837963779
197,197,0.205674231823,-2.5363168052
198,198,-0.86503198772,1.44526912457
199,199,0.17006495851,-1.98251085608
200,200,0.186060634882,1.55563808042
201,201,-0.0373906556336,2.29480992772
202,202,1.29418377034,-2.27628240978
203,203,2.47003774092,-0.43370662961
204,204,-0.625139999799,2.25878576112
205,205,0.495135766686,-1.94969281878
206,206,0.434277190266,-1.41130046656
207,207,0.184105574572,-1.89658247004
208,208,-0.309677086008,1.74372645716
209,209,0.3420302785,-2.39123951224
210,210,0.448796990194,-0.601852761631
211,211,-0.352040468665,-2.18444987369
212,212,0.403786604697,1.87810409213
213,213,-0.796791873412,2.11977110134
214,214,0.126746069608,2.19772975397
215,215,0.305547847306,-1.69485451081
216,216,2.21081063672,-0.989575693088
217,217,1.55014705929,-1.19020919407
218,218,2.48136935319,0.240775656892
219,219,0.151110603404,-2.30063983532
220,220,0.251947137818,-2.2375381682
221,221,1.86493121373,0.66965995537
222,222,-0.787402427944,2.14195863926
223,223,0.104980401713,2.12308057616
224,224,-0.946586533913,1.51011410094
225,225,-0.34422061444,0.270696718611
226,226,-1.10284183242,-1.75019480069
227,227,-0.666228937297,1.76135822179
228,228,-1.1684357889,-1.59746847064
229,229,0.396582189348,2.06157617867
230,230,-1.28559105118,-1.23977330255
231,231,1.94289004322,1.02661707854
232,232,-0.06257189428,1.69291326419
233,233,-0.701961826028,1.85764555177
234,234,-0.635514941085,1.86932594284
235,235,-1.08543077736,1.80972673814
236,236,-0.850661804586,1.60591822128
237,237,-1.1891076091,0.73553437315
238,238,-1.17505836016,1.51674817128
239,239,-0.711072985134,1.28953863302
240,240,-1.0678344277,1.67967972918
241,241,-1.11670782634,1.77724429456
242,242,0.25581019048,-2.02881872059
243,243,-1.01699104271,-1.71001731087
244,244,-0.718532774568,2.01056610277
245,245,-0.155127217287,0.975028641063
246,246,-1.33096176612,-0.996392338067
247,247,-0.20518385297,1.14600871021
248,248,-0.685625962793,0.185275456546
249,249,-0.533522261968,0.282244962715
250,250,-1.2727654032,0.938814048734
251,251,0.43673451739,1.26169506556
252,252,-1.59538191732,-1.38298401381
253,253,0.239973949737,-2.29259153103
254,254,0.260280323352,-1.92411353731
255,255,-0.627679843084,1.45682377286
256,256,-0.232627612408,0.719404905496
257,257,-1.26172388559,-1.53184335012
258,258,-0.215896338806,2.26553691653
259,259,0.156742283119,-1.8704929602
260,260,-0.0594392627926,-2.4949334631
261,261,-0.120357500993,-2.49369050651
262,262,-0.0236714799649,2.12873688675
263,263,0.369598501574,-2.63311914468
264,264,0.375020326775,-2.67486540503
265,265,-0.245905673833,2.60831222565
266,266,-0.541554733515,-2.17480670952
267,267,2.46408508198,-0.238183981205
268,268,2.44686268935,-0.0402376960623
269,269,2.91328984553,-0.173485355315
270,270,-0.0968830395158,-2.51566170802
271,271,0.379658503177,-2.26932831195
272,272,-0.875244372717,0.296017609861
273,273,-0.203192683049,2.54179055736
274,274,1.02317042021,-1.99849987449
275,275,-0.148983590501,2.54091402125
276,276,0.681683320851,-2.0462587096
277,277,0.096418274175,-2.05963899382
278,278,0.0398602039202,-2.51266854765
279,279,0.972786538155,1.59396247164
280,280,0.481910188783,-2.24086601361
281,281,0.129371318646,-1.86041251517
282,282,-0.284067983472,1.88607101908
283,283,0.118503999051,-2.34481910075
284,284,-0.0899863243593,1.85151880431
285,285,-0.343888477366,1.94229578883
286,286,0.229425128677,2.6719569975
287,287,-0.395568571532,-2.00242595827
288,288,2.4075652621,0.117619080456
289,289,2.90705819096,0.276334676979
290,290,-0.247744267771,-2.3250843255
291,291,-0.0739921020176,-2.10494600262
292,292,-1.50841482919,0.72885245261
293,293,0.807774892967,-1.91773482518
294,294,-0.500698199912,1.53536471204
295,295,-0.790787663144,1.39569361102
296,296,-1.59378151375,0.675929631918
297,297,-1.00364779396,-0.746538087183
298,298,-0.464636628401,1.37651477418
299,299,-0.764456254719,1.7858023783
300,300,-0.213442426902,-0.472038997943
301,301,0.577697854484,0.197410547258
302,302,-0.120090043736,0.474893680395
303,303,0.260813109813,0.253230076747
304,304,1.18612179024,-0.673490220117
305,305,0.995718880246,0.438679497737
306,306,-0.321518267121,0.330681548182
307,307,0.862835400174,-1.61459707137
308,308,0.801960939687,-0.24352881186
309,309,0.355895945719,-2.46631401808
310,310,1.08266390489,0.778226598709
311,311,-1.1311833813,1.26295218774
312,312,-1.13557709182,1.59583606743
313,313,-0.317636437251,-0.354858835657
314,314,0.156001525548,-2.45888967564
315,315,0.0807511534408,-2.53681006453
316,316,2.47326104653,-0.0262302613179
317,317,0.671193709049,-2.11087746851
318,318,-0.171403340611,0.141532651818
319,319,0.381152612554,-1.79816987262
320,320,0.224409508588,1.07999048
321,321,-0.732362312324,-0.803937335901
322,322,0.694168929909,-2.16776575258
323,323,0.321824428762,0.333377531309
324,324,1.29951666261,1.42806664587
325,325,-0.515829366884,1.63689029583
326,326,-0.37948059514,1.79645881651
327,327,-0.112536478158,-2.70250152547
328,328,-0.0722080275452,0.845187731371
329,329,2.5006112457,-0.838931505475
330,330,-0.104392789256,0.121228605196
331,331,-0.488564613482,2.45611070101
332,332,1.23629272674,-1.04247882177
333,333,-0.359036383064,2.19498336879
334,334,-0.622716903549,1.82831418487
335,335,-0.159400531469,2.82608285962
336,336,0.841833404327,-1.59747172889
337,337,1.54712099011,1.34595463715
338,338,-0.141997738158,-2.57605054471
339,339,0.271626675466,0.669479996082
340,340,-0.153004517039,-0.39567494729
341,341,-0.490963433864,-0.881403615873
342,342,-0.750757541751,1.23405929097
343,343,-0.810422175839,0.881020649235
344,344,-1.01483236169,1.11462364557
345,345,1.60246907661,-0.47260513709
346,346,1.8640979004,-0.443557803082
347,347,-0.457439338372,2.2789905433
348,348,-0.506103430161,2.18679864611
349,349,-0.00766457289797,-2.23012129536
350,350,0.485124882432,-1.89658956016
351,351,-0.14423006668,2.26107474764
352,352,0.344729828716,-2.24428669723
353,353,0.344863873501,-2.16480841885
354,354,0.0683075394828,-2.26384294313
355,355,2.30080059765,0.0503541606701
356,356,0.616818131011,-2.30554870549
357,357,0.80813265306,-2.13745638282
358,358,0.372571814921,-1.66057108519
359,359,0.918533718919,-2.02547752699
360,360,0.613014010598,-1.33975833687
361,361,-0.0954043784067,1.98282195613
362,362,-0.242780304301,2.00276327271
363,363,-0.0491795770712,2.37366511088
364,364,-0.155285600843,2.30731346865
365,365,-0.142119903135,2.41928668314
366,366,0.310903623788,-2.19777996423
367,367,0.143096818051,2.38957766985
368,368,0.164256029438,-2.20748686213
369,369,2.07635326026,0.910014299132
370,370,2.87842536233,0.174547526031
371,371,2.47087750239,0.183777858976
372,372,2.42859943101,0.519202039848
373,373,1.98865565726,0.572675009214
374,374,2.60995009229,0.0135246336007
375,375,2.26720593299,0.359309285879
376,376,2.31057197228,-0.0462288262237
377,377,2.17952398354,0.211617772291
378,378,0.0539562584848,-2.40405091729
379,379,-0.026579080517,-2.01570801346
380,380,0.404620838599,-2.66009173567
381,381,2.44969153346,0.123174709025
382,382,2.90464394243,0.0492870938404
383,383,1.90593001976,0.525252263134
384,384,-0.0425456691162,-2.41752300117
385,385,0.256864446329,-2.4149577166
386,386,1.81795170611,0.411663170685
387,387,-0.667025146254,2.34004111026
388,388,-0.34320125574,1.95851711253
389,389,-0.599949354057,2.5432187257
390,390,-0.17510714493,2.42765875019
391,391,2.80772488667,-0.21334668836
392,392,-0.00192787165327,2.25022362077
393,393,0.546058919953,-1.79336752291
394,394,-0.145669649774,-2.3378697608
395,395,-0.236095056298,-2.7387098415
396,396,-0.439193269164,-2.39314308633
397,397,-0.279142476102,2.42755891165
398,398,-0.334061609965,-2.11688496804
399,399,0.000142951886433,2.57650755324
400,400,0.0988678836103,-2.33480871965
401,401,-0.264947744149,-2.00343475605
402,402,0.33277812292,-1.89137440017
403,403,0.987563583643,-2.21152051322
404,404,-0.111220749741,2.40320065409
405,405,0.687566137217,-2.12764509197
406,406,1.00372037358,-0.812751714194
407,407,2.37719102061,-0.0715345499227
408,408,2.94623150566,-0.266396414752
409,409,2.90082904088,0.0468537896084
410,410,-0.366234459028,2.31873631602
411,411,2.31295055534,0.124739860934
412,412,0.167053791869,2.05039608882
413,413,2.33265207822,0.227497155242
414,414,2.6888398434,0.29152176776
415,415,0.0227291675239,-2.10090242011
416,416,0.262714808522,-2.28814418593
417,417,0.30482079225,-2.14181905071
418,418,2.37977824957,0.0614923329158
419,419,0.723318790565,-1.99256606766
420,420,-0.12299866288,-2.71533381077
421,421,2.77024010788,0.32028835746
422,422,-0.179153713809,2.2611916838
423,423,1.39629449262,0.412137288035
424,424,0.0886450005936,-2.51153962947
425,425,-0.272601616055,-2.27328963636
426,426,2.0052393464,0.885287549577
427,427,-0.068352165786,-1.80371226078
428,428,0.109038796485,-1.86189190439
429,429,0.87668588565,-1.75962904379
430,430,1.05858196423,-1.80570948266
431,431,0.719409343511,-2.00145668942
432,432,-0.00355219889594,-2.40320896283
433,433,0.225056286199,-2.26905569443
434,434,-0.129223629122,-2.43908062769
435,435,-0.348165256248,-2.53115063962
436,436,0.575832270821,-1.70768652778
437,437,0.773472295959,-1.70050742946
438,438,0.250288422669,-2.88538727745
439,439,0.777285058304,-1.88574803743
440,440,-0.247094482137,-2.43562350871
441,441,1.02680639331,-1.86978892179
442,442,0.0909845133792,-2.4534496003
443,443,2.1211920133,0.201934437026
444,444,-0.12022965627,-2.37539625078
445,445,0.0252991491624,-2.6095358707
446,446,0.822477969832,-1.92613215172
447,447,0.0870964282205,-2.81984471362
448,448,0.975386804036,-2.19936671806
449,449,2.77666565349,0.177708336464
450,450,2.66897800187,-0.0638408074219
451,451,-0.0905466956689,-2.65243154905
452,452,0.824590053616,-2.04449301158
453,453,-0.0453698071996,-2.47674020704
454,454,0.696399524443,-1.76803699159
455,455,-0.236788585366,-2.67139080287
456,456,0.197775467999,-2.27303657261
457,457,-0.146490164638,-2.4654717768
458,458,-0.14395380874,-2.0096466857
459,459,2.65477741625,0.0839665032932
460,460,-0.0189688412722,-2.36069280441
461,461,0.604497396467,-1.59007602245
462,462,2.44032492848,-0.117497881766
463,463,0.174578308557,-2.49244953572
464,464,-0.849597336827,-1.44928649578
465,465,0.87241125662,-2.2441315616
466,466,0.217290384838,-2.85508337843
467,467,0.659272516283,-1.91947747676
468,468,-0.0301857601814,-1.96009112451
469,469,0.14847320562,-2.23000973972
470,470,0.0111934964011,-0.303395395111
471,471,0.407828544999,2.16656079817
472,472,-0.0224582515437,-2.07615603675
473,473,0.915690853492,-2.21380860664
474,474,-0.540108336147,1.73058347727
475,475,1.42049018327,1.7222623697
476,476,1.30733266668,1.60206381822
477,477,2.38572900932,-0.11412640654
478,478,2.60860499838,0.081843755707
479,479,0.0298308933889,-2.81300154907
480,480,1.24458071604,-1.61201224004
481,481,-0.446365692606,2.00400249272
482,482,-0.0782658674312,-1.94710548028
483,483,-0.841723757327,1.1910279449
484,484,0.0556603091505,0.129775052334
485,485,1.89920809637,0.646112254882
486,486,2.27908465482,0.0437200806889
487,487,2.32364206234,-0.111142473244
488,488,2.59981966526,0.593570495525
489,489,0.242850959829,-2.40103835398
490,490,0.409979611117,-2.15652351611
491,491,-0.707661382617,1.88905984968
492,492,-0.024450047941,2.70643603684
493,493,0.942187439972,-1.83155528779
494,494,-0.170542814684,2.38054260519
495,495,1.245726504,-1.40235265733
496,496,2.0879444435,-1.04145521011
497,497,-0.168991010002,-2.14134874175
498,498,2.65037805511,0.10601835834
499,499,2.13335503999,-0.0294362360003
500,500,-0.227551736392,-2.6362279189
501,501,-0.110464445928,-2.65744262756
502,502,-0.0728033225799,2.5371363416
503,503,-0.160399265195,2.44363160615
504,504,-0.223528453738,2.42324701662
505,505,0.01389113872,2.13910868083
506,506,0.176541348417,-1.78741785054
507,507,2.30822247562,0.42538311732
508,508,-0.142103191734,2.44102642748
509,509,0.172282206113,-2.34429571102
510,510,1.71352109108,1.18315387533
511,511,0.0299307620924,-2.55423756776
512,512,0.286174935233,-2.2192251565
513,513,0.188034455539,-2.97387099601
514,514,-0.295819752651,2.11476540618
515,515,0.793193243797,-1.51754726414
516,516,2.52786116294,-0.154346155879
517,517,2.27940016,0.298303468344
518,518,-0.274528322517,-2.72104932424
519,519,-0.256017130769,-2.53964891302
520,520,-0.0912221371007,-2.52186061311
521,521,-0.298759710971,-2.39487219079
522,522,0.198162465589,-2.22858139866
523,523,-0.16602981545,2.22749795907
524,524,-0.242115003915,2.33489144265
525,525,0.122430508433,1.97120173991
526,526,0.268451906808,1.75266989131
527,527,-0.260443217418,2.07155527268
528,528,-0.569658939353,2.15121307724
529,529,0.0697405384099,-2.58126277867
530,530,-0.273975929622,-1.74087865815
531,531,0.372486146324,-2.38578906846
532,532,-0.131455530396,2.45544525076
533,533,-1.14979584443,1.3878195108
534,534,-0.195609424561,2.37556891631
535,535,0.485914906453,-2.23353255089
536,536,-0.431368780299,1.93506867411
537,537,-0.436724210607,2.42008686393
538,538,-0.27002201314,2.0393430885
539,539,-0.868651404126,2.14129610933
540,540,-0.631217911465,2.07261585287
541,541,0.00300302373331,2.27527806931
542,542,-0.81724636376,2.2169889572
543,543,0.810228446056,-1.8019749814
544,544,2.31636107247,0.200244948618
545,545,2.71993661675,0.0100516706258
546,546,2.64047468336,0.317104695148
547,547,2.54300817327,-0.308390190386
548,548,2.39376132243,0.0874096774747
549,549,-0.0631725913928,-2.41455852158
550,550,0.339783443131,-2.21744909453
551,551,0.493682388412,-1.00243848467
552,552,0.00920512464674,2.62948805293
553,553,-0.534558489912,2.070658333
554,554,0.968569066601,-1.8227778262
555,555,1.10156057448,-0.701668906095
556,556,0.0349815925438,1.13881195166
557,557,-0.532763243207,0.283261652269
558,558,-0.676681448792,0.908756042238
559,559,0.438853071619,0.75327097901
560,560,-0.610288411949,1.34308194489
561,561,0.916721057442,-0.379872225533
562,562,1.94170101803,0.662971859986
563,563,2.40473940088,0.227441698446
564,564,2.49364623608,-0.358320717649
565,565,1.43640738286,-1.39728828375
566,566,2.53352957259,0.0174107026765
567,567,2.65210630106,-0.0373660856053
568,568,2.48713868118,-0.136912799262
569,569,2.53146014176,-0.15492514477
570,570,-0.139705990533,-2.44129281889
571,571,-0.0757452537593,-2.48629781642
572,572,-0.00316095709118,-2.37549951232
573,573,0.772934382396,0.238097414782
574,574,1.04262911053,-0.469895651483
575,575,0.261595331681,-2.22488123738
576,576,0.00728443640654,2.68955657523
577,577,0.356693833686,-1.9986716287
578,578,1.58075941358,1.15998288375
579,579,-0.0266760496639,-2.71238515212
580,580,0.0211769394507,-2.81862408537
581,581,-0.183716812579,2.14648288967
582,582,-0.312654692416,2.07807090188
583,583,-0.0720409305577,-1.77347381903
584,584,2.19945243971,0.104897344056
585,585,2.61136314299,0.0456007725463
586,586,-0.102112970378,-2.70646813588
587,587,2.47757615867,-0.0422787935289
588,588,-0.220923737041,-2.63353822447
589,589,0.633018351272,-1.20454833245
590,590,-1.26962706432,2.10246963094
591,591,-1.28563467967,1.22527763018
592,592,-1.91659389793,1.44064395904
593,593,-2.29561706331,-2.13616341077
594,594,-1.04193152362,2.14862255539
595,595,-0.353520900578,-2.17983843894
596,596,0.815694500409,-0.629901730893
597,597,1.99144107717,-0.181398541293
598,598,1.63640935735,1.82599426873
599,599,0.355013261892,-2.0230575901
600,600,-0.180608753286,2.44185768537
601,601,-0.0255535662812,2.19330057683
602,602,2.18370512375,-0.347813717211
603,603,0.00211348460248,-2.39422317087
604,604,0.234879066644,-2.7854364745
605,605,1.11099509363,0.808195215894
606,606,0.416839759882,2.72034614466
607,607,0.781234131043,-1.92251935459
608,608,-1.20267840093,2.25294613466
609,609,1.02388481063,-1.87402747885
610,610,-0.944752014482,2.10256469343
611,611,1.58987047704,-1.83099972429
612,612,2.50271475714,0.833488908973
613,613,0.878075143164,0.872009853536
614,614,1.08438121587,1.520969385
615,615,0.843485396164,0.48914922557
616,616,0.278866237587,0.744237705411
617,617,0.609771654211,0.54761509978
618,618,0.570513880995,0.538498999658
619,619,0.388312479968,-1.76737729741
620,620,0.619677499735,1.50999095137
621,621,1.93979608368,-0.0647378640562
622,622,0.582775773361,-2.27069335908
623,623,1.95339219393,0.833365699824
624,624,0.151960226953,2.71882765049
625,625,-0.35975098108,-1.19540795116
626,626,-0.361841614635,-0.541801364556
627,627,0.564396416504,1.30545925081
628,628,1.11144236937,0.538908195815
629,629,1.69782526567,0.530409338854
630,630,-1.39116784108,-2.00676249112
631,631,-0.637207904529,-2.34387343597
632,632,-1.91313976731,1.86671445809
633,633,-0.763540408514,-1.42730735804
634,634,2.60395642435,0.212573404821
635,635,-0.307783247616,-0.304773349364
636,636,-1.12210704582,0.797245722924
637,637,0.0512253346971,0.501602621607
638,638,3.96171340473,0.687911666729
639,639,0.256372908868,0.177371411738
640,640,-0.455256193486,-1.60838419932
641,641,0.884034574737,0.536317418268
642,642,1.38636513544,1.29792928665
643,643,-0.323296250826,-1.41159222719
644,644,-0.648882655011,2.58780241045
645,645,0.306805461291,1.46643942436
646,646,0.881370423589,1.22296065001
647,647,2.07110763347,1.56620788165
648,648,1.36892425917,1.14269188589
649,649,0.30996347341,2.19740898822
650,650,2.0194886301,0.717299154767
651,651,-0.306704423491,-1.59182855897
652,652,-0.956413691084,-2.16291923615
653,653,2.66108569141,-0.372748813179
654,654,0.990557246268,2.14254659004
655,655,0.972185519361,1.18205733263
656,656,-0.686322541113,-1.94679636149
657,657,1.88849174767,0.603056946717
658,658,0.330896147376,1.85818596352
659,659,3.17113668093,-0.000268100273334
660,660,1.55267436281,1.76352338391
661,661,1.39779747888,2.14973210148
662,662,1.80062256181,2.39090450739
663,663,1.20379878016,1.97273983314
664,664,0.694456689562,1.7773189854
665,665,1.27216172241,2.14399536551
666,666,1.8224024823,2.64186877403
667,667,0.880142940533,-2.99158400473
668,668,0.0867182162316,2.92773221913
669,669,1.2204156413,1.41573144326
670,670,-0.22241138586,-1.74880572233
671,671,1.11923817228,1.30573642182
672,672,2.50217475858,-0.138646768072
673,673,-0.65746728247,1.94384157867
674,674,-1.68013518646,2.05070381301
675,675,1.2753200496,-0.651931700339
676,676,0.348800715631,1.64872572927
677,677,0.735654722262,0.99074635702
678,678,2.02620010562,1.32454851457
679,679,0.12903812126,2.52974838327
680,680,1.54098596001,0.447550963411
681,681,2.43628075372,0.339092997316
682,682,2.72875859227,-0.329589546736
683,683,1.66078086064,1.33423235276
684,684,1.45947550169,1.90943393594
685,685,0.622498224977,2.3698701438
686,686,0.202551166196,2.61326120783
687,687,-0.481790537241,2.32344653425
688,688,0.34131655814,2.54415353434
689,689,-0.134577377009,3.03509131927
690,690,-0.257356954384,2.81946326166
691,691,1.14194027478,0.988650997105
692,692,2.04169069926,1.63591448524
693,693,-0.428981567774,-2.44401100054
694,694,0.530081088572,1.31246788957
695,695,-0.551594623096,-1.66054591299
696,696,0.865239523416,1.57279364254
697,697,1.30062370098,1.92444413907
698,698,2.18770615801,0.729593721787
699,699,2.04538315771,-0.325903004181
700,700,0.0135787643515,-1.46826188348
701,701,-0.153899714507,1.26461107811
702,702,-0.109569910115,2.01051032512
703,703,-0.937526417178,2.94210631464
704,704,-0.733860731776,-1.28791140118
705,705,0.153166722283,2.25242653937
706,706,1.0323478959,1.25082524142
707,707,-0.0343205723069,-1.95846768079
708,708,0.702320021211,2.01870211916
709,709,0.810982576781,1.18855248803
710,710,-0.274328150919,-1.8549939248
711,711,0.863743349002,0.260483550404
712,712,-0.270103384629,-0.620817099412
713,713,-1.22820651714,-1.98655910857
714,714,-0.10487683043,-2.72923913211
715,715,-0.666062298146,2.06887406064
716,716,-0.455010657607,2.77598027868
717,717,-0.285225830971,-2.39664051764
718,718,1.37015310855,2.12672747297
719,719,0.514954738556,-1.68004280817
720,720,0.897658510798,1.92073265832
721,721,-0.280058638315,-2.26735889592
722,722,-0.603326824629,-1.85580102621
723,723,0.972993233928,1.2240756683
724,724,0.492509393616,1.1902663015
725,725,1.14017237787,1.2271655637
726,726,-0.0179653912535,-2.77808396608
727,727,-0.284774099615,-1.33112089737
728,728,1.19090876515,-0.731085800702
729,729,2.17005410093,0.818169605759
730,730,-0.119306950365,-2.90046938817
731,731,0.113592136501,-3.04835977359
732,732,0.1537098618,-1.95335783574
733,733,2.46726402252,0.411400619088
734,734,-0.174508249064,-2.56141489038
735,735,0.0535270170729,1.4527764833
736,736,0.0885340154856,-2.21877417442
737,737,-0.655987750224,1.96606242582
738,738,1.2127564358,-1.28511567678
739,739,-1.30648045814,2.16506016001
740,740,0.537091345651,-1.84690323525
741,741,0.381367547889,2.10892252668
742,742,-1.29578730362,1.63575896117
743,743,1.71361963313,-2.14981779481
744,744,0.851831189619,0.468024861744
745,745,-1.43734263311,-2.23107445232
746,746,-0.0701423246744,-1.51068074561
747,747,0.573459190855,-0.590200875761
748,748,1.83175995315,-1.41634545322
749,749,-0.467241720323,-3.01682015911
750,750,-0.150747619907,-2.76892125976
751,751,-1.72721075171,-1.51038815963
752,752,-0.134913131541,2.23176749597
753,753,2.35128681336,0.168734432714
754,754,0.00584185890704,-2.70853956192
755,755,-0.213613514766,-1.713236763
756,756,0.614525343037,-2.18074651356
757,757,0.0783140548382,-2.28107970035
758,758,-0.58060314487,-2.15064136582
759,759,0.015886336513,-1.86002366025
760,760,-1.02930590462,-2.85168326889
761,761,-0.412010736264,-1.61775989727
762,762,0.320111429376,-2.2636297669
763,763,0.232659271173,2.42385201533
764,764,1.87286055768,0.457014664644
765,765,0.218775639367,-2.06592364181
766,766,-1.26586877564,-1.76883052717
767,767,0.247898317648,-3.2227063694
768,768,0.0860386289282,-2.4574546146
769,769,-1.25667018162,-1.06448156047
770,770,-0.721763296393,-1.75609584705
771,771,0.264278087474,-1.46977009664
772,772,-0.912522034266,-2.29793286899
773,773,1.1946186792,-2.00212352396
774,774,1.66542238258,1.53951895856
775,775,0.841191048441,-2.49387358641
776,776,0.848902562724,-2.48883455778
777,777,-0.730524147803,2.20077391114
778,778,0.681223885389,0.984663808158
779,779,0.0547246312488,1.74931553667
780,780,0.276326704418,-1.81205632422
781,781,0.208067438403,2.05027544552
782,782,0.320277322764,-2.30948151668
783,783,-0.137567866381,-2.09312494772
784,784,0.277551008345,-2.54084142066
785,785,-0.37052123539,2.23733793094
786,786,0.122045345574,2.37332463201
787,787,-0.321531484182,2.30196735282
788,788,-0.274925462184,2.28123646627
789,789,-0.0327916589651,-2.12795366792
790,790,0.00290942885037,-2.36006795228
791,791,-0.608458945505,1.94718436394
792,792,-0.157618850128,-2.5181308189
793,793,1.39767557668,-1.53681462109
794,794,-0.270123172767,2.01597643426
795,795,-0.0704707835049,2.10989352806
796,796,0.00921281373201,2.21302179018
797,797,0.391672639415,-2.49660793937
798,798,2.08132747261,0.998429180537
799,799,2.35320054689,0.0931510698272
800,800,2.52784108263,-0.290326246539
801,801,2.23217528696,0.259972764863
802,802,0.410019609152,-2.31345328293
803,803,0.129105421833,-2.43560072139
804,804,2.64586698457,-0.0622583804257
805,805,-0.00555754854969,2.43929408808
806,806,-0.0588233200629,2.06557636933
807,807,-0.381540101042,2.36125319082
808,808,0.0293629383173,2.34841816617
809,809,0.378238542409,-2.15449739931
810,810,0.165552817539,-2.53933463176
811,811,0.260109903481,-2.38285388338
812,812,-0.226438888539,2.20678389296
813,813,-0.178255112137,2.6014259478
814,814,0.709286307689,-1.98273137361
815,815,2.33832503356,0.631986689668
816,816,-0.376965540707,2.12017272831
817,817,-0.137354156721,2.58983711267
818,818,0.628340333789,-2.24074824307
819,819,0.145873958174,-2.48575983711
820,820,0.00470288250238,2.45536320922
821,821,0.30382677621,-1.98752236408
822,822,2.94766983271,-0.0400585506628
823,823,2.78818497837,-0.107177988478
824,824,-0.47456297794,2.43123638867
825,825,0.149295695571,2.27136591514
826,826,2.69404627656,-0.198798457567
827,827,0.261688600041,2.50662396392
828,828,0.26869217169,-1.78433920592
829,829,0.169859031906,-2.98891768698
830,830,0.0443141307103,-2.12905198172
831,831,2.43085532901,-0.223201600671
832,832,0.194857838944,2.24828739026
833,833,-0.181475238044,2.27964860024
834,834,-0.317158187327,-2.28533924951
835,835,1.87150503401,0.284927636828
836,836,1.52376380222,0.599549104399
837,837,2.17278630955,-0.610651584681
838,838,2.09300959135,0.243212706072
839,839,-0.101720784398,-2.23171092502
840,840,0.217870461318,-2.48603106829
841,841,-0.0847248388279,2.45728511732
842,842,0.749375669728,-2.17126141006
843,843,0.237897266784,-2.36377737477
844,844,-0.0329852350237,-2.3276483533
845,845,-0.0989644526946,2.00696971781
846,846,0.321898875934,2.00282565808
847,847,0.0740012910115,2.26454891601
848,848,0.213951739857,2.20726591305
849,849,-0.0930708914883,2.28279967441
850,850,0.392878481421,-2.27124673934
851,851,0.199272490512,2.59706908289
852,852,1.0055239552,-2.42845006148
853,853,-0.184487467724,2.46923618765
854,854,0.37462747142,-2.3657132937
855,855,0.163557233901,-2.78283529684
856,856,2.63611207932,0.122849834694
857,857,-0.305952369928,-2.63728657901
858,858,-2.68355106655,0.220757611106
859,859,-1.20639794968,1.29216040396
860,860,-1.69587899972,1.46801409088
861,861,0.162938368864,-0.8571858964
862,862,-1.65211992804,-1.91164989928
863,863,-1.08039985997,2.06845868485
864,864,-0.530824959308,-2.21972535053
865,865,1.68010296047,0.336698837134
866,866,2.67222876067,0.433181161742
867,867,2.72354812247,-0.294351703822
868,868,0.107272729526,-2.54656229762
869,869,0.512986042379,-2.13596988422
870,870,0.374810660635,-0.941317070107
871,871,2.06515468616,0.484990263904
872,872,0.317872965738,-2.41290612014
873,873,-0.640402118317,1.75062917757
874,874,0.0335658009234,1.32573730334
875,875,2.86938590573,0.275837102949
876,876,-0.125533120923,-0.348149041553
877,877,-0.00770378909144,-1.0844465773
878,878,0.0337510380592,-2.58432701451
879,879,-0.257355727467,-1.27437729846
880,880,-0.325873162846,1.41221119964
881,881,0.255961144754,2.41577731402
882,882,1.75442188425,-0.010497210721
883,883,2.45108898323,0.607334780815
884,884,2.22637326963,-0.091459769692
885,885,-0.166598575812,-2.303525487
886,886,-0.40127805148,-2.34535217481
887,887,0.275691030753,-2.64352957152
888,888,2.87094947491,0.350798135721
889,889,-0.0326935719148,-2.32578119294
890,890,0.283820532047,-2.42884134436
891,891,2.07456770102,0.766061469754
892,892,-0.0545319792643,2.54157956247
893,893,0.685923097194,-2.30899131027
894,894,0.958259734879,-2.13628750044
895,895,0.78001523731,-2.47631255946
896,896,-0.0865354136368,-2.33909667042
897,897,0.0757860160736,-2.23283927477
898,898,1.3450843351,1.34765587547
899,899,0.228060507709,-2.4317245467
900,900,1.45626819665,0.883586003884
901,901,0.215808799021,2.70210731033
902,902,1.19436304137,-1.46681993942
903,903,0.174940548561,1.85081568573
904,904,-0.287852288121,1.54321332237
905,905,1.75555201636,0.747002934848
906,906,1.66257410131,0.542641905233
907,907,1.79419059555,0.938956648254
908,908,1.31391111281,-0.17775693873
909,909,2.263528913,0.589723305037
910,910,2.285420062,0.140096576464
911,911,-0.319713992291,2.50242872709
912,912,2.37166023274,0.17963409919
913,913,2.43318924676,0.093837868173
914,914,2.04030030384,-0.609308966684
915,915,-0.102558697728,1.66722046286
916,916,-0.183874704113,2.27153098652
917,917,-0.0456337353597,-2.1386211026
918,918,-0.00647581962675,-1.80657702204
919,919,1.63472653755,-0.690247943899
920,920,0.889911535068,-1.7562355006
921,921,0.576384540388,-0.299377900743
922,922,0.145074222188,-2.43482882432
923,923,0.856601586753,-2.21943010492
924,924,-0.39472317413,1.91427073159
925,925,-0.21158710154,1.39570710914
926,926,-0.816756448344,-1.43910166378
927,927,0.483671420434,-2.08272112315
928,928,-0.142243898633,1.09287521287
929,929,0.877995185898,1.96152065983
930,930,0.0680693345729,2.13146077276
931,931,2.19176496187,0.0552414576176
932,932,1.03236668991,-0.737837408901
933,933,2.43074140802,0.0487273082736
934,934,2.93244607027,0.0816770176656
935,935,-1.56781221936,-1.76157787452
936,936,0.762996297429,0.500323915054
937,937,1.16265425325,-0.618889633443
938,938,0.251031467997,-1.92230309952
939,939,-1.01211805632,1.32696847357
940,940,-0.453489025431,1.34555673591
941,941,1.26893215001,1.6650643287
942,942,1.75544769894,0.539521745708
943,943,-1.03908187995,0.167714418432
944,944,0.115938255913,0.787166405184
945,945,-0.128711559833,-1.62004440338
946,946,-1.42532445187,-1.42849073282
947,947,-0.470651034571,1.57361951539
948,948,-0.764383726018,-1.11824161371
949,949,-0.483948769383,-1.95351834744
950,950,0.397899720551,0.908280341669
951,951,0.200924275743,1.1785266471
952,952,0.076543629805,-2.13591341019
953,953,-0.00151583483281,-2.77856006885
954,954,0.480842646095,0.996500084428
955,955,-0.256773042823,-1.02835508069
956,956,0.046367967128,1.99060457032
957,957,0.256717566585,0.948699506005
958,958,0.533754437711,-2.26842992755
959,959,0.0575527023248,-2.04169585502
960,960,-0.25562212119,-2.07872632858
961,961,0.287757530661,-2.24356759163
962,962,-0.207955171589,2.47070969839
963,963,1.00703876388,-0.618411883348
964,964,0.227490656735,-2.19494411037
965,965,-0.479316504214,2.53481665859
966,966,1.12497304409,-0.40767020408
967,967,2.60983195443,0.361682948586
968,968,-0.756445217274,-1.37642471629
969,969,-1.45630356865,-1.89757720705
970,970,-0.890100680662,-1.4666052096
971,971,0.0116643312279,1.81139945535
972,972,-0.694382725084,-0.533461403323
973,973,-1.53406754178,-1.8260101967
974,974,-1.25208299302,-1.54138986958
975,975,-1.17467358949,-1.43746170562
976,976,-0.483161955353,-1.41084260388
977,977,-0.467547965125,-2.13333808012
978,978,-1.12953132258,-1.86128125391
979,979,-0.256653266823,-2.08587702313
980,980,0.359226702668,-0.775188537695
981,981,2.53648260899,-0.202265490457
982,982,0.0191130385933,-2.24548616125
983,983,-0.885563712786,-1.39315617559
984,984,-0.304430335523,2.95819727798
985,985,-0.161242849748,-1.44587591576
986,986,-0.476166175531,-1.55756693257
987,987,-0.854322539838,-1.92498769999
988,988,0.213099940608,1.24172485422
989,989,-0.937592165715,-1.55016556305
990,990,-1.26182265318,-1.98485893776
991,991,-0.0667075986907,2.87068712727
992,992,0.0857079379548,-1.50493389069
993,993,-0.160843346527,-2.3820531817
994,994,0.256520766104,-2.73076357997
995,995,2.0006529426,0.375767524644
996,996,0.578842124842,-2.16961977442
997,997,-0.692704789496,-1.49144422461
998,998,-1.17000944136,-1.23814172157
999,999,0.170054061835,0.337409925206
1000,1000,-0.396681145423,0.851949151451
1001,1001,-0.566122093137,0.927872151629
1002,1002,-1.02565340053,-1.06721889334
1003,1003,-1.51968543906,-0.916542817606
1004,1004,-0.215425460429,1.93935418841
1005,1005,-0.259614842041,2.59936688184
1006,1006,0.960407372414,-1.56048998125
1007,1007,0.288673401961,-0.338315056759
1008,1008,-0.23967254641,2.26268061043
1009,1009,1.01845533326,-1.81388346856
1010,1010,2.32403657668,-0.0012398758465
1011,1011,2.41851862397,-0.11649817592
1012,1012,2.51230716653,-0.200462450821
1013,1013,0.905976166488,-2.08806158112
1014,1014,0.00689819140436,1.9883415735
1015,1015,0.47359067098,-2.36812159604
1016,1016,-0.797649322737,-0.635291703303
1017,1017,-0.532104856372,1.77838312107
1018,1018,2.52986223563,-0.0416196856085
1019,1019,-0.397437601921,1.85693078854
1020,1020,0.362411126744,-1.63978576193
1021,1021,0.566784618145,0.108982906757
1022,1022,0.0654831185296,-1.50640574611
1023,1023,-0.647695045975,1.83609742985
1024,1024,-0.238262445508,1.01908953624
1025,1025,-0.137572070709,0.985734304473
1026,1026,0.528484542086,0.334025252105
1027,1027,-0.228110889073,-0.0485311352916
1028,1028,-1.04473414226,0.334318362726
1029,1029,2.48699236269,0.31768000805
1030,1030,-0.396938368987,0.95599039991
1031,1031,0.522302161817,1.95252442818
1032,1032,-0.479857234405,0.991324686952
1033,1033,-0.836279962697,-0.34191656605
1034,1034,-0.355151200744,-1.7049695584
1035,1035,0.714108610489,-0.986521922946
1036,1036,-0.354641162022,-0.681484849358
1037,1037,0.240326841902,2.35910281316
1038,1038,1.24137029084,-0.81662867877
1039,1039,2.12763762101,-0.663875919229
1040,1040,0.123810898639,-2.60668000755
1041,1041,2.33331396251,0.1612807775
1042,1042,0.232474787646,-2.2079189548
1043,1043,0.228317924813,-2.81117956391
1044,1044,-0.792121880857,1.698412083
1045,1045,-0.683210536691,1.95045781609
1046,1046,-0.745897877312,2.21542588305
1047,1047,-0.404351435827,1.94805590951
1048,1048,1.07367686016,-2.03487901887
1049,1049,-0.229828991383,2.28710218394
1050,1050,1.40526908121,-1.97450720322
1051,1051,0.46554780728,-2.32805291567
1052,1052,-0.324743363596,2.23033571952
1053,1053,-0.596075594872,2.00353763278
1054,1054,-0.633011830812,2.33497587401
1055,1055,-0.164692473809,2.70316685716
1056,1056,0.743480907201,-2.08951902226
1057,1057,0.741665596558,-2.25624043153
1058,1058,0.284030580775,-2.28178985205
1059,1059,-0.0743328500922,1.69488101424
1060,1060,-0.139629422987,2.15101321568
1061,1061,0.880710856991,-1.67130265556
1062,1062,0.205998736419,-2.35060624898
1063,1063,0.841423259229,-2.22455927953
1064,1064,-0.357597597086,2.1783798689
1065,1065,-0.304236252112,2.48321637825
1066,1066,0.0592117412122,2.36905614306
1067,1067,-0.242615917108,2.37535980592
1068,1068,0.655372932133,-1.93219830214
1069,1069,0.0985016908713,2.32539255731
1070,1070,-0.786515335845,2.37764238151
1071,1071,0.158089392942,-1.97545635723
1072,1072,2.07829078979,0.64742674457
1073,1073,0.0319205586398,-2.59043949456
1074,1074,2.92256657984,0.0108003476439
1075,1075,-0.873314721041,-1.13477838784
1076,1076,0.635665796449,0.649533406496
1077,1077,-1.13494698593,-1.11767628943
1078,1078,-1.30085469102,-1.1246900382
1079,1079,-0.818022088932,1.75664077502
1080,1080,-1.50192749787,-1.38141415709
1081,1081,-1.64279966087,-1.38291279228
1082,1082,2.1342513919,0.14974598883
1083,1083,-1.36416961207,-1.5382690099
1084,1084,-0.637553985263,1.98460288543
1085,1085,0.29593909976,1.41151686461
1086,1086,-0.138908354435,0.382824348674
1087,1087,-1.45965029202,0.908930156467
1088,1088,0.544388790819,1.73098238915
1089,1089,-0.160511013518,1.2546881608
1090,1090,-0.370373235409,-0.904217249487
1091,1091,-1.01887569396,0.761927070718
1092,1092,0.449231345649,1.61379356514
1093,1093,-0.783005139125,-1.67575975823
1094,1094,0.280457231195,-2.47540739571
1095,1095,-0.856781954853,2.51093381166
1096,1096,0.543686389232,-2.61653384585
1097,1097,0.163459866257,-2.50485072671
1098,1098,0.436749575376,-2.18981168416
1099,1099,-0.072769244845,-2.34413928155
1100,1100,0.437801320454,-1.90397287411
1101,1101,-0.950329900815,-1.36247255253
1102,1102,-0.353213783411,-2.05383355264
1103,1103,0.279567328529,-2.5612114203
1104,1104,-1.34762346254,-1.80703593342
1105,1105,-0.05784750815,-2.39478371242
1106,1106,2.41255769978,0.200559353437
1107,1107,-0.646250188418,2.32379999021
1108,1108,-1.57963167051,-1.68886175193
1109,1109,-0.0955934251802,2.30630928483
1110,1110,0.431114698338,-1.1780257877
1111,1111,-0.423413446097,2.49363844816
1112,1112,0.754255657191,-1.66613815991
1113,1113,2.36531804045,-0.203380294626
1114,1114,1.55997904659,0.634213640167
1115,1115,0.511569089966,-2.73589872049
1116,1116,0.578072186227,-2.26046159281
1117,1117,-0.591036519379,1.18289260204
1118,1118,0.934143198738,-1.84207022087
1119,1119,1.49481874317,-1.06872194347
1120,1120,-0.744018018424,1.77579781303
1121,1121,-0.653676864857,2.12553284637
1122,1122,-0.255445678197,2.36057458807
1123,1123,1.31809050057,0.351192152042
1124,1124,-0.73932863481,-1.87155127224
1125,1125,1.1709506752,-1.72881378603
1126,1126,-0.579024000345,2.29405715409
1127,1127,0.478849831935,1.29213078207
1128,1128,1.74450390074,-1.00764091227
1129,1129,-0.677170845261,2.22603265907
1130,1130,0.928953765902,-1.72020075056
1131,1131,-1.12440400481,-1.91009807207
1132,1132,0.374058684985,-1.94224129701
1133,1133,0.123006548506,-2.43342216718
1134,1134,0.393487138432,-2.54692768063
1135,1135,0.678600155335,-1.89636703014
1136,1136,0.0365382078512,2.83534315615
1137,1137,-0.0783927224761,-2.47939565575
1138,1138,0.394794713872,-2.5222614076
1139,1139,0.338727195032,-2.04855396124
1140,1140,-0.284629682169,2.06592924027
1141,1141,0.282275128015,2.25757458059
1142,1142,-0.30689934659,2.46887245333
1143,1143,1.07219275386,-1.55220798387
1144,1144,1.40465034273,0.746311925146
1145,1145,2.70135550261,-0.0116081013804
1146,1146,1.16429142894,1.59200366398
1147,1147,0.40595347437,2.16671155493
1148,1148,0.30295316852,-2.67429410165
1149,1149,0.507384185239,-2.51936169549
1150,1150,2.76612655503,0.124519723567
1151,1151,-0.311086128458,2.55405206731
1152,1152,0.310509311891,2.98269572608
1153,1153,2.48371501769,-0.337036349101
1154,1154,-0.28564307938,-2.45111995838
1155,1155,-0.027384969008,-2.61203276801
1156,1156,1.82215108091,0.503524504574
1157,1157,-0.168500119301,2.23550833527
1158,1158,2.07687536949,0.535128040236
1159,1159,2.60009071993,0.0580985309701
1160,1160,-0.189715578173,2.18155568167
1161,1161,0.261396121991,-1.23207135885
1162,1162,-0.106089326865,2.32253041793
1163,1163,0.467602181614,1.90213825132
1164,1164,0.727613665885,-2.04821325412
1165,1165,1.36072493857,0.473302859981
1166,1166,0.5958110637,2.08038932862
1167,1167,2.61352216292,-0.113816810923
1168,1168,0.94216587606,-1.70800329222
1169,1169,2.50185166227,-0.274984058361
1170,1170,2.12351263788,0.110205066482
1171,1171,-0.245201804213,-2.45074745998
1172,1172,0.297251459821,-2.40987905087
1173,1173,-0.432786942413,2.53033104802
1174,1174,0.1394897665,2.68912733787
1175,1175,0.355321615913,2.17332975789
1176,1176,0.0524397942066,2.50390847361
1177,1177,0.367273381919,-2.00824122827
1178,1178,1.6793755887,0.631942850953
1179,1179,-0.10003775521,-2.69102614398
1180,1180,-0.0354134024503,-2.70024334533
1181,1181,2.39392595558,0.230293691152
1182,1182,-0.424844300594,-2.55959992082
1183,1183,-0.0169872936478,2.68414673815
1184,1184,-0.307423003,2.11295177787
1185,1185,1.17618677679,-1.89876277541
1186,1186,-0.282765962909,-2.73921320395
1187,1187,-0.226778608794,-2.29774560803
1188,1188,1.06201180811,-1.68147688617
1189,1189,-0.476263053402,-2.56520617982
1190,1190,-0.338092661074,-2.60919785656
1191,1191,0.36306537849,-2.14494750813
1192,1192,-0.200797067399,-2.1089838702
1193,1193,-0.204940354707,-1.93262308317
1194,1194,-0.0657786827022,-1.78992271862
1195,1195,-0.186083430867,2.11793053337
1196,1196,1.8496346913,-0.097276212943
1197,1197,2.39678402404,-0.0256188395774
1198,1198,2.28215855609,-0.0744899420485
1199,1199,2.52396042108,0.0553392852497
1200,1200,0.64472946957,-2.19337308882
1201,1201,0.792027730207,-1.94183050292
1202,1202,-0.620623584524,1.73397002694
1203,1203,-0.692746117515,2.39837444593
1204,1204,-0.336008243576,2.11895955834
1205,1205,1.05413783494,-1.99219691084
1206,1206,-0.355298160866,2.22185716026
1207,1207,0.0419528208234,-2.56561240115
1208,1208,0.297973167722,-2.05965726065
1209,1209,2.23849306586,0.173826188096
1210,1210,2.54890648666,0.114370885671
1211,1211,-0.126109749077,2.29875080493
1212,1212,1.01837779367,-1.95653769256
1213,1213,2.6945033959,0.402030381218
1214,1214,1.62429920743,0.352398337091
1215,1215,-0.0974612749886,-2.5761281754
1216,1216,0.115761389677,-1.6462383874
1217,1217,0.0033712744496,-2.54465430366
1218,1218,0.258637826337,-2.03084007426
1219,1219,2.33833002276,0.140288933197
1220,1220,1.36781996074,-1.30276699315
1221,1221,1.38838749317,-1.12390044626
1222,1222,1.13613436084,0.577996663308
1223,1223,1.45499557809,-1.03943358141
1224,1224,2.83115641277,-0.179890302121
1225,1225,2.72806790745,0.0659363137912
1226,1226,0.376084296131,-0.193534375617
1227,1227,-0.242601187073,2.51573603173
1228,1228,0.694164913614,0.0194820225934
1229,1229,-0.15756447706,2.28804887193
1230,1230,-0.0782281022451,-2.53504567441
1231,1231,0.48597947589,-2.45056153718
1232,1232,-0.373611096101,2.76443234595
1233,1233,1.16444733973,-2.24867344015
1234,1234,-0.0605999086949,2.47651968143
1235,1235,0.342712001288,-1.81373947173
1236,1236,2.45498101816,0.144682080062
1237,1237,0.52341505534,-2.36101403014
1238,1238,0.169486174754,2.34792206862
1239,1239,0.830166412191,-1.73566048208
1240,1240,-0.159413900811,-1.87554956602
1241,1241,2.3635364321,-0.189623013592
1242,1242,0.247185231312,-2.2659380339
1243,1243,0.0991104562992,-2.48335720656
1244,1244,0.507419884049,-2.12352291257
1245,1245,-0.0562589710014,2.56049601207
1246,1246,0.378672406981,-2.23401338753
1247,1247,0.129178256706,2.19713789128
1248,1248,-0.239041949656,2.45619407157
1249,1249,0.748127965681,-2.4209068982
1250,1250,0.164950781279,2.29672837299
1251,1251,0.0416771080245,2.49320923668
1252,1252,-0.0757140124441,2.62350568204
1253,1253,0.720304789087,-2.12316234878
1254,1254,2.33770271477,0.456662690168
1255,1255,2.72662550197,-0.179129182953
1256,1256,2.42493316413,0.041867621662
1257,1257,2.7162720883,-0.189375296945
1258,1258,2.50533830147,0.480234551936
1259,1259,2.21043470785,0.226269523053
1260,1260,2.52103700875,0.203020691997
1261,1261,2.45215038996,-0.0134192478893
1262,1262,-0.0403696829285,-2.0263759851
1263,1263,0.340388183167,-1.95176268961
1264,1264,2.49828052136,-0.164563631978
1265,1265,0.154657456425,2.87118967485
1266,1266,1.19847048645,0.120343462639
1267,1267,1.74893375749,-0.289568417217
1268,1268,0.134964652432,-2.24255167018
1269,1269,0.138336116642,-2.30028379511
1270,1270,1.70975695869,-0.19125396665
1271,1271,0.0998195955721,2.57311913395
1272,1272,1.99433486772,0.605974188227
1273,1273,-0.0343203867063,-2.07800530581
1274,1274,0.57058903225,-0.561133964702
1275,1275,-0.0750918469478,2.40896445155
1276,1276,0.662265470482,-2.35221285464
1277,1277,0.409183408961,-2.10805898571
1278,1278,2.36445433146,0.183309538773
1279,1279,1.94559361832,0.173779817328
1280,1280,0.917615576461,-0.234745278046
1281,1281,2.68457298051,-0.101729943091
1282,1282,2.11974996699,0.135958066816
1283,1283,2.2948448122,0.443051659052
1284,1284,-0.463447616816,-2.16179301964
1285,1285,1.36908924044,-1.78273777953
1286,1286,0.0963780624433,-0.566814458132
1287,1287,1.92100638549,0.92763643477
1288,1288,-0.19233157704,-2.10163520209
1289,1289,0.132238162135,-1.98722081573
1290,1290,0.142868883557,-2.22871804834
1291,1291,0.799527000967,-0.390630758466
1292,1292,0.503600117387,1.70007910693
1293,1293,2.19244567489,0.064317327669
1294,1294,2.50556215974,-0.0207302140443
1295,1295,0.86741314778,-0.721165639776
1296,1296,0.16456851826,-2.40545743408
1297,1297,0.269883051816,-2.20383344376
1298,1298,1.49453789397,-0.901049082026
1299,1299,-0.0838164629104,2.51306847223
1300,1300,0.507567217837,-2.12303822879
1301,1301,0.0481691989482,2.80947235817
1302,1302,-0.405058559229,1.78677124256
1303,1303,1.04259522629,-2.27968512421
1304,1304,-0.373128118421,2.1019936647
1305,1305,-0.375790120424,2.20325729555
1306,1306,-0.427510158364,2.55560534675
1307,1307,-0.629772581464,2.61591080824
1308,1308,-0.127566248612,2.08757111259
1309,1309,-0.577702754279,2.33172832461
1310,1310,0.562427096604,-2.27084306305
1311,1311,0.0968519752233,-2.82712292279
1312,1312,-0.135588780396,2.50612071486
1313,1313,-0.0522084067712,-2.5496959826
1314,1314,1.36606093839,-2.53478900641
1315,1315,0.140422443706,-2.32300848174
1316,1316,-1.00631862009,2.29059373093
1317,1317,0.234391288985,2.42415600151
1318,1318,0.531522748906,-2.169631435
1319,1319,-0.583187133257,2.15126115993
1320,1320,0.0836132875063,2.30102453993
1321,1321,-0.70835417264,2.21660811954
1322,1322,0.176111396873,2.2496926322
1323,1323,0.0874200466972,2.20121493913
1324,1324,0.9181864907,-1.90000211058
1325,1325,1.07690840503,0.767467374722
1326,1326,2.33596680655,0.252056857037
1327,1327,-0.0866379306189,-2.37282958655
1328,1328,0.302257852052,-2.33724472984
1329,1329,2.45387190374,0.00601088505817
1330,1330,0.107815794269,2.61059350416
1331,1331,0.864682576281,-2.00675963267
1332,1332,1.74389856132,0.68628441358
1333,1333,0.22707530634,-2.04265581999
1334,1334,0.315627493833,1.97430188313
1335,1335,0.5984243893,2.15861895433
1336,1336,1.09986822678,2.03711102752
1337,1337,0.0779983979365,2.07510683962
1338,1338,1.74668012323,1.45879660239
1339,1339,0.214634577617,2.5554917595
1340,1340,0.976490991246,1.37279118257
1341,1341,0.844775127535,1.29119897596
1342,1342,1.34735999064,1.28212914162
1343,1343,-0.197112046824,-2.66087153258
1344,1344,0.306886770788,-2.04627042432
1345,1345,1.19201663547,0.722108329823
1346,1346,-0.032129956872,1.91981406366
1347,1347,1.84549999242,0.451112089143
1348,1348,0.928106998727,1.85842150366
1349,1349,0.133774165113,2.35057969643
1350,1350,-1.28919165316,-1.89535792329
1351,1351,1.87863741569,0.779224684229
1352,1352,-0.982070273974,-0.988774998526
1353,1353,0.121781818456,-2.18698753716
1354,1354,0.556090093539,1.73257631235
1355,1355,1.25784673798,1.1725074588
1356,1356,2.39730805179,0.406382579882
1357,1357,0.813678304568,1.65462405817
1358,1358,0.750614102572,1.74468063456
1359,1359,0.724495331292,0.68682666305
1360,1360,1.75984320065,0.404431442115
1361,1361,0.399332416359,0.523236804235
1362,1362,-0.832396879072,-1.63826690115
1363,1363,-0.379210830559,-1.91804804038
1364,1364,1.89598912343,0.212115657864
1365,1365,1.36753176,-0.414941342
1366,1366,2.64940061349,0.496697527478
1367,1367,-0.461231545887,0.899134483123
1368,1368,-0.0445394695682,2.44996425222
1369,1369,0.474261015883,-1.87803377478
1370,1370,0.755412380143,2.2437771827
1371,1371,2.91809690136,0.0583922787548
1372,1372,1.88363709188,0.547360709691
1373,1373,-0.240508677601,1.84321891487
1374,1374,1.43328259402,0.538975747322
1375,1375,1.41165524388,1.68087406154
1376,1376,0.605142469791,1.1768274706
1377,1377,-1.06593679378,-1.3732342679
1378,1378,0.220546047753,-1.85563104927
1379,1379,1.57674423949,1.35848470961
1380,1380,0.28123416958,2.37431668815
1381,1381,0.95562214383,1.8552477901
1382,1382,0.212076721431,-3.08960421886
1383,1383,-0.428630828189,2.43519944782
1384,1384,1.8458022809,1.44567018393
1385,1385,2.68395241275,0.447986981075
1386,1386,1.32863501694,0.691273985345
1387,1387,1.83584403546,1.48242749495
1388,1388,3.15504882061,0.785951305109
1389,1389,1.6349486814,1.27535134936
1390,1390,0.00481483437178,2.48268343834
1391,1391,-0.00048023160824,2.29808451016
1392,1392,0.424658541245,-2.24338535264
1393,1393,0.717395841741,0.535332019542
1394,1394,0.876458346504,0.157157988353
1395,1395,2.6238703233,-0.313834760762
1396,1396,2.73623370554,0.760837194021
1397,1397,1.40489418638,-2.31325525713
1398,1398,0.610075098346,2.0517087158
1399,1399,-0.141660176181,-1.99239605823
1400,1400,0.917355028029,0.132740291212
1401,1401,-1.5572525809,-1.37344053514
1402,1402,-0.21978079205,2.38500900761
1403,1403,1.09796729206,0.040937632711
1404,1404,-0.0324081995482,2.1655299725
1405,1405,0.967889800826,1.44186308049
1406,1406,-0.0136563951438,3.13811668962
1407,1407,0.0127062845871,2.80054895174
1408,1408,0.0395426699653,1.90492970772
1409,1409,0.420733155568,3.29415018536
1410,1410,0.149962226906,2.1841711594
1411,1411,-0.0272718276028,2.10831965278
1412,1412,-0.570668321983,2.84885416028
1413,1413,0.0164699698063,2.06303904123
1414,1414,0.0340231057804,2.77074167366
1415,1415,0.989966953181,2.97874783199
1416,1416,0.171065435045,3.32341560798
1417,1417,2.21755848223,0.12966005659
1418,1418,-0.139540577226,2.67848576587
1419,1419,0.955461048128,0.241955884174
1420,1420,-0.996599684873,-1.22544560249
1421,1421,0.202983896097,-0.00647123030547
1422,1422,0.760618045159,0.207593776571
1423,1423,2.02060971924,0.0559151404672
1424,1424,-0.125719406375,-2.75285506201
1425,1425,0.26792835442,1.67378055533
1426,1426,0.202546321679,0.648217485494
1427,1427,3.03923739116,0.670068755433
1428,1428,3.67342556718,-0.987361189651
1429,1429,2.36849824634,-0.0348328997617
1430,1430,1.8788449513,0.589882370766
1431,1431,2.06720279187,0.36952210407
1432,1432,2.62146571286,0.0732188253669
1433,1433,1.79118448787,-0.101213951685
1434,1434,0.979437903553,1.16970223537
1435,1435,1.12531813534,0.932863544619
1436,1436,0.264408740773,-2.6197666182
1437,1437,2.07174663984,0.389467209678
1438,1438,-0.286178317018,1.69238146771
1439,1439,1.03768527836,2.10656129326
1440,1440,0.894178215934,1.99766194905
1441,1441,0.430383512602,0.864300285187
1442,1442,0.410352678777,1.91930049611
1443,1443,0.557968604331,-2.5834415825
1444,1444,1.85877494105,2.32283931186
1445,1445,0.87779480795,1.76058771667
