,vote,alpha,beta
0,0,-0.212487627021,2.27809176469
1,1,-0.83280885455,-2.783970037
2,2,3.09967695983,-0.173104534406
3,3,2.55154807262,-0.153665451661
4,4,0.873887453923,-1.57234559277
5,5,3.69172731038,0.00643900317814
6,6,2.35514094732,0.593524733062
7,7,2.22967196082,0.783900636986
8,8,0.282886209342,-1.80922534514
9,9,1.37725521483,-1.44304238211
10,10,2.54451979158,-0.162715705016
11,11,3.07737258433,-0.0445087187598
12,12,2.11289404743,-0.104366996453
13,13,2.89838240477,0.199381431348
14,14,3.41502577,0.612017538956
15,15,2.30579431056,0.246275903851
16,16,0.129717702322,2.47835411482
17,17,0.556899338262,-0.6379712261
18,18,2.85074630456,0.397103422912
19,19,2.36039333506,-0.143982596443
20,20,1.60242588722,-0.673314860385
21,21,0.461035546875,-3.21178405179
22,22,-0.064561526588,-2.32420358568
23,23,3.40088210117,-0.360707450789
24,24,0.968902800813,-2.50543815887
25,25,1.3184113662,-0.235098413185
26,26,-0.751519560252,-0.0745447637104
27,27,-0.0569635394865,2.85370275662
28,28,2.39409041901,-0.0907585720672
29,29,2.67252945734,0.375027531166
30,30,2.86099945387,-0.10725345196
31,31,2.61886301854,0.189425595428
32,32,-0.0577338981772,-2.46388729527
33,33,0.0618841448142,-3.53429247515
34,34,1.40663001732,-0.440334815939
35,35,-0.413887980819,2.7079318055
36,36,-0.696293018574,-2.86413348057
37,37,0.102983155524,-2.33247334608
38,38,0.501691860276,-3.04369877348
39,39,-1.10554868264,-1.63831369337
40,40,2.30980078752,-1.75980348174
41,41,0.330870440061,3.03288371576
42,42,-0.360305422041,-2.38414635377
43,43,2.58819862365,0.327147057885
44,44,3.35667336646,-0.364338490862
45,45,3.46783568695,-0.326734786907
46,46,2.45012672166,0.191308966069
47,47,2.21509456717,-0.230876648657
48,48,2.77482941871,0.506773158738
49,49,2.6144592977,2.09511125465
50,50,-0.0402287092563,-2.84290089682
51,51,0.139555571709,-2.31208870115
52,52,-0.412616016865,3.31807037272
53,53,-0.324524631977,-2.85497360062
54,54,0.466003625317,-3.04307104836
55,55,-0.116722303249,-2.33189714309
56,56,0.606569005445,-2.57044504862
57,57,-0.579849678909,2.25833558792
58,58,0.394750943306,3.40327040807
59,59,-0.339405357459,-1.83721154861
60,60,0.84894645464,-2.38741519978
61,61,2.34323175025,0.258888404633
62,62,2.26189872846,0.207475495713
63,63,2.81970707461,0.0139920838183
64,64,2.66994966551,-0.59159656524
65,65,2.46637670886,-0.230183576623
66,66,-0.0948663020018,-2.4219954539
67,67,0.485847287995,-2.27513286249
68,68,1.272598239,-2.2275661102
69,69,-0.473380780946,-1.73338999727
70,70,-1.19888892,1.58381334731
71,71,-0.770698144575,2.13377967766
72,72,-1.01901822906,2.33227271035
73,73,-1.35511817165,2.75417054728
74,74,-0.83939398332,2.4781010884
75,75,-1.02621709905,2.3473429526
76,76,-0.588837315179,2.12393758806
77,77,-0.649037248214,1.30630455901
78,78,-0.0416972640261,2.95798063514
79,79,1.37118159476,-2.3939659575
80,80,-0.931920162376,-2.37957947917
81,81,-0.474968063225,-3.21842836784
82,82,0.643952883137,-3.74121652446
83,83,0.0286429447352,2.65669717284
84,84,-0.258374822615,-1.87382596776
85,85,3.23259615378,0.43529484256
86,86,2.31199913167,-0.716920722931
87,87,-0.013953941284,-3.26436220165
88,88,-0.524307071463,-2.89177626696
89,89,-0.5754779537,-0.827031642842
90,90,0.253289775437,-0.457321608161
91,91,-0.34198850546,-1.93939173295
92,92,-0.967856029919,1.98982577995
93,93,-1.13916518733,-2.15233904609
94,94,0.349968824384,3.11624139558
95,95,2.21505902908,-0.109646294364
96,96,-1.40947304376,2.22022328838
97,97,-0.433571120237,1.81421416556
98,98,-0.307461049473,0.244696614083
99,99,-0.271222934527,1.91421584361
100,100,-0.359719262685,1.72975034033
101,101,-0.861644799729,0.412010117564
102,102,-0.396256209017,-1.79340349958
103,103,-0.82344742381,1.8187465982
104,104,-0.26924127296,-0.827038984845
105,105,-1.13932799236,-0.107408127092
106,106,0.837474879617,0.992651418086
107,107,0.145985344301,-1.38581504849
108,108,-0.436459463862,0.531492443782
109,109,-0.548879168579,0.570854267327
110,110,1.29865180453,1.39840090375
111,111,-0.000167447074039,-1.86279937371
112,112,-0.451167076074,-1.39070992123
113,113,-0.565301745918,-2.06239599329
114,114,0.501549973148,2.98892985875
115,115,0.237117929182,-1.30823318784
116,116,3.2324396189,0.0101946693713
117,117,2.92206321389,-0.0228801444567
118,118,0.374294365735,-2.06296218223
119,119,2.02418618573,-0.505033311995
120,120,2.47936248706,-0.070689826534
121,121,-0.459948346791,2.76498185843
122,122,1.33293735801,-1.39515325826
123,123,2.837822857,0.0727970712971
124,124,0.971441565341,1.87950015507
125,125,0.577002442635,-3.06666956304
126,126,0.246734226248,-2.86218006379
127,127,-0.871601728669,0.691224155228
128,128,0.140414914816,-2.09600935454
129,129,-0.316022505757,-1.20526909041
130,130,-0.874211433142,-1.54995847229
131,131,0.834260204507,0.74560606668
132,132,-0.477183711685,-1.80831304256
133,133,0.020865631862,1.25193278906
134,134,0.416533591058,-2.33478331639
135,135,1.30809868856,2.28680204537
136,136,-2.20494530382,1.473873236
137,137,-0.547949753966,0.745152343896
138,138,-1.4213645981,0.711121039686
139,139,-0.113617664044,2.28725342917
140,140,-0.47993407821,0.0107375687273
141,141,-0.79616958766,0.522012732755
142,142,0.22821834749,-1.91964917378
143,143,-0.842616190389,1.74925766591
144,144,-1.76803710594,2.16417305532
145,145,-0.876363990936,1.29518321032
146,146,2.01596213783,0.993522442604
147,147,-0.235117502194,1.09103797207
148,148,3.03407944238,0.387345988994
149,149,2.84672504886,0.221546986116
150,150,0.328882829442,3.08536577481
151,151,0.788786860785,-0.648530450479
152,152,2.58725265328,-0.212655869005
153,153,2.66279659449,-0.0551082854749
154,154,2.85947358328,0.450342029493
155,155,0.258573873316,-3.00345389983
156,156,0.10074809285,-2.14090743014
157,157,3.37023374263,-0.239516071386
158,158,0.184173654363,-1.98927929776
159,159,1.78891566297,0.801077609501
160,160,0.341361551629,-2.48021073621
161,161,0.344525300864,-1.81334631936
162,162,-0.320614005947,2.28415544939
163,163,0.269721219827,-0.315871144132
164,164,-1.2935473664,-1.13819544041
165,165,-0.258671119622,1.51957971781
166,166,0.0659859761561,-2.98748208973
167,167,-0.920978644708,1.59553993345
168,168,1.41768775838,1.65993478574
169,169,-0.00173895649414,0.0365886684102
170,170,-0.973442138143,-0.640227016627
171,171,-1.67600121212,-1.26481537964
172,172,-0.880532352982,0.917313296462
173,173,-1.19958699621,-0.649008189775
174,174,-1.28021920508,-2.31623961828
175,175,0.195901458426,1.47481184609
176,176,0.186093655903,0.711873357746
177,177,0.254919960308,-2.45471520965
178,178,-0.0446995920585,1.08080170683
179,179,-0.351465082439,-1.17080160774
180,180,-1.3881041511,-1.84697285832
181,181,0.973185237041,-0.445676101134
182,182,-0.354536814395,-1.25190946767
183,183,-0.0243454359747,1.13802765943
184,184,0.109934005259,0.449589576552
185,185,-0.247039846268,0.204742841455
186,186,0.601036332441,-0.478311927788
187,187,-0.00453121157632,-0.36360405729
188,188,-0.056960120583,-0.673059583779
189,189,-0.00697728038708,-0.313131768681
190,190,0.201830008834,0.339539387625
191,191,-1.60709218847,-2.2368893763
192,192,-0.655201174574,-2.62811432712
193,193,0.0763472691614,3.00090722627
194,194,-0.239423492399,-0.812036425962
195,195,2.2348776093,-0.000270323022763
196,196,2.36964743216,0.232853911314
197,197,0.127995627781,-2.69180979242
198,198,-0.773395380099,1.13269093734
199,199,0.406984598415,-2.27192266236
200,200,0.267353243874,1.71166435162
201,201,-0.333810791614,2.6157627883
202,202,0.98022918599,-1.97919530975
203,203,2.65598749139,0.213531609908
204,204,-0.131319057526,2.34981804787
205,205,0.634036419376,-2.49796497754
206,206,0.258676352501,-1.29810156212
207,207,0.358392230242,-1.6155445991
208,208,-0.426301072174,1.86583291907
209,209,0.0372156723476,-2.16293759094
210,210,0.412946174446,-0.637177836216
211,211,-0.410216827529,-2.36651515293
212,212,0.427490381545,1.85439855908
213,213,-0.987689164505,2.33710284713
214,214,-0.0514517289345,3.10518525191
215,215,0.436718138861,-1.83338047254
216,216,2.15602220498,-0.772590195441
217,217,2.07352741983,-1.42379520407
218,218,2.62129183089,0.0527200822296
219,219,-0.19117997358,-2.61665307882
220,220,0.490702628229,-2.16619596167
221,221,1.91043870321,0.712172064282
222,222,-0.462206748584,2.57983917533
223,223,-0.280888405926,2.17172568976
224,224,-1.30606363415,1.78635463934
225,225,-0.416311913337,0.188938959508
226,226,-1.96119088925,-2.39500413255
227,227,-0.501886328131,1.80049980515
228,228,-1.6488037804,-2.06070555321
229,229,0.530751909829,2.17951153176
230,230,-1.54544699039,-1.5514900647
231,231,1.74136669857,0.795366516474
232,232,0.161933529336,1.60816512749
233,233,-0.700712481464,1.85778346099
234,234,-0.754682728107,1.89158276091
235,235,-0.910494928262,1.56030849695
236,236,-0.643461917055,1.48120351879
237,237,-1.33291276713,0.753474026426
238,238,-1.09282142078,1.48511376252
239,239,-0.853905020494,1.32247865899
240,240,-0.601650843918,1.35879291555
241,241,-1.36012216079,1.95101002623
242,242,0.795998775107,-2.42275318209
243,243,-1.59933645173,-2.24058769665
244,244,-0.430416152587,1.96906098243
245,245,-0.0144683397663,0.943669495005
246,246,-1.17792195449,-0.636789483937
247,247,-0.309114599669,1.18865407671
248,248,-0.53665278112,0.298843547463
249,249,-0.441435779899,0.321713365379
250,250,-1.32846726748,0.874517908688
251,251,0.399339738754,1.29188082589
252,252,-1.60061235554,-1.27556900558
253,253,0.427601247852,-2.68153307857
254,254,0.0976272715261,-2.00979730336
255,255,-0.563395319706,1.32919082571
256,256,-0.177652173124,0.598917838232
257,257,-1.16983742992,-1.56325449541
258,258,-0.296247475284,2.22240596043
259,259,0.0368838631156,-1.89536518274
260,260,-0.224354370802,-2.77939616959
261,261,-0.401488481667,-3.29415193723
262,262,-0.264056321017,2.06813446782
263,263,-0.234720873099,-2.2916096546
264,264,0.0994558515834,-2.5871163908
265,265,-0.313278822341,2.92934591945
266,266,-0.396701890447,-1.72991054082
267,267,2.94450153777,-0.227284738979
268,268,3.55980271369,0.219400352088
269,269,3.2943808477,-0.0481209538225
270,270,0.425304317691,-3.44532158206
271,271,0.478366289487,-2.54094899807
272,272,-0.905882933546,0.221287632731
273,273,-0.248349246246,2.85922806663
274,274,1.473144623,-2.28354971676
275,275,-0.0460168655658,2.45614616559
276,276,1.04574776734,-2.22556330673
277,277,0.225025983042,-2.38150219465
278,278,0.443644256641,-2.29909572239
279,279,1.2130596066,1.69119230348
280,280,0.489811649041,-2.42933633013
281,281,0.133303243092,-1.89119950901
282,282,0.141598664554,3.05222494736
283,283,-0.548722451599,-3.08976005658
284,284,-0.606973671777,2.11873396697
285,285,0.337393791006,2.35613354897
286,286,-0.0480628448513,2.88512023131
287,287,-1.53357633962,-3.15200643102
288,288,2.17799589541,-0.0761354356513
289,289,3.20085743861,0.393663336673
290,290,0.403377357773,-2.79695182624
291,291,-0.374134022075,-2.62696781255
292,292,-1.57315977429,0.624071157393
293,293,1.32266754799,-2.29028268744
294,294,-0.417706747278,1.48656279995
295,295,-0.951913817214,1.21514728863
296,296,-1.67953862459,0.893197610452
297,297,-1.35913296442,-0.988269905036
298,298,-0.415375372815,1.60758615402
299,299,-0.546839957018,1.76591171182
300,300,-0.202024410989,-0.333726040793
301,301,0.314918626084,0.0739652775546
302,302,-0.0997348448823,0.490319786384
303,303,0.303655177149,0.352882094757
304,304,1.0334270965,-0.526898617719
305,305,1.21170024531,0.578344220344
306,306,-0.494302643077,0.536291371771
307,307,0.521010757647,-1.93172287074
308,308,0.833879058575,-0.178175833526
309,309,0.464119768611,-2.22049260057
310,310,1.12128105176,0.725384207905
311,311,-1.29459728674,1.18489842182
312,312,-1.65865431178,1.86419166324
313,313,-0.246980093953,-0.463988757749
314,314,0.308248906974,-3.04420041707
315,315,0.366277723533,-2.89911732751
316,316,2.5411433204,-0.192545555908
317,317,0.798764089593,-2.88054404944
318,318,-0.194935751111,0.242184176194
319,319,0.425210522032,-1.91109920991
320,320,0.0439252796749,1.03256508645
321,321,-0.694224833036,-0.663395423875
322,322,0.742548302847,-2.23785884088
323,323,0.423971931236,0.413385078934
324,324,1.01915086053,1.28989349855
325,325,-0.737895188173,1.69275521845
326,326,-0.338046708267,1.80579811165
327,327,0.215311239848,-2.88855929235
328,328,-0.224273157523,0.888520879251
329,329,2.6444354002,-0.639535821501
330,330,0.00336091779859,0.178379969282
331,331,-0.26506371301,2.14296654581
332,332,0.969426460442,-0.980837390939
333,333,-0.459933420859,2.54378096101
334,334,-0.840673862954,1.97773898195
335,335,0.174720324747,3.35400551653
336,336,1.01315707526,-1.72654212492
337,337,1.86738548526,1.44921320191
338,338,0.189202211484,-2.47931540713
339,339,0.239490424769,0.490413802982
340,340,-0.103831358897,-0.352719903939
341,341,-0.490337456016,-0.973810789699
342,342,-0.742850062255,1.16304597765
343,343,-0.820664190914,0.832749570144
344,344,-0.958142515653,0.935913337906
345,345,1.64840496985,-0.358659546738
346,346,1.89930184578,-0.605342549607
347,347,-0.527438835196,2.64123382686
348,348,-0.56055430176,2.73163864492
349,349,-0.00456610597093,-2.27845995432
350,350,0.648243733536,-1.7183067975
351,351,0.0849250940051,2.70886366885
352,352,0.426138940647,-2.23415294181
353,353,0.0744690510937,-2.83328616711
354,354,-0.312914531799,-2.44521807548
355,355,1.98517221923,-0.000173138590412
356,356,0.542655764987,-1.89426960881
357,357,0.922346528892,-2.91898047313
358,358,0.114505391349,-2.51064792578
359,359,1.50689278863,-2.38444099654
360,360,0.802254871086,-1.37827258417
361,361,-0.136090175401,2.0901191732
362,362,-0.400594497378,1.92949818671
363,363,-0.207174553409,2.70881278254
364,364,-0.266767854193,2.87418985118
365,365,-0.204640035924,2.73916302491
366,366,0.318277938696,-2.56423797957
367,367,-0.208756419492,2.83943692888
368,368,-0.0250664423746,-2.59708950927
369,369,3.00014400987,1.6552913636
370,370,3.0477131661,-0.347093623951
371,371,2.54609458762,0.025744204761
372,372,2.4776992359,0.573206190978
373,373,2.21212252773,0.599517985807
374,374,2.16092208353,-0.0636884888925
375,375,2.72963680725,0.208813203412
376,376,2.59608207514,0.178548128006
377,377,2.38804243142,0.473469463626
378,378,-0.128702454839,-2.74280074845
379,379,0.0412483412259,-2.34704647789
380,380,0.402660850506,-2.89085701354
381,381,2.65899919335,0.156059691397
382,382,3.27475929219,0.433420277494
383,383,2.35877463598,1.06752697838
384,384,0.0225484643469,-2.71142147247
385,385,0.344048281288,-2.37838554999
386,386,1.89940610436,0.448802439079
387,387,-0.622302263264,2.3955573806
388,388,-0.606038876143,2.17398302292
389,389,-0.723339187403,2.61756145454
390,390,-0.421571728464,2.89847316446
391,391,3.36527437028,-0.271308573053
392,392,0.005227494453,2.60138305671
393,393,0.55721270394,-1.85069032619
394,394,-0.018085328592,-2.7777164671
395,395,0.310147926305,-2.8776059816
396,396,0.0856774405121,-2.59026529457
397,397,0.0979873886898,2.64050689324
398,398,-0.613816452176,-2.38015248334
399,399,0.360685922921,3.12109078662
400,400,0.440585428655,-3.27037959075
401,401,-0.343589880455,-2.29928008685
402,402,0.542506039056,-1.84457459509
403,403,0.866627676787,-2.1053543381
404,404,0.132043336119,2.62309600247
405,405,0.937132021407,-2.39963527397
406,406,0.906455852803,-0.778612831567
407,407,2.61943000042,-0.0263469675325
408,408,3.16852629635,-0.195016186104
409,409,2.67805978087,-0.243528026388
410,410,-0.370454092831,2.13930313425
411,411,2.6326027459,0.307325583025
412,412,0.324732581995,2.54024818247
413,413,2.99022000178,0.0131292102934
414,414,2.18115609449,0.0186255950669
415,415,-0.0428532414316,-2.36431616826
416,416,0.149597931189,-2.49404383626
417,417,0.142001199493,-3.17080316891
418,418,2.19322251062,-0.0831814065503
419,419,1.15966038536,-2.52939938725
420,420,-0.207019958318,-3.1383804512
421,421,2.33140535415,-0.105671867683
422,422,-0.035371370025,3.04098411023
423,423,1.74023628801,0.605874961408
424,424,-0.38247495005,-2.64703284733
425,425,-0.366948365287,-2.23732095366
426,426,2.23325621893,1.11766074476
427,427,-0.114870998644,-1.66411609377
428,428,0.188756699738,-2.04456669141
429,429,1.50913183589,-2.37510081182
430,430,1.10959119961,-1.78148252643
431,431,0.926757964558,-2.06631683418
432,432,-0.0207494814665,-2.13995699746
433,433,0.34951762459,-2.70447174788
434,434,-0.152039901876,-3.47283829962
435,435,-0.185179330057,-2.9688362359
436,436,0.98558676564,-2.20672861414
437,437,0.900365278321,-2.01378465193
438,438,-0.140376758852,-3.40119052216
439,439,1.64742544573,-2.17676777846
440,440,-0.0724102648284,-2.84744440453
441,441,1.17471601941,-2.04443060514
442,442,-0.320477122428,-2.7668755444
443,443,2.2403269492,0.405644094928
444,444,0.423150052761,-2.38047108331
445,445,-0.0468523835006,-2.75735008615
446,446,0.788943819717,-2.09614981406
447,447,0.368457603295,-3.10311384821
448,448,1.12113079258,-2.23029584055
449,449,3.70123133103,0.0430358569975
450,450,2.90400075355,-0.0195910643924
451,451,-0.508505364805,-3.47118725577
452,452,0.985959300838,-2.04889626455
453,453,-0.18792219731,-2.98226350969
454,454,0.960945628097,-1.84585527506
455,455,-0.105940406103,-2.7831326281
456,456,-0.103736235846,-2.65821345001
457,457,-0.204222661244,-2.67512147662
458,458,-0.432400081066,-2.4736067698
459,459,3.13492005863,-0.636791579363
460,460,0.176227148667,-2.888262238
461,461,1.36139319541,-2.46778068658
462,462,3.20726628749,0.039933050982
463,463,0.34590073275,-2.88080714374
464,464,-0.814228906445,-1.4926562183
465,465,0.793033920951,-1.89532494706
466,466,0.0498251049156,-3.42290528983
467,467,1.31154357647,-2.58829974129
468,468,0.227373618903,-2.38958415366
469,469,0.32675667499,-2.61220098308
470,470,-0.0631171386223,-0.309020860655
471,471,0.678302759041,2.71955602814
472,472,-0.324924833963,-2.74373160093
473,473,1.17142553388,-2.19451821515
474,474,-0.42945790335,1.37339958361
475,475,1.90734090222,1.92051328811
476,476,2.15070166055,2.35538960973
477,477,2.45618923186,0.360235658083
478,478,3.68767946371,-0.149349798822
479,479,-0.0426669423867,-2.39652379982
480,480,1.12658358189,-1.49142365346
481,481,-0.368053105115,2.33603243958
482,482,0.224911734158,-1.92797497177
483,483,-0.903175435178,1.05151660217
484,484,0.215533935284,0.0195015357631
485,485,1.80857928949,0.485115093662
486,486,2.31281268641,-0.16161894742
487,487,2.49946228139,0.162939008058
488,488,2.49945117374,-0.251295607335
489,489,-0.112929244832,-3.26883103476
490,490,0.736756237292,-2.80926064135
491,491,-0.787754811361,2.14835365983
492,492,-0.0329840433552,3.46093423626
493,493,1.10392791156,-1.84758462522
494,494,-0.101826932499,2.62395982546
495,495,1.28377149267,-1.44956113935
496,496,2.53565475537,-1.17383133214
497,497,-0.0557963718414,-2.44620491126
498,498,2.24736033476,0.24064014143
499,499,2.40727506966,-0.431123147774
500,500,-0.0794987953345,-3.66887194142
501,501,-0.0292355502902,-3.69526924388
502,502,0.370113092206,2.24468897488
503,503,-0.343080593951,2.98364147375
504,504,-0.142173695065,3.25646871863
505,505,0.535935237645,3.30669128596
506,506,-0.0815670930402,-1.88078903548
507,507,2.89093429396,1.03385020527
508,508,0.0603783995103,2.95865101897
509,509,-0.180272626641,-3.13178250718
510,510,2.45164586533,1.88499772156
511,511,0.234630697409,-3.84590036619
512,512,0.0848589488233,-2.40160021279
513,513,0.369884253927,-3.54303147525
514,514,-0.346667932414,2.18140719073
515,515,0.891351430552,-1.70881227623
516,516,2.28332845631,-0.185997993174
517,517,3.26768917699,-0.376770539573
518,518,-0.262003124925,-3.14242314948
519,519,0.271449976046,-2.54343059568
520,520,-0.124466396178,-2.8898859556
521,521,-0.107832822093,-3.12050896927
522,522,0.41963320288,-2.78762098407
523,523,0.204300621716,2.52432914823
524,524,-0.0881669349575,3.05692582501
525,525,-0.249599719608,2.05066621132
526,526,0.414138657752,2.24707611653
527,527,-0.0226150506818,2.40672950801
528,528,-0.600102741192,2.85476980455
529,529,-0.250287000792,-2.69950266323
530,530,-0.197035613516,-1.58290252813
531,531,0.582970982072,-2.51901766114
532,532,-0.173907024545,2.60374269761
533,533,-1.31721554179,1.53269023154
534,534,-0.510206778133,2.23349803184
535,535,0.38370714552,-2.00237642013
536,536,-0.313820671895,2.0423967074
537,537,-0.457908385891,2.66855517093
538,538,-0.406626001891,1.96001646738
539,539,-0.849627609141,2.09594432642
540,540,-0.835108154326,2.55327627122
541,541,-0.559593073883,2.99912595325
542,542,-0.921303025713,2.77290921015
543,543,0.990605801678,-2.05160658675
544,544,2.41382665973,0.542267718024
545,545,2.53338059469,0.475396850812
546,546,2.7716499306,0.410411537386
547,547,2.89730980344,-0.202712131326
548,548,2.41074058448,0.377956524671
549,549,0.210407953744,-2.84358709496
550,550,0.885333774716,-2.41301008515
551,551,0.607696035505,-0.944799483379
552,552,-0.668058077649,2.01105301899
553,553,-0.486319612699,2.23400648492
554,554,1.22962080356,-1.84337967151
555,555,1.4782748222,-0.904762047658
556,556,0.0842233043521,1.24257386651
557,557,-0.559189326432,0.22709966267
558,558,-0.736117660395,1.02055487077
559,559,0.527811025526,0.720657885455
560,560,-0.584571441595,1.29833583682
561,561,0.697110380206,-0.231478105291
562,562,2.03493813227,0.695423811417
563,563,2.49874628916,0.372435313423
564,564,2.93014586256,-0.65321397267
565,565,1.65662078212,-1.60445195694
566,566,3.3332595601,0.380024537174
567,567,2.55642663069,-0.493595123287
568,568,3.09428624872,0.329860833978
569,569,2.54142949535,-0.12274446745
570,570,-0.116759898337,-2.50994684623
571,571,-0.361120663612,-3.36493878341
572,572,0.236299746224,-3.19269859555
573,573,0.665664776456,0.041433061326
574,574,1.19391339481,-0.443601658056
575,575,0.273019716582,-2.0078125513
576,576,0.352269182472,2.86365088292
577,577,0.449592525315,-1.84391487347
578,578,2.93426110507,2.19618520028
579,579,0.135346476022,-2.81891308798
580,580,0.302914366714,-3.3109835714
581,581,0.0129475390506,2.84277492374
582,582,-0.0295033019114,2.4928400554
583,583,-0.201439199514,-1.89899656311
584,584,3.11311884977,0.398771080415
585,585,2.53138660554,0.129163795061
586,586,0.0428042885447,-3.5645891185
587,587,3.1191373743,-0.145046978949
588,588,0.0129577697631,-2.45426431742
589,589,0.735696907542,-1.05676751725
590,590,-1.9711722957,2.83879863515
591,591,-1.63059335615,1.56137516994
592,592,-1.9955435916,1.51562339139
593,593,-2.87141055266,-2.48787286887
594,594,-1.20835642218,2.24893008884
595,595,-0.56078309842,-2.44056019119
596,596,0.855785275442,-0.553382723229
597,597,2.30727395299,-0.131724965716
598,598,1.97706306106,1.82161987002
599,599,0.426401872926,-2.37166998832
600,600,-0.344127021237,2.84684030719
601,601,-0.105354859661,2.4495464038
602,602,2.06719356375,-0.430004663109
603,603,-0.0970865884544,-3.11290067705
604,604,-0.0167102498183,-3.23133604651
605,605,1.05301600708,0.606200077213
606,606,0.828753922901,2.52234556564
607,607,0.47068533357,-1.48440903552
608,608,-0.593428604314,1.11364713264
609,609,1.54008398501,-1.96143045164
610,610,-1.46406570803,2.3192900176
611,611,1.90393538772,-1.49068855888
612,612,1.46452757041,0.580005477914
613,613,0.804334838175,0.56476007562
614,614,0.909312040262,1.23197035267
615,615,0.616056420376,0.46055686978
616,616,0.438793377063,0.924563850421
617,617,0.855748270444,0.5664092171
618,618,0.745813651935,0.633385777419
619,619,1.5332375408,-2.37164111607
620,620,1.14840546924,1.39736212011
621,621,2.22225094556,0.0950745612792
622,622,1.21196549529,-2.02821365518
623,623,2.08564649108,0.9987717142
624,624,0.81461252176,1.51160721032
625,625,-0.0251024939686,-0.900598390159
626,626,-0.453311914942,-0.738859074794
627,627,0.497618473066,1.36975626364
628,628,1.3028472946,0.656036893027
629,629,1.84159523439,0.52361937349
630,630,-1.05521857257,-1.58543109257
631,631,-0.953110458989,-2.43347282163
632,632,-1.49014178989,1.23260718493
633,633,-0.840580521767,-1.23503962088
634,634,2.85349164383,0.0806201002547
635,635,-0.0128140445148,-0.146360466032
636,636,-1.05818208396,0.83584229242
637,637,-0.197439687972,0.545735754478
638,638,2.80316030032,0.621608482206
639,639,0.263210956286,0.288711991863
640,640,-0.975628712616,-1.63656662047
641,641,1.20176027053,0.526944548739
642,642,0.798921932019,0.746293216522
643,643,-0.558321787167,-0.993429188655
644,644,-0.355119313085,2.19347508695
645,645,0.336586229987,1.37784378834
646,646,1.0736590668,0.730348157745
647,647,1.77851978257,1.49250805338
648,648,2.25082336275,1.32694143732
649,649,0.328334184942,2.09217948914
650,650,2.18921230637,0.713579678537
651,651,-0.367117721811,-1.8010504385
652,652,-0.526040607843,-1.31251136335
653,653,2.26644092793,0.0376995179167
654,654,1.50286798627,2.16908545225
655,655,0.77262050156,0.710417308137
656,656,-0.774519691453,-2.00700788621
657,657,1.26034804644,0.491314241785
658,658,0.00362417825466,1.30456887724
659,659,2.69855204133,0.539353911826
660,660,1.84118010371,1.8513296106
661,661,2.37712494905,2.37567304568
662,662,2.20763313723,2.11343153394
663,663,1.43969111285,1.87012422976
664,664,1.7733882054,1.86349985918
665,665,1.75319280976,2.09167073355
666,666,1.90112046956,1.72636777166
667,667,0.256082313061,-2.98996161114
668,668,-0.55587789399,1.74328919536
669,669,1.30177371621,1.25807906285
670,670,-0.292932881189,-1.82029418678
671,671,1.12230364315,1.25036574532
672,672,2.49461804355,-0.30715133911
673,673,-0.821830519346,1.68659240844
674,674,-2.23870441032,1.90174183555
675,675,1.16417301193,-0.672939892694
676,676,0.233888296688,1.70183459949
677,677,1.70374492104,1.27757873741
678,678,2.7549753483,1.47028676135
679,679,-0.10695458748,2.43324183139
680,680,1.86955449338,0.741079730046
681,681,2.18833815558,0.492097740277
682,682,2.43271610365,-0.11501147102
683,683,1.58621626085,0.998234440372
684,684,1.66971398321,1.53660800748
685,685,-0.156481565016,2.80110177281
686,686,0.441596573107,2.99078635948
687,687,0.255650677651,2.20367831708
688,688,0.108514793425,1.98152965686
689,689,-0.0462085444032,2.33647265302
690,690,-0.764212390308,2.35506223858
691,691,2.73289615994,1.91386857227
692,692,2.01103822722,1.53166920543
693,693,-0.256270920204,-2.99319532647
694,694,2.14624758529,2.4075807844
695,695,-0.16604314177,-1.89656279851
696,696,1.22064617149,1.95319622583
697,697,1.16024166962,1.72197468472
698,698,2.15477576218,0.159413474081
699,699,2.54293919771,0.642561636263
700,700,-0.066738017681,-1.63420317447
701,701,-0.511052676262,1.23024973237
702,702,-0.571199721344,2.28337788243
703,703,0.22977184894,1.68716066745
704,704,-0.358937030353,-0.967690109266
705,705,-0.0341082901628,2.07747117809
706,706,1.33231444906,1.63562097311
707,707,-0.353820995585,-2.06832942771
708,708,1.09860794623,1.87378389691
709,709,0.855650530759,1.00999882431
710,710,0.288026316632,-2.18425113929
711,711,1.1486484292,0.39155325472
712,712,0.0364144723281,-0.720446923587
713,713,-1.13319031879,-1.76951840751
714,714,0.0965781011868,-2.11832910594
715,715,-0.862587994309,1.97664147637
716,716,0.351730325971,3.22050035125
717,717,-0.0888245456958,-2.21767509626
718,718,0.638469707693,1.39724411058
719,719,0.426228491943,-1.40811519593
720,720,1.0446451428,1.51392725069
721,721,0.183851807192,-1.41401553102
722,722,-0.997423844318,-1.43567210037
723,723,0.864386688524,0.897907355313
724,724,0.951486575285,1.57277190909
725,725,0.962556922365,0.764646306253
726,726,-0.836565594482,-2.52700421203
727,727,-0.672905117523,-1.42427344848
728,728,1.35068023449,-0.732197148918
729,729,1.688216672,0.325735667189
730,730,-0.262009041276,-2.74726067745
731,731,0.515390161561,-2.93575803216
732,732,0.0891522142266,-2.10617943412
733,733,2.65600567044,0.410649527865
734,734,0.0162830085436,-2.97019097684
735,735,0.447411799584,2.39829097739
736,736,-0.0268275095112,-1.14230453138
737,737,-0.840803590354,1.99183385442
738,738,1.80692264706,-1.43925581499
739,739,-1.74474063377,2.46051122792
740,740,1.26320771906,-1.975399914
741,741,0.0625137331224,2.29406060885
742,742,-0.868983510337,0.929351474455
743,743,0.847596666148,-1.38401295362
744,744,0.698193550317,0.322184357865
745,745,-1.20462882393,-1.61355448585
746,746,1.06215503767,-2.04857626049
747,747,0.816754996989,-0.482673483822
748,748,2.21913119567,-1.53697691903
749,749,0.0150023900874,-1.9219334541
750,750,-0.38192462444,-2.63885728867
751,751,-2.06361047327,-1.2987717978
752,752,0.122852225481,1.85137590728
753,753,2.69916763639,0.458310146059
754,754,-0.340379959982,-2.58238407309
755,755,-0.259790359087,-1.6619035289
756,756,-0.486426567862,-1.81743959645
757,757,0.167339704035,-2.46210449094
758,758,-0.980071277688,-2.11350542762
759,759,0.0991770149676,-1.91254078813
760,760,-1.02766578199,-2.41513053764
761,761,-0.406700993138,-1.09413947994
762,762,0.401150655561,-2.3136104653
763,763,-0.0539903696835,2.03956518691
764,764,1.95144661799,0.639875402725
765,765,0.115286040963,-1.8887681559
766,766,-1.04631574363,-1.11804488653
767,767,-0.343284776141,-3.06637266137
768,768,0.0505294346415,-1.6342522341
769,769,-1.64368836005,-1.42936015059
770,770,-0.992122132714,-1.64870362237
771,771,1.19875498744,-2.60324859294
772,772,-0.987245646281,-2.63261358185
773,773,1.99733135027,-1.97689670704
774,774,1.85982532973,1.13407044108
775,775,1.08606872209,-2.40132894957
776,776,1.64228430515,-2.12531155323
777,777,-0.201516288933,1.50432869307
778,778,0.502816850336,1.04841040371
779,779,-0.0355236120567,1.30380499976
780,780,0.202434189952,-1.15875560937
781,781,1.06313458126,2.19358405513
782,782,0.0915698829139,-2.7853086535
783,783,-0.00951268735373,-3.12643606181
784,784,0.589948977827,-2.42611166755
785,785,-0.63532194338,2.51149654073
786,786,-0.125099640979,2.46833812403
787,787,-0.405965585119,2.73180759566
788,788,-0.254691152829,2.8401571492
789,789,0.115660688265,-2.18415876022
790,790,-0.051396050244,-3.07464327588
791,791,-0.796538460561,2.68865056003
792,792,-0.257872720062,-2.34710336559
793,793,1.63392816432,-1.71843781754
794,794,-0.207855352092,2.37737662831
795,795,-0.212914864406,2.35522047534
796,796,-0.263518543195,2.45304157121
797,797,0.938896093291,-2.69931515945
798,798,1.83563357089,0.607517494476
799,799,2.68445733876,-0.209622745813
800,800,2.39679104694,0.0107182257976
801,801,1.97555053298,0.132949402728
802,802,-0.0940031260616,-2.80091826297
803,803,0.451735027458,-2.70574444624
804,804,2.58655281142,0.110607559143
805,805,-0.275673564395,3.07058041624
806,806,-0.0253000203513,2.4370880803
807,807,-0.466292480131,3.19598926644
808,808,0.19457185912,2.62423911657
809,809,0.333144902627,-2.15546146508
810,810,0.0063537544219,-3.45004088685
811,811,0.123417778656,-3.26336831938
812,812,-0.0864369718958,2.75071400331
813,813,0.260829307128,3.37095841479
814,814,0.883146247052,-2.22907307693
815,815,2.48717378074,0.444462703289
816,816,-0.659485975362,2.5847424942
817,817,-0.00263246449748,2.99867975809
818,818,1.27712957941,-3.12579727904
819,819,-0.0980707798229,-2.96263165972
820,820,0.60003943726,3.15816340786
821,821,0.642762195108,-2.23377676881
822,822,2.9823860365,-0.105390115341
823,823,2.88137960416,-0.0145895359556
824,824,-0.256874286696,2.81416178454
825,825,0.177239435366,2.16751673749
826,826,2.91430931182,-0.26094123284
827,827,0.61838084443,3.2566196401
828,828,0.0919757845333,-2.05460233637
829,829,-0.0554609876268,-2.4152479375
830,830,0.134890685944,-2.44045861844
831,831,3.10594784689,-0.314773559698
832,832,0.619790117742,2.43154526352
833,833,0.144181409228,2.84653487203
834,834,-0.410866837019,-1.95463252888
835,835,1.64480005635,0.372854295641
836,836,1.77748339411,0.555039673457
837,837,2.45468095555,-0.247967803391
838,838,2.03367072395,0.11920753602
839,839,0.378286944197,-2.68406594149
840,840,0.48994540464,-2.6879530528
841,841,-0.416607829947,3.13002184533
842,842,1.54929158064,-2.94513637308
843,843,0.141376919353,-2.73246190295
844,844,-0.0614358032512,-2.56907627194
845,845,0.122925916967,1.95582677661
846,846,0.43137417188,2.50401762484
847,847,0.104291435151,2.27203150879
848,848,-0.12537255263,2.67527944258
849,849,0.23209763837,2.7897837255
850,850,0.176576038776,-2.53141723052
851,851,-0.319449575403,3.17103178073
852,852,0.768952316926,-2.15958139099
853,853,0.126983918783,2.96263103888
854,854,0.336077173357,-2.7067435259
855,855,-0.117106561179,-2.5638040465
856,856,3.19373662432,-0.122456346257
857,857,0.126464993102,-3.51796438363
858,858,-2.38205169352,0.137024559261
859,859,-1.81566169132,1.8649083652
860,860,-2.08310663033,1.51306595919
861,861,0.320471199135,-0.753901408583
862,862,-2.28842294065,-2.40059427154
863,863,-1.31341042382,2.24625249041
864,864,-0.619480914132,-2.44141016697
865,865,2.10668698944,0.436937602929
866,866,2.97350131324,-0.222940647829
867,867,2.78227825334,0.241870572163
868,868,0.110215694688,-3.1083816594
869,869,0.902136863177,-2.20582493866
870,870,0.464532312869,-0.941685659979
871,871,2.08468175623,0.374502300917
872,872,-0.122001077524,-2.95021476923
873,873,-0.641534013504,1.66181849115
874,874,-0.0554278492176,1.15540674899
875,875,2.64963021513,0.609150556178
876,876,-0.0525570792932,-0.444544507395
877,877,-0.00134863322703,-1.07058715499
878,878,-0.547505239061,-2.71839131736
879,879,-0.155580076503,-1.02685345109
880,880,-0.368393203897,1.2934931096
881,881,0.0793214174615,3.04881431982
882,882,1.82959230108,0.0725448962314
883,883,2.69119686122,0.457312050309
884,884,2.87665384168,-0.00496668543294
885,885,-0.440126427558,-3.44507695141
886,886,-0.176497722348,-2.73607002492
887,887,0.193935947736,-3.51549956461
888,888,3.59823309773,0.19278141943
889,889,0.170461747709,-2.31831129988
890,890,0.326399338879,-2.49658926916
891,891,2.15780199685,0.972274666544
892,892,0.0275465383886,2.44762130942
893,893,0.562853590675,-2.76495040436
894,894,1.45057920765,-2.69047528804
895,895,0.398724301731,-2.05026527574
896,896,-0.34671313528,-3.11482440721
897,897,0.175735193473,-2.89949305638
898,898,1.35998143782,1.33715062645
899,899,0.913641903533,-3.33008401903
900,900,1.36773759125,0.724451466209
901,901,0.343366219156,2.73603513017
902,902,1.07106046623,-1.21257166951
903,903,-0.000432647512248,1.72775509137
904,904,-0.264120657286,1.53765365185
905,905,1.83974125447,0.748182310689
906,906,2.04556589892,0.86920112698
907,907,2.36710502613,1.16844287869
908,908,1.34839855854,-0.348447451799
909,909,2.56722663756,0.771165773936
910,910,3.03163058361,-0.242105893579
911,911,0.146132251016,2.28612650316
912,912,1.919164547,0.0575313376102
913,913,3.26316936377,0.392829269792
914,914,2.00093345932,-0.633473103054
915,915,-0.0390294407034,1.44611412906
916,916,-0.0680611747679,2.14440448287
917,917,0.0570228546297,-1.94441604335
918,918,0.112806110916,-1.9507259245
919,919,2.01505373759,-0.897557029574
920,920,1.55293583791,-2.18053767473
921,921,0.588033384393,-0.149855211412
922,922,0.0840565758966,-2.33917243968
923,923,0.582971364395,-2.01996398136
924,924,-0.495085192288,1.9990221274
925,925,-0.171835987522,1.47955718812
926,926,-0.884081911519,-1.59315579426
927,927,0.143180019185,-2.49200444067
928,928,-0.119220543142,1.08443602086
929,929,0.628505392357,1.54315265503
930,930,-0.256032072976,2.98030110985
931,931,2.73496565413,0.0589184902346
932,932,1.01454834239,-0.814486959358
933,933,2.9016781966,0.0125905985107
934,934,3.14930437651,-0.250880982287
935,935,-1.88342333993,-1.87629402555
936,936,0.716509568639,0.408218446088
937,937,1.20842612676,-0.660961615147
938,938,-0.0726972854756,-1.88594010135
939,939,-1.30048219399,1.58855930709
940,940,-0.289813358329,1.33076333977
941,941,1.15210359253,1.56376052674
942,942,2.10239042942,1.02118968021
943,943,-1.15410324808,0.225100763233
944,944,-0.106841196066,0.746566907254
945,945,-0.211912934238,-1.59214238399
946,946,-2.18945363433,-2.10664356174
947,947,-0.309567700743,1.51815986651
948,948,-0.9013245325,-1.11837963666
949,949,-0.535148180519,-1.75692842111
950,950,0.318594805299,0.81322701786
951,951,0.228016293886,1.11185798162
952,952,-0.194627078074,-2.15191460979
953,953,-0.102720453648,-2.68322955684
954,954,0.368614037954,0.720450234446
955,955,-0.309647153831,-0.84031953428
956,956,0.383452227036,2.38802652429
957,957,0.291316185596,1.05989208366
958,958,0.674374930049,-2.28685517664
959,959,-0.0586741664565,-2.16269065492
960,960,-0.211419750975,-2.3749732437
961,961,0.575203199627,-2.45319703328
962,962,0.455673351138,2.99167857595
963,963,0.902414495817,-0.624964150241
964,964,0.190959320313,-2.54221692857
965,965,0.0402463642635,3.1590282118
966,966,0.903161285794,-0.104890853167
967,967,2.85377578356,0.524710128984
968,968,-0.967416227581,-1.58784559317
969,969,-2.15733729782,-2.21433380657
970,970,-1.18150780833,-1.81868604305
971,971,0.0496877387103,1.2501416297
972,972,-0.709119969848,-0.46177059177
973,973,-2.02394226962,-2.14804796185
974,974,-1.52624575038,-1.70246991432
975,975,-1.458964864,-1.42470628541
976,976,-0.803086901516,-1.77115492748
977,977,-0.580232512685,-2.04182361062
978,978,-1.48486793825,-2.29764994652
979,979,-0.539696489296,-2.06987267051
980,980,0.394013578824,-0.79067171597
981,981,3.20657351869,-0.0981989485821
982,982,0.135297647424,-2.54458745006
983,983,-1.49458498241,-2.02434241618
984,984,0.109868989972,2.91209912017
985,985,-0.250055845255,-1.4427939051
986,986,-0.743702086676,-1.67220900517
987,987,-0.842175638442,-1.69128194198
988,988,0.107943843144,1.20764782687
989,989,-1.17287615674,-1.78150492274
990,990,-2.37077942068,-2.95992015707
991,991,-0.275542757495,2.84823109701
992,992,0.16825465239,-1.62716536431
993,993,-0.0614212870678,-2.35796276032
994,994,0.315698472959,-2.58035041291
995,995,2.05440842109,0.630433275171
996,996,0.596623063486,-2.72645087733
997,997,-0.767799033803,-1.51647918476
998,998,-1.58914639607,-1.64392602213
999,999,0.148264697622,0.27542125536
1000,1000,-0.643060339127,1.00192219745
1001,1001,-0.552849013081,0.788000573964
1002,1002,-1.06055641808,-1.05431565326
1003,1003,-1.67828471221,-0.986283281538
1004,1004,0.0331729986574,2.20373596654
1005,1005,-0.396291520259,2.56120462554
1006,1006,1.11709572793,-1.56083463724
1007,1007,0.215411363316,-0.308763280507
1008,1008,-0.529922334795,2.11080610147
1009,1009,1.15454178958,-2.01572244129
1010,1010,2.61884973489,0.144984410043
1011,1011,2.82340376203,0.231478943582
1012,1012,2.63283580002,-0.0747185775601
1013,1013,0.875033383725,-1.97670199672
1014,1014,0.169204671594,2.13744128568
1015,1015,0.378147917823,-3.2425344345
1016,1016,-0.780155844014,-0.717688451481
1017,1017,-0.649954344758,1.9182551321
1018,1018,2.34417877206,0.271990580308
1019,1019,-0.190442929812,1.67832794496
1020,1020,0.405908806766,-1.7764795676
1021,1021,0.531718113796,0.0818189902388
1022,1022,0.402715117269,-1.77173271822
1023,1023,-0.902549378203,1.90045013753
1024,1024,-0.232393234363,0.979377876601
1025,1025,-0.137009575331,1.00036763306
1026,1026,0.703304489223,0.353002770836
1027,1027,-0.288929792082,-0.080108293669
1028,1028,-1.03681791005,0.266382208177
1029,1029,2.59086182149,0.0357579199282
1030,1030,-0.45347907601,0.884046805971
1031,1031,1.23349502497,2.48431293018
1032,1032,-0.476286475284,0.933446487116
1033,1033,-0.980494773164,-0.37485989378
1034,1034,-0.393040276335,-1.59225928967
1035,1035,0.674950715499,-0.906940803371
1036,1036,-0.391125330747,-0.718683603129
1037,1037,0.0936108767789,2.97654281569
1038,1038,1.50576822796,-1.11041973
1039,1039,2.58416928947,-0.906484973185
1040,1040,-0.189594556789,-3.17550673235
1041,1041,2.37244933269,0.303882147631
1042,1042,0.262981218799,-3.50513774875
1043,1043,-0.237248382243,-2.80495107403
1044,1044,-0.93141212505,1.61337734187
1045,1045,-0.991074676388,2.25800332189
1046,1046,-0.980993445726,2.25588466927
1047,1047,-0.417744363964,1.66225980225
1048,1048,0.878579852084,-1.80376532314
1049,1049,-0.0282547031816,2.99937122015
1050,1050,2.11442295491,-2.54253272532
1051,1051,0.463802531221,-2.37214906876
1052,1052,-0.654394743802,2.54285819559
1053,1053,-1.21133289921,2.48628799877
1054,1054,-0.681383995791,2.23846531041
1055,1055,-0.215133106617,2.56488815015
1056,1056,0.929432536527,-2.75136185881
1057,1057,0.677647911015,-2.15897885089
1058,1058,0.526116254604,-2.71748542974
1059,1059,0.327983603996,1.93360914547
1060,1060,-0.154810856285,2.50366472123
1061,1061,1.3898418505,-1.90380352181
1062,1062,0.101720703212,-2.45098114735
1063,1063,0.72666528596,-1.87129492701
1064,1064,-0.00401924195056,2.51100647547
1065,1065,-0.00272290702007,2.56491545748
1066,1066,0.283418915554,2.16647771004
1067,1067,-0.270679369859,2.39326838251
1068,1068,0.461024435141,-1.7055488255
1069,1069,0.0555802807382,2.58871516871
1070,1070,-0.529922207089,2.3453667974
1071,1071,0.249323669639,-2.22142081051
1072,1072,2.72261998293,1.26549270146
1073,1073,0.141965246344,-2.61293443875
1074,1074,3.78558772174,1.26096376175
1075,1075,-0.855460688941,-0.964859857372
1076,1076,0.462393800067,0.477072643438
1077,1077,-1.34632447512,-1.06485752811
1078,1078,-1.12727009839,-0.982407499379
1079,1079,-0.703706987309,1.76757194543
1080,1080,-2.31385346466,-2.17101863622
1081,1081,-2.30094373582,-1.94180365831
1082,1082,2.02821125203,0.215866499154
1083,1083,-1.96318162152,-2.10292443126
1084,1084,-0.393869715753,1.89981108346
1085,1085,0.442349669854,1.37376750757
1086,1086,-0.19437047486,0.391753314674
1087,1087,-1.50911905102,0.880168419042
1088,1088,0.357023557982,1.50684389559
1089,1089,-0.336331040893,1.33226578473
1090,1090,-0.416712102353,-0.973645527975
1091,1091,-1.2198172802,0.902272289201
1092,1092,0.380780659235,1.42543488801
1093,1093,-1.30324699169,-2.01546045432
1094,1094,0.349091111511,-2.56329243903
1095,1095,-0.701005973258,2.44049195161
1096,1096,-0.0684048737441,-2.7391272065
1097,1097,-0.193157029669,-2.45528345101
1098,1098,0.24118774941,-2.45078839135
1099,1099,0.0423543809012,-2.26433542841
1100,1100,0.440340804008,-1.82358668018
1101,1101,-1.90011644544,-2.15596473753
1102,1102,-0.531673197816,-2.05791098378
1103,1103,0.0492181239272,-2.92793198265
1104,1104,-1.26999690765,-1.61336267322
1105,1105,0.0708185302778,-2.41753185889
1106,1106,2.98178505302,0.377745611849
1107,1107,-0.364645919895,2.38158860828
1108,1108,-2.07550843056,-2.15297681694
1109,1109,-0.263216975927,2.36187580249
1110,1110,0.637782626487,-1.16629246282
1111,1111,-0.216399345687,2.58155320559
1112,1112,0.853885605437,-1.72295346181
1113,1113,3.40937430809,-0.404190491064
1114,1114,1.68437878584,0.836002400984
1115,1115,0.148320369951,-2.44949870682
1116,1116,0.377552773321,-2.1670036873
1117,1117,-0.624809180502,1.05811375034
1118,1118,1.36877644985,-2.06296414091
1119,1119,1.49700854529,-1.0367511895
1120,1120,-0.665226422926,1.41385604501
1121,1121,-0.770942231693,2.20692339279
1122,1122,0.125760769373,2.68478123145
1123,1123,1.21998570423,0.294964672136
1124,1124,-0.717092066577,-1.51901324414
1125,1125,1.79772611989,-1.90626223374
1126,1126,-0.581603746033,3.02877477061
1127,1127,0.382987962448,1.28125943157
1128,1128,1.86752513013,-1.17982238915
1129,1129,-1.01103024559,2.29698933957
1130,1130,1.0869312723,-1.69916920844
1131,1131,-1.38572282945,-1.99739214184
1132,1132,0.510968509201,-1.95354485539
1133,1133,-0.273162432557,-2.42875054001
1134,1134,0.229591613552,-3.28063218171
1135,1135,0.887038592107,-2.18712571022
1136,1136,-0.129662027733,2.51870372626
1137,1137,0.0136620234644,-2.15514410808
1138,1138,0.409100381341,-2.50941064691
1139,1139,0.48458379433,-2.55806986488
1140,1140,-0.0898500957199,2.53834394805
1141,1141,0.472522701523,1.9449006439
1142,1142,-0.270950586008,2.56680880969
1143,1143,1.24923734469,-1.64326909402
1144,1144,2.44762067283,1.64498091959
1145,1145,2.95407342587,0.0839305087682
1146,1146,1.25832835798,1.6222666237
1147,1147,0.604744911636,2.21867841875
1148,1148,0.337331101431,-2.8448984983
1149,1149,0.516089804255,-2.37295356559
1150,1150,3.2673163028,0.272255453985
1151,1151,-0.147073386476,2.65238298733
1152,1152,0.54757306264,3.10349893588
1153,1153,2.9993383368,0.474463776961
1154,1154,-0.356809001099,-2.86326965563
1155,1155,-0.00012122258489,-2.7986113409
1156,1156,2.15461716957,0.50453702009
1157,1157,-0.0493228519148,2.49269748129
1158,1158,2.19390568624,0.461595602335
1159,1159,2.63034171553,0.0765045830775
1160,1160,0.452745115825,2.54166933778
1161,1161,0.13783333335,-1.03466702126
1162,1162,0.120863582352,2.22727645667
1163,1163,0.181238613242,2.17119290723
1164,1164,0.526920453427,-1.61466251933
1165,1165,1.44948778099,0.460614090445
1166,1166,0.888767114784,1.9813274134
1167,1167,2.7625875036,0.134245496313
1168,1168,1.17429841233,-2.00974466976
1169,1169,3.10744514511,0.163258832703
1170,1170,2.32387905791,0.382829754611
1171,1171,-0.364989357413,-3.01018435642
1172,1172,0.55043522149,-2.97789860566
1173,1173,-0.301299766431,3.30011284772
1174,1174,-0.477495732811,3.29779020527
1175,1175,0.582921338844,2.05699395577
1176,1176,0.274693543093,3.08992741355
1177,1177,0.213982404649,-1.63694387733
1178,1178,1.52083795557,0.579037582872
1179,1179,-0.719658483414,-3.02368949533
1180,1180,-0.231429639415,-2.51422858722
1181,1181,2.5871196407,0.50734302704
1182,1182,-0.815001211956,-2.48723945921
1183,1183,-0.589185583394,2.84485829302
1184,1184,-0.373605459714,2.51227151132
1185,1185,1.12798766388,-1.96189157689
1186,1186,0.0570128778641,-2.47312583035
1187,1187,-0.463572131348,-2.45844149037
1188,1188,1.00337466722,-1.6569440555
1189,1189,0.183636344324,-2.86245722768
1190,1190,-0.876020736363,-2.60294811305
1191,1191,-0.236360952528,-2.9051151822
1192,1192,-0.515757996941,-2.49855147287
1193,1193,-0.247525366486,-2.25880790462
1194,1194,-0.333238272094,-2.02610513752
1195,1195,-0.655420409792,2.55220192177
1196,1196,2.16967799751,-0.235161606882
1197,1197,3.26121195083,0.556227917298
1198,1198,3.13571678243,0.420742665805
1199,1199,2.83638402006,0.32045463257
1200,1200,0.895351382197,-3.13964511144
1201,1201,1.08175312463,-2.45691420804
1202,1202,-0.636713814282,1.82907596411
1203,1203,-0.7962072911,2.63051189992
1204,1204,-0.410363707089,2.11198154511
1205,1205,1.87213379056,-2.51393366686
1206,1206,-0.0575043331397,2.40072164433
1207,1207,0.120895641491,-2.49536197988
1208,1208,0.613100554635,-2.48109834883
1209,1209,2.894462752,-0.00622584862851
1210,1210,3.41570818882,0.290507870286
1211,1211,0.285452458281,2.32397856008
1212,1212,1.15886794162,-2.34290882434
1213,1213,2.94386913694,0.0944894779903
1214,1214,1.78864074812,0.596196341948
1215,1215,0.235811864488,-3.08851032481
1216,1216,0.290085755568,-1.78606972954
1217,1217,-0.180347669742,-2.44774686546
1218,1218,0.512481297066,-2.30338937098
1219,1219,2.21880262893,0.157473145005
1220,1220,1.46622856306,-1.27760740444
1221,1221,1.77922707534,-1.2634109228
1222,1222,1.35191981579,0.634418032995
1223,1223,1.4987656909,-1.18379138814
1224,1224,3.05976394555,-0.399559641979
1225,1225,2.80606183544,-0.237721045017
1226,1226,0.196538263275,-0.175616404105
1227,1227,-0.22551652675,3.37237095116
1228,1228,0.578309696609,-0.024175829756
1229,1229,-0.308581948925,2.43740425257
1230,1230,0.201881914327,-3.48842811047
1231,1231,-0.147295226369,-2.78307613443
1232,1232,-0.273294250536,2.77429301743
1233,1233,1.71790481481,-2.58257184627
1234,1234,0.0326238220134,2.66240412895
1235,1235,0.240478918475,-2.12910790191
1236,1236,2.80937218235,0.276190063289
1237,1237,0.449386161884,-2.26146028686
1238,1238,-0.104799978756,3.47523349812
1239,1239,1.15143106693,-1.93841892458
1240,1240,-0.0599364053076,-2.15648966198
1241,1241,2.48150835583,-0.158286931448
1242,1242,-0.171576055584,-2.88068707413
1243,1243,0.0246027300766,-3.21965302298
1244,1244,0.618284985961,-2.93926256928
1245,1245,-0.156405594325,3.06799326694
1246,1246,0.286820846214,-3.01153932572
1247,1247,-0.236300161158,2.5674240695
1248,1248,0.237875933476,3.49648373506
1249,1249,0.5820519443,-2.60204497245
1250,1250,0.201296826657,2.43954300004
1251,1251,-0.157919776438,3.47036436724
1252,1252,-0.000138485121117,3.08035902044
1253,1253,0.639263090188,-2.13215365659
1254,1254,2.52734684781,0.729383051013
1255,1255,2.69526526254,0.135477036028
1256,1256,2.8663655307,-0.0301649925712
1257,1257,3.0697728943,0.537342236424
1258,1258,2.11699371809,0.288429190792
1259,1259,2.77214264807,-0.270848232418
1260,1260,2.58127916204,-0.085392034068
1261,1261,2.91204156105,0.375780033459
1262,1262,0.0791292423313,-2.02244319242
1263,1263,0.127347226819,-2.49237630615
1264,1264,2.25614080364,-0.200591994361
1265,1265,0.614706516026,3.495642321
1266,1266,1.08204590939,-0.081439663808
1267,1267,1.69105992252,-0.156604287113
1268,1268,-0.0669992114806,-2.392480374
1269,1269,0.307118374335,-2.29020500916
1270,1270,1.54053881425,0.0880120219153
1271,1271,-0.149833884036,2.67817690441
1272,1272,1.89659745908,0.594846596077
1273,1273,-0.542736596319,-2.59936283282
1274,1274,0.69248115284,-0.50948615191
1275,1275,-0.0277676309793,3.00028912861
1276,1276,0.603748129242,-2.9813225735
1277,1277,0.776015778734,-2.81343338921
1278,1278,2.78543463166,0.346773034529
1279,1279,2.20585741115,0.157878535216
1280,1280,0.748389781978,-0.137809302602
1281,1281,2.86037596734,0.191039050203
1282,1282,2.70800663777,0.305126794237
1283,1283,2.57941065065,0.291011852113
1284,1284,-0.363523464691,-1.88861084269
1285,1285,1.10895279867,-1.79726714079
1286,1286,-0.168710855363,-0.482736261919
1287,1287,1.62672388503,0.545234935056
1288,1288,-0.12802564557,-2.30575477808
1289,1289,-0.540442299289,-2.76551485026
1290,1290,0.196118803676,-2.76181643665
1291,1291,0.920712523054,-0.501795995312
1292,1292,0.792439288106,1.97551105916
1293,1293,2.51215279929,0.57001541645
1294,1294,2.92524030898,0.171465013484
1295,1295,0.709387688483,-0.648463103024
1296,1296,-0.0250814959349,-3.20332793846
1297,1297,0.147992166653,-2.36373503922
1298,1298,1.89800671807,-1.30485949727
1299,1299,-0.434090166706,3.08277668698
1300,1300,1.41196185135,-2.95195686144
1301,1301,0.0794051061937,2.84713091072
1302,1302,-0.455354256607,1.61166552079
1303,1303,1.87551122358,-2.89471658953
1304,1304,-1.08166991496,2.80945935944
1305,1305,-0.391032166011,2.11672308243
1306,1306,-0.364484865121,2.11400426485
1307,1307,-0.349403278273,2.48270920361
1308,1308,-0.335297992855,2.62959815409
1309,1309,0.175067372889,2.689977982
1310,1310,0.668511813349,-2.67570799119
1311,1311,-0.0490914636673,-2.37063568526
1312,1312,0.401144650112,2.84512226036
1313,1313,0.291831171571,-3.21218777961
1314,1314,2.10437909065,-3.12623319372
1315,1315,0.580699443844,-2.61430596241
1316,1316,-0.976516333198,2.43232648461
1317,1317,0.416404293041,2.65709691047
1318,1318,0.903203253182,-2.70365004605
1319,1319,-0.652163969157,2.41954914686
1320,1320,0.304530466601,2.46326113586
1321,1321,-0.82609318519,2.26691679664
1322,1322,-0.157283832843,2.9888040738
1323,1323,-0.510693453675,3.0828361111
1324,1324,0.809416689319,-1.88721226325
1325,1325,0.971161625459,0.776895027939
1326,1326,2.82582744837,0.18998432006
1327,1327,-0.113482605589,-2.62976676052
1328,1328,0.307550839996,-2.8835412546
1329,1329,2.43515997703,0.509155154143
1330,1330,-0.191769961378,2.44361543104
1331,1331,1.00716777342,-2.00669364037
1332,1332,1.54539628861,0.38763753809
1333,1333,-0.0965090832791,-3.07540923349
1334,1334,0.12643127645,1.7850072301
1335,1335,0.419287553487,1.59529187009
1336,1336,0.491585696159,1.64232626745
1337,1337,-0.737060788709,2.2470067351
1338,1338,1.69089589954,0.974729153493
1339,1339,0.306511368272,2.02298940401
1340,1340,1.45999412304,1.37193435945
1341,1341,1.58411137142,1.68159053135
1342,1342,1.56443065325,1.03201578217
1343,1343,0.393156563504,-2.28588767895
1344,1344,-0.703212475413,-2.18370082018
1345,1345,1.76224348102,0.791295628584
1346,1346,0.710912159148,2.32897935326
1347,1347,2.07143209656,0.185168601104
1348,1348,1.51556957857,1.65461411046
1349,1349,0.270676774029,2.39759793009
1350,1350,-1.16734442465,-1.63792417237
1351,1351,1.25905166199,0.734422052143
1352,1352,-1.41810317425,-1.04627278658
1353,1353,0.179666842293,-2.06444684866
1354,1354,0.210350466776,1.51405237549
1355,1355,1.38842547941,1.31132007204
1356,1356,1.60241179336,0.219742658035
1357,1357,1.25208742201,1.36247195173
1358,1358,0.337292896332,1.68733309152
1359,1359,0.716278859424,0.427286695864
1360,1360,2.15360701716,0.750616119587
1361,1361,0.497604918233,0.179735213266
1362,1362,-0.695873339623,-1.30445379499
1363,1363,-0.212490950186,-1.42390775711
1364,1364,1.88596253282,0.397624672432
1365,1365,1.5710485744,-0.467752731584
1366,1366,2.22431088678,-0.0504797850653
1367,1367,-0.305557290804,0.651989085187
1368,1368,0.538287554329,1.84854333994
1369,1369,1.20040271462,-2.04604482761
1370,1370,0.968135509004,2.05807030601
1371,1371,2.51137654802,-0.143156903377
1372,1372,2.92557775846,1.28209545803
1373,1373,-0.179301360477,1.47089393461
1374,1374,2.16973450359,0.920879158181
1375,1375,1.61907947937,1.2312767218
1376,1376,0.982951955627,1.07086475297
1377,1377,-1.30271064965,-1.51960485215
1378,1378,0.653657205417,-1.65614836743
1379,1379,1.57825495238,1.03198566861
1380,1380,0.252855761719,1.99455600545
1381,1381,0.383063155748,1.18240366086
1382,1382,-0.327026271584,-1.73013964879
1383,1383,0.184033053287,1.45361709735
1384,1384,2.38940358581,1.15678237675
1385,1385,1.84750462018,0.494858042427
1386,1386,1.19552736867,0.538779374885
1387,1387,2.33196773999,1.54783865079
1388,1388,1.89788321799,0.16195289378
1389,1389,1.14442681177,1.27448021864
1390,1390,0.1135694107,3.37217489521
1391,1391,0.154700627163,2.66671493929
1392,1392,0.924526907275,-2.33187270517
1393,1393,0.757484791399,0.459514654662
1394,1394,0.690553881648,0.193533496718
1395,1395,2.21248766746,0.711811490541
1396,1396,2.23674133007,0.341299205722
1397,1397,1.78109070396,-2.01305703194
1398,1398,0.325015233164,1.32452070004
1399,1399,-0.340723636499,-2.22826014338
1400,1400,1.51985094528,0.462126387824
1401,1401,-1.34348842083,-0.852276469178
1402,1402,0.402015055023,2.54689133319
1403,1403,1.17902562409,-0.0268232548979
1404,1404,0.583782550926,2.27880897319
1405,1405,1.0021014616,1.10204926417
1406,1406,0.88118115384,3.20175361218
1407,1407,0.334866463907,4.1756617178
1408,1408,0.0268874488318,3.03582378768
1409,1409,0.547406690898,2.32870718166
1410,1410,0.569050314902,1.90668772618
1411,1411,-0.000322184954803,2.46142180435
1412,1412,-0.322735726843,3.21703980217
1413,1413,-0.27668231875,3.19441564954
1414,1414,0.658525533618,2.66171456694
1415,1415,0.482003893858,3.23921419736
1416,1416,0.313155673673,1.71375649959
1417,1417,1.90891617762,0.277603461634
1418,1418,-0.512806349656,2.20727860503
1419,1419,0.61860431459,0.274552989377
1420,1420,-2.10460803564,-1.63492370285
1421,1421,0.0873174095582,0.0720652761798
1422,1422,0.810020013699,0.0302211241219
1423,1423,3.67389203582,0.794889005406
1424,1424,-0.593583658857,-2.97526144421
1425,1425,0.495629745898,2.13495396257
1426,1426,-0.0658845512205,0.506799801645
1427,1427,2.43686711359,0.422265663776
1428,1428,3.37234817717,-0.468771148953
1429,1429,2.37474326715,0.142035173561
1430,1430,1.3519802425,0.434606904934
1431,1431,2.55140084286,-0.226791896858
1432,1432,3.3380692226,-0.173980638934
1433,1433,2.4189664449,0.503560872058
1434,1434,0.898264911303,0.682018458664
1435,1435,1.59513572363,0.975074823224
1436,1436,-0.335436482366,-2.2302782625
1437,1437,2.57243642725,-0.0142884168311
1438,1438,-0.529699647601,2.11111685138
1439,1439,1.54699362668,2.09372032117
1440,1440,1.13723692556,1.22586821941
1441,1441,0.24812214832,0.813899049977
1442,1442,0.730913517743,1.80133305405
1443,1443,0.25886922265,-2.42109556911
1444,1444,1.88943105947,1.87097156972
1445,1445,1.53440233966,2.07032425913
