,vote,alpha,beta
0,0,-0.203960399946,2.4719855743
1,1,-0.690755414624,-2.58589562549
2,2,2.63345464054,-0.0818709589211
3,3,2.7453324233,-0.116906584192
4,4,0.695179346676,-1.35856059962
5,5,3.50991483593,-0.580976466212
6,6,2.05603081518,0.615504571808
7,7,2.39560765306,0.636082366591
8,8,0.188429876914,-1.72432100776
9,9,1.01016879656,-1.32247912231
10,10,2.53484322416,-0.147564396338
11,11,2.85768548572,-0.559281497511
12,12,2.42865772026,0.332856939184
13,13,2.71541623774,0.246880287901
14,14,3.13358593081,0.224225304988
15,15,2.51204986936,0.10819748006
16,16,0.347664156308,2.29348191904
17,17,0.488551970982,-0.62929780742
18,18,2.9693006597,0.336224241806
19,19,2.51633034803,-0.197923337987
20,20,1.48217105304,-0.563329889976
21,21,-0.121076632996,-2.95605725189
22,22,-0.22598397295,-2.39134247251
23,23,3.32561013599,-0.085526010737
24,24,0.663457986405,-2.18265670559
25,25,1.37596577278,-0.263695579157
26,26,-0.748002232036,-0.00531019725457
27,27,-0.106352329284,2.89555137019
28,28,2.37680102458,0.104714638558
29,29,2.55571376741,0.537125801529
30,30,2.36696923818,-0.0228955683983
31,31,2.94039269573,0.0870810738242
32,32,-0.189838521075,-2.54820209241
33,33,0.132385625379,-3.58896437028
34,34,1.30677428002,-0.425328021348
35,35,-0.103890734768,2.27813982545
36,36,-0.504860832303,-2.64391678481
37,37,0.100526475533,-2.47487587165
38,38,0.275221062509,-2.76055927663
39,39,-0.85671316254,-1.5160277879
40,40,1.87052455366,-1.46971023453
41,41,0.126525594913,2.80704297147
42,42,-0.25267281083,-2.16362799485
43,43,2.74651662778,0.664963717933
44,44,3.18885519944,0.208376738394
45,45,3.66643095527,-0.15836346886
46,46,2.30932153944,0.144927984538
47,47,2.17459188254,-0.243800463192
48,48,2.77520931717,0.470023266784
49,49,2.32603411085,2.05080720417
50,50,-0.185519758236,-2.6924161941
51,51,0.178813620761,-2.63741992626
52,52,-0.311676801854,3.18244041443
53,53,-0.324677694747,-2.96381264491
54,54,0.28598339433,-3.09113542294
55,55,0.202118309245,-2.42146626663
56,56,0.968124357991,-2.77815369281
57,57,-0.741372751056,2.24887424385
58,58,0.180739898637,3.23781286196
59,59,-0.150226343524,-1.88885248968
60,60,1.04319574231,-2.59805103323
61,61,1.96440096365,0.210197928634
62,62,2.32139937287,0.365580684908
63,63,3.19843301903,0.085236024168
64,64,2.63124477681,-0.101976589445
65,65,2.87183132628,-0.178342134543
66,66,-0.0615961720172,-2.72177267275
67,67,0.515014816245,-2.48336062796
68,68,1.10822871617,-2.31009914018
69,69,-0.380593192282,-1.77658263853
70,70,-1.22535655726,1.82561661252
71,71,-0.741581128964,2.35958910306
72,72,-0.862504462663,2.08954462806
73,73,-1.10763937591,2.37229619428
74,74,-0.836075247574,2.18348221095
75,75,-0.746907850285,2.2323111139
76,76,-0.422977534864,2.19473685788
77,77,-0.793129244134,1.49620909058
78,78,0.431811070373,2.83000960961
79,79,0.903644099624,-2.24616367809
80,80,-1.06934504561,-2.28189906263
81,81,-0.502663198681,-3.0917283026
82,82,0.211017672039,-3.18411784273
83,83,-0.23708641022,2.36322271914
84,84,-0.466516927752,-2.07222775273
85,85,2.62737340799,0.171636400659
86,86,2.36800345958,-0.521955956323
87,87,0.0167017341424,-2.9475333127
88,88,-0.285827076817,-2.70047633043
89,89,-0.600108899394,-0.873561797729
90,90,0.186119291463,-0.451583865215
91,91,-0.317952804699,-2.23708057514
92,92,-0.940117505271,2.07337863
93,93,-1.01062144098,-1.79166474553
94,94,0.116559602854,2.74988620292
95,95,2.52553606364,-0.445699226163
96,96,-1.12412112361,2.16444702397
97,97,-0.688909221089,2.00846983827
98,98,-0.278453891246,0.274598302672
99,99,-0.359484179875,1.83668328831
100,100,-0.21456164281,2.09296660561
101,101,-1.15267716719,0.513073826771
102,102,-0.434630453129,-1.73369597917
103,103,-0.927569272513,1.74718593486
104,104,-0.251947889098,-0.859171387354
105,105,-1.26998056376,-0.052274715647
106,106,0.641041416464,0.944870955068
107,107,0.147183476009,-1.35570219322
108,108,-0.370113273456,0.498951839231
109,109,-0.344827903763,0.482711107531
110,110,1.62188515423,1.63400640308
111,111,-0.112371065247,-1.90132442355
112,112,-0.325565820797,-1.35063628694
113,113,0.0150376595225,-1.98792171416
114,114,0.327514017166,3.14685391468
115,115,0.376168614123,-1.31660178316
116,116,2.64753394524,-0.0962916460366
117,117,2.54491961657,-0.286300180042
118,118,0.619523919432,-2.12434846286
119,119,2.16918264838,-0.423632486142
120,120,2.59218610212,-0.188956123575
121,121,-0.233940220529,2.28714290881
122,122,1.17046852176,-1.24166854952
123,123,2.44677188651,-0.00622944669884
124,124,0.817016087281,1.84902891343
125,125,0.265011171438,-2.76848987954
126,126,0.441326434389,-2.39108910597
127,127,-0.779347759754,0.709696276545
128,128,0.182363328859,-2.11371754645
129,129,-0.22154362651,-1.24855151819
130,130,-1.0521697514,-1.5746157815
131,131,0.825086814762,0.767783656523
132,132,-0.448845574949,-1.64392473589
133,133,0.0467839747951,1.42240591653
134,134,0.656456112566,-2.22345668668
135,135,1.21042432248,1.96231093881
136,136,-2.04000642508,1.27092655216
137,137,-0.394035024048,0.750361385622
138,138,-1.45624028555,0.743923858151
139,139,0.229598105719,2.02135758432
140,140,-0.628923107799,-0.00166354028878
141,141,-0.651193252633,0.337814489913
142,142,0.415669794531,-1.64449065121
143,143,-0.90264073883,2.18471031613
144,144,-1.59851601644,2.2134049416
145,145,-0.72686165654,1.15382882784
146,146,2.05001882256,0.930609036776
147,147,-0.0401364010435,1.27830050199
148,148,2.85576133669,0.382973471786
149,149,2.8337725202,0.0959533037898
150,150,0.220075657043,2.60311570832
151,151,0.892287077535,-0.62168407243
152,152,2.87567205193,0.0574230450338
153,153,2.40999173853,-0.0496667600628
154,154,2.85051651437,0.445169760366
155,155,0.416098847587,-2.72259752766
156,156,0.423149013442,-2.3735745566
157,157,3.19468513501,0.0379245022411
158,158,0.0444715428822,-2.30420505212
159,159,2.18049638368,0.797073218289
160,160,0.0566735867784,-2.24517292426
161,161,0.652446214693,-1.97984913696
162,162,-0.385147950324,2.36638592904
163,163,0.348312461154,-0.394073109691
164,164,-1.22794313519,-1.18255971993
165,165,-0.400054946406,1.4916714794
166,166,0.27708741287,-3.16121961092
167,167,-0.774517659478,1.36893361064
168,168,0.809580684979,1.43942987185
169,169,-0.074766387669,-0.0147769536025
170,170,-0.897528622098,-0.666581580077
171,171,-1.39459382608,-1.11747530424
172,172,-0.983879131235,1.14604750113
173,173,-1.21815013157,-0.666467758643
174,174,-0.914713049825,-1.92993459383
175,175,0.217699551213,1.47615478769
176,176,0.246970445514,0.869435358213
177,177,0.558682814316,-2.31874079145
178,178,0.0643249879919,1.27148355482
179,179,-0.478429983054,-1.29660130572
180,180,-1.25520995909,-1.49861783168
181,181,0.975520131578,-0.318129101053
182,182,-0.19815076251,-1.02080501686
183,183,0.0211749523173,1.02823226723
184,184,-0.0991566147965,0.48425169312
185,185,-0.30759749881,0.231312807471
186,186,0.57653604038,-0.361069457671
187,187,-0.00524401056911,-0.43712924341
188,188,-0.00851024760366,-0.738013941325
189,189,0.028230096193,-0.313314407682
190,190,0.159178298743,0.271869514851
191,191,-1.39945286877,-2.23733047747
192,192,-0.206916620464,-2.77974295612
193,193,0.201370071702,2.99812260408
194,194,-0.364671089904,-0.881736834086
195,195,2.17858452392,0.107809839748
196,196,2.6226171652,0.170941044316
197,197,-0.136694530646,-2.96952954194
198,198,-0.94207166503,1.33175915441
199,199,0.580716043183,-2.04543919612
200,200,0.204220972762,1.53638169845
201,201,-0.214350118722,2.30485737932
202,202,1.12954208119,-2.30461913789
203,203,2.92205300202,-0.0520495102689
204,204,-0.440734724411,2.54697511725
205,205,0.324474217159,-2.37295163728
206,206,0.236444427645,-1.47514144082
207,207,0.413645390542,-1.89130694589
208,208,-0.54485413076,2.1397666165
209,209,0.359386668404,-2.43643603816
210,210,0.595734999263,-0.788765189887
211,211,-0.466081325716,-2.32612140625
212,212,0.391676479706,1.80887867049
213,213,-0.794014887609,1.95388608041
214,214,-0.0726229808512,2.68346536151
215,215,0.502495228194,-2.04433756734
216,216,2.48247239816,-1.07172230894
217,217,2.06580242045,-1.41020981756
218,218,2.52676752514,0.00326381124961
219,219,-0.0736457199324,-2.44870090942
220,220,0.36694320348,-1.95346347387
221,221,2.18710659287,0.803391045526
222,222,-0.416776904296,2.31749297348
223,223,-0.189604488379,1.82017381342
224,224,-1.02516329738,1.56556410677
225,225,-0.512378291729,0.21550711514
226,226,-1.75404090923,-2.32409988753
227,227,-0.954891797476,1.98906457317
228,228,-1.40623956323,-1.82677261541
229,229,0.235247348701,1.91377273596
230,230,-1.45267554396,-1.43869111221
231,231,1.64205553506,0.669787822617
232,232,-0.152245698876,1.61146182076
233,233,-0.39964202822,1.68441375389
234,234,-0.885610197614,1.78048543879
235,235,-1.00654873911,1.6120370541
236,236,-0.500253029484,1.42890454382
237,237,-1.03255425982,0.62444630236
238,238,-1.14456770482,1.77064783219
239,239,-1.1017014028,1.52100114307
240,240,-0.98863461051,1.42746105167
241,241,-1.25775547573,1.78210551881
242,242,0.499488082309,-2.71225319979
243,243,-1.28196618382,-2.01377999996
244,244,-0.621603607493,2.10014813696
245,245,-0.156153297706,0.855928178539
246,246,-1.1649634292,-0.737307204457
247,247,-0.333558761423,1.12053104927
248,248,-0.647372626253,0.338549562592
249,249,-0.492099859041,0.240006843101
250,250,-1.10549155555,0.675479848087
251,251,0.117804347273,1.08123180386
252,252,-1.60668237716,-1.2324612652
253,253,0.508810070291,-2.30909569091
254,254,0.26854181977,-2.19890780513
255,255,-0.733820246591,1.58025304725
256,256,-0.227992365419,0.659857338138
257,257,-0.945676476446,-1.2611161647
258,258,-0.260019428917,2.14179377502
259,259,-0.130694308656,-1.8263040134
260,260,0.253037217074,-2.33384421024
261,261,-0.239179365012,-3.24982003903
262,262,-0.39668422448,2.24924121001
263,263,0.391420677688,-2.73026889142
264,264,0.433418882426,-2.57077671455
265,265,0.0289571122463,3.16966857119
266,266,-0.251772147768,-1.88652539254
267,267,2.40011164595,-0.448193399332
268,268,3.37248833562,0.14946551768
269,269,3.5781480427,-0.0252467161303
270,270,0.210679729727,-3.16428477703
271,271,0.80633581912,-2.63475880801
272,272,-1.0749463848,0.285170947198
273,273,-0.376041015083,2.9698170269
274,274,1.29911203988,-2.23493044889
275,275,-0.0850211123467,2.26303177969
276,276,0.652076557133,-1.94128912682
277,277,0.11859804602,-2.34623321402
278,278,0.148734639281,-2.57097205857
279,279,1.07323137993,1.48272056261
280,280,0.900875298132,-2.44673513267
281,281,0.225681561623,-1.91755397282
282,282,0.18000305498,2.67072475631
283,283,-0.574837033354,-3.24082320451
284,284,-0.61066380786,2.08438491806
285,285,-0.123494397313,2.19720959991
286,286,0.0934957972392,2.58135244323
287,287,-0.789797818992,-2.96689480751
288,288,2.31723093879,-0.0167048679684
289,289,3.00154883549,0.265633139492
290,290,0.137829159009,-2.76672859168
291,291,-0.0398298437481,-2.66174501689
292,292,-1.50267454922,0.835688428214
293,293,1.10023615578,-1.86415331173
294,294,-0.594263749634,1.55952040131
295,295,-0.864877611211,1.33512682964
296,296,-1.4363736186,0.596360609284
297,297,-1.24533260588,-0.896952949535
298,298,-0.598357209076,1.24178863078
299,299,-0.597808934042,1.85021396827
300,300,-0.16379272848,-0.290240854533
301,301,0.430605077463,0.0831586999326
302,302,-0.16400935345,0.422176676828
303,303,0.302248721812,0.36053357133
304,304,1.09230168525,-0.646406487488
305,305,0.973152905577,0.315398878911
306,306,-0.306956991833,0.502202137069
307,307,0.870305822491,-1.87307381042
308,308,0.790264391513,-0.274818561151
309,309,0.496216862222,-2.22771828682
310,310,1.22066409716,0.696571802892
311,311,-1.300763258,1.20694254345
312,312,-1.50125779231,1.7506649219
313,313,-0.0606559873617,-0.303120566521
314,314,-0.236164199451,-3.08969094165
315,315,0.163318271535,-2.63122813612
316,316,2.57372441202,0.0920705229391
317,317,0.899653214346,-2.77927735349
318,318,-0.184186008158,0.33443091974
319,319,0.321824771115,-2.0874298615
320,320,0.0343137762023,0.954898141531
321,321,-0.717987891532,-0.810957446592
322,322,0.944453495244,-2.37568502447
323,323,0.306818564163,0.348038920474
324,324,1.04601824251,1.26787450256
325,325,-0.227433626638,1.69823527338
326,326,-0.380071445869,1.70446240823
327,327,0.255690623351,-2.9815272523
328,328,-0.155687217024,0.83465454269
329,329,2.60249046162,-0.825325469282
330,330,0.0102067117229,0.216508602273
331,331,-0.345619311501,2.2880476133
332,332,1.05906167559,-1.05450027876
333,333,-0.414302358244,2.38364061109
334,334,-0.594909734196,2.02682219166
335,335,-0.0631630990221,3.57170687956
336,336,1.17394486967,-1.69875576645
337,337,1.60790961006,1.12787188706
338,338,0.00585817064233,-2.45472492808
339,339,0.213144041253,0.640483764416
340,340,-0.196461333413,-0.454972128324
341,341,-0.511348763056,-0.888865041764
342,342,-0.540908658543,1.24072773027
343,343,-0.993975935768,0.944356624267
344,344,-0.956778270222,0.945383826926
345,345,1.63814421945,-0.456227441141
346,346,1.65991376932,-0.263517473449
347,347,-0.13295371233,2.58714638656
348,348,-0.509566734228,2.80877468625
349,349,-0.0494917531474,-2.20687053734
350,350,0.455164831059,-1.88343734511
351,351,0.0539004378023,2.80821313618
352,352,0.775240860939,-2.44704852256
353,353,0.111317069624,-2.78946508175
354,354,0.0979727425238,-2.34221844297
355,355,2.43242136476,0.05923992957
356,356,0.39534979646,-2.23992493141
357,357,0.940713656123,-2.82157079814
358,358,0.428873547689,-2.56235987495
359,359,1.51305385889,-2.17452875367
360,360,0.735012897558,-1.47295911224
361,361,-0.241773684701,2.08761076204
362,362,-0.745378152977,2.12029043031
363,363,0.103430495225,2.4831620477
364,364,-0.331766387182,2.60161445802
365,365,0.0803178271446,2.86844635874
366,366,0.384529409845,-2.17145841813
367,367,-0.490454324697,2.5194699611
368,368,0.334969885125,-2.37388638995
369,369,2.600738018,1.36694274016
370,370,2.79340465599,-0.170021161982
371,371,2.46797548452,-0.0185006524059
372,372,2.45868437013,0.464190164753
373,373,2.30487964206,0.539564981783
374,374,2.44600516106,-0.0808362986861
375,375,2.47513093131,-0.0022170675766
376,376,2.46354639925,0.0343234442344
377,377,2.05818450545,0.292512784292
378,378,-0.0219505023085,-3.01922517513
379,379,0.0497809490869,-2.6895526232
380,380,0.19800652755,-2.81529331722
381,381,2.7060373228,0.258152738863
382,382,3.05666499385,0.570464758507
383,383,2.51839007693,1.11256297365
384,384,0.148005676528,-2.84457318236
385,385,0.428357607661,-2.47738730918
386,386,1.92557479456,0.673044081539
387,387,-0.667910694774,2.31316614376
388,388,-0.400676068357,2.09974829573
389,389,-0.238229827875,2.31807643206
390,390,-0.794097734239,2.81510862057
391,391,3.19275062843,-0.00598027689555
392,392,0.0818925415377,2.43959984682
393,393,0.385856241361,-2.25257332648
394,394,0.135527258418,-2.81460638829
395,395,0.501497920711,-2.88394095987
396,396,0.186485491231,-2.44081750732
397,397,-0.192017258597,2.46773716986
398,398,-0.65592648381,-2.48124627288
399,399,0.186160320229,3.21884534944
400,400,0.229138121166,-2.94761072511
401,401,-0.390735186472,-2.08908620689
402,402,0.883876581247,-2.06890050919
403,403,0.728612799945,-1.99741491347
404,404,0.202249447029,2.25310198963
405,405,0.943737735377,-2.32850019977
406,406,1.07793174983,-0.870454876238
407,407,2.775167792,-0.129909722486
408,408,3.30606753884,-0.301050531198
409,409,2.58620254957,-0.0746005234109
410,410,-0.254619960047,2.11052728531
411,411,2.50778649167,0.251658029437
412,412,0.428974858293,2.34408408325
413,413,3.00550197777,0.18769257105
414,414,2.58636990425,0.0602546964291
415,415,0.0737007673256,-2.48925556319
416,416,-0.285643435628,-2.50798860206
417,417,0.0529207800284,-2.55422381648
418,418,2.17459490152,0.248228361283
419,419,0.849079696293,-2.27284401908
420,420,-0.322321130572,-2.40687440085
421,421,2.45166375506,0.0412073608579
422,422,0.414016841179,2.84365903216
423,423,1.7681662809,0.550751273485
424,424,-0.458475583498,-2.42649766074
425,425,-0.340327674267,-2.48285685349
426,426,2.25405060441,1.36157564505
427,427,-0.0570138849884,-1.7639941718
428,428,-0.23276552715,-1.95431992377
429,429,1.27471003263,-2.17522141177
430,430,0.836886694853,-1.65382383273
431,431,0.814108826587,-1.88829151478
432,432,0.0106247402601,-2.2315869869
433,433,-0.0433867357369,-2.31755161098
434,434,-0.302854291102,-2.98384678413
435,435,-0.43860660736,-2.93412015551
436,436,1.23715753268,-2.17695171596
437,437,0.78152126575,-1.84862760306
438,438,0.339395124869,-3.15547644552
439,439,1.3695023456,-2.14019307474
440,440,-0.20132226027,-2.92483825975
441,441,1.39236192335,-2.05703536315
442,442,-0.016556158265,-2.60361006892
443,443,1.94665302483,0.322930390148
444,444,0.180104026792,-2.46400803911
445,445,-0.166014077002,-2.73821536652
446,446,1.26384666242,-2.48294827569
447,447,0.281109026001,-3.02666903122
448,448,1.13439466306,-2.37219411154
449,449,3.06794908224,0.239303259502
450,450,3.23273753618,-0.296426029896
451,451,-0.0305434610545,-3.42964560723
452,452,0.851082821163,-2.01555236446
453,453,-0.327163746285,-2.50681915049
454,454,0.753145921022,-1.88675322063
455,455,-0.0844408605944,-2.82619443982
456,456,0.0475928818987,-2.282922485
457,457,0.0882760116775,-2.58298426445
458,458,-0.169931682026,-2.56405713722
459,459,3.22731776178,-0.48790205771
460,460,-0.175141276607,-2.56959362834
461,461,0.930226660445,-2.22000640694
462,462,2.61265623402,-0.0832338629
463,463,0.336646788272,-2.55783319157
464,464,-0.898947901927,-1.48685919305
465,465,0.823270599091,-2.06300212822
466,466,-0.222350297807,-2.72724014536
467,467,0.935303564328,-2.0854260143
468,468,0.233549825897,-2.44756211387
469,469,0.505834840433,-2.32790655629
470,470,-0.0128872656071,-0.406787613828
471,471,0.521031705242,2.14046727327
472,472,0.0304150769161,-3.33648602471
473,473,1.34243374737,-2.30450026982
474,474,-0.50112264083,1.63309326126
475,475,1.80465874153,2.04827308806
476,476,1.53609848543,1.87715100843
477,477,2.56622603126,0.0217917661539
478,478,3.75621077039,-0.260357948591
479,479,0.088240480827,-2.35847453307
480,480,1.2839100068,-1.54690454437
481,481,-0.689871577944,2.39225675975
482,482,0.0251993442085,-2.06687880643
483,483,-0.838021984171,1.08411611283
484,484,0.174401535916,0.0361103315158
485,485,1.75932238919,0.505221832263
486,486,2.1562542372,-0.216611144856
487,487,2.67784347793,0.0206976274192
488,488,2.49548387574,0.138100124513
489,489,-0.219003876259,-3.05066548716
490,490,0.529613337161,-2.70508617117
491,491,-1.03728940031,2.17603298297
492,492,0.105788315525,3.11486543973
493,493,1.12889317153,-2.05819045375
494,494,0.160890042568,2.73320127802
495,495,1.3404658764,-1.33189196635
496,496,2.61291352721,-1.27961956877
497,497,-0.0329019464254,-2.02405068994
498,498,2.59418279718,0.387332786732
499,499,2.34939263363,0.0293884533948
500,500,-0.220250925865,-3.08802744715
501,501,-0.280008327109,-3.35631120347
502,502,0.146599742226,2.17889390034
503,503,-0.378111341218,2.51365821473
504,504,-0.304476308862,2.86434158151
505,505,0.422119854778,3.18916867195
506,506,-0.09196487802,-2.08622428283
507,507,3.29042409417,0.785327220651
508,508,0.22500267237,2.84564573742
509,509,0.124200159755,-2.87703644295
510,510,2.71145003038,2.03556862963
511,511,0.366245267405,-3.47095093332
512,512,-0.147004028348,-2.5298099019
513,513,0.30498798928,-3.05519777644
514,514,-0.415370208054,2.64486059768
515,515,0.856627827953,-1.63501131066
516,516,2.42990711888,-0.184257326216
517,517,3.14111631662,-0.252850640811
518,518,-0.16063037136,-3.00851481346
519,519,0.627080251966,-2.56719059311
520,520,0.0905522900913,-3.14238469624
521,521,0.0017477183908,-2.36696755979
522,522,0.0366998898749,-1.9896502876
523,523,-0.0861062025289,2.26821561029
524,524,-0.474451539569,2.85106760383
525,525,0.205851029013,2.19444936888
526,526,0.140011732185,2.02533775765
527,527,0.0174378023375,2.26393725134
528,528,-0.624098361827,2.68984524359
529,529,-0.0815505727083,-2.54866763426
530,530,-0.157519228354,-1.55033274803
531,531,0.373735648859,-2.56792061077
532,532,-0.361727275732,2.48670484221
533,533,-1.02963349223,1.49846461836
534,534,-0.62391859022,2.37235835258
535,535,0.598622193876,-2.14338858579
536,536,-0.420077407744,2.28799066426
537,537,-0.736974988718,2.40750686191
538,538,-0.583961805092,1.99119570515
539,539,-0.746207334017,2.28407637721
540,540,-0.594362739789,2.3505995624
541,541,-0.386873672625,2.84324831909
542,542,-0.874207590744,2.79320945956
543,543,0.947725873496,-2.0379751979
544,544,2.51724932988,0.533165280234
545,545,2.54491191445,0.365611527894
546,546,3.04659114655,0.0533330033179
547,547,2.65404249873,0.469314245554
548,548,2.24630662168,0.252896986259
549,549,-0.347103468502,-2.32978330669
550,550,0.659548857087,-2.27647447634
551,551,0.410926901023,-1.05472810702
552,552,-0.395345672699,2.19040433364
553,553,-0.278997449542,1.93588339527
554,554,1.26514374007,-1.89995171654
555,555,1.35898126377,-0.845610698194
556,556,0.0634071251139,1.17576658386
557,557,-0.467050166589,0.202458834909
558,558,-0.532882223234,0.943516904411
559,559,0.56695917773,0.812986470975
560,560,-0.876495131388,1.39381934856
561,561,0.695190360008,-0.454533464491
562,562,2.05240763947,0.421836974705
563,563,2.97978209033,0.0126569445261
564,564,2.56924398104,-0.509272537541
565,565,1.70623420565,-1.63861160568
566,566,3.06026110438,-0.0910346294119
567,567,2.67317505127,-0.398843581544
568,568,2.68902983523,0.123933389084
569,569,2.59250914244,-0.105989743466
570,570,0.264426887492,-2.43962968788
571,571,-0.0705556611343,-3.33244790281
572,572,0.0563342948137,-2.72908708603
573,573,0.817578841085,0.225031149356
574,574,1.00224475558,-0.414835412107
575,575,0.180877630458,-2.33936444241
576,576,0.355948373975,2.81115169513
577,577,0.241051987503,-1.9364173119
578,578,2.42615444451,1.78415299411
579,579,-0.119554571827,-2.52735821504
580,580,0.108221206376,-2.83293429329
581,581,0.0902641919575,2.65855014853
582,582,-0.351285884589,2.24520609009
583,583,-0.341056726753,-1.79100724446
584,584,3.10280557922,-0.24899622298
585,585,2.49470708385,0.233692106161
586,586,0.297591085262,-3.22450290461
587,587,2.86667058977,0.172473846485
588,588,0.706130790446,-2.84441380141
589,589,0.641724974429,-1.04544427306
590,590,-1.99570867574,2.44346590325
591,591,-1.50610311456,1.60036672008
592,592,-1.78384567329,1.45112903171
593,593,-1.94402207825,-1.86793471738
594,594,-1.1775347872,2.10351102226
595,595,-0.572834613103,-2.5727406663
596,596,0.655832971025,-0.470100509258
597,597,2.12086979781,-0.0638193693662
598,598,1.78083591233,1.84597769874
599,599,0.326630804253,-2.25099390268
600,600,-0.504102319294,2.85655344537
601,601,-0.17121281332,2.92127940852
602,602,2.26593376642,-0.486599531033
603,603,0.347628381159,-2.94563811167
604,604,0.0966723174761,-3.12034378328
605,605,1.25734348658,0.70347030201
606,606,-0.46275827001,2.81927074001
607,607,1.34245625046,-1.66203438453
608,608,-0.746904231733,1.04674842232
609,609,1.1937241738,-1.92003487663
610,610,-1.53444680005,2.27901601419
611,611,2.1284021578,-2.07799373451
612,612,1.59822824827,0.370470338966
613,613,1.23881430732,0.633491946179
614,614,0.966519017255,1.52743569335
615,615,0.8757188986,0.787270946056
616,616,0.354460301125,1.09279513068
617,617,0.719441444167,0.545043347575
618,618,0.751944222863,0.659707457006
619,619,1.21886723577,-1.93426057628
620,620,0.829315574145,1.12123595755
621,621,2.35394057636,0.421264280278
622,622,0.778200187675,-1.76456938891
623,623,1.7199936791,0.511394826365
624,624,0.416329036131,1.81934999601
625,625,-0.0838731587423,-0.929885098093
626,626,-0.542215187978,-0.653482221576
627,627,0.812318256343,1.16104541072
628,628,1.41151807798,0.535666369146
629,629,1.30500150935,0.322352120724
630,630,-0.881238152122,-1.40001708282
631,631,-0.899875234578,-2.35047580014
632,632,-2.26930951173,1.63361361715
633,633,-0.787136978171,-1.22659963624
634,634,2.79222580991,-0.0607274613934
635,635,-0.254627567207,-0.0382886756423
636,636,-1.25200494569,0.920852203122
637,637,-0.366834931841,0.546230525115
638,638,2.77958932793,0.0888005666256
639,639,0.531441945493,0.417517212947
640,640,-1.05005509699,-2.15119118804
641,641,0.736360152483,0.385087410104
642,642,1.37337352603,1.13850486743
643,643,-0.702095599922,-1.58265007071
644,644,-0.547262119594,2.46954134259
645,645,-0.0190070903088,1.66813557198
646,646,0.719790630183,0.74800547054
647,647,1.9422393244,1.17195525926
648,648,2.27559976473,1.51167669478
649,649,0.509557442743,2.1552181298
650,650,2.68455085422,1.08715843736
651,651,-0.28811089646,-1.62778060761
652,652,-0.933718957604,-1.93073746922
653,653,2.72792560795,0.537189305217
654,654,1.86195054232,2.73050348237
655,655,0.95091374756,0.674916491658
656,656,-1.37814562336,-2.29997164131
657,657,1.55725783893,0.65213532019
658,658,0.206913492972,1.50821516003
659,659,3.17725774909,0.565859012434
660,660,1.45607513731,1.96884193107
661,661,1.39147646109,1.77325533501
662,662,2.0945062648,2.04796089122
663,663,1.39169687336,1.82531363909
664,664,1.69865591535,2.03730811746
665,665,1.69363842808,1.75018985994
666,666,1.56642459426,2.24876741985
667,667,0.279307878186,-3.03662855279
668,668,-0.256408713851,2.43316210093
669,669,0.955233194988,1.34892660764
670,670,-0.110611262201,-1.73818671887
671,671,1.34804978623,1.1926840108
672,672,2.49894728707,-0.48139098249
673,673,-0.761955171068,1.98468558928
674,674,-1.93043717455,2.00592620365
675,675,1.28607373986,-0.952599155225
676,676,0.501816202569,1.68004592355
677,677,2.18374281367,1.34308182667
678,678,2.09215632697,1.23511565397
679,679,-0.0729517499728,2.69623893674
680,680,1.71922960209,0.874024518615
681,681,2.27114623173,0.43159216193
682,682,2.70389964368,0.226080981688
683,683,2.26221914343,1.84597613244
684,684,1.58970542841,1.87568343027
685,685,0.293369646926,3.03303870673
686,686,0.314587745811,2.4028175511
687,687,0.150408730495,2.30826695552
688,688,-0.131449664557,2.26595494468
689,689,-0.264197496403,2.53696212026
690,690,-0.179956532642,2.33627919446
691,691,2.31680484992,1.39024777969
692,692,2.36150422457,1.92351931002
693,693,-0.843382395812,-3.18445213942
694,694,1.0673566807,2.16696863783
695,695,0.0255064758155,-2.09029271761
696,696,1.56136760332,2.1163770616
697,697,1.32245204237,1.85777097562
698,698,2.39895663159,0.568757042155
699,699,2.54510894767,-0.0041462801677
700,700,-0.00971140430764,-1.23164180627
701,701,-0.282953609306,1.73481156879
702,702,-0.439076225725,2.2973918531
703,703,-0.424082848886,1.57426764929
704,704,-0.66164703821,-1.35364407501
705,705,-0.212866124956,2.64483002683
706,706,1.02300362116,1.36795611153
707,707,0.222165220828,-2.17672534452
708,708,1.8016308895,2.19760285893
709,709,0.845987097585,0.799951185211
710,710,-0.0812843010751,-2.29412277294
711,711,0.98179793791,0.343470309804
712,712,-0.0106707203547,-0.864330253709
713,713,-0.884910482684,-1.7060616581
714,714,0.363078484683,-2.45196681006
715,715,-0.356909922615,1.78160317377
716,716,0.00252403631506,2.93772626176
717,717,-0.251521394335,-1.82930261153
718,718,0.685975540289,1.18153728247
719,719,-0.0557297285687,-1.45840554139
720,720,1.38164915897,1.81200372145
721,721,-0.160041713873,-1.58064817939
722,722,-0.224689421214,-1.28016175111
723,723,0.941600737965,1.17958631354
724,724,0.97135832944,1.31443810829
725,725,1.32339277788,1.09939454939
726,726,0.073595918195,-2.03018851088
727,727,-1.08704953901,-1.50374899898
728,728,1.51758382113,-1.02954465502
729,729,2.01111992704,0.604363012672
730,730,-0.173469891161,-2.49122507577
731,731,-0.497351846962,-2.97220076416
732,732,-0.118521009305,-2.35158799676
733,733,3.4891521471,0.0333462101101
734,734,-0.0780985479515,-2.97032158904
735,735,0.702549138476,2.63425804833
736,736,-0.347899664049,-1.98776947859
737,737,-0.455646531208,2.53770788407
738,738,1.56220536044,-1.5755360851
739,739,-2.01461094953,2.66212890811
740,740,1.06491196553,-2.04883216439
741,741,0.251819787282,1.8250666234
742,742,-1.26424995203,1.48532053279
743,743,1.16634344096,-1.52725173399
744,744,0.558489900357,0.336978615786
745,745,-1.04890557121,-2.00544968962
746,746,0.658487746575,-2.07487184938
747,747,0.819452951337,-0.561877021935
748,748,1.68391025383,-0.908126464217
749,749,0.0225197619738,-2.7112745166
750,750,-0.389929173753,-3.00124868822
751,751,-2.0241436585,-1.30950308745
752,752,0.233662856434,2.29731939644
753,753,2.84221084121,0.586697133089
754,754,-0.487237169804,-2.40582127518
755,755,0.101162324708,-2.20704254557
756,756,0.544071986084,-2.46467659919
757,757,1.17158582436,-2.47980966927
758,758,-1.31528309253,-2.47001743876
759,759,0.136718742571,-2.51674757425
760,760,-0.544669069894,-2.40811354108
761,761,-0.374262951653,-1.30454182928
762,762,0.176777590858,-2.12735706093
763,763,0.361407323396,2.35252525069
764,764,1.67065122325,0.351395214122
765,765,0.73962987693,-2.46934934534
766,766,-1.43691335127,-1.29964368859
767,767,-0.60406194311,-3.37058687834
768,768,-0.597396360775,-1.94148820284
769,769,-1.50779602336,-1.33824961475
770,770,-0.991636105597,-1.78326294739
771,771,0.46336944974,-1.74264242623
772,772,-1.05097470659,-3.18348444425
773,773,0.763877905756,-1.37642465547
774,774,1.63043196751,1.24255932607
775,775,1.10048415757,-2.7878920117
776,776,1.306557576,-2.53741598931
777,777,-0.311525793403,1.96844106658
778,778,1.06658639058,1.25194520471
779,779,0.147101403575,1.37896270026
780,780,0.61109406926,-1.78563203961
781,781,0.635812517361,1.94693211323
782,782,-0.0420505455491,-2.42907758024
783,783,0.217704583564,-2.77608153941
784,784,0.608104819308,-2.6375624129
785,785,-0.258978200835,2.20714093505
786,786,-0.117928457167,2.23784097092
787,787,-0.803061431891,2.49866620512
788,788,-0.556067008058,2.73078867545
789,789,0.161878699162,-2.12255828384
790,790,0.245610299003,-2.85810084614
791,791,-0.612626452864,2.63883038059
792,792,0.0358198580008,-2.22504070114
793,793,1.54329892293,-1.69179554905
794,794,-0.197025192273,2.05983182538
795,795,0.00140974558269,2.12597256777
796,796,-0.108654975639,2.3514085498
797,797,0.568800328181,-2.33375814582
798,798,2.2523178019,0.883091222088
799,799,2.55952293388,-0.0659255337392
800,800,2.70496211149,-0.019710421277
801,801,2.1217018737,0.222012198011
802,802,0.298447738758,-2.57424213208
803,803,0.587062279193,-2.83349394493
804,804,2.4204288355,-0.116295841635
805,805,-0.353824098359,2.86351597406
806,806,0.364162411233,2.12369379008
807,807,-0.354727044509,2.52039279671
808,808,0.425436632688,2.5565639242
809,809,0.334910241522,-2.31542016287
810,810,0.0531140352562,-3.02195087467
811,811,0.194347788658,-3.077354252
812,812,0.0442795859361,2.37416034607
813,813,0.433471892602,3.15845952373
814,814,0.49981583191,-2.25834343638
815,815,2.3942209576,0.423475312438
816,816,-0.707010469616,2.40715906168
817,817,-0.246625890098,2.85155112797
818,818,1.10361408049,-2.78900787594
819,819,-0.0658191370124,-2.77192340368
820,820,-0.0829064237814,2.93784444708
821,821,0.390650522187,-2.21835169895
822,822,3.24678334005,-0.168241027831
823,823,2.90350460818,0.0165602565651
824,824,-0.271373305717,2.82023002098
825,825,0.0128670667578,2.04302069644
826,826,2.86709212829,0.189022067985
827,827,0.670615773989,3.12245245874
828,828,0.29122950374,-2.01442175434
829,829,-0.048216276515,-2.79100331781
830,830,-0.00537410233608,-2.53418493401
831,831,2.90483083394,0.00555619420192
832,832,0.41038002149,2.58427577132
833,833,0.143283485801,2.64089803122
834,834,-0.137984005463,-1.90202023298
835,835,1.49957580147,0.202436943661
836,836,1.79644649671,0.636365776019
837,837,2.22855925144,-0.235058621006
838,838,1.88585088638,-0.0876875049023
839,839,0.345145588477,-2.32819310513
840,840,0.641719584867,-2.50695547493
841,841,-0.565716413651,2.85860756072
842,842,1.34165747072,-2.81565380087
843,843,0.0279486313528,-2.59801010463
844,844,-0.181530426746,-2.53398411427
845,845,0.0361030444183,2.07339338476
846,846,0.0255845160186,2.20534435232
847,847,0.026680016772,2.59665372962
848,848,-0.0786418238734,2.06106915724
849,849,0.52251883853,2.50399230028
850,850,0.492796448117,-2.58438749383
851,851,0.292945990121,3.06619756831
852,852,0.728242207489,-2.19742248863
853,853,0.102424283302,2.7214165299
854,854,0.487741265407,-2.81441978042
855,855,0.0977445534148,-2.68951362586
856,856,2.92083272633,-0.345516078751
857,857,-0.0267567694911,-3.33035121698
858,858,-2.66216097443,-0.118928262146
859,859,-1.59988471909,1.74361189755
860,860,-1.96893723776,1.5163670051
861,861,0.497129121881,-0.903356412493
862,862,-2.23222630534,-2.32396799989
863,863,-1.27567408899,2.45609522293
864,864,-0.639418789766,-2.03646142789
865,865,1.93979661627,0.439665278731
866,866,2.4271066009,0.2127123742
867,867,2.8504543858,0.175538101484
868,868,0.0641414569686,-2.59575401731
869,869,0.858039491432,-2.15067475222
870,870,0.515801336238,-0.837769153665
871,871,1.99239868969,0.531777055343
872,872,0.188572805012,-2.89967999683
873,873,-0.659961511389,1.74361581514
874,874,-0.00230019929201,1.30314192325
875,875,2.48509928357,0.563085298372
876,876,-0.11504703291,-0.360165070947
877,877,-0.076060418157,-1.10049189103
878,878,-0.246191126367,-3.26808939761
879,879,-0.264204739217,-1.02497068597
880,880,-0.469326877922,1.36515881637
881,881,0.333441131293,2.60466585812
882,882,1.71887395278,0.215097753074
883,883,2.37961283576,0.404015563653
884,884,2.34831719238,-0.193948661473
885,885,-0.444985123382,-3.15742634574
886,886,0.115857795019,-2.91257594233
887,887,-0.32017123732,-3.38399224638
888,888,3.10441714412,0.0283212024775
889,889,0.257418243392,-2.2981953366
890,890,0.545993588135,-2.49403782309
891,891,2.00783864783,0.988519593719
892,892,0.053700680427,2.35266868405
893,893,0.716787598531,-2.84228223157
894,894,1.26792064453,-2.49712736056
895,895,0.449013963737,-1.95951013245
896,896,-0.210923562229,-2.86449318917
897,897,-0.0899250229339,-2.90026862023
898,898,1.47292713472,1.57440659872
899,899,0.647011374244,-2.49780232453
900,900,1.45395489669,0.729844248469
901,901,0.209531029344,2.79406904579
902,902,1.0787253298,-1.20787258609
903,903,0.0560018979543,1.69288885431
904,904,-0.364123224653,1.94389400328
905,905,1.73484294103,0.666464983912
906,906,2.0305686044,0.809490175711
907,907,2.39725646534,1.22962606293
908,908,1.49071285606,-0.497204343612
909,909,1.8526391469,0.354199155959
910,910,3.14717272998,-0.0902890936214
911,911,-0.310090386233,2.67111971052
912,912,2.05362355169,-0.144507549381
913,913,2.74905955546,-0.210406260666
914,914,2.22025856786,-0.859165975596
915,915,-0.0097301975568,1.61248887046
916,916,-0.240466381495,2.27278883568
917,917,0.0548038659417,-1.92967530731
918,918,0.232674426678,-2.08124499334
919,919,1.73361443523,-0.680535729863
920,920,1.08932133161,-1.90056803069
921,921,0.52033366852,-0.217539207362
922,922,0.11377368062,-2.43618522578
923,923,0.427981252428,-1.91643261865
924,924,-0.491358711665,1.75765700863
925,925,-0.0642106141797,1.46191331227
926,926,-1.01296409264,-1.70210863113
927,927,0.315691859823,-2.27122989234
928,928,-0.0796126773935,1.04576584812
929,929,0.657677928752,1.66467300705
930,930,-0.489523688829,2.65563383934
931,931,2.51477732855,-0.350874954128
932,932,1.00368374805,-0.695099700972
933,933,2.33424590801,-0.0726350800037
934,934,2.90906704364,-0.0154011171914
935,935,-1.99366383158,-2.27931451293
936,936,0.612723733671,0.410413655129
937,937,1.17702297313,-0.580731632094
938,938,-0.0439866805124,-1.88872945274
939,939,-1.03689871202,1.33874770906
940,940,-0.393278341411,1.40634881053
941,941,1.1564689366,1.60943100295
942,942,1.84358376941,0.634732530773
943,943,-1.05672404093,0.250568237509
944,944,-0.0493034774165,0.733378476312
945,945,-0.26219877044,-1.68205272117
946,946,-2.15753969243,-2.10193078327
947,947,-0.49572407144,1.45424128741
948,948,-0.814246810726,-1.18109758992
949,949,-0.529880108345,-1.84210967787
950,950,0.430249314706,0.924815401693
951,951,0.427213996929,1.11343144969
952,952,-0.27573805078,-2.18289694806
953,953,-0.0411736938086,-2.89186510055
954,954,0.428735686852,0.926682078545
955,955,-0.185531220007,-0.856038240631
956,956,0.143383281196,2.12111518044
957,957,0.250757411974,1.00653727169
958,958,0.475336917424,-2.1036144072
959,959,-0.161294719174,-2.32604310079
960,960,-0.23130159995,-2.18851284146
961,961,0.382035647834,-2.43782284776
962,962,0.01647125219,2.98698707839
963,963,0.974227887502,-0.466824118276
964,964,0.10092939004,-2.84938139089
965,965,0.0902146416438,2.47158851942
966,966,1.04411338765,-0.135768601379
967,967,2.60417310669,0.450769395676
968,968,-1.10989230202,-1.67517543679
969,969,-2.11833307172,-2.39012256852
970,970,-1.15679761567,-1.8051474095
971,971,-0.0120962805014,1.42682221645
972,972,-0.948925769332,-0.744915266629
973,973,-1.739079794,-1.89302970522
974,974,-1.37914203878,-1.63868111501
975,975,-1.55343753311,-1.56299293281
976,976,-0.785571661877,-1.71195001718
977,977,-0.734454594204,-2.09723206308
978,978,-1.13371534913,-1.96244284332
979,979,-0.330053207697,-1.99223733439
980,980,0.3858348594,-0.914930570223
981,981,2.85204560575,-0.0760428427893
982,982,-0.0487055726356,-2.38595845873
983,983,-1.15576114568,-1.82758383872
984,984,0.618535615662,2.80113440672
985,985,-0.153403884767,-1.58829812242
986,986,-0.829635212985,-1.71979751229
987,987,-1.14736536335,-1.96528080987
988,988,0.201930916072,1.17020619912
989,989,-1.3591437565,-1.97658880952
990,990,-1.84496224595,-2.42036074173
991,991,0.0393928943583,2.71823954434
992,992,0.156531319158,-1.66851343653
993,993,-0.337472103125,-2.40070902314
994,994,0.150991984276,-2.7934578334
995,995,2.01793595525,0.529731462164
996,996,0.240523515833,-2.27342051165
997,997,-0.745562089035,-1.60387780658
998,998,-1.44265671981,-1.59497261985
999,999,0.0925687105896,0.260127346681
1000,1000,-0.58928428451,1.09403536859
1001,1001,-0.558234885035,0.83175189594
1002,1002,-1.0971276684,-1.03245390372
1003,1003,-1.84193456417,-1.00424805628
1004,1004,0.114219595527,2.25628011676
1005,1005,-0.662982840018,2.78448326762
1006,1006,1.27312896637,-1.51746228009
1007,1007,0.32340310921,-0.232698380904
1008,1008,-0.319527173151,2.40273606997
1009,1009,1.5829503226,-2.0990415653
1010,1010,2.44849050478,0.305095581585
1011,1011,2.83361065463,0.339804728808
1012,1012,2.65146201292,0.207647131326
1013,1013,0.711132049205,-1.62750080034
1014,1014,-0.1532184248,2.30329921745
1015,1015,0.55517413225,-3.03962056756
1016,1016,-0.660739533073,-0.759370960299
1017,1017,-0.641844415651,1.84164656449
1018,1018,2.50597150542,0.189840739738
1019,1019,-0.222110937683,1.61687524007
1020,1020,0.465505554041,-1.61254426926
1021,1021,0.561009129439,0.0531207876529
1022,1022,0.259108435026,-1.6808769312
1023,1023,-0.587997394538,1.63994480877
1024,1024,-0.232878819525,0.896532750381
1025,1025,-0.0561656649814,1.0129625137
1026,1026,0.453316793571,0.265575510917
1027,1027,-0.35693372097,-0.168565234535
1028,1028,-0.922692119387,0.234169932403
1029,1029,2.47304659476,0.189836197975
1030,1030,-0.417040282624,1.11859049844
1031,1031,1.01065557805,2.42725053898
1032,1032,-0.548455238848,1.01677317289
1033,1033,-0.918395130407,-0.379956285661
1034,1034,-0.363300621612,-1.93769959307
1035,1035,0.504522574633,-0.843117232016
1036,1036,-0.595408953817,-0.804108172566
1037,1037,0.563812208754,3.04826303642
1038,1038,1.49238763699,-1.03013706369
1039,1039,2.4308842972,-0.866637424471
1040,1040,-0.210771822613,-3.05470699737
1041,1041,2.31153067926,0.195815034728
1042,1042,0.0810830908159,-3.01717727666
1043,1043,0.0950227794836,-2.63129124341
1044,1044,-0.67873305253,1.64328855362
1045,1045,-0.970931263575,2.03684402987
1046,1046,-0.763724926391,2.13896090774
1047,1047,-0.395158687792,1.65921798201
1048,1048,1.06144627846,-1.76773282852
1049,1049,0.198438856747,2.98392014125
1050,1050,1.85176234246,-2.2332114035
1051,1051,0.52079817591,-2.50487394877
1052,1052,-0.792497607375,2.15380349375
1053,1053,-1.22642556359,2.40758755581
1054,1054,-0.767060481662,2.1958660421
1055,1055,-0.255804818158,2.56583665483
1056,1056,0.720471519405,-2.83374999351
1057,1057,0.321372253186,-1.91810718576
1058,1058,0.188689174383,-2.72522770518
1059,1059,0.155272518698,1.80965017062
1060,1060,-0.077620008576,2.59835451225
1061,1061,1.10707053866,-1.64592226954
1062,1062,0.0392260977198,-2.3649850775
1063,1063,0.703990964687,-1.8655860341
1064,1064,-0.287410689001,2.32032177323
1065,1065,-0.053791328954,2.77807105048
1066,1066,0.058056769026,2.02697957576
1067,1067,-0.305696620095,2.48611003726
1068,1068,0.60568617879,-1.90681545283
1069,1069,0.16663902665,2.96888673995
1070,1070,-0.54051595996,2.28451420431
1071,1071,0.332905214601,-2.175865058
1072,1072,2.41494733801,0.865606260356
1073,1073,0.241931313382,-2.77459171594
1074,1074,3.89997103265,0.832400170958
1075,1075,-0.988236886253,-1.05541747095
1076,1076,0.540482400564,0.589870273777
1077,1077,-1.28782942382,-1.12352340738
1078,1078,-1.43136100418,-1.27332665957
1079,1079,-0.67684454192,1.70670249681
1080,1080,-2.086123878,-1.95549767923
1081,1081,-2.13319401839,-1.89247105402
1082,1082,2.31960064219,0.229020734569
1083,1083,-1.57105950501,-1.73811406749
1084,1084,-0.593752881883,1.70042775913
1085,1085,0.560126462182,1.517232531
1086,1086,-0.231013873678,0.411433904941
1087,1087,-1.22317159312,0.800382281143
1088,1088,0.436525631498,1.53595697804
1089,1089,-0.399423763741,1.18574395458
1090,1090,-0.448676680933,-0.994141316898
1091,1091,-1.15989556557,0.918286987545
1092,1092,0.486551404554,1.48076760839
1093,1093,-0.726783960218,-1.63598811168
1094,1094,0.0759267432466,-2.7470246698
1095,1095,-1.24667817847,2.91454782139
1096,1096,0.430440647151,-2.79399433308
1097,1097,0.202547992521,-2.56648319908
1098,1098,0.277151124108,-2.49431770396
1099,1099,-0.0755666825812,-2.46251993991
1100,1100,0.401252048059,-2.10336836543
1101,1101,-1.49099918436,-1.83551329453
1102,1102,-0.399194096169,-2.20959314696
1103,1103,0.144570387648,-2.61407669118
1104,1104,-1.08312431319,-1.57558269145
1105,1105,-0.0427918717916,-2.55026956753
1106,1106,2.86105799563,0.322582759767
1107,1107,-0.253501047344,1.91226807434
1108,1108,-1.81283286718,-2.00833243314
1109,1109,-0.116047363971,2.17558515375
1110,1110,0.569646782289,-1.15446508496
1111,1111,-0.472209193332,2.54590558597
1112,1112,0.919229600814,-1.75285768099
1113,1113,3.15327547673,-0.562957019129
1114,1114,1.99959150374,1.06266548691
1115,1115,0.0980762766151,-2.90924454467
1116,1116,0.660503065086,-2.35607148182
1117,1117,-0.585101262471,1.03579347445
1118,1118,1.49796966316,-1.97434391473
1119,1119,1.43622213784,-0.80098001577
1120,1120,-0.762878932533,1.88170613714
1121,1121,-0.721345257164,2.38034279623
1122,1122,-0.203677868867,2.49213412191
1123,1123,1.15145560315,0.383448890909
1124,1124,-0.808321513543,-1.63370307757
1125,1125,1.6682304805,-2.04435262306
1126,1126,-0.276401076885,2.62591267072
1127,1127,0.386991205483,1.36799849962
1128,1128,1.62587933742,-1.00064375261
1129,1129,-0.547397861641,1.91603539211
1130,1130,0.94571088373,-1.5389532774
1131,1131,-1.55000435195,-2.09094681224
1132,1132,0.631619617739,-1.63921791782
1133,1133,-0.0985847614891,-2.18352413067
1134,1134,0.424549662759,-3.24190924469
1135,1135,0.812679945354,-1.93122566834
1136,1136,-0.0633862498905,2.74168385248
1137,1137,-0.0587369986084,-2.07251156768
1138,1138,0.136236310513,-2.65802294915
1139,1139,0.700023299969,-2.41403568571
1140,1140,-0.694019349,2.09676091294
1141,1141,0.462296805392,2.2715741459
1142,1142,-0.27898510289,2.53703305402
1143,1143,1.23911872336,-1.55212726647
1144,1144,2.19497665879,1.39965087921
1145,1145,2.79855667571,0.1083710619
1146,1146,1.3143497781,1.57828162434
1147,1147,0.204174565502,2.29561475599
1148,1148,0.250325811476,-2.74345010499
1149,1149,0.474959121603,-2.55329882559
1150,1150,2.95254878642,0.244621207749
1151,1151,0.125606965712,2.5194650024
1152,1152,0.612944762471,2.87666062142
1153,1153,3.09307690676,-0.223819637103
1154,1154,-0.142653915657,-2.99357247769
1155,1155,-0.19931930876,-2.87497190971
1156,1156,2.20547283082,0.656481273747
1157,1157,0.118364917325,2.52907957223
1158,1158,2.15246686907,0.5133486393
1159,1159,2.31692460494,0.00100739155482
1160,1160,0.101187978317,2.9424107362
1161,1161,0.142769774288,-0.86248353625
1162,1162,-0.0667806051915,2.41655213681
1163,1163,0.41642720274,2.04634316735
1164,1164,0.469497748255,-1.79636340442
1165,1165,1.49924537888,0.543695206474
1166,1166,0.531548413982,1.94953231957
1167,1167,2.91445699146,0.0739044733862
1168,1168,0.968485155764,-1.59937663177
1169,1169,2.62837964475,0.271532561596
1170,1170,2.34099883097,0.288969484706
1171,1171,-0.244799717884,-3.02167269368
1172,1172,0.323645488802,-2.86642703508
1173,1173,-0.495735718497,2.8342594181
1174,1174,-0.354823034397,3.04352177213
1175,1175,0.541001535623,2.26682141973
1176,1176,0.346926810482,3.08677350981
1177,1177,0.193108469689,-1.83634332746
1178,1178,1.72094483339,0.363154005507
1179,1179,-0.687622481489,-3.02429605126
1180,1180,-0.343860917438,-2.91803577033
1181,1181,2.55352042162,0.552224107978
1182,1182,-0.422996488164,-2.48240607555
1183,1183,-0.261245260721,2.77728599761
1184,1184,-0.281146577258,2.63511324716
1185,1185,1.45776647515,-2.11281912257
1186,1186,-0.118456772486,-2.3331986445
1187,1187,-0.521407121638,-2.29423173803
1188,1188,1.17546722447,-1.60903346228
1189,1189,-0.0539961000797,-2.79668485168
1190,1190,-0.566612251866,-2.80663288366
1191,1191,-0.276041417404,-2.41368267802
1192,1192,-0.517018283699,-2.378866233
1193,1193,-0.744809751488,-2.38875127102
1194,1194,-0.0840754289271,-1.85066645329
1195,1195,-0.219706377959,2.72638819763
1196,1196,2.10399676077,-0.146895337166
1197,1197,2.80881978733,0.380244064577
1198,1198,3.07722294614,0.537900689291
1199,1199,2.58719350783,0.0878092852612
1200,1200,1.13837728569,-2.91424118058
1201,1201,0.71188530635,-2.22589615142
1202,1202,-0.626536757845,1.87241527124
1203,1203,-0.791328699501,2.7162380859
1204,1204,-0.512180220388,2.32105238202
1205,1205,1.59410806571,-2.32752182317
1206,1206,-0.252604710433,2.4637042434
1207,1207,0.0470135468247,-2.32677972333
1208,1208,0.527496223063,-2.43760431381
1209,1209,2.54675117591,0.187871110867
1210,1210,3.20483472866,0.111902790734
1211,1211,-0.0773330504082,2.20831421545
1212,1212,0.958720640863,-2.21178093664
1213,1213,2.63519087977,0.134153354834
1214,1214,1.7001906619,0.628859470277
1215,1215,-0.0864770645541,-2.98540180256
1216,1216,0.0551158700523,-1.87645895632
1217,1217,0.0797123638886,-2.67093189705
1218,1218,0.240004273065,-2.0499977084
1219,1219,2.34374357692,0.183091981211
1220,1220,1.8045282604,-1.50383152517
1221,1221,1.68260771712,-1.33916833732
1222,1222,1.34395993432,0.704291830386
1223,1223,1.39901021733,-1.06018965276
1224,1224,2.58587882848,-0.162125576685
1225,1225,2.6504384799,-0.0849954108921
1226,1226,0.43065676431,-0.159271781954
1227,1227,-0.229126335782,3.25637925572
1228,1228,0.726153521986,-0.0988835583151
1229,1229,0.28667246486,2.57387435661
1230,1230,0.221867411438,-3.08737869364
1231,1231,0.284477579165,-3.01054168037
1232,1232,-0.126501260799,2.83906495323
1233,1233,1.26115998998,-2.32821197025
1234,1234,-0.0228677871309,2.57475335754
1235,1235,-0.136661267553,-2.0103687878
1236,1236,2.8072696191,0.312336612554
1237,1237,0.346953002069,-2.43021643435
1238,1238,0.112757225404,3.11033103424
1239,1239,1.0489994307,-1.76845906588
1240,1240,-0.14575613347,-2.0141281126
1241,1241,3.00985764046,0.10378347528
1242,1242,0.341993588553,-2.48773492152
1243,1243,0.245785506711,-2.87477435363
1244,1244,0.47073417071,-2.64497739845
1245,1245,-0.451995731972,2.85538300204
1246,1246,0.0703541433797,-2.50924997522
1247,1247,-0.318168991599,2.77893215913
1248,1248,0.0484684818322,3.3053180356
1249,1249,0.976537646369,-2.70400790094
1250,1250,-0.41010206455,2.42484330229
1251,1251,-0.0282201722078,3.11546542731
1252,1252,0.125518846481,2.95233094956
1253,1253,0.69965199667,-2.0891770565
1254,1254,2.37461188366,0.718323983747
1255,1255,2.70881376918,0.134644698885
1256,1256,2.47135426284,-0.207664173665
1257,1257,2.94818511305,0.380263072909
1258,1258,2.31408607769,0.533773837123
1259,1259,2.61691268179,-0.269524555888
1260,1260,2.54682914551,0.0179447804226
1261,1261,2.96379097847,0.445899236915
1262,1262,0.473552769968,-1.80115109597
1263,1263,0.149565347884,-2.20387698797
1264,1264,2.27515420711,-0.228141281084
1265,1265,0.357522021187,3.44913036922
1266,1266,1.30156110668,-0.0111035146094
1267,1267,1.73771339556,-0.196971472327
1268,1268,0.219851145993,-2.32590726095
1269,1269,0.398532165745,-2.36906956981
1270,1270,2.10424849071,-0.22309520254
1271,1271,0.381543906116,2.98516391179
1272,1272,1.82551998529,0.567080884624
1273,1273,-0.425864424222,-2.20708779872
1274,1274,0.803227169848,-0.530385102201
1275,1275,-0.176171304911,3.14875035999
1276,1276,0.178967817585,-2.67748550037
1277,1277,0.753224752843,-2.83844686681
1278,1278,2.56382965992,0.0141811829963
1279,1279,2.24001913727,0.237266194004
1280,1280,0.859021860188,-0.20997110331
1281,1281,2.45230738207,-0.0975724709213
1282,1282,2.55520461037,-0.31537117005
1283,1283,2.70982184929,0.385619044609
1284,1284,-0.53176890395,-1.82163453273
1285,1285,1.48604079597,-1.94692674428
1286,1286,0.00485171008802,-0.45120916499
1287,1287,1.45426276064,0.545577964287
1288,1288,-0.334675924018,-2.31274603783
1289,1289,-0.156679434609,-2.42053049466
1290,1290,0.040817238237,-2.6607465085
1291,1291,0.858372615684,-0.509602989812
1292,1292,0.385688844942,1.53866746934
1293,1293,2.36248367428,0.212630883625
1294,1294,2.99078972107,0.0751724488541
1295,1295,0.616141812858,-0.665691749323
1296,1296,-0.0455267925596,-3.21391589625
1297,1297,0.293862025866,-2.47106178895
1298,1298,1.49738638453,-0.928605103115
1299,1299,-0.218634861315,2.87856673805
1300,1300,0.964556553736,-2.81150190346
1301,1301,-0.00854843654301,2.48374037312
1302,1302,-0.192741298566,1.68898924947
1303,1303,1.60905721251,-2.61811175866
1304,1304,-0.560569086642,2.51977563265
1305,1305,-0.302066184813,2.23482768567
1306,1306,-0.501687364499,2.10784038746
1307,1307,-0.6900278829,2.55843663955
1308,1308,-0.791996468761,2.7092237586
1309,1309,-0.239325610578,2.63309569442
1310,1310,0.685027974727,-2.63631782397
1311,1311,-0.00109571736233,-2.52938245252
1312,1312,0.177642338644,3.16352125367
1313,1313,0.281299040036,-2.74587686903
1314,1314,1.52470618654,-3.08307113249
1315,1315,0.308125349559,-2.27407323964
1316,1316,-0.645265142817,2.41202803504
1317,1317,0.539766946044,2.86141805084
1318,1318,0.798969826656,-2.72636919376
1319,1319,-0.0711024095571,2.7180566091
1320,1320,0.114717506281,2.84316295723
1321,1321,-0.664665697212,2.01844866737
1322,1322,0.0763372792379,2.67325305782
1323,1323,-0.0947138100472,2.70076491406
1324,1324,0.694118164887,-1.98690787336
1325,1325,1.01351353671,0.813523549573
1326,1326,2.58063452594,0.298461988826
1327,1327,-0.00281703835672,-2.45521081803
1328,1328,0.173844320473,-2.58815205682
1329,1329,3.09415543383,0.444241747111
1330,1330,0.0451627539584,2.8369459651
1331,1331,1.26487505897,-2.42215029302
1332,1332,1.40728019209,0.382558910568
1333,1333,0.0636269880118,-2.70689216162
1334,1334,-0.0871680741835,1.86446123491
1335,1335,0.149745312216,1.67937262538
1336,1336,0.898181268284,1.80592502851
1337,1337,-0.351462347161,1.53476622753
1338,1338,1.42493821713,0.771902867264
1339,1339,-0.513723599322,2.02080509091
1340,1340,1.8765368538,1.65407166053
1341,1341,1.74373105148,1.87616692348
1342,1342,1.77537974028,1.3351406511
1343,1343,0.347056020609,-2.46733123889
1344,1344,0.00291797601588,-2.1475651714
1345,1345,1.40451164517,0.994279833474
1346,1346,0.804898074433,1.9148042892
1347,1347,1.88155054113,0.148620020266
1348,1348,1.18493472067,1.70696061821
1349,1349,-0.356802864698,2.82075957939
1350,1350,-1.07425438273,-1.69728468281
1351,1351,2.33623789939,0.91270109433
1352,1352,-0.877217565609,-0.802021818756
1353,1353,0.89154462607,-2.14215373198
1354,1354,0.0415651017411,1.77229122475
1355,1355,1.00921861051,0.875415169292
1356,1356,2.07042458478,0.211502476707
1357,1357,1.57561529602,1.84742144858
1358,1358,0.7379160531,1.68340036207
1359,1359,0.686020854201,0.455939463809
1360,1360,2.34689351677,0.972834895167
1361,1361,0.467622053324,0.324176045484
1362,1362,-1.11213767942,-1.51401237333
1363,1363,-0.315219946425,-1.1743814221
1364,1364,2.03470884729,0.363816620777
1365,1365,1.60167423557,-0.811633465471
1366,1366,2.26193139718,-0.294471972644
1367,1367,-0.572460515992,0.878584574862
1368,1368,0.529981617031,1.97767307119
1369,1369,1.18727898442,-1.7800351118
1370,1370,0.958677071058,1.88759121679
1371,1371,2.96552845848,0.0346922425054
1372,1372,1.79103211205,0.3882250067
1373,1373,-0.122859406069,1.57686614724
1374,1374,1.93664164239,0.595174046977
1375,1375,0.970123360013,1.09146106881
1376,1376,0.962241141861,1.05269806318
1377,1377,-0.911178433498,-1.32385482034
1378,1378,0.649250891083,-1.66750358236
1379,1379,1.74045172258,1.21200307114
1380,1380,0.1605449746,1.9095974174
1381,1381,0.930800470806,1.09689062717
1382,1382,0.162215331853,-2.02836363337
1383,1383,0.0150299438216,1.56802633048
1384,1384,1.81437026315,0.43781289676
1385,1385,2.64630742211,0.736164602336
1386,1386,1.58429196311,1.05471808465
1387,1387,2.23919071115,1.51239562045
1388,1388,2.49236958392,0.542204108613
1389,1389,1.74264745758,1.66595847658
1390,1390,-0.124262472284,2.83163111892
1391,1391,-0.114603359921,2.16265646994
1392,1392,0.997524383533,-2.39541820916
1393,1393,0.675142192531,0.546113148882
1394,1394,0.594238557543,0.0639228097969
1395,1395,2.3024915981,0.211227742695
1396,1396,2.17473142864,0.247265895062
1397,1397,1.51219099454,-2.32393592712
1398,1398,0.643174370058,1.3320145779
1399,1399,-0.159228945308,-2.27961646885
1400,1400,1.30635918508,0.30772163712
1401,1401,-1.2121294404,-1.09883367183
1402,1402,0.0383950223004,2.14282904972
1403,1403,1.17168986285,0.169852129999
1404,1404,0.556377228865,2.31143051899
1405,1405,1.20747186627,1.32959340922
1406,1406,-0.475855142504,3.01660492954
1407,1407,0.723565798563,4.52336241576
1408,1408,-0.477979781987,3.33520764154
1409,1409,0.472101127245,3.04161230243
1410,1410,0.283106814338,2.22923381671
1411,1411,0.770429466741,2.1630118722
1412,1412,0.142312656856,2.54370749458
1413,1413,0.365201835699,3.00572298524
1414,1414,0.0581511575614,2.20875429181
1415,1415,0.929701095205,2.80789425055
1416,1416,0.312763740275,2.40657609739
1417,1417,1.83026654067,-0.0882203695632
1418,1418,-0.151255829973,2.24606620692
1419,1419,0.588561525997,0.392453885076
1420,1420,-1.8457179515,-1.46263276426
1421,1421,0.506197851771,0.000479792510059
1422,1422,0.904936366164,0.0820245367877
1423,1423,3.53244549629,0.192844460678
1424,1424,-0.106828391891,-3.45714943072
1425,1425,0.184064543821,1.47824381884
1426,1426,0.142479156736,0.419526859116
1427,1427,1.98546342149,0.319317841177
1428,1428,3.99827873358,-1.40603981645
1429,1429,2.74333051439,0.21537685701
1430,1430,2.33030305908,1.15861877613
1431,1431,2.42256526645,0.480349262127
1432,1432,3.07399665936,0.232426533356
1433,1433,2.24458601301,0.387938740229
1434,1434,0.542001204466,0.577685584681
1435,1435,1.73951948653,1.13603152642
1436,1436,-0.0744683247747,-2.55887861935
1437,1437,2.13997728557,0.331165013529
1438,1438,-0.279130442896,1.76018742706
1439,1439,1.05633557504,1.5119315582
1440,1440,1.24388913354,2.05733092763
1441,1441,0.444296806704,0.573559349314
1442,1442,0.679945598015,2.20076645565
1443,1443,0.341315376469,-2.42351651819
1444,1444,1.92217714066,2.22729841903
1445,1445,0.916967176402,2.5242489057
