,legislator,theta
0,39,-1.01708074489
1,530,-0.863800611683
2,40,-0.804143245854
3,375,-0.933523007859
4,0,-1.11916392388
5,1,-0.983767159967
6,43,-0.901772862835
7,414,-0.989965388969
8,47,-0.951608103494
9,48,-1.09146769658
10,49,-1.07319853744
11,50,-1.18512252523
12,52,-1.08486171644
13,53,-1.06640429779
14,529,-0.800648523703
15,59,-1.01356236811
16,61,-1.1195809321
17,439,-1.13732063626
18,63,-0.963274560072
19,412,-0.980707780639
20,5,-0.874027452202
21,65,-0.9946711711
22,66,-1.04100568553
23,67,-1.01677818971
24,70,-0.956589064989
25,6,-1.05516371005
26,7,-1.2032723543
27,537,-1.09058177784
28,71,-0.88748563092
29,76,-1.06369450494
30,77,-1.04621264523
31,79,-1.1509302656
32,80,-1.0392481712
33,54,-1.08774536917
34,88,-0.970271652002
35,90,-0.992004621167
36,406,-0.993458182924
37,435,-1.02205158298
38,91,-1.15571443701
39,391,-0.949028428575
40,386,-1.14848172669
41,428,-0.954237965702
42,98,-1.04627554514
43,99,-0.92547064605
44,102,-0.955555640184
45,422,-1.07401337639
46,409,-0.891436584635
47,109,-0.882103304224
48,110,-0.833717237055
49,403,-1.16142418544
50,111,-1.21548995442
51,113,-0.776932914202
52,117,-1.01296726376
53,118,-1.18436587302
54,119,-0.807374447914
55,122,-1.0522683221
56,125,-1.03568735668
57,127,-1.01439020259
58,128,-0.617124486991
59,130,-1.08137267032
60,131,-1.20238348766
61,132,-1.162417888
62,133,-0.962834739598
63,134,-0.855704726243
64,135,-1.14093166501
65,136,-1.14484176717
66,137,-0.861484114318
67,140,-0.97923083259
68,141,-1.1044314469
69,12,-0.843265390054
70,142,-1.02961873828
71,143,-0.304730433999
72,13,-1.09977400791
73,144,-1.10414770429
74,145,-0.986300239844
75,146,-1.1148258163
76,147,-1.1428134826
77,148,-1.05736957267
78,151,-1.17698921444
79,150,-1.09889790598
80,14,-0.948366120066
81,154,-0.856110389116
82,55,-0.718446238795
83,156,-0.972620776446
84,15,-0.997936162728
85,158,-0.727789190551
86,159,-0.962372125985
87,160,-1.05764715296
88,161,-1.07887455758
89,16,-1.01113802978
90,163,-0.805482853629
91,165,-1.17002559205
92,166,-0.886088875549
93,426,-1.11546277116
94,423,-1.12184957537
95,174,-1.08627529971
96,175,-1.09726616324
97,176,-1.08547170896
98,177,-1.00534641928
99,178,-1.12914794678
100,181,-1.08045577656
101,183,-1.0684036628
102,184,-1.03361984731
103,188,-1.17298759027
104,189,-0.38259898446
105,190,-1.15359469317
106,438,-0.772922039694
107,193,-1.02279225264
108,196,-1.02597005789
109,195,-0.720693420911
110,18,-1.17107760979
111,197,-0.914201494979
112,199,-0.986166393804
113,200,-0.987611530889
114,388,-1.03508669053
115,201,-1.07543698719
116,202,-0.860577951773
117,204,-1.08756754867
118,19,-0.817475196674
119,207,-1.11422665766
120,214,-0.616058731692
121,217,-1.16249676586
122,219,-1.04042597619
123,220,-1.07954127488
124,222,-1.05877703855
125,225,-1.13684211362
126,226,-1.03301098526
127,378,-0.834678066946
128,230,-0.985071160157
129,232,-1.09948171542
130,236,-1.02781247949
131,23,-0.95838111738
132,237,-0.933976468149
133,238,-1.1145841813
134,425,-1.11933841914
135,240,-0.847842329807
136,413,-1.17181397228
137,242,-0.981348483599
138,245,-0.998578777895
139,244,-1.09691426899
140,25,-0.837765707967
141,440,-1.14860484182
142,248,-1.04038436369
143,251,-1.07414015567
144,256,-1.15213350936
145,257,-0.984216146071
146,259,-1.07997098219
147,260,-1.04987041174
148,56,-0.981309358689
149,261,-1.06905739868
150,262,-1.04082165048
151,29,1.21516942062
152,266,-1.03658889459
153,267,-0.993245843361
154,441,-1.06152036759
155,30,-0.953051096259
156,424,-1.16558034787
157,273,-1.10846446678
158,274,-1.0082698032
159,276,-1.1955620255
160,278,-0.839579170684
161,280,-1.1627814849
162,534,-1.10143023463
163,283,-0.824776769219
164,284,-0.750311717787
165,286,-1.03221034566
166,287,-1.01752592431
167,444,-0.972314821526
168,289,-0.958385678396
169,290,-0.977378027042
170,291,-1.03889682
171,293,-1.07111291622
172,292,-0.850725686827
173,32,-1.05143098441
174,294,-0.913935823936
175,295,-1.11713398284
176,296,-0.979860693745
177,298,-1.06651121208
178,299,-1.06210047567
179,442,-1.04116618042
180,301,-1.15131566051
181,33,-0.729556260001
182,305,-1.09754073995
183,381,-1.04149195361
184,310,-1.07417613899
185,57,-0.966913675106
186,315,-1.10314892108
187,316,-1.11905906048
188,320,-1.02357637818
189,322,-1.11103263424
190,326,-0.887169829585
191,327,-0.963326879745
192,328,-0.926793898391
193,332,-1.09792831292
194,333,-0.7721921131
195,334,-0.998934149594
196,35,-1.08348227701
197,452,-1.01870127344
198,336,-0.962956327895
199,41,-0.945650333773
200,337,-1.14057020247
201,36,-0.938322198417
202,341,-0.929398984807
203,342,-1.12365875726
204,344,-0.957741729335
205,345,-0.936463103171
206,349,-0.809631523578
207,350,-0.969904578846
208,393,-0.892017477373
209,421,-1.10290632169
210,355,-1.17652333859
211,356,-0.963588555854
212,411,-1.05594851184
213,446,-1.12499795111
214,360,-1.03467732756
215,436,-1.09185151475
216,362,-1.13858281388
217,60,-0.878445740734
218,449,-1.09844622591
219,363,-1.21288659643
220,365,-1.12604096271
221,42,-0.80379282174
222,366,-1.01758648893
223,367,-1.07679424333
224,370,-1.04760493393
225,402,-1.06193461704
226,371,-0.855998467905
227,531,-0.862195676042
228,372,-1.06524391851
229,536,1.17077272616
230,44,0.460310099419
231,2,0.230229125578
232,45,1.30892329545
233,437,1.24796998741
234,46,1.2679122641
235,390,0.914828786939
236,51,0.741096138329
237,3,1.14012201386
238,58,1.16069117657
239,376,1.27104231683
240,62,1.28225479639
241,4,1.01517339893
242,64,1.155318675
243,394,0.965761345581
244,410,0.795102278855
245,69,1.16613980536
246,72,1.18241397667
247,73,1.2527943281
248,395,1.10368738218
249,74,1.13695456178
250,75,1.20227721177
251,443,1.20808816454
252,448,1.12303156212
253,81,1.28865451878
254,82,1.32865807143
255,83,1.18166800319
256,84,1.24959994505
257,85,1.22423471556
258,86,1.08885454429
259,89,1.23712277415
260,92,1.12716637544
261,93,1.32617878582
262,94,0.851312930014
263,95,0.460739792579
264,96,1.11897564599
265,100,1.19616610731
266,101,0.506363856939
267,103,1.31846563038
268,105,1.26301147196
269,104,1.30539852077
270,106,1.14379212742
271,107,1.36852685442
272,417,0.982919811937
273,108,1.23783302635
274,377,1.10870261866
275,112,1.27466304618
276,10,1.09104558905
277,114,1.24049806588
278,116,1.18245724309
279,408,1.04050884593
280,120,1.23423124254
281,121,1.25585107921
282,123,1.26694039284
283,484,0.889678128092
284,124,1.26803043681
285,401,1.11318460196
286,126,1.2627096975
287,68,1.20208864698
288,382,0.944414588478
289,405,1.26863464476
290,138,1.26438499073
291,407,1.0990698413
292,487,0.613975770665
293,482,0.883691003147
294,383,1.24475568141
295,152,1.10506709925
296,153,0.816897283396
297,155,1.1902582642
298,157,1.23948671785
299,374,1.32008643258
300,472,1.20844718055
301,162,1.29957355537
302,455,1.17280572681
303,167,1.20058937656
304,168,1.06526056873
305,169,1.08438349382
306,17,1.24403354803
307,172,1.25439542147
308,485,1.11139026931
309,173,1.11431743092
310,389,1.23440552723
311,180,1.17152241284
312,182,1.15715784153
313,433,1.298531925
314,186,1.18210032827
315,185,1.11760576049
316,191,1.1589267563
317,192,1.16263482374
318,457,1.28991026346
319,416,1.27944306788
320,419,1.32092712933
321,454,1.10537008523
322,194,1.06114534323
323,384,0.917772530172
324,430,1.07518706375
325,203,1.11832099016
326,205,1.09461200676
327,206,1.20015353412
328,209,1.27202642388
329,211,1.26370064435
330,212,1.32164653584
331,213,0.776349800138
332,215,0.940171454073
333,216,1.15510211121
334,398,1.38268486868
335,218,1.19222664825
336,431,1.07090573378
337,221,1.1139648121
338,223,1.09102794386
339,479,0.720372128721
340,434,0.788109432972
341,227,1.0911620036
342,20,0.169275595561
343,228,1.23090879235
344,21,1.01220287059
345,233,1.18337489972
346,234,1.20425919544
347,235,1.2240321147
348,22,0.240091590659
349,239,1.10621044992
350,241,1.16967495804
351,432,1.2541254544
352,24,1.14130313384
353,26,1.2098421902
354,246,1.33705619259
355,27,1.13690169863
356,404,0.674401156198
357,253,1.34641805023
358,254,1.2564333679
359,255,1.2675653623
360,480,1.18322380826
361,420,1.06537329862
362,447,1.14843138595
363,28,0.426792903566
364,263,1.47917591456
365,264,1.32597616951
366,379,1.27191425358
367,268,1.42332113654
368,269,0.984516728425
369,400,0.78118095625
370,270,0.924178096482
371,271,0.232186922151
372,272,1.22767796411
373,456,1.28781032846
374,275,1.00800361102
375,279,1.29766157065
376,281,1.22978249075
377,31,0.50440804577
378,282,1.15117219638
379,288,1.14263609496
380,300,1.25816888759
381,396,0.802245149237
382,303,1.02938680356
383,304,1.20009851797
384,306,1.11354400612
385,338,1.27460470084
386,308,1.10370233926
387,309,1.33090858736
388,311,1.32569234989
389,312,1.26454272757
390,483,0.952091127462
391,313,0.757309761584
392,34,1.2743239991
393,318,1.23249937617
394,317,1.06692526961
395,321,1.30376225975
396,323,1.10784856535
397,478,1.14112518039
398,325,1.07939026117
399,387,0.540754143899
400,329,1.2545827088
401,330,1.20431048406
402,331,1.15486323145
403,335,1.26471857805
404,392,1.19792822809
405,397,1.30966947691
406,340,1.2182594763
407,339,1.12562629446
408,37,1.15653936244
409,385,1.19463341342
410,346,1.22339447737
411,348,1.17673578752
412,351,1.23752939192
413,399,1.09660601759
414,450,1.0924184042
415,451,0.818048473893
416,352,1.30026979519
417,353,1.11540824545
418,357,0.930448187548
419,358,1.13336182653
420,359,1.30895165789
421,533,1.19967302605
422,38,1.31460815407
423,361,1.20564408972
424,364,1.32495286975
425,369,1.36044962037
426,139,1.03664238964
427,231,-1.13754916414
428,224,-1.00028466518
429,78,1.26784353476
430,229,1.22520770351
431,297,-0.786238394447
432,458,-0.902970567887
433,493,-0.852019614628
434,459,-1.20673308534
435,525,-0.560378142341
436,488,-1.03247765864
437,461,1.24302492869
438,97,-1.21712043976
439,445,-1.16831450323
440,129,-0.72953361617
441,8,-0.97487459048
442,373,-0.756168504706
443,187,-1.09722152218
444,210,-0.920252453807
445,265,-0.928147976206
446,149,-1.25784253329
447,302,-1.14916827752
448,307,1.02007175982
449,319,-1.13705944234
450,164,-1.26518563884
451,324,-1.01627894881
452,347,-1.19348725866
453,354,-0.987045279753
454,460,-0.858346964933
455,208,-0.851415872004
456,510,0.869404051042
457,87,-1.2999488411
458,535,0.657558872109
459,538,0.720753958096
460,243,0.802658224896
461,277,0.893304680519
462,285,-0.875587012813
463,517,-0.967006865148
464,519,1.08913157483
465,9,1.02101577183
466,11,1.1677439806
467,515,1.20861007439
468,532,0.798530002215
469,115,0.869537371914
470,469,-0.828747828825
471,470,-0.173188069888
472,506,1.06512129929
473,490,-0.84167736309
474,471,-1.19309942699
475,476,0.460840571609
476,474,1.1939987859
477,477,-1.04184359929
478,499,1.05775870243
479,429,-1.43249162566
480,505,0.994841483799
481,179,0.986815667339
482,497,-1.15960670082
483,540,0.501520674996
484,541,0.984269894257
485,170,0.947074596029
486,427,0.599742419916
487,171,1.04450579145
488,502,-0.822736180183
489,486,-1.46349453332
490,504,-0.746012940345
491,492,-0.961189377336
492,542,0.910534593628
493,453,0.90142218539
494,526,2.0273472929
495,418,0.720151666189
496,198,-0.53310423077
497,508,0.941855852044
498,527,0.962421395868
499,509,1.1163197987
500,544,1.03274914226
501,507,0.251307073477
502,511,-0.647526959759
503,512,0.724783296653
504,491,-1.13756924115
505,258,1.17702741396
506,494,1.1050863737
507,247,0.917500663925
508,249,-1.08063914795
509,250,-0.289595143394
510,252,1.14808648876
511,513,1.11322290267
512,516,0.796075869431
513,514,-0.842564747646
514,545,0.414226135184
515,495,1.18090081397
516,518,0.652517058154
517,498,-1.20290720659
518,546,0.893605847135
519,380,0.982971593239
520,314,0.978190947927
521,500,0.820386989517
522,521,1.07399374186
523,523,0.861541871909
524,343,-1.16037493005
525,547,0.916952401862
526,501,0.952776804642
527,503,0.785786850823
528,415,1.1012198226
529,524,0.886857734389
530,473,-0.889727854884
531,368,1.04129810202
532,522,-1.11530170365
533,539,-0.87284988504
534,496,-0.984293592163
535,475,-1.0521060385
536,481,-0.854508789077
537,543,0.492085680543
538,528,0.988377824571
539,520,-0.597009141831
540,462,0.878990797734
541,463,-1.09107717726
542,464,-0.762343306203
543,465,-1.14474377082
544,467,1.24698303681
545,466,0.771002184417
546,468,-0.80820850563
547,489,0.984372639509
