,legislator,theta
0,39,-0.921834746149
1,530,-0.828264164105
2,40,-0.802141403702
3,375,-0.953010741388
4,0,-1.08032987766
5,1,-0.826032489798
6,43,-0.784591793886
7,414,-1.09965948513
8,47,-0.842660394253
9,48,-1.20965384269
10,49,-1.10523577768
11,50,-1.24213383446
12,52,-1.35061551591
13,53,-1.41459878875
14,529,-0.955343432647
15,59,-0.966592297561
16,61,-1.2812113171
17,439,-1.40819965566
18,63,-1.03047185874
19,412,-0.962851145335
20,5,-0.828990166525
21,65,-0.95024943094
22,66,-1.11933760085
23,67,-1.20107595803
24,70,-0.817336329468
25,6,-0.838002433464
26,7,-1.1195190744
27,537,-1.10129098571
28,71,-0.764296087537
29,76,-1.05524541667
30,77,-0.986836571839
31,79,-1.30422186674
32,80,-1.24004115024
33,54,-1.11029672428
34,88,-0.911549275949
35,90,-0.864084632564
36,406,-1.36017271725
37,435,-0.923764445941
38,91,-1.25440899897
39,391,-1.02872447068
40,386,-1.32980412979
41,428,-0.948250180907
42,98,-0.904257678406
43,99,-0.77760990362
44,102,-0.991609805078
45,422,-1.0592775544
46,409,-0.794552893696
47,109,-0.751003410256
48,110,-0.691839400767
49,403,-1.39280803653
50,111,-1.33747016726
51,113,-0.758292242494
52,117,-1.125331522
53,118,-1.71361036446
54,119,-0.630975910927
55,122,-1.03554759686
56,125,-1.09689258673
57,127,-1.24673415607
58,128,-0.482365901831
59,130,-1.23484810363
60,131,-1.56749640303
61,132,-1.3522448919
62,133,-1.02802199224
63,134,-0.666740911379
64,135,-1.39958829196
65,136,-1.50995085901
66,137,-0.66917544938
67,140,-1.00916402565
68,141,-1.17462271348
69,12,-0.707405597191
70,142,-1.08878034266
71,143,-0.224559335381
72,13,-1.17769926573
73,144,-1.15733527678
74,145,-1.10358531346
75,146,-1.10975155023
76,147,-1.38002762955
77,148,-1.05383447118
78,151,-1.43100778215
79,150,-1.13033564225
80,14,-1.01079039856
81,154,-0.835015898695
82,55,-0.549979211585
83,156,-1.07971140483
84,15,-1.13803292319
85,158,-0.565319105288
86,159,-0.973164419015
87,160,-1.31186067338
88,161,-1.12112566026
89,16,-0.868244145363
90,163,-0.715422195318
91,165,-1.38900124911
92,166,-0.669107060095
93,426,-1.67775442764
94,423,-1.4848497164
95,174,-1.12794266925
96,175,-1.4444935012
97,176,-1.23352446871
98,177,-1.09027635071
99,178,-1.35683662691
100,181,-1.10539518931
101,183,-1.19097949881
102,184,-1.24268126747
103,188,-1.43328904503
104,189,-0.328281955813
105,190,-1.36528685981
106,438,-0.731226191758
107,193,-1.03478758672
108,196,-1.22100754347
109,195,-0.565268054328
110,18,-1.40304665764
111,197,-0.794482821508
112,199,-1.00426347645
113,200,-1.16440039
114,388,-1.34676109299
115,201,-1.42555559795
116,202,-0.788156930029
117,204,-1.34400719233
118,19,-0.770257702929
119,207,-1.24487949187
120,214,-0.534375803973
121,217,-1.34758949547
122,219,-0.832396930108
123,220,-1.0901896243
124,222,-1.11555169646
125,225,-1.46690363552
126,226,-0.882976671667
127,378,-0.830587903877
128,230,-1.03065113594
129,232,-1.20670732445
130,236,-1.3080597243
131,23,-0.884896701156
132,237,-0.824527611207
133,238,-1.04745692462
134,425,-1.36090134537
135,240,-0.76349020184
136,413,-1.29240497686
137,242,-1.04850763548
138,245,-1.22762248681
139,244,-1.11758897081
140,25,-0.90579501972
141,440,-1.24345709743
142,248,-1.24323750847
143,251,-0.896833497657
144,256,-1.48390859859
145,257,-0.977233651863
146,259,-1.04303787025
147,260,-0.962547679104
148,56,-1.03800692045
149,261,-1.3694338907
150,262,-1.49493949433
151,29,1.18598531514
152,266,-0.951542954644
153,267,-0.919253255369
154,441,-1.20333476845
155,30,-0.849381445618
156,424,-1.40978985617
157,273,-1.21837518333
158,274,-1.12088468949
159,276,-1.65192019329
160,278,-0.857880530236
161,280,-1.52107732138
162,534,-1.0451377074
163,283,-0.731590598535
164,284,-0.639197627217
165,286,-0.864942951197
166,287,-1.34957178519
167,444,-1.14105881371
168,289,-0.92765567661
169,290,-0.852888856016
170,291,-1.07181892212
171,293,-1.00045856663
172,292,-0.827787180267
173,32,-0.946347343258
174,294,-0.873888871048
175,295,-1.3878616346
176,296,-0.901547517927
177,298,-0.97221205937
178,299,-1.11342632202
179,442,-1.0379577822
180,301,-1.33359391388
181,33,-0.58199101722
182,305,-1.26917419287
183,381,-1.32904702466
184,310,-1.43640536267
185,57,-0.853048854062
186,315,-1.35622272093
187,316,-1.24485624692
188,320,-1.00786678283
189,322,-1.38849048546
190,326,-0.747289465215
191,327,-1.05829153875
192,328,-0.899629017328
193,332,-1.20214401771
194,333,-0.59114812928
195,334,-1.25558170438
196,35,-1.13413496679
197,452,-1.06453791771
198,336,-0.854335748633
199,41,-0.987092558126
200,337,-1.40067701721
201,36,-0.86505287043
202,341,-0.806430358726
203,342,-1.33764146256
204,344,-0.986833848535
205,345,-0.97221726357
206,349,-0.750634356508
207,350,-0.80881904189
208,393,-0.773581077245
209,421,-1.13415830734
210,355,-1.41842806699
211,356,-0.831659324607
212,411,-0.968777814754
213,446,-1.78291310748
214,360,-0.940792655223
215,436,-1.3415816592
216,362,-1.43314695708
217,60,-0.896948146087
218,449,-1.6509862487
219,363,-1.32317161741
220,365,-0.968221095195
221,42,-0.767168650015
222,366,-0.907774511347
223,367,-1.25825576593
224,370,-1.22223236692
225,402,-1.24052878947
226,371,-0.649014278824
227,531,-0.923932035356
228,372,-0.978843607199
229,536,1.17768784317
230,44,0.377657935574
231,2,0.243012405017
232,45,1.55353985568
233,437,1.51487152856
234,46,1.57223142516
235,390,0.753785609319
236,51,0.619517607994
237,3,1.15561288136
238,58,1.3940597427
239,376,1.65836476259
240,62,1.40984626263
241,4,0.877891937753
242,64,1.23672484231
243,394,0.929807061185
244,410,0.694751835624
245,69,1.19123237107
246,72,1.22965795558
247,73,1.36038272247
248,395,1.05241750854
249,74,1.01011309436
250,75,1.19454603475
251,443,1.29846426055
252,448,1.17848636461
253,81,1.57756570614
254,82,1.50409718814
255,83,1.60692574787
256,84,1.3112018241
257,85,1.25741928593
258,86,1.12802120716
259,89,1.36631813999
260,92,1.10345049831
261,93,1.70513582561
262,94,0.75671394064
263,95,0.389069979213
264,96,1.1135770763
265,100,1.41977025652
266,101,0.455122109577
267,103,1.38344901874
268,105,1.36215143106
269,104,1.48107600651
270,106,1.0383787993
271,107,1.47819707235
272,417,0.944651767932
273,108,1.38677595611
274,377,0.838270981431
275,112,1.41155025499
276,10,1.21050444597
277,114,1.4120850559
278,116,1.47638160416
279,408,0.884535691611
280,120,1.67936244907
281,121,1.47701174061
282,123,1.31768549772
283,484,0.803746277097
284,124,1.44004366161
285,401,1.1585255464
286,126,1.47450622061
287,68,1.46277434012
288,382,0.813249830553
289,405,1.33738510391
290,138,1.49020892647
291,407,0.899621336164
292,487,0.534205251726
293,482,0.647584198885
294,383,1.23062733108
295,152,1.06424237328
296,153,0.634279541739
297,155,1.53583094566
298,157,1.50777406253
299,374,1.44803837511
300,472,1.21920043483
301,162,1.41575213577
302,455,1.15083576178
303,167,1.37183416722
304,168,0.945790252881
305,169,0.90878743395
306,17,1.55586003912
307,172,1.68038931669
308,485,1.1173917053
309,173,1.24011204846
310,389,1.40134668794
311,180,1.0603793192
312,182,1.09539432456
313,433,1.35785087503
314,186,1.41239263672
315,185,1.23024967535
316,191,1.12541406541
317,192,1.0896195454
318,457,1.30980594093
319,416,1.49586540518
320,419,1.43482257592
321,454,0.995733924118
322,194,0.981707327492
323,384,0.820067106824
324,430,0.964764679832
325,203,1.2166940575
326,205,1.16583577904
327,206,1.34084112916
328,209,1.6684400253
329,211,1.43162631804
330,212,1.70183816496
331,213,0.646862254044
332,215,0.954876018215
333,216,1.19455015256
334,398,1.7031606319
335,218,1.42763545617
336,431,0.9980372573
337,221,1.12655667946
338,223,1.12184127472
339,479,0.614425352526
340,434,0.678149227302
341,227,1.65225089414
342,20,0.122616489631
343,228,1.36369369702
344,21,1.04034060021
345,233,1.22748851503
346,234,1.6318723462
347,235,1.58824260921
348,22,0.216086870647
349,239,1.04046456498
350,241,1.31867576174
351,432,1.26001001511
352,24,1.14307090195
353,26,1.35516924528
354,246,1.5226777435
355,27,1.10911258497
356,404,0.524546583816
357,253,1.86767083046
358,254,1.66312378484
359,255,1.64724641288
360,480,1.3747238363
361,420,1.05904145755
362,447,1.2062312785
363,28,0.453439110501
364,263,1.8746677827
365,264,1.46365403865
366,379,1.50646333577
367,268,1.49934317307
368,269,0.899905412719
369,400,0.649193032049
370,270,0.742101326154
371,271,0.239514020308
372,272,1.44904253663
373,456,1.9561077442
374,275,0.856257687896
375,279,1.32490818108
376,281,1.31374465495
377,31,0.408187479274
378,282,1.44930387081
379,288,1.04501084221
380,300,1.63301284919
381,396,0.720407003403
382,303,0.87896721049
383,304,1.32859705463
384,306,1.05925566073
385,338,1.38189937815
386,308,0.969837522978
387,309,1.4205444014
388,311,1.85973943247
389,312,1.334484797
390,483,0.770838432785
391,313,0.621743625057
392,34,1.17582361222
393,318,1.35618397958
394,317,0.931754414925
395,321,1.73545362041
396,323,0.899683168596
397,478,1.05896854387
398,325,1.19465454755
399,387,0.459387435494
400,329,1.36129553399
401,330,1.32026918685
402,331,1.18126809468
403,335,1.55581272175
404,392,1.19290045591
405,397,1.49251962138
406,340,1.35806080888
407,339,1.20928764276
408,37,1.31670407877
409,385,1.31301482826
410,346,1.44080337447
411,348,1.38248004214
412,351,1.58102169722
413,399,1.16515086933
414,450,0.968664823787
415,451,0.707268916899
416,352,1.66787438964
417,353,1.18956761956
418,357,0.790739488524
419,358,1.23636193005
420,359,1.36472593854
421,533,1.61057862552
422,38,1.69941323947
423,361,1.25955387094
424,364,1.74999894134
425,369,1.42659043718
426,139,0.933942944933
427,231,-1.24720982056
428,224,-1.06099559014
429,78,1.48683865558
430,229,1.26483234774
431,297,-0.713365005626
432,458,-0.868740321844
433,493,-0.536904497464
434,459,-1.48446026523
435,525,-0.923060589408
436,488,-1.03748915734
437,461,1.54871571026
438,97,-1.40096445367
439,445,-1.97843296108
440,129,-1.08361908926
441,8,-0.892071742144
442,373,-0.730296672896
443,187,-1.80490430481
444,210,-1.59986687081
445,265,-1.51965213337
446,149,-2.10471620724
447,302,-1.24718620494
448,307,1.58971256724
449,319,-1.72001908035
450,164,-1.70991686066
451,324,-1.46466996826
452,347,-1.09233203637
453,354,-1.39658793028
454,460,-0.832226535011
455,208,-0.785651766617
456,510,1.38289280896
457,87,-1.52600388912
458,535,0.662854265225
459,538,0.703209109923
460,243,0.883720737166
461,277,1.75239226846
462,285,-1.07756163381
463,517,-1.25811774941
464,519,1.58137782965
465,9,1.7434749044
466,11,1.50276621321
467,515,1.26986410966
468,532,0.962234107862
469,115,0.940126766783
470,469,-0.87038455953
471,470,-0.262965532702
472,506,1.23661024373
473,490,-0.879559233136
474,471,-1.52407383371
475,476,0.612220965096
476,474,1.43434760158
477,477,-1.44485283631
478,499,1.41053731531
479,429,-1.41041263942
480,505,1.71908949626
481,179,1.55171699265
482,497,-1.7012502291
483,540,0.463925007456
484,541,0.91138166061
485,170,1.0146579398
486,427,0.610664428992
487,171,1.89057584203
488,502,-0.86067323227
489,486,-2.08155232534
490,504,-0.909771430466
491,492,-1.07392580191
492,542,1.32262262727
493,453,0.848189179734
494,526,-0.57890077729
495,418,0.870871399286
496,198,-0.485401309516
497,508,1.14183800011
498,527,2.1175884439
499,509,1.41693109224
500,544,1.91241239698
501,507,0.248317397891
502,511,-0.787550386978
503,512,0.607623171131
504,491,-1.35824264246
505,258,1.86236734476
506,494,1.23794763622
507,247,1.71419819288
508,249,-1.33025335893
509,250,-0.330994936588
510,252,1.56980364433
511,513,1.24682551057
512,516,1.08784229839
513,514,-1.14360682696
514,545,0.363153084633
515,495,2.08275485612
516,518,0.743372957254
517,498,-1.8969792813
518,546,1.37856543684
519,380,1.49749593603
520,314,1.53145893659
521,500,1.0908678762
522,521,1.5423123459
523,523,0.656122310489
524,343,-1.37447221467
525,547,1.04645486842
526,501,1.49030770133
527,503,0.724751759834
528,415,1.58976409312
529,524,1.77881592236
530,473,-1.00738291164
531,368,1.30740928983
532,522,-1.21401117438
533,539,-0.983032825777
534,496,-1.13156064631
535,475,-1.68899698799
536,481,-0.814969635748
537,543,0.751779059288
538,528,1.5351190641
539,520,-0.735847493102
540,462,1.82418454322
541,463,-1.39806685327
542,464,-0.682887376067
543,465,-1.42849733115
544,467,1.4539699575
545,466,0.782248328837
546,468,-0.385209871023
547,489,0.819718348369
