,legislator,theta
0,39,-0.903487410447
1,530,-0.861893449696
2,40,-0.805227960236
3,375,-0.955509463335
4,0,-1.04111454197
5,1,-0.818177150569
6,43,-0.794437726997
7,414,-0.978517822492
8,47,-0.891720632789
9,48,-1.17893937868
10,49,-1.10216562172
11,50,-1.34653623945
12,52,-1.38376033627
13,53,-1.29516469534
14,529,-0.960520718133
15,59,-1.08726133411
16,61,-1.23280471529
17,439,-1.39526765884
18,63,-1.1028573914
19,412,-0.975323590682
20,5,-0.822009807069
21,65,-0.937688729889
22,66,-1.05203622782
23,67,-1.10367827276
24,70,-0.80518450171
25,6,-0.920071783422
26,7,-1.06277376543
27,537,-1.0457685597
28,71,-0.814665838897
29,76,-1.10110681565
30,77,-1.05198679733
31,79,-1.28610816276
32,80,-1.15423842625
33,54,-1.17328609949
34,88,-0.884809042598
35,90,-0.799037002184
36,406,-1.38186552502
37,435,-0.980733011093
38,91,-1.41468651105
39,391,-1.03122170856
40,386,-1.4692232199
41,428,-0.935930272491
42,98,-0.9329567122
43,99,-0.736353569465
44,102,-0.950782456709
45,422,-1.04907644753
46,409,-0.792468166925
47,109,-0.720231955288
48,110,-0.716898497837
49,403,-1.42656523519
50,111,-1.33544791312
51,113,-0.672481596745
52,117,-1.06642926512
53,118,-1.65900808208
54,119,-0.743011230412
55,122,-0.94635400192
56,125,-1.12567601855
57,127,-1.28541285132
58,128,-0.508651755881
59,130,-1.15403011018
60,131,-1.61212535556
61,132,-1.40442770585
62,133,-0.958964571791
63,134,-0.749640540971
64,135,-1.35493508689
65,136,-1.43651792888
66,137,-0.688436243421
67,140,-0.928945895583
68,141,-1.20441178323
69,12,-0.738351838831
70,142,-1.19415774644
71,143,-0.237565887282
72,13,-1.22831533298
73,144,-1.14525716236
74,145,-1.24460510276
75,146,-0.991371605834
76,147,-1.3393046412
77,148,-1.16075338559
78,151,-1.25561133667
79,150,-1.07078023588
80,14,-0.939206609181
81,154,-0.846538894338
82,55,-0.577030233866
83,156,-1.07686610137
84,15,-0.940916869141
85,158,-0.534786059004
86,159,-0.905103483978
87,160,-1.24497866182
88,161,-1.05091853654
89,16,-0.8517029509
90,163,-0.758013435358
91,165,-1.43807487846
92,166,-0.701356687241
93,426,-1.59433441455
94,423,-1.54093293402
95,174,-1.10704663413
96,175,-1.37039052483
97,176,-1.31132435469
98,177,-1.15981816805
99,178,-1.23404605723
100,181,-1.14126211383
101,183,-1.23113344666
102,184,-1.14749744086
103,188,-1.43730320974
104,189,-0.299020395061
105,190,-1.44778782419
106,438,-0.711049970279
107,193,-0.922555401658
108,196,-1.14379656319
109,195,-0.595985919135
110,18,-1.44367401692
111,197,-0.787876104628
112,199,-0.974509355089
113,200,-1.13915482318
114,388,-1.20312118513
115,201,-1.44449786499
116,202,-0.78887038262
117,204,-1.24322876079
118,19,-0.685281400834
119,207,-1.35313611157
120,214,-0.520857544684
121,217,-1.22522877687
122,219,-0.809942241562
123,220,-1.05324828818
124,222,-1.05191616689
125,225,-1.41391241359
126,226,-0.899180404162
127,378,-0.81315006091
128,230,-0.969493263449
129,232,-1.15642790563
130,236,-1.23455355892
131,23,-0.914009176326
132,237,-0.689949619465
133,238,-0.968437213559
134,425,-1.30365099763
135,240,-0.70136152202
136,413,-1.28870226043
137,242,-1.16455850168
138,245,-1.21389849834
139,244,-1.02816833441
140,25,-0.702029199798
141,440,-1.23745877781
142,248,-1.2340193609
143,251,-0.895753192355
144,256,-1.51763261172
145,257,-0.972939147501
146,259,-1.00379120442
147,260,-0.932930309178
148,56,-1.0368575541
149,261,-1.26736911564
150,262,-1.3988236143
151,29,1.18704309084
152,266,-0.985863114292
153,267,-1.07483907975
154,441,-1.22583594532
155,30,-0.915916313095
156,424,-1.46663151365
157,273,-1.16991019178
158,274,-1.13561309799
159,276,-1.56074910776
160,278,-0.92519235363
161,280,-1.38691390294
162,534,-1.16713789945
163,283,-0.692941028237
164,284,-0.660197059294
165,286,-0.837060529388
166,287,-1.28380489672
167,444,-1.148495259
168,289,-0.913376821945
169,290,-0.932258228823
170,291,-1.08667218696
171,293,-1.01342612499
172,292,-0.875092920389
173,32,-1.05172582831
174,294,-0.873081621786
175,295,-1.37712270176
176,296,-0.921906204441
177,298,-1.04937672678
178,299,-1.03907015709
179,442,-1.03179449594
180,301,-1.26577772033
181,33,-0.582927510579
182,305,-1.24419406486
183,381,-1.23925832915
184,310,-1.45400507158
185,57,-0.793114297036
186,315,-1.26160734017
187,316,-1.2840143492
188,320,-1.07967686814
189,322,-1.32622060356
190,326,-0.763206033629
191,327,-1.01890554113
192,328,-0.802397074451
193,332,-1.29063745999
194,333,-0.628671445513
195,334,-1.16442465656
196,35,-1.09439736769
197,452,-1.05323421303
198,336,-0.892722271552
199,41,-0.911278439633
200,337,-1.39125921714
201,36,-0.968633292092
202,341,-0.674960398185
203,342,-1.31030665661
204,344,-0.959464902303
205,345,-0.995748894298
206,349,-0.820551085625
207,350,-0.845148949407
208,393,-0.712808677099
209,421,-1.14954199635
210,355,-1.32460986563
211,356,-0.877015874401
212,411,-1.04229824009
213,446,-1.70782575259
214,360,-0.974621931253
215,436,-1.35984918798
216,362,-1.31807719027
217,60,-0.914714986485
218,449,-1.46405229243
219,363,-1.34602692473
220,365,-1.02082786651
221,42,-0.680760646235
222,366,-0.887512077296
223,367,-1.20251737997
224,370,-1.19224948797
225,402,-1.23358735503
226,371,-0.673995496455
227,531,-0.88784740821
228,372,-1.01187908708
229,536,1.10783603828
230,44,0.395695131474
231,2,0.207147282251
232,45,1.51314036184
233,437,1.36478717347
234,46,1.61853781772
235,390,0.769221891121
236,51,0.563772077031
237,3,1.17665895559
238,58,1.35271526523
239,376,1.57035188993
240,62,1.36741220273
241,4,0.950125421577
242,64,1.15661506587
243,394,0.928906269749
244,410,0.749869586033
245,69,1.22585696814
246,72,1.26301030257
247,73,1.39573794323
248,395,1.13713622333
249,74,1.02818350227
250,75,1.24183911284
251,443,1.33121685555
252,448,1.27337578393
253,81,1.50831342123
254,82,1.48436669251
255,83,1.55307699905
256,84,1.3455019225
257,85,1.23530430686
258,86,1.06549885974
259,89,1.39763800248
260,92,1.17259061789
261,93,1.62366955578
262,94,0.777159080115
263,95,0.363777888326
264,96,1.10892378754
265,100,1.30768541998
266,101,0.428702043773
267,103,1.37883083088
268,105,1.40019293908
269,104,1.52784464654
270,106,1.049705779
271,107,1.5412831285
272,417,1.00290967414
273,108,1.3710324881
274,377,0.903291746866
275,112,1.37331423912
276,10,1.26823295903
277,114,1.22163485881
278,116,1.32723526308
279,408,0.93256762559
280,120,1.55645271003
281,121,1.55090808127
282,123,1.33379629908
283,484,0.745854156899
284,124,1.46558220438
285,401,1.04660812513
286,126,1.48984396615
287,68,1.3811087885
288,382,0.874761645618
289,405,1.36577009392
290,138,1.47350948402
291,407,0.982422251151
292,487,0.509714238639
293,482,0.696462688352
294,383,1.27817455818
295,152,1.15279522197
296,153,0.632965893157
297,155,1.49619550852
298,157,1.38651683647
299,374,1.336872731
300,472,1.21778478184
301,162,1.33440284812
302,455,1.20246011935
303,167,1.38104333348
304,168,1.05676666749
305,169,0.943751177443
306,17,1.44572770745
307,172,1.56754199191
308,485,1.19567163994
309,173,1.2157545204
310,389,1.53880889806
311,180,1.11047450778
312,182,1.14766909274
313,433,1.43418458507
314,186,1.34261115269
315,185,1.32496516618
316,191,1.17198335478
317,192,1.18918918519
318,457,1.29502368818
319,416,1.48126330113
320,419,1.33086608233
321,454,1.08338004184
322,194,0.994206633176
323,384,0.747730500831
324,430,1.02298317258
325,203,1.30039064534
326,205,1.1093469531
327,206,1.32335655122
328,209,1.65059470205
329,211,1.33758359784
330,212,1.61403654668
331,213,0.689461185979
332,215,0.825847886437
333,216,1.16902703359
334,398,1.73792790433
335,218,1.36145414195
336,431,0.977687092938
337,221,1.13429354073
338,223,1.06537259678
339,479,0.555013845137
340,434,0.696539675525
341,227,1.6028385785
342,20,0.147659833169
343,228,1.4748628473
344,21,0.964429223451
345,233,1.20416205198
346,234,1.52149978805
347,235,1.56503246364
348,22,0.183902372765
349,239,0.964162006652
350,241,1.29924510524
351,432,1.28434431386
352,24,1.06645433704
353,26,1.39157267418
354,246,1.49626407319
355,27,1.15067479422
356,404,0.567903629133
357,253,1.67462692024
358,254,1.62024816299
359,255,1.62704523651
360,480,1.30084332693
361,420,1.01004280534
362,447,1.22073438412
363,28,0.40859435296
364,263,1.78631172534
365,264,1.48055357282
366,379,1.53202618228
367,268,1.54916146712
368,269,0.964863006947
369,400,0.641024633433
370,270,0.795690901277
371,271,0.232342230266
372,272,1.39032213941
373,456,1.76789329154
374,275,0.86505418275
375,279,1.26274040308
376,281,1.3701535301
377,31,0.402839344466
378,282,1.30565253871
379,288,0.985182670225
380,300,1.54805151621
381,396,0.609029262933
382,303,0.954615326141
383,304,1.29117595424
384,306,1.08771096687
385,338,1.34034635339
386,308,1.02884774487
387,309,1.47513203117
388,311,1.75219642709
389,312,1.3630918095
390,483,0.804322055747
391,313,0.641188461341
392,34,1.26824310518
393,318,1.32415786759
394,317,0.980433453604
395,321,1.6915004763
396,323,0.902523658661
397,478,1.12098617349
398,325,1.21452325377
399,387,0.489627987102
400,329,1.36309475556
401,330,1.38423837451
402,331,1.12977151405
403,335,1.62997073468
404,392,1.17083240789
405,397,1.50237954047
406,340,1.29315396559
407,339,1.2795679756
408,37,1.35120799069
409,385,1.2707168065
410,346,1.49516517353
411,348,1.4124538726
412,351,1.59767768918
413,399,1.15186157064
414,450,1.04591447498
415,451,0.636434972994
416,352,1.57923664196
417,353,1.17092906759
418,357,0.74626917174
419,358,1.16993457466
420,359,1.39065135209
421,533,1.63495408181
422,38,1.54895441828
423,361,1.36991683644
424,364,1.63866529884
425,369,1.36846879138
426,139,0.924226993383
427,231,-1.16375112832
428,224,-1.06346648328
429,78,1.35496540867
430,229,1.21146784556
431,297,-0.706324056991
432,458,-0.850531912625
433,493,-0.639684683425
434,459,-1.3905927797
435,525,-0.782828742244
436,488,-0.910759518163
437,461,1.53115614289
438,97,-1.49171010847
439,445,-1.90391415459
440,129,-0.95404921244
441,8,-1.09766880058
442,373,-0.739735711751
443,187,-1.63074526986
444,210,-1.56729688015
445,265,-1.48640212369
446,149,-1.95139256971
447,302,-1.27630741347
448,307,1.48637977916
449,319,-1.7257321425
450,164,-1.50843450361
451,324,-1.27524362901
452,347,-1.28695431441
453,354,-1.2770307967
454,460,-1.00464554749
455,208,-0.775951239126
456,510,1.39142426907
457,87,-1.68526826746
458,535,0.565347874991
459,538,0.632787796992
460,243,0.906312988249
461,277,1.67624310559
462,285,-1.06493791731
463,517,-1.01574806762
464,519,1.45577483153
465,9,1.27350297761
466,11,1.37957192511
467,515,1.2185469785
468,532,0.90070420022
469,115,0.956172015433
470,469,-0.853700562819
471,470,-0.355522484048
472,506,1.23814997013
473,490,-0.971723333246
474,471,-1.49797045955
475,476,0.501188266195
476,474,1.42944755928
477,477,-1.74876613523
478,499,1.28054925467
479,429,-1.71221190992
480,505,1.64652744333
481,179,1.50112953295
482,497,-1.51418473667
483,540,0.455829462943
484,541,1.14574827711
485,170,1.09022917183
486,427,0.496533397516
487,171,1.60946326996
488,502,-0.785675600704
489,486,-1.87787382877
490,504,-1.10559119202
491,492,-0.99925460279
492,542,1.24445980808
493,453,0.909754932792
494,526,0.144448864089
495,418,0.76717947114
496,198,-0.458906322146
497,508,1.01162012299
498,527,2.06846910795
499,509,1.26928240739
500,544,1.53349324794
501,507,0.0835535921477
502,511,-0.72241461767
503,512,0.597915873858
504,491,-1.18352651943
505,258,1.66394985283
506,494,1.06515259333
507,247,1.57036749295
508,249,-1.44506640186
509,250,-0.244731433676
510,252,1.71347229502
511,513,1.47512538173
512,516,1.1797199423
513,514,-0.906160680656
514,545,0.410749144794
515,495,1.74114186154
516,518,0.610892167779
517,498,-1.86794844427
518,546,1.33994974958
519,380,1.68232088321
520,314,1.49307558395
521,500,0.873607783472
522,521,1.49173706154
523,523,0.592822538822
524,343,-1.44865019183
525,547,0.937243240964
526,501,1.42162413193
527,503,0.776291627417
528,415,1.51986814988
529,524,1.51646095671
530,473,-1.00949592121
531,368,1.20167973046
532,522,-1.32062958221
533,539,-1.01625318848
534,496,-1.19811177191
535,475,-1.65469840041
536,481,-0.881354230819
537,543,0.693275756457
538,528,1.23131479376
539,520,-0.74471483948
540,462,1.55117254054
541,463,-1.42626668691
542,464,-0.695313408602
543,465,-1.37379653195
544,467,0.862836715758
545,466,0.961665882691
546,468,-0.777473902452
547,489,1.30404017312
