,legislator,theta
0,39,-1.02782884152
1,530,-0.752913801161
2,40,-0.762934009754
3,375,-1.03363177469
4,0,-1.07974530809
5,1,-0.886903073467
6,43,-0.858691403411
7,414,-1.08628546225
8,47,-0.931746643523
9,48,-1.21960994774
10,49,-1.04670721531
11,50,-1.23642876842
12,52,-1.19347584916
13,53,-1.38323163398
14,529,-1.0790645685
15,59,-1.06174043255
16,61,-1.1959224831
17,439,-1.05221748753
18,63,-1.01305909238
19,412,-1.04806446553
20,5,-0.875883769076
21,65,-0.816194023193
22,66,-1.05996942106
23,67,-1.05336039684
24,70,-0.824011995736
25,6,-0.923111982248
26,7,-1.11384569511
27,537,-1.06835493805
28,71,-0.793773145767
29,76,-0.942271588721
30,77,-1.00566965737
31,79,-1.38939788563
32,80,-1.05487122297
33,54,-1.05620133099
34,88,-0.84230962565
35,90,-0.895119642385
36,406,-1.19697630189
37,435,-0.979722282163
38,91,-1.19850192455
39,391,-1.04294735474
40,386,-1.19462455895
41,428,-0.952210251744
42,98,-1.00786110725
43,99,-0.852808885348
44,102,-0.897058900922
45,422,-1.04638424389
46,409,-0.836663656897
47,109,-0.807009490123
48,110,-0.70086142143
49,403,-1.24521828384
50,111,-1.18841244432
51,113,-0.728613837784
52,117,-0.999655644716
53,118,-1.31063044776
54,119,-0.747413251786
55,122,-0.999881603329
56,125,-1.07122214712
57,127,-1.24688551736
58,128,-0.515504592818
59,130,-1.06909661696
60,131,-1.33719103845
61,132,-1.20850581067
62,133,-0.962563265779
63,134,-0.779319286548
64,135,-1.15821102389
65,136,-1.34387853767
66,137,-0.789606196572
67,140,-1.00229928825
68,141,-1.08200760648
69,12,-0.73966017891
70,142,-1.15425897179
71,143,-0.231909794315
72,13,-1.14481701426
73,144,-1.13487189395
74,145,-1.05287715876
75,146,-1.12795924865
76,147,-1.20193461675
77,148,-1.05385065132
78,151,-1.26790857004
79,150,-1.08155237443
80,14,-0.931817240855
81,154,-0.889118824764
82,55,-0.546166720716
83,156,-0.961774455139
84,15,-1.03522683007
85,158,-0.610513816601
86,159,-0.94310886087
87,160,-1.20669231754
88,161,-1.07643136056
89,16,-0.87969361099
90,163,-0.770840187728
91,165,-1.24592792616
92,166,-0.71515148265
93,426,-1.31228107793
94,423,-1.40457600911
95,174,-1.06454008783
96,175,-1.14137864911
97,176,-1.15310415276
98,177,-1.00036314256
99,178,-1.15632518958
100,181,-1.03514548493
101,183,-1.18216107931
102,184,-1.00316188673
103,188,-1.29079221865
104,189,-0.274017771079
105,190,-1.30466277689
106,438,-0.774251379332
107,193,-0.94582342534
108,196,-1.11667510409
109,195,-0.620774195977
110,18,-1.32893234323
111,197,-0.947296560285
112,199,-1.12056191524
113,200,-1.08336717026
114,388,-1.0710190965
115,201,-1.29350841611
116,202,-0.811098342119
117,204,-1.15222526505
118,19,-0.726960794337
119,207,-1.24625173162
120,214,-0.524184178763
121,217,-1.26310530454
122,219,-0.908943579205
123,220,-1.06296096792
124,222,-1.10319854924
125,225,-1.31236205988
126,226,-0.897795940791
127,378,-0.77551678647
128,230,-1.06358600632
129,232,-1.06705775453
130,236,-1.24553553681
131,23,-0.854691185633
132,237,-0.738125774039
133,238,-1.10370944676
134,425,-1.0957344379
135,240,-0.696401899421
136,413,-1.13103607447
137,242,-1.07397308747
138,245,-1.16442405627
139,244,-0.968890971339
140,25,-0.862875497701
141,440,-1.09694966864
142,248,-1.06946689057
143,251,-1.02439622988
144,256,-1.37804090943
145,257,-0.971854247105
146,259,-0.925999321103
147,260,-0.992595097837
148,56,-0.991539665993
149,261,-1.21362613568
150,262,-1.21526372743
151,29,1.1877852046
152,266,-0.942013446368
153,267,-0.9864046859
154,441,-1.15707671178
155,30,-0.82834250111
156,424,-1.20337661788
157,273,-1.12289724594
158,274,-0.972091015224
159,276,-1.25154177971
160,278,-0.832687671018
161,280,-1.32725927151
162,534,-0.964587292958
163,283,-0.757117592439
164,284,-0.606091255178
165,286,-0.896123088787
166,287,-1.2910290978
167,444,-1.08524519355
168,289,-0.972747531186
169,290,-0.876488942353
170,291,-1.01053332995
171,293,-1.03198386508
172,292,-0.91228827337
173,32,-1.0006974352
174,294,-0.913742591679
175,295,-1.17193441465
176,296,-0.947563739739
177,298,-0.963642096406
178,299,-1.05290723707
179,442,-1.08361310809
180,301,-1.07312902401
181,33,-0.615500472693
182,305,-1.16059445751
183,381,-1.13137793427
184,310,-1.30684930693
185,57,-0.873061801883
186,315,-1.13607155254
187,316,-1.2304963379
188,320,-1.06661427938
189,322,-1.17735161103
190,326,-0.788299861746
191,327,-0.883682726785
192,328,-0.858751902875
193,332,-1.24068214873
194,333,-0.606666743127
195,334,-1.27406197501
196,35,-1.15632127939
197,452,-1.09661746546
198,336,-0.885674566364
199,41,-0.98212859787
200,337,-1.25515231195
201,36,-0.912683827929
202,341,-0.807251754783
203,342,-1.20732391506
204,344,-0.980301091404
205,345,-1.04118498601
206,349,-0.791268920521
207,350,-0.867703885156
208,393,-0.708862274891
209,421,-1.12296220835
210,355,-1.19910945221
211,356,-0.847161477071
212,411,-1.05876458857
213,446,-1.41797623911
214,360,-0.951021703146
215,436,-1.26970891781
216,362,-1.22352858612
217,60,-0.816372825891
218,449,-1.18346149958
219,363,-1.18730017039
220,365,-0.979094292543
221,42,-0.790969578233
222,366,-1.00362789644
223,367,-1.02486467662
224,370,-1.06398204048
225,402,-1.06149378352
226,371,-0.735006249645
227,531,-0.861655527013
228,372,-0.974195229634
229,536,1.16891559595
230,44,0.403431603502
231,2,0.195622574676
232,45,1.38070665665
233,437,1.25566514263
234,46,1.55020246365
235,390,0.807590629216
236,51,0.639106553477
237,3,1.15173267226
238,58,1.32197926687
239,376,1.39011901022
240,62,1.42012310608
241,4,0.942098708758
242,64,1.13372262097
243,394,1.00360781346
244,410,0.764862147958
245,69,1.15671407394
246,72,1.35951192797
247,73,1.26064202935
248,395,1.05802988765
249,74,1.08542449207
250,75,1.16382891192
251,443,1.26672667039
252,448,1.15338547402
253,81,1.43585854235
254,82,1.49851152748
255,83,1.54015531373
256,84,1.299054614
257,85,1.19741907238
258,86,1.06993945657
259,89,1.38857655364
260,92,1.10409420854
261,93,1.3192315126
262,94,0.792854255243
263,95,0.408725988345
264,96,1.11883722789
265,100,1.31585945609
266,101,0.409492893593
267,103,1.44014227384
268,105,1.26036120837
269,104,1.29689326249
270,106,1.12250456785
271,107,1.3939509306
272,417,0.95776890391
273,108,1.34970078901
274,377,1.0428974531
275,112,1.25125958255
276,10,1.09099843758
277,114,1.26903788044
278,116,1.18241913961
279,408,1.00675890178
280,120,1.51927144682
281,121,1.34848566565
282,123,1.32831656577
283,484,0.747430232278
284,124,1.1939362494
285,401,1.11431656892
286,126,1.17341596441
287,68,1.33514773996
288,382,0.87436339481
289,405,1.28104553985
290,138,1.27682910293
291,407,1.05112705966
292,487,0.571523037212
293,482,0.720821919085
294,383,1.17487528561
295,152,1.09760124787
296,153,0.680113504091
297,155,1.36217840294
298,157,1.23001496855
299,374,1.25605472509
300,472,1.21752849322
301,162,1.31807778232
302,455,1.1500895939
303,167,1.28121536361
304,168,1.0150311056
305,169,0.999285129852
306,17,1.45124234579
307,172,1.37433124762
308,485,1.0679535852
309,173,1.12106249637
310,389,1.38794244112
311,180,1.21592820335
312,182,1.10195520134
313,433,1.41132487831
314,186,1.35356419338
315,185,1.16950762505
316,191,1.01807641668
317,192,1.11836070764
318,457,1.30103172592
319,416,1.27413842243
320,419,1.3277653657
321,454,1.00984235926
322,194,0.994595300893
323,384,0.728785233485
324,430,0.900679807547
325,203,1.1248607574
326,205,1.16953807031
327,206,1.23786265585
328,209,1.4605035894
329,211,1.26644442734
330,212,1.5177417283
331,213,0.737270999741
332,215,0.890521441284
333,216,1.12338801305
334,398,1.46206276329
335,218,1.30547745507
336,431,1.05327616745
337,221,1.09371201371
338,223,1.11796951803
339,479,0.592198674579
340,434,0.70202769476
341,227,1.34946463425
342,20,0.131176609535
343,228,1.2305936948
344,21,0.889960346471
345,233,1.2309457136
346,234,1.29652007808
347,235,1.40378166597
348,22,0.158703809377
349,239,1.02877792723
350,241,1.30014569481
351,432,1.25256372973
352,24,1.04709522409
353,26,1.16394078062
354,246,1.36379411695
355,27,1.12128713834
356,404,0.565734418852
357,253,1.43577273198
358,254,1.33186418936
359,255,1.24453457819
360,480,1.1968490833
361,420,0.896077866949
362,447,1.15086822392
363,28,0.424040485791
364,263,1.4346994755
365,264,1.50118150886
366,379,1.33665070498
367,268,1.29723206258
368,269,0.961760970257
369,400,0.642541689885
370,270,0.83484710313
371,271,0.204661810417
372,272,1.3298077266
373,456,1.48127392203
374,275,0.867463298422
375,279,1.24666561097
376,281,1.28743654629
377,31,0.43528580909
378,282,1.37124936416
379,288,1.04562249825
380,300,1.35402594506
381,396,0.761304007079
382,303,0.991105878346
383,304,1.31964938411
384,306,1.10314654265
385,338,1.40418423138
386,308,1.03188333166
387,309,1.36088708213
388,311,1.43490036945
389,312,1.42043293578
390,483,0.812405020248
391,313,0.627419307295
392,34,1.28178624595
393,318,1.17780227565
394,317,1.07546979583
395,321,1.40481882771
396,323,1.02133958517
397,478,0.998316761516
398,325,1.03987392026
399,387,0.536500916235
400,329,1.25596209582
401,330,1.1663550822
402,331,1.19586479745
403,335,1.33848296002
404,392,1.11801734467
405,397,1.31280844013
406,340,1.25136691899
407,339,1.09416128806
408,37,1.2597492721
409,385,1.1786462933
410,346,1.33664633583
411,348,1.36160874324
412,351,1.29841766379
413,399,1.10867288432
414,450,1.04299243864
415,451,0.735357001762
416,352,1.3773077153
417,353,1.06899845569
418,357,0.849012299884
419,358,1.14895616325
420,359,1.4055097658
421,533,1.33339466889
422,38,1.42224288202
423,361,1.25363092006
424,364,1.53753083122
425,369,1.39193113061
426,139,0.925509033809
427,231,-1.06174515294
428,224,-0.992818136684
429,78,1.27524572055
430,229,1.22490424302
431,297,-0.703840967011
432,458,-0.788794554437
433,493,-1.03179576812
434,459,-1.40798868021
435,525,-0.393924414665
436,488,-0.92447832523
437,461,1.41698746525
438,97,-1.28002814079
439,445,-1.20774874711
440,129,-0.90283770134
441,8,-0.856009040171
442,373,-0.69376584586
443,187,-1.40737297998
444,210,-1.11497517292
445,265,-0.976926036322
446,149,-1.62193251535
447,302,-0.962498381197
448,307,1.12349064305
449,319,-1.36116217567
450,164,-1.15910780647
451,324,-1.04709336873
452,347,-1.10490931477
453,354,-1.25587970841
454,460,-0.938421351181
455,208,-0.664219393424
456,510,1.29147078822
457,87,-1.36603687851
458,535,0.501226822542
459,538,0.54670157198
460,243,0.873430981428
461,277,1.12901269406
462,285,-0.845710480142
463,517,-1.08428772045
464,519,1.14558510794
465,9,1.13699967377
466,11,1.33309074191
467,515,1.52557598291
468,532,0.756459488137
469,115,0.876956930325
470,469,-0.771517991099
471,470,-0.245741393588
472,506,0.932408427726
473,490,-0.794398829918
474,471,-1.24684845375
475,476,0.514343164176
476,474,1.11960073378
477,477,-1.33347047816
478,499,1.13296120826
479,429,-1.09641070069
480,505,1.38050063469
481,179,1.21136317963
482,497,-1.13438302174
483,540,0.347336611793
484,541,1.19607227059
485,170,0.970245895091
486,427,0.543911427838
487,171,1.33902996147
488,502,-0.874634589881
489,486,-1.66735861554
490,504,-0.862575394408
491,492,-0.907489881463
492,542,0.988388261987
493,453,0.624131050036
494,526,0.381005618266
495,418,0.723695359983
496,198,-0.430676550878
497,508,1.06382449162
498,527,1.34942381107
499,509,1.05396714787
500,544,1.1963344277
501,507,0.272583039772
502,511,-0.702249815363
503,512,0.623786409423
504,491,-1.32043221331
505,258,1.2889771907
506,494,1.06603375334
507,247,1.21745566327
508,249,-1.01513627927
509,250,-0.255532269842
510,252,1.23537664721
511,513,1.17959251304
512,516,0.979024838911
513,514,-0.898408687792
514,545,0.369826649798
515,495,1.13313423954
516,518,0.617997650145
517,498,-1.50759758135
518,546,1.09052822716
519,380,1.15543250196
520,314,1.12814629041
521,500,0.89164821064
522,521,1.3590031985
523,523,0.579429250042
524,343,-1.14505337372
525,547,0.825605738606
526,501,1.13249561597
527,503,0.602192640451
528,415,1.01386242219
529,524,1.2327585906
530,473,-0.758835362646
531,368,0.995004650962
532,522,-0.899982070558
533,539,-0.837767296177
534,496,-1.06651350104
535,475,-1.17382455086
536,481,-0.690503979499
537,543,0.610434068647
538,528,1.22877337504
539,520,-0.530915061951
540,462,1.00122680744
541,463,-1.22786039069
542,464,-0.599681183403
543,465,-1.19297516376
544,467,1.58115721652
545,466,1.03657482251
546,468,-0.706524679457
547,489,0.64286127817
