,legislator,theta
0,39,-1.03672421747
1,530,-0.888737373015
2,40,-0.825194282294
3,375,-1.0606057366
4,0,-1.07455766995
5,1,-0.941062086188
6,43,-0.920075627754
7,414,-1.01877429218
8,47,-0.968917571008
9,48,-1.09937891128
10,49,-1.02553569821
11,50,-1.23035209345
12,52,-1.04215118741
13,53,-1.17994323663
14,529,-1.04786605097
15,59,-0.970435986018
16,61,-1.09629048723
17,439,-1.09781964368
18,63,-0.930799764451
19,412,-1.02807826327
20,5,-0.918443106371
21,65,-0.90027888516
22,66,-1.12480047106
23,67,-1.03971678145
24,70,-0.917702464721
25,6,-1.04895781647
26,7,-1.17277362315
27,537,-1.05107925672
28,71,-0.811240625296
29,76,-1.08009854357
30,77,-1.03508223974
31,79,-1.28898231911
32,80,-1.05123735568
33,54,-1.03200669087
34,88,-0.865599476777
35,90,-0.954694665046
36,406,-1.04776488478
37,435,-1.02237919892
38,91,-1.2294117647
39,391,-0.9927064806
40,386,-1.13734253854
41,428,-0.984334567627
42,98,-1.0565549104
43,99,-0.927098038799
44,102,-0.94171520241
45,422,-1.13444283571
46,409,-0.788948702743
47,109,-0.872046616242
48,110,-0.775595323893
49,403,-1.16510710802
50,111,-1.17810547064
51,113,-0.767911125288
52,117,-0.982700352556
53,118,-1.11138746149
54,119,-0.805399885007
55,122,-0.969506712788
56,125,-1.0912997637
57,127,-1.05485424389
58,128,-0.528635675865
59,130,-1.18952604261
60,131,-1.22635877177
61,132,-1.1210082308
62,133,-0.924176240397
63,134,-0.815368736607
64,135,-1.1308294481
65,136,-1.24703634303
66,137,-0.741403701114
67,140,-0.997562254548
68,141,-1.12998177041
69,12,-0.835012412504
70,142,-1.02787342013
71,143,-0.240088431945
72,13,-1.09300569792
73,144,-1.08636066663
74,145,-0.970730118486
75,146,-1.11892632035
76,147,-1.13032101075
77,148,-1.07804771778
78,151,-1.09496098253
79,150,-1.10591521622
80,14,-0.905837392982
81,154,-0.932412330468
82,55,-0.718933258032
83,156,-1.00279868426
84,15,-1.03286373618
85,158,-0.61530768265
86,159,-0.952519661805
87,160,-1.12798628577
88,161,-1.0475340542
89,16,-0.936186039564
90,163,-0.776474746745
91,165,-1.19363595789
92,166,-0.839495424382
93,426,-1.21418116355
94,423,-1.26548595059
95,174,-1.06393558347
96,175,-1.12469867969
97,176,-1.06218722986
98,177,-1.05745651296
99,178,-1.15757527254
100,181,-1.12988613432
101,183,-1.078472233
102,184,-1.04694067596
103,188,-1.28478910378
104,189,-0.369669455946
105,190,-1.17621977025
106,438,-0.796845648877
107,193,-1.03816226966
108,196,-1.03174021729
109,195,-0.647886690467
110,18,-1.13126207338
111,197,-0.881445079699
112,199,-1.06315898539
113,200,-1.03705730718
114,388,-1.1273604175
115,201,-1.12903852874
116,202,-0.85481821738
117,204,-1.08519305521
118,19,-0.816727749801
119,207,-1.06593341299
120,214,-0.604744190501
121,217,-1.17278905566
122,219,-0.937365098512
123,220,-1.0641942792
124,222,-1.06802925499
125,225,-1.18303424991
126,226,-1.01129555293
127,378,-0.851474327467
128,230,-1.05505531213
129,232,-1.02120874579
130,236,-1.11282009031
131,23,-0.863397025761
132,237,-0.835961571953
133,238,-1.16254639092
134,425,-1.19134675027
135,240,-0.780927369301
136,413,-1.10714255824
137,242,-1.04465513604
138,245,-1.152753334
139,244,-1.08106116453
140,25,-0.883189510282
141,440,-1.085644945
142,248,-1.04566516333
143,251,-1.06977773438
144,256,-1.13105196827
145,257,-0.982291417759
146,259,-1.00870979402
147,260,-0.938300623391
148,56,-0.887516564606
149,261,-1.0959443265
150,262,-1.08669811525
151,29,1.12383831373
152,266,-1.00651425188
153,267,-0.933854820751
154,441,-1.07031325186
155,30,-0.844159030236
156,424,-1.18987354798
157,273,-1.11200251096
158,274,-0.960348097178
159,276,-1.19888252279
160,278,-0.833446946864
161,280,-1.22570975662
162,534,-1.04149270832
163,283,-0.83829535569
164,284,-0.760832142161
165,286,-1.00362185226
166,287,-1.15240516535
167,444,-1.08752167277
168,289,-0.970014785449
169,290,-0.851619250886
170,291,-1.02841561276
171,293,-1.07886575546
172,292,-0.895017859525
173,32,-1.03870649448
174,294,-0.992822522362
175,295,-1.15559010332
176,296,-0.966024882233
177,298,-1.11859199701
178,299,-1.07413895518
179,442,-1.06995137509
180,301,-1.14136363126
181,33,-0.715995828538
182,305,-1.054718327
183,381,-1.07901293606
184,310,-1.1168512591
185,57,-0.933849568094
186,315,-1.05399625631
187,316,-1.12303473541
188,320,-0.955519839058
189,322,-1.15784381443
190,326,-0.85898536803
191,327,-0.88363128183
192,328,-0.876125982888
193,332,-1.06529115773
194,333,-0.664296882078
195,334,-1.11021219428
196,35,-1.14554934691
197,452,-1.10752073914
198,336,-0.959598927222
199,41,-0.967601279394
200,337,-1.14638376798
201,36,-0.870510683488
202,341,-0.861149942148
203,342,-1.15434872622
204,344,-0.946731591341
205,345,-0.915647758316
206,349,-0.817645157841
207,350,-0.90042387964
208,393,-0.787338269733
209,421,-1.01630480015
210,355,-1.17593229486
211,356,-0.958914239635
212,411,-0.977306811634
213,446,-1.17610759808
214,360,-1.03791661726
215,436,-1.16590815891
216,362,-1.10430849305
217,60,-0.796363782263
218,449,-1.16650805552
219,363,-1.20133690393
220,365,-1.12720892648
221,42,-0.778087812589
222,366,-0.949754458908
223,367,-1.09653836068
224,370,-1.11966677267
225,402,-1.10243138236
226,371,-0.807523691338
227,531,-0.790238712927
228,372,-0.993556361567
229,536,1.23786320791
230,44,0.512438089959
231,2,0.231398264026
232,45,1.34172390779
233,437,1.23389173559
234,46,1.34217886511
235,390,0.852800024099
236,51,0.703711591454
237,3,1.23373069702
238,58,1.19414384383
239,376,1.31589361808
240,62,1.34029538162
241,4,0.9695025503
242,64,1.17515427744
243,394,0.951429181907
244,410,0.768920773028
245,69,1.19243863418
246,72,1.25279283007
247,73,1.31515959137
248,395,1.13542275759
249,74,1.13391403133
250,75,1.22332351798
251,443,1.32686099418
252,448,1.12461569228
253,81,1.36086837096
254,82,1.39641992573
255,83,1.25454153832
256,84,1.25252743157
257,85,1.14243431742
258,86,1.08509990767
259,89,1.33229906877
260,92,1.05594527971
261,93,1.36088633436
262,94,0.772587429784
263,95,0.424957769536
264,96,1.09896631846
265,100,1.27266757986
266,101,0.474967622709
267,103,1.24934680459
268,105,1.29692344642
269,104,1.27302347419
270,106,1.12414526186
271,107,1.4277999698
272,417,0.9460668562
273,108,1.28580603659
274,377,1.0222164173
275,112,1.19041449527
276,10,1.14926752106
277,114,1.17032060448
278,116,1.25233609588
279,408,0.970754826246
280,120,1.36536374792
281,121,1.30352565734
282,123,1.23451235604
283,484,0.838295265217
284,124,1.22631121278
285,401,1.06347733903
286,126,1.29438170655
287,68,1.18920056484
288,382,0.933692642686
289,405,1.32947186599
290,138,1.21781099881
291,407,1.03851959709
292,487,0.60549270297
293,482,0.777863661058
294,383,1.18863362759
295,152,1.03234358104
296,153,0.742842431206
297,155,1.18679458138
298,157,1.29450562548
299,374,1.35197333908
300,472,1.24790617641
301,162,1.28310770485
302,455,1.21312772142
303,167,1.25389460662
304,168,1.00764142597
305,169,0.991987061417
306,17,1.24658311788
307,172,1.25913642121
308,485,1.16009906106
309,173,1.10871886208
310,389,1.21662892393
311,180,1.2481153983
312,182,1.18090071337
313,433,1.29769054916
314,186,1.18994785055
315,185,1.14464253325
316,191,1.18563457104
317,192,1.14368291479
318,457,1.29576334261
319,416,1.34724836456
320,419,1.32514520404
321,454,1.07645644886
322,194,0.992406620868
323,384,0.908811260467
324,430,1.07651551661
325,203,1.23111384652
326,205,1.05836762346
327,206,1.26644189372
328,209,1.3001548966
329,211,1.20920981446
330,212,1.36656696147
331,213,0.731487411669
332,215,0.894262084742
333,216,1.22561368424
334,398,1.40338803685
335,218,1.16609312251
336,431,1.07287699416
337,221,1.23446490192
338,223,1.12709649629
339,479,0.641934135738
340,434,0.722524396578
341,227,1.1599791337
342,20,0.152561050209
343,228,1.27140159238
344,21,1.02690757861
345,233,1.22429786162
346,234,1.22517706596
347,235,1.32468703908
348,22,0.236003668145
349,239,1.0237006667
350,241,1.20946482949
351,432,1.22236931445
352,24,1.15313693179
353,26,1.21786965928
354,246,1.34344884159
355,27,1.13453791147
356,404,0.63544768064
357,253,1.44248839652
358,254,1.28310904932
359,255,1.26943587067
360,480,1.17185878317
361,420,1.12569990813
362,447,1.26323314879
363,28,0.475432093065
364,263,1.48817898718
365,264,1.27090973119
366,379,1.26228076666
367,268,1.37895812326
368,269,0.934957421188
369,400,0.715508489275
370,270,0.891596659395
371,271,0.20931039388
372,272,1.29223954412
373,456,1.37669290282
374,275,0.8790124992
375,279,1.2368401284
376,281,1.19234313424
377,31,0.442410728662
378,282,1.1987917229
379,288,1.0388684615
380,300,1.34537057561
381,396,0.718745698713
382,303,1.05398576356
383,304,1.22083500884
384,306,1.01075687441
385,338,1.29902193836
386,308,1.08458661587
387,309,1.31764594724
388,311,1.43096229622
389,312,1.30552915851
390,483,0.85374888578
391,313,0.654745367254
392,34,1.22657375553
393,318,1.23781653663
394,317,1.03197237868
395,321,1.31059189727
396,323,1.09494926869
397,478,1.11910847989
398,325,1.16415574273
399,387,0.578255379854
400,329,1.27344563514
401,330,1.21758538111
402,331,1.21405601538
403,335,1.33633162156
404,392,1.28480875422
405,397,1.24099139759
406,340,1.24599745305
407,339,1.15762352503
408,37,1.21773936697
409,385,1.19524458894
410,346,1.28327344942
411,348,1.19920684233
412,351,1.31967454575
413,399,1.08947214243
414,450,1.10306413912
415,451,0.717736093552
416,352,1.29348556321
417,353,1.08080049909
418,357,0.921370665444
419,358,1.11013155358
420,359,1.28569737424
421,533,1.15105969194
422,38,1.35537398565
423,361,1.23671754169
424,364,1.28775898248
425,369,1.36420582964
426,139,0.968348644961
427,231,-1.15858230465
428,224,-1.02121817752
429,78,1.23385129509
430,229,1.27157815121
431,297,-0.782929635447
432,458,-0.83316258768
433,493,-0.745670121544
434,459,-1.23278178575
435,525,-0.220111463763
436,488,-1.09551008423
437,461,1.31876881376
438,97,-1.02964212223
439,445,-1.16818422596
440,129,-0.839790363964
441,8,-0.905514434598
442,373,-0.68490760639
443,187,-1.18487701427
444,210,-0.896473136171
445,265,-0.945388906495
446,149,-1.1918810822
447,302,-1.23118814399
448,307,1.04484176252
449,319,-1.18832526145
450,164,-1.2242342255
451,324,-1.05144225431
452,347,-1.14086744114
453,354,-0.970052276313
454,460,-0.892530861089
455,208,-0.666718320631
456,510,1.01036653591
457,87,-1.33453288272
458,535,0.584137675438
459,538,0.578546987977
460,243,0.845518625336
461,277,1.01333822087
462,285,-0.834158421849
463,517,-0.956913699649
464,519,1.16631247797
465,9,0.903704670471
466,11,1.14825206162
467,515,1.11154110313
468,532,0.949977739777
469,115,0.886052037373
470,469,-0.770672680473
471,470,-0.315761666938
472,506,0.963165589632
473,490,-0.84155438712
474,471,-1.18659307859
475,476,0.461570533664
476,474,1.12399470772
477,477,-1.30443399445
478,499,1.04676234934
479,429,-1.35693052376
480,505,1.10086958775
481,179,1.03081340051
482,497,-1.19723019266
483,540,0.595713009455
484,541,1.08460022529
485,170,0.900721847389
486,427,0.532142226425
487,171,1.11714489456
488,502,-0.815477383691
489,486,-1.52198849254
490,504,-0.932648448374
491,492,-0.942696843337
492,542,0.914758656168
493,453,0.867104128699
494,526,2.16711552778
495,418,0.709584278006
496,198,-0.573934289954
497,508,0.937855959422
498,527,0.90169652857
499,509,1.04613910305
500,544,1.07058150749
501,507,0.217036064575
502,511,-0.730689218778
503,512,0.59459952374
504,491,-1.19278449147
505,258,0.941368845571
506,494,1.13439108613
507,247,0.982680225849
508,249,-1.01585989487
509,250,-0.247732922204
510,252,1.15136137359
511,513,1.15615279325
512,516,0.808848256581
513,514,-0.925180124114
514,545,0.430779325997
515,495,1.20279088622
516,518,0.656294698022
517,498,-1.2996267726
518,546,0.88560371952
519,380,1.17673497048
520,314,1.07143433339
521,500,0.853455099481
522,521,1.11744502502
523,523,0.775739398225
524,343,-1.15550308319
525,547,0.900879783404
526,501,0.908587373681
527,503,0.69191425382
528,415,1.02959610312
529,524,1.02676033566
530,473,-0.833462557238
531,368,0.871433587784
532,522,-1.24719565503
533,539,-0.866236843381
534,496,-1.09144164773
535,475,-1.15108485034
536,481,-0.739756119745
537,543,0.695412770523
538,528,0.948156610625
539,520,-0.443063900039
540,462,0.886368345734
541,463,-1.15114062408
542,464,-0.808284365375
543,465,-0.988736910341
544,467,1.55957761571
545,466,0.596302179023
546,468,-0.691595703191
547,489,1.07451932822
