,legislator,theta
0,39,-1.00077418063
1,530,-0.835354186218
2,40,-0.771375212023
3,375,-0.88846677572
4,0,-1.049044413
5,1,-0.834550854747
6,43,-0.866851127221
7,414,-1.16897526458
8,47,-0.927409967301
9,48,-1.18405702861
10,49,-1.04840839007
11,50,-1.29565306669
12,52,-1.31871236891
13,53,-1.47075545313
14,529,-0.88502654633
15,59,-1.0491037106
16,61,-1.2520205345
17,439,-1.33415764908
18,63,-0.93115771629
19,412,-0.986834474502
20,5,-0.888210766799
21,65,-0.870109743427
22,66,-1.07927446744
23,67,-1.04372296314
24,70,-0.869506851365
25,6,-0.917421288692
26,7,-1.26969273375
27,537,-1.10209358443
28,71,-0.834926633904
29,76,-1.02138232289
30,77,-0.943898771667
31,79,-1.38476851466
32,80,-1.12134907704
33,54,-1.11179657393
34,88,-0.925919547765
35,90,-0.814785977366
36,406,-1.28211117471
37,435,-0.913444303642
38,91,-1.24105507455
39,391,-1.01961656908
40,386,-1.32983149339
41,428,-0.906995457835
42,98,-0.958253406127
43,99,-0.82106799216
44,102,-0.944369218746
45,422,-0.9387874131
46,409,-0.726021772334
47,109,-0.818890714331
48,110,-0.691834111901
49,403,-1.31874869481
50,111,-1.21215569896
51,113,-0.693123363
52,117,-1.0145401903
53,118,-1.50659066926
54,119,-0.690309848842
55,122,-0.887529570874
56,125,-1.084423851
57,127,-1.22772482092
58,128,-0.472187621083
59,130,-1.14176626517
60,131,-1.46812885642
61,132,-1.30553175623
62,133,-0.944786057593
63,134,-0.713542783136
64,135,-1.28449008831
65,136,-1.43612065203
66,137,-0.675958124507
67,140,-0.952121390359
68,141,-1.22311204308
69,12,-0.753994365728
70,142,-1.08496755684
71,143,-0.258464943507
72,13,-1.26127210576
73,144,-1.07739132575
74,145,-1.07669401144
75,146,-1.0207999539
76,147,-1.24365653332
77,148,-1.11482794947
78,151,-1.21076126189
79,150,-1.10982371672
80,14,-0.92136468511
81,154,-0.804556195837
82,55,-0.523021849754
83,156,-1.05525940247
84,15,-1.00796934231
85,158,-0.593632580846
86,159,-0.879452128084
87,160,-1.18519266072
88,161,-1.12527175441
89,16,-0.909997826803
90,163,-0.71512420959
91,165,-1.40241309607
92,166,-0.715734903335
93,426,-1.38712305244
94,423,-1.53096527438
95,174,-1.02640762359
96,175,-1.18177604072
97,176,-1.27149878813
98,177,-1.12862196133
99,178,-1.15524941978
100,181,-1.03108478422
101,183,-1.19981107602
102,184,-1.03619532949
103,188,-1.37217933701
104,189,-0.284623979339
105,190,-1.42099169601
106,438,-0.675990487017
107,193,-0.961026105545
108,196,-1.12712453718
109,195,-0.573019907911
110,18,-1.31058500198
111,197,-0.891149717203
112,199,-1.07071379547
113,200,-1.14858327901
114,388,-1.13594233149
115,201,-1.24589256024
116,202,-0.716777434744
117,204,-1.13711911088
118,19,-0.698965699769
119,207,-1.34110634619
120,214,-0.476492413024
121,217,-1.34648657711
122,219,-0.91169336702
123,220,-1.03071031563
124,222,-1.09499341252
125,225,-1.31844391964
126,226,-0.882758573702
127,378,-0.879455756349
128,230,-1.06626980429
129,232,-1.11895144298
130,236,-1.31453536493
131,23,-0.816746264271
132,237,-0.83466609282
133,238,-0.923725047149
134,425,-1.19514444612
135,240,-0.65242072899
136,413,-1.21338988497
137,242,-1.19684360454
138,245,-1.24489687455
139,244,-1.12154554204
140,25,-0.89287265077
141,440,-1.21874801563
142,248,-1.19883302996
143,251,-1.0535437899
144,256,-1.47715230498
145,257,-1.00212059946
146,259,-0.998602541948
147,260,-0.962796195483
148,56,-1.14837412507
149,261,-1.15787646326
150,262,-1.28910167579
151,29,1.34455130073
152,266,-1.0192291077
153,267,-0.951380176441
154,441,-1.15966899378
155,30,-0.936189266563
156,424,-1.43839628434
157,273,-1.13337498353
158,274,-1.20645242498
159,276,-1.38824567963
160,278,-0.871879210252
161,280,-1.42064499774
162,534,-1.11953870389
163,283,-0.75099044122
164,284,-0.65551395466
165,286,-0.91431846393
166,287,-1.24616924866
167,444,-1.1610485869
168,289,-0.869590155435
169,290,-0.966522051364
170,291,-1.09666115848
171,293,-0.96736474766
172,292,-0.836362675869
173,32,-1.03113027469
174,294,-0.865897393683
175,295,-1.42722281486
176,296,-0.982207429475
177,298,-0.941682950278
178,299,-1.13078135472
179,442,-1.06253066578
180,301,-1.09539545424
181,33,-0.608346991658
182,305,-1.14655836392
183,381,-1.06541366606
184,310,-1.41161620891
185,57,-0.753287110435
186,315,-1.21959766182
187,316,-1.32020277719
188,320,-0.995615300905
189,322,-1.32147616886
190,326,-0.753390999171
191,327,-0.992239567974
192,328,-0.786467808052
193,332,-1.22923192332
194,333,-0.563633795421
195,334,-1.21354008828
196,35,-1.10262716895
197,452,-1.00445261418
198,336,-0.819118600742
199,41,-1.01372701549
200,337,-1.26649808104
201,36,-0.874975801599
202,341,-0.779215154229
203,342,-1.20354120627
204,344,-0.981611518264
205,345,-1.11582852237
206,349,-0.746521333118
207,350,-0.878593374209
208,393,-0.737446070607
209,421,-1.17025861822
210,355,-1.31556701618
211,356,-0.839193349775
212,411,-1.09917316769
213,446,-1.55751908057
214,360,-0.958802786695
215,436,-1.26503228348
216,362,-1.16380976275
217,60,-0.773062796836
218,449,-1.41530986837
219,363,-1.2909639664
220,365,-0.954672608561
221,42,-0.730166781452
222,366,-1.03222241178
223,367,-1.06556523314
224,370,-1.08904433338
225,402,-1.21295698494
226,371,-0.735661781356
227,531,-0.909492921683
228,372,-0.984787118614
229,536,1.04955906406
230,44,0.422550089332
231,2,0.207071976395
232,45,1.46421784702
233,437,1.29771000961
234,46,1.56626413798
235,390,0.768637103646
236,51,0.627793450467
237,3,1.22419733731
238,58,1.36709527208
239,376,1.39033611902
240,62,1.47046261779
241,4,0.907572630256
242,64,1.17352799634
243,394,0.935546353385
244,410,0.722303798327
245,69,1.11209975136
246,72,1.26611765431
247,73,1.42680330255
248,395,1.10969780007
249,74,1.09271912298
250,75,1.21408216682
251,443,1.35717687658
252,448,1.14816799967
253,81,1.41483850814
254,82,1.47182829743
255,83,1.60427525658
256,84,1.2914230522
257,85,1.24238818355
258,86,1.14236388938
259,89,1.44400709446
260,92,1.13255926737
261,93,1.52860343223
262,94,0.710742141208
263,95,0.367891020582
264,96,1.17350436308
265,100,1.43709041858
266,101,0.448912892506
267,103,1.40800402548
268,105,1.32494770833
269,104,1.297017446
270,106,1.13090736028
271,107,1.43910568891
272,417,0.960015482888
273,108,1.28393747136
274,377,1.04393872219
275,112,1.31827391675
276,10,1.27201238235
277,114,1.28706326257
278,116,1.28568225871
279,408,0.952843121386
280,120,1.61490771573
281,121,1.43508422914
282,123,1.22754609524
283,484,0.80064515523
284,124,1.28604692447
285,401,1.11188373736
286,126,1.31114756496
287,68,1.41331503696
288,382,0.847847813802
289,405,1.36191141095
290,138,1.3293101846
291,407,0.927436321293
292,487,0.539994240078
293,482,0.64734454067
294,383,1.17424440143
295,152,1.11167550432
296,153,0.642819163713
297,155,1.41180120343
298,157,1.24243573404
299,374,1.33449829717
300,472,1.26317257738
301,162,1.43087236595
302,455,1.09921788491
303,167,1.29611555517
304,168,1.00479735228
305,169,0.919788676346
306,17,1.37762092055
307,172,1.4920360984
308,485,1.16634749167
309,173,1.12335705073
310,389,1.42044285765
311,180,1.20960979981
312,182,1.19197891648
313,433,1.31005964087
314,186,1.24389637842
315,185,1.24979118378
316,191,1.15272366627
317,192,1.13095999995
318,457,1.32558605069
319,416,1.4359860158
320,419,1.43193034456
321,454,0.974125375959
322,194,0.971422549718
323,384,0.745955619374
324,430,1.01172094953
325,203,1.2257464553
326,205,1.17161377878
327,206,1.20152335143
328,209,1.57423614549
329,211,1.3691577698
330,212,1.65486326411
331,213,0.717334566155
332,215,0.838571196774
333,216,1.18382742103
334,398,1.60389965654
335,218,1.37070586419
336,431,0.972605359612
337,221,1.142257092
338,223,1.07410452455
339,479,0.5890049853
340,434,0.711835054867
341,227,1.34861391102
342,20,0.138133769904
343,228,1.3180592724
344,21,0.938268251502
345,233,1.11890688739
346,234,1.36747241917
347,235,1.42307716508
348,22,0.20582968263
349,239,1.02045593459
350,241,1.38576006526
351,432,1.22277510326
352,24,1.03892177627
353,26,1.3051182587
354,246,1.31352089741
355,27,1.16914209763
356,404,0.577123949831
357,253,1.51099204838
358,254,1.43236629251
359,255,1.4762442233
360,480,1.24060096604
361,420,0.985177917934
362,447,1.15531063536
363,28,0.451842299039
364,263,1.50996992805
365,264,1.29307008637
366,379,1.5669592067
367,268,1.5000873078
368,269,0.86552971466
369,400,0.696274736713
370,270,0.820625027584
371,271,0.155005814825
372,272,1.48132943829
373,456,1.56094668731
374,275,0.868292818412
375,279,1.20307183522
376,281,1.31807912928
377,31,0.405952994707
378,282,1.28848768701
379,288,1.10135174092
380,300,1.48963971632
381,396,0.65773276801
382,303,1.04873871571
383,304,1.20149828815
384,306,1.02608791863
385,338,1.37140733622
386,308,1.03083716033
387,309,1.41825536537
388,311,1.59019297006
389,312,1.38338871403
390,483,0.817336642594
391,313,0.61081242187
392,34,1.3564197819
393,318,1.26037641568
394,317,0.962144302126
395,321,1.40520274129
396,323,0.937237027397
397,478,1.11188106322
398,325,1.20405877578
399,387,0.475029604554
400,329,1.23613714386
401,330,1.34553277965
402,331,1.1978536809
403,335,1.47613109678
404,392,1.11473334161
405,397,1.38075800384
406,340,1.31756675264
407,339,1.15446020191
408,37,1.34044021337
409,385,1.24783017318
410,346,1.46208885507
411,348,1.41968211949
412,351,1.47095195239
413,399,1.05506991715
414,450,1.05901695692
415,451,0.68235794328
416,352,1.37770584829
417,353,1.082396731
418,357,0.880270612198
419,358,1.10047778194
420,359,1.37492099571
421,533,1.56263261695
422,38,1.57143264553
423,361,1.37151339602
424,364,1.62916297973
425,369,1.22507852594
426,139,0.890291979054
427,231,-1.15191333226
428,224,-1.09285028482
429,78,1.30443456116
430,229,1.27558462969
431,297,-0.716765084787
432,458,-0.859449554741
433,493,-0.794411668483
434,459,-1.40991733442
435,525,-1.76420756421
436,488,-0.978314355378
437,461,1.38426135287
438,97,-1.35122833858
439,445,-1.55797256622
440,129,-0.925012850957
441,8,-0.845139967945
442,373,-0.685403798612
443,187,-1.31298123765
444,210,-1.33583330633
445,265,-1.38148891685
446,149,-1.78127580111
447,302,-1.15308857708
448,307,1.48649744428
449,319,-1.50618356079
450,164,-1.51420638634
451,324,-1.31145337507
452,347,-1.28118944755
453,354,-1.13986158185
454,460,-0.920793576367
455,208,-0.637728907966
456,510,1.42580956618
457,87,-1.49338822264
458,535,0.562344827316
459,538,0.60537145941
460,243,0.8793705557
461,277,1.3368794069
462,285,-0.831768291083
463,517,-1.00479064116
464,519,1.44724223224
465,9,1.02041441246
466,11,1.48934766746
467,515,1.42000081591
468,532,0.817940919456
469,115,0.968733971944
470,469,-0.826541155311
471,470,-0.143655377688
472,506,0.926243908387
473,490,-0.829075793505
474,471,-1.54922699169
475,476,0.486257606931
476,474,1.24152600795
477,477,-1.32319625078
478,499,1.15012297024
479,429,-1.40006148272
480,505,1.45462557425
481,179,1.34009397504
482,497,-1.39570613355
483,540,0.454509178119
484,541,1.12127456095
485,170,0.794722529121
486,427,0.563214016967
487,171,1.36375705972
488,502,-0.788745662188
489,486,-1.69990063471
490,504,-0.84226251908
491,492,-0.941524234411
492,542,1.12769459708
493,453,0.866651709861
494,526,1.76402301185
495,418,0.60962206774
496,198,-0.575935215503
497,508,0.827018591923
498,527,1.74976642094
499,509,1.32902218031
500,544,1.241027716
501,507,0.238196256693
502,511,-0.663673220608
503,512,0.547994272708
504,491,-1.31618351446
505,258,1.48278649037
506,494,0.965806638076
507,247,1.14390734395
508,249,-1.11990932555
509,250,-0.29339072791
510,252,1.34045841885
511,513,1.32120373184
512,516,0.912578669777
513,514,-0.902925537496
514,545,0.503653180915
515,495,1.50125747592
516,518,0.619695766007
517,498,-1.76642637205
518,546,1.14894388359
519,380,1.53391669419
520,314,1.12495771911
521,500,1.08789816733
522,521,1.25407564436
523,523,0.653117197528
524,343,-1.14848501997
525,547,0.690950045719
526,501,1.33481832056
527,503,0.733773085067
528,415,1.3342836211
529,524,1.20295250721
530,473,-0.665741664469
531,368,0.919760852772
532,522,-1.07018244307
533,539,-0.883482593247
534,496,-1.22340951909
535,475,-1.37583202319
536,481,-0.758392171381
537,543,0.709614513501
538,528,1.41151830977
539,520,-0.77084319477
540,462,1.26602016318
541,463,-1.26312266193
542,464,-0.576908410214
543,465,-1.49605177523
544,467,1.51263466615
545,466,0.866799972474
546,468,-1.14921248911
547,489,1.04856478675
