,legislator,theta
0,39,-1.00059304039
1,530,-0.717236023723
2,40,-0.762386735156
3,375,-1.03732169
4,0,-1.07894202104
5,1,-0.871313952952
6,43,-0.872182626932
7,414,-1.08564945401
8,47,-0.912616866713
9,48,-1.19964711737
10,49,-1.03198112747
11,50,-1.19597503883
12,52,-1.12982169183
13,53,-1.31871621475
14,529,-1.0773930367
15,59,-1.08204151307
16,61,-1.18771766997
17,439,-1.07963175907
18,63,-0.967973614266
19,412,-1.07133799539
20,5,-0.84782944172
21,65,-0.861498078381
22,66,-1.07674292316
23,67,-1.04257453674
24,70,-0.861318144112
25,6,-0.89909649201
26,7,-1.13240030556
27,537,-1.12463047641
28,71,-0.799745894445
29,76,-0.982062549243
30,77,-1.00029924278
31,79,-1.39399970653
32,80,-1.11861766911
33,54,-1.07822300829
34,88,-0.855335263485
35,90,-0.887346099541
36,406,-1.1841586602
37,435,-0.956602820729
38,91,-1.17729118749
39,391,-1.06369421079
40,386,-1.17674258547
41,428,-0.953609933632
42,98,-0.974824542943
43,99,-0.84972436618
44,102,-0.890526848364
45,422,-1.05719294162
46,409,-0.839792003619
47,109,-0.806112539653
48,110,-0.7044346825
49,403,-1.2239222668
50,111,-1.14825232705
51,113,-0.736196073168
52,117,-0.954904042946
53,118,-1.28520113876
54,119,-0.703739167813
55,122,-0.964272957652
56,125,-1.07506904892
57,127,-1.20213495651
58,128,-0.539841931119
59,130,-1.09040700993
60,131,-1.30272156761
61,132,-1.22081661691
62,133,-0.979090971664
63,134,-0.762002563739
64,135,-1.16985817959
65,136,-1.38993349712
66,137,-0.819046555529
67,140,-0.975280576647
68,141,-1.06911681098
69,12,-0.749308296264
70,142,-1.1547300467
71,143,-0.276267458145
72,13,-1.11960868407
73,144,-1.11713262131
74,145,-1.05297496518
75,146,-1.12059537521
76,147,-1.22193263137
77,148,-1.08464271455
78,151,-1.2497533535
79,150,-1.08494255087
80,14,-0.927836436531
81,154,-0.876052079585
82,55,-0.57090441471
83,156,-0.989126585895
84,15,-1.05498402237
85,158,-0.638158495011
86,159,-0.92752314629
87,160,-1.25267204196
88,161,-1.03338269358
89,16,-0.866380398435
90,163,-0.749399060965
91,165,-1.25086862585
92,166,-0.724982166244
93,426,-1.28484115686
94,423,-1.36955948205
95,174,-1.05159392562
96,175,-1.12665080427
97,176,-1.1438796957
98,177,-1.01855341072
99,178,-1.17729859583
100,181,-1.07665865102
101,183,-1.17466721964
102,184,-1.01931717862
103,188,-1.2916794462
104,189,-0.291156868634
105,190,-1.33370437182
106,438,-0.800438091174
107,193,-0.93292073108
108,196,-1.12520085875
109,195,-0.64201544493
110,18,-1.29391801139
111,197,-0.897539413198
112,199,-1.10601122291
113,200,-1.06235515056
114,388,-1.07642296659
115,201,-1.2562163862
116,202,-0.859706647362
117,204,-1.17849903783
118,19,-0.733291008614
119,207,-1.2652321191
120,214,-0.507974199562
121,217,-1.26490672559
122,219,-0.925693713972
123,220,-1.05939517758
124,222,-1.12701024267
125,225,-1.29656525095
126,226,-0.889782702347
127,378,-0.760575533163
128,230,-1.03320478542
129,232,-1.05126076069
130,236,-1.23422234211
131,23,-0.879228274797
132,237,-0.714071976474
133,238,-1.10780065461
134,425,-1.12957368667
135,240,-0.644537788428
136,413,-1.14569071171
137,242,-1.06254432825
138,245,-1.16234782982
139,244,-0.992557009894
140,25,-0.821679660005
141,440,-1.08082106479
142,248,-1.05943452771
143,251,-1.03155312825
144,256,-1.35859249423
145,257,-0.95413844598
146,259,-0.958398462175
147,260,-0.975750964692
148,56,-1.02252053759
149,261,-1.22825629281
150,262,-1.24837939802
151,29,1.17425973828
152,266,-0.911646519468
153,267,-1.00113790106
154,441,-1.1878157106
155,30,-0.845445765886
156,424,-1.19618091525
157,273,-1.07233279355
158,274,-0.960690042246
159,276,-1.26276848032
160,278,-0.823413780136
161,280,-1.28858112641
162,534,-0.989515382045
163,283,-0.744610306211
164,284,-0.612584681782
165,286,-0.927177651211
166,287,-1.32806463726
167,444,-1.10428504748
168,289,-0.899927329408
169,290,-0.861143479194
170,291,-0.995596737743
171,293,-1.00140495903
172,292,-0.905746892357
173,32,-1.02544583318
174,294,-0.896309838209
175,295,-1.17981689051
176,296,-0.895844772823
177,298,-0.952821056779
178,299,-1.08394723418
179,442,-1.10623687164
180,301,-1.10148203641
181,33,-0.61508307983
182,305,-1.12580454609
183,381,-1.13115976895
184,310,-1.31738706286
185,57,-0.901459285561
186,315,-1.14682453826
187,316,-1.22789237804
188,320,-1.04092699385
189,322,-1.17502629493
190,326,-0.749745745768
191,327,-0.929929108748
192,328,-0.861688109462
193,332,-1.21319702019
194,333,-0.61168130711
195,334,-1.24181456036
196,35,-1.21544195219
197,452,-1.12308727617
198,336,-0.86030409591
199,41,-0.971364831122
200,337,-1.27176814498
201,36,-0.930692599981
202,341,-0.827000508326
203,342,-1.22330389676
204,344,-0.969004098725
205,345,-1.05240999766
206,349,-0.760834459308
207,350,-0.902881906445
208,393,-0.699623846308
209,421,-1.11706266769
210,355,-1.21895535435
211,356,-0.85545644285
212,411,-1.07323302634
213,446,-1.42934054398
214,360,-0.898292310537
215,436,-1.29017019426
216,362,-1.21993293033
217,60,-0.866818160156
218,449,-1.16386860608
219,363,-1.1679317149
220,365,-0.971949116111
221,42,-0.76864496724
222,366,-1.00935579571
223,367,-0.999279250043
224,370,-1.07818283696
225,402,-1.07067301637
226,371,-0.752548982956
227,531,-0.896997375674
228,372,-0.947735178552
229,536,1.16073695116
230,44,0.405256604358
231,2,0.225725565732
232,45,1.40635534678
233,437,1.27002631503
234,46,1.55209753581
235,390,0.843039217957
236,51,0.652143397157
237,3,1.16051261573
238,58,1.28391751661
239,376,1.36662202112
240,62,1.39484929047
241,4,0.910094329742
242,64,1.13950609884
243,394,0.969912987442
244,410,0.790825975522
245,69,1.22301312115
246,72,1.31845462275
247,73,1.25821237136
248,395,1.02829736828
249,74,1.09683310775
250,75,1.15316702659
251,443,1.25792437713
252,448,1.17013923458
253,81,1.42549184028
254,82,1.52262363263
255,83,1.540192928
256,84,1.3071199079
257,85,1.20915164726
258,86,1.10221065506
259,89,1.39735449461
260,92,1.12202067227
261,93,1.29298246052
262,94,0.773008081981
263,95,0.417812268917
264,96,1.11375446212
265,100,1.29575844549
266,101,0.443197835316
267,103,1.41138439387
268,105,1.26122515297
269,104,1.23883050319
270,106,1.09619732759
271,107,1.43263219254
272,417,0.930242527315
273,108,1.3465439543
274,377,1.02241917182
275,112,1.27248397875
276,10,1.11415799836
277,114,1.26208590956
278,116,1.1681596186
279,408,1.0097351581
280,120,1.4931306003
281,121,1.36492349675
282,123,1.31682968622
283,484,0.770678091342
284,124,1.18465668488
285,401,1.12459446561
286,126,1.16411883836
287,68,1.30165732789
288,382,0.897883009092
289,405,1.23827630334
290,138,1.26130386725
291,407,1.0394682466
292,487,0.538868205408
293,482,0.727235116866
294,383,1.11676612934
295,152,1.07608763016
296,153,0.697654553297
297,155,1.33158120067
298,157,1.22353411198
299,374,1.2236020125
300,472,1.21253472907
301,162,1.31733478565
302,455,1.16600962395
303,167,1.29389542245
304,168,1.02309760551
305,169,0.962233177679
306,17,1.44915218144
307,172,1.3876105227
308,485,1.07868498943
309,173,1.11611372503
310,389,1.35922891974
311,180,1.21188120415
312,182,1.1272947524
313,433,1.39605786596
314,186,1.27393486308
315,185,1.18313224761
316,191,1.04672365612
317,192,1.09950192363
318,457,1.28928397529
319,416,1.29355408428
320,419,1.35358250766
321,454,0.992310651999
322,194,1.00952830384
323,384,0.702101684521
324,430,0.947856257806
325,203,1.16967353565
326,205,1.15382775074
327,206,1.20301890719
328,209,1.4266261024
329,211,1.2743880893
330,212,1.49909452355
331,213,0.713663096781
332,215,0.910040925747
333,216,1.09772285945
334,398,1.46157539952
335,218,1.31024654509
336,431,1.06106198319
337,221,1.11353531798
338,223,1.1097854451
339,479,0.584650551713
340,434,0.693587519233
341,227,1.34335679917
342,20,0.123835270978
343,228,1.21287624451
344,21,0.889583950424
345,233,1.20145475383
346,234,1.30050481575
347,235,1.39344483456
348,22,0.219544386261
349,239,1.0234530379
350,241,1.31874811092
351,432,1.24753679669
352,24,1.04764695968
353,26,1.18277669082
354,246,1.33522852546
355,27,1.12458939574
356,404,0.557858970617
357,253,1.4080611003
358,254,1.32679424797
359,255,1.25967869701
360,480,1.17675689333
361,420,0.918222014351
362,447,1.1770189808
363,28,0.407915060045
364,263,1.45246761919
365,264,1.41989085713
366,379,1.32930961691
367,268,1.28823832251
368,269,0.96846645344
369,400,0.668895039526
370,270,0.814560595139
371,271,0.164140035191
372,272,1.35198107093
373,456,1.5178751209
374,275,0.874637964636
375,279,1.21392083191
376,281,1.25287369306
377,31,0.452350580426
378,282,1.36398109376
379,288,1.0258254902
380,300,1.34418792916
381,396,0.747201457268
382,303,0.964411123019
383,304,1.32656177615
384,306,1.10683841819
385,338,1.38151895822
386,308,1.08098204243
387,309,1.39073470979
388,311,1.42212271258
389,312,1.38877022118
390,483,0.830557057556
391,313,0.642304193225
392,34,1.29603756566
393,318,1.15895340983
394,317,1.10011587542
395,321,1.42428331476
396,323,1.01902613563
397,478,1.00007468156
398,325,1.04200989298
399,387,0.495230640064
400,329,1.24390901707
401,330,1.14485515382
402,331,1.18324432732
403,335,1.3707439263
404,392,1.14299089216
405,397,1.30802187524
406,340,1.24994198083
407,339,1.10262226451
408,37,1.26361763398
409,385,1.21836466354
410,346,1.37145352211
411,348,1.3424361147
412,351,1.24245468938
413,399,1.11198258022
414,450,1.0917113084
415,451,0.76836086881
416,352,1.32221619262
417,353,1.07267176746
418,357,0.81229831642
419,358,1.16282445144
420,359,1.45736161813
421,533,1.27416060254
422,38,1.39384107116
423,361,1.23285001671
424,364,1.50860063746
425,369,1.40238879252
426,139,0.886098936782
427,231,-1.11075081623
428,224,-1.01359160259
429,78,1.25602661402
430,229,1.23557530275
431,297,-0.731072573176
432,458,-0.831688429473
433,493,-1.30659846403
434,459,-1.40562315717
435,525,-0.358235499277
436,488,-0.907857989787
437,461,1.37642707888
438,97,-1.25855861447
439,445,-1.21189551199
440,129,-0.993111771071
441,8,-1.01470874011
442,373,-0.693387352896
443,187,-1.37868212587
444,210,-1.04263876847
445,265,-0.922198163113
446,149,-1.57444897752
447,302,-1.02140253698
448,307,1.06440266319
449,319,-1.29602577347
450,164,-1.10287500904
451,324,-1.05153817757
452,347,-0.994603966862
453,354,-1.17243065159
454,460,-0.915385671286
455,208,-0.692472290119
456,510,1.27457607477
457,87,-1.36445682206
458,535,0.52627247235
459,538,0.526066493197
460,243,0.839814005348
461,277,1.12048446183
462,285,-0.842382413882
463,517,-1.07129297725
464,519,1.22759096311
465,9,1.09110140369
466,11,1.33722640018
467,515,1.49929236386
468,532,0.756657875081
469,115,0.915656511581
470,469,-0.896562053295
471,470,-0.251466128475
472,506,0.91675044396
473,490,-0.781490446394
474,471,-1.24737855983
475,476,0.472581080005
476,474,1.10641225768
477,477,-1.33128862797
478,499,1.01281020234
479,429,-1.12028244682
480,505,1.37552738451
481,179,1.25364849787
482,497,-1.16558831224
483,540,0.353893465932
484,541,1.25145603868
485,170,0.907859717712
486,427,0.549770830618
487,171,1.24534939052
488,502,-0.896933037878
489,486,-1.64508429688
490,504,-0.823370376904
491,492,-0.899434127744
492,542,1.01761667384
493,453,0.601574021965
494,526,1.12264364526
495,418,0.794524709718
496,198,-0.48397036309
497,508,1.03530258184
498,527,1.57127346574
499,509,1.14959291151
500,544,1.2021835143
501,507,0.171932706949
502,511,-0.632722699031
503,512,0.616433396938
504,491,-1.36479383409
505,258,1.28957183834
506,494,1.07982496206
507,247,1.18331276415
508,249,-1.02550630864
509,250,-0.361423149316
510,252,1.21471649856
511,513,1.12003224687
512,516,0.999307210145
513,514,-0.920212351096
514,545,0.289839134416
515,495,1.1334003344
516,518,0.552982446417
517,498,-1.54664660734
518,546,1.16658591191
519,380,1.17369038738
520,314,1.11935138315
521,500,0.949449844774
522,521,1.30930054019
523,523,0.616865163599
524,343,-1.24495079979
525,547,0.87174353074
526,501,1.0932083372
527,503,0.516358755574
528,415,0.982905449962
529,524,1.2939152832
530,473,-0.73013558309
531,368,1.05383713767
532,522,-0.992881328896
533,539,-0.846829243484
534,496,-1.02037888996
535,475,-1.22452912255
536,481,-0.733769660993
537,543,0.609421046224
538,528,1.14456641646
539,520,-0.749982046755
540,462,0.91162581535
541,463,-1.20002127195
542,464,-0.617359537295
543,465,-1.21419588026
544,467,1.54786241376
545,466,0.855860048475
546,468,-0.621797738237
547,489,0.704817749399
