,legislator,theta
0,39,-0.993941324825
1,530,-0.72585589505
2,40,-0.802251065223
3,375,-0.944563570859
4,0,-0.992696034894
5,1,-0.824645395714
6,43,-0.837356750907
7,414,-1.03426350212
8,47,-1.00821912152
9,48,-1.18542334222
10,49,-1.13674934693
11,50,-1.31110476129
12,52,-1.36499344896
13,53,-1.32067300099
14,529,-1.08517136531
15,59,-1.09397052252
16,61,-1.28079794165
17,439,-1.39526811538
18,63,-0.913948180854
19,412,-0.991796499
20,5,-0.822544481863
21,65,-0.98294763371
22,66,-1.11418059869
23,67,-1.07779722948
24,70,-0.829669091686
25,6,-0.898452658599
26,7,-1.13811959808
27,537,-1.00719129249
28,71,-0.85052171308
29,76,-1.04275550199
30,77,-0.975822073405
31,79,-1.32843816189
32,80,-1.09695309039
33,54,-1.10177033465
34,88,-0.912351814566
35,90,-0.836093655561
36,406,-1.38541416614
37,435,-0.939853369802
38,91,-1.45937966718
39,391,-1.03607917656
40,386,-1.42978858001
41,428,-1.01155010192
42,98,-0.944423428678
43,99,-0.798364811005
44,102,-1.00648664815
45,422,-0.980174939628
46,409,-0.768929056636
47,109,-0.736408971988
48,110,-0.689287030375
49,403,-1.38994612749
50,111,-1.29749884067
51,113,-0.621843341513
52,117,-1.00721212111
53,118,-1.63855388335
54,119,-0.722915677516
55,122,-1.00727967796
56,125,-1.10491474535
57,127,-1.23980131777
58,128,-0.474178233871
59,130,-1.13560701188
60,131,-1.55001706442
61,132,-1.3955592603
62,133,-1.02167239841
63,134,-0.708678935318
64,135,-1.3659434052
65,136,-1.50095103765
66,137,-0.705999485439
67,140,-0.99710587267
68,141,-1.22129704006
69,12,-0.746779966795
70,142,-1.1046535661
71,143,-0.243175478448
72,13,-1.30811019527
73,144,-1.12960168974
74,145,-1.21319533753
75,146,-1.04877282794
76,147,-1.37083205862
77,148,-1.17530481012
78,151,-1.22335112465
79,150,-1.06282722049
80,14,-1.00578782553
81,154,-0.833016193748
82,55,-0.599641066889
83,156,-1.1183270929
84,15,-0.984777595343
85,158,-0.54803428049
86,159,-0.897404902527
87,160,-1.17701941015
88,161,-0.983982227643
89,16,-0.807628053071
90,163,-0.703860949989
91,165,-1.41183358995
92,166,-0.774979676816
93,426,-1.42844584972
94,423,-1.52270268243
95,174,-1.08556896178
96,175,-1.27986723143
97,176,-1.27037546776
98,177,-1.18956249937
99,178,-1.20177177268
100,181,-1.12442042405
101,183,-1.21965028502
102,184,-1.12370170648
103,188,-1.42193129371
104,189,-0.299987466293
105,190,-1.44796906752
106,438,-0.658348567681
107,193,-0.931492750751
108,196,-1.06717483005
109,195,-0.59324835647
110,18,-1.37546266321
111,197,-0.731359038554
112,199,-0.95617299857
113,200,-1.09668097408
114,388,-1.19077581492
115,201,-1.41840977982
116,202,-0.777774147991
117,204,-1.22385138764
118,19,-0.669855804925
119,207,-1.37057049333
120,214,-0.538309126889
121,217,-1.28398855265
122,219,-0.924237121497
123,220,-1.01982297442
124,222,-1.12223814728
125,225,-1.45994194746
126,226,-0.891746060796
127,378,-0.88646195777
128,230,-1.00946278416
129,232,-1.1723965146
130,236,-1.33880708213
131,23,-0.86509844299
132,237,-0.768471524751
133,238,-0.923884863923
134,425,-1.33294936805
135,240,-0.740942281195
136,413,-1.28359783073
137,242,-1.13768657194
138,245,-1.19865008723
139,244,-1.06333191086
140,25,-0.805495968329
141,440,-1.21672590909
142,248,-1.26618018456
143,251,-0.94857292172
144,256,-1.45842429773
145,257,-0.92851789576
146,259,-1.02660079619
147,260,-1.01329741472
148,56,-1.04270492453
149,261,-1.29357170509
150,262,-1.2952258347
151,29,1.25219905811
152,266,-1.01517308708
153,267,-1.00421960436
154,441,-1.25602255634
155,30,-0.930561709306
156,424,-1.47343409096
157,273,-1.11470724076
158,274,-1.13529769365
159,276,-1.43421492092
160,278,-0.832498708733
161,280,-1.38190634319
162,534,-0.995772709441
163,283,-0.729341251852
164,284,-0.648434348639
165,286,-0.869378261653
166,287,-1.28972726325
167,444,-1.19020379412
168,289,-0.899795709021
169,290,-0.959297810563
170,291,-1.1099612029
171,293,-1.09611433316
172,292,-0.897898840585
173,32,-1.01736434449
174,294,-0.89493167113
175,295,-1.36881768152
176,296,-0.859457858878
177,298,-0.89733158003
178,299,-1.04788868648
179,442,-1.01607207295
180,301,-1.19619341302
181,33,-0.654342971921
182,305,-1.20901731499
183,381,-1.18822797001
184,310,-1.46128215121
185,57,-0.777613126042
186,315,-1.24388092925
187,316,-1.4346971068
188,320,-1.02586057886
189,322,-1.39795691075
190,326,-0.722649971418
191,327,-1.00086070869
192,328,-0.811328926891
193,332,-1.23662225154
194,333,-0.549862622846
195,334,-1.14901927356
196,35,-1.08070506329
197,452,-1.0024117484
198,336,-0.889068406487
199,41,-0.999987274529
200,337,-1.4408331231
201,36,-0.939734647269
202,341,-0.766803046572
203,342,-1.18393750095
204,344,-0.918103875888
205,345,-0.942847187416
206,349,-0.665495841789
207,350,-0.841460710337
208,393,-0.770135969115
209,421,-1.15211412159
210,355,-1.25041971228
211,356,-0.920078537982
212,411,-1.03097147928
213,446,-1.58376436948
214,360,-0.920085937482
215,436,-1.26597407555
216,362,-1.29996955683
217,60,-0.797667163323
218,449,-1.46328348758
219,363,-1.30167031206
220,365,-1.00900635312
221,42,-0.701454611227
222,366,-0.898808878235
223,367,-1.17547662773
224,370,-1.148569981
225,402,-1.17139752822
226,371,-0.690264686776
227,531,-0.876050180367
228,372,-0.932203980772
229,536,0.974973966881
230,44,0.397317296004
231,2,0.241093377975
232,45,1.49633928966
233,437,1.36753514472
234,46,1.5556581399
235,390,0.789116604038
236,51,0.574994875254
237,3,1.14586944575
238,58,1.32934090422
239,376,1.52176527702
240,62,1.4276800712
241,4,0.948805692246
242,64,1.16668806453
243,394,0.888867272795
244,410,0.774354861104
245,69,1.19419306888
246,72,1.15029819375
247,73,1.35347423678
248,395,1.07614293327
249,74,1.06936250858
250,75,1.14663497151
251,443,1.37414187936
252,448,1.23158650356
253,81,1.46967798492
254,82,1.43071657554
255,83,1.56721510993
256,84,1.30756978951
257,85,1.27387270735
258,86,1.1237009641
259,89,1.39357223847
260,92,1.19018675404
261,93,1.5022415295
262,94,0.721176988116
263,95,0.404622956857
264,96,1.13607457525
265,100,1.36726320606
266,101,0.443077559727
267,103,1.33359454253
268,105,1.38930877517
269,104,1.44289955894
270,106,1.04492427093
271,107,1.47073936347
272,417,1.02146563031
273,108,1.36487080799
274,377,0.99103787537
275,112,1.36996530669
276,10,1.30131886743
277,114,1.24229709597
278,116,1.27804093046
279,408,0.924821867888
280,120,1.62551417945
281,121,1.48251168559
282,123,1.28300603683
283,484,0.676650654571
284,124,1.39715725186
285,401,1.06642642317
286,126,1.36518587364
287,68,1.46096839448
288,382,0.815984699031
289,405,1.32846377581
290,138,1.40106514493
291,407,0.96988869001
292,487,0.481553454067
293,482,0.691211795996
294,383,1.23174819985
295,152,1.23846698671
296,153,0.662601027155
297,155,1.44101262675
298,157,1.35200781797
299,374,1.34888529373
300,472,1.2111123179
301,162,1.3474065822
302,455,1.21532666991
303,167,1.39143258754
304,168,1.02649033202
305,169,0.967800198817
306,17,1.47356815022
307,172,1.53375687973
308,485,1.11539506343
309,173,1.20148789257
310,389,1.52692610209
311,180,1.17093977822
312,182,1.17344843416
313,433,1.26325995116
314,186,1.23478261381
315,185,1.3162896152
316,191,1.11196852361
317,192,1.12241606372
318,457,1.39780138026
319,416,1.4146179012
320,419,1.37326490142
321,454,1.0604521383
322,194,1.02631322915
323,384,0.826819011004
324,430,0.930795089414
325,203,1.28391645934
326,205,1.07217744821
327,206,1.31517326448
328,209,1.60365005479
329,211,1.32086138176
330,212,1.61963395809
331,213,0.675614421566
332,215,0.859200274531
333,216,1.16928581218
334,398,1.61122431152
335,218,1.32306303056
336,431,0.960490870932
337,221,1.11416771892
338,223,1.11034989742
339,479,0.593403208181
340,434,0.70533676592
341,227,1.48499576262
342,20,0.148095689358
343,228,1.46695182728
344,21,1.06610341187
345,233,1.15592766204
346,234,1.45609918839
347,235,1.4763635933
348,22,0.206035804057
349,239,1.02846093837
350,241,1.28059810886
351,432,1.18636383106
352,24,1.00058762133
353,26,1.29574173445
354,246,1.43358035681
355,27,1.13851553787
356,404,0.552821115631
357,253,1.58387146728
358,254,1.55547907186
359,255,1.55159725081
360,480,1.24051614738
361,420,1.01132742434
362,447,1.09711935051
363,28,0.386986873813
364,263,1.66999986753
365,264,1.33663366576
366,379,1.51476342365
367,268,1.56480931203
368,269,0.827031582922
369,400,0.6362884951
370,270,0.856025424772
371,271,0.14705770151
372,272,1.47314664325
373,456,1.71270221559
374,275,0.830601657964
375,279,1.21472957766
376,281,1.38690980211
377,31,0.448946383508
378,282,1.37936250883
379,288,1.03295993728
380,300,1.51342621319
381,396,0.667290614008
382,303,0.986390720669
383,304,1.25246238933
384,306,1.08825691434
385,338,1.32954192984
386,308,1.02681141465
387,309,1.37354081949
388,311,1.71412930905
389,312,1.36405068297
390,483,0.83380583166
391,313,0.589801911685
392,34,1.23318610945
393,318,1.33613928467
394,317,0.92779258639
395,321,1.61858269063
396,323,0.919282900826
397,478,1.05340934855
398,325,1.22479087729
399,387,0.463343985243
400,329,1.30299317478
401,330,1.43352168433
402,331,1.15942861113
403,335,1.50829088992
404,392,1.19465001127
405,397,1.44298248221
406,340,1.35045612738
407,339,1.16246325687
408,37,1.28647984373
409,385,1.29093314629
410,346,1.51158011159
411,348,1.38412921107
412,351,1.45409777299
413,399,1.10636315983
414,450,1.12846612583
415,451,0.628977398208
416,352,1.40775040548
417,353,1.1514147485
418,357,0.790138955361
419,358,1.11987416447
420,359,1.41436560267
421,533,1.52975702355
422,38,1.54967308275
423,361,1.33947565983
424,364,1.6533743865
425,369,1.30065895176
426,139,0.906850483678
427,231,-1.18118885818
428,224,-1.15204288547
429,78,1.31583830866
430,229,1.25887772767
431,297,-0.678528965995
432,458,-0.822865260538
433,493,-0.739677208502
434,459,-1.50862115917
435,525,-0.602326255762
436,488,-0.954657377379
437,461,1.39266786688
438,97,-1.26691994529
439,445,-1.71211096952
440,129,-0.832936644473
441,8,-1.03670545228
442,373,-0.748115103034
443,187,-1.35250173766
444,210,-1.40031698713
445,265,-1.40796139614
446,149,-1.83238830095
447,302,-1.22143419441
448,307,1.60465924857
449,319,-1.74417085509
450,164,-1.56993573086
451,324,-1.38547037991
452,347,-1.34832092144
453,354,-1.15906099664
454,460,-0.876001277302
455,208,-0.732115953645
456,510,1.40075375235
457,87,-1.80867805016
458,535,0.467566459588
459,538,0.702971848115
460,243,0.850227266448
461,277,1.69045746168
462,285,-1.04375905666
463,517,-1.01853346399
464,519,1.43514455873
465,9,1.25549619365
466,11,1.57234787709
467,515,1.30244829259
468,532,0.818307546644
469,115,1.01003321233
470,469,-0.792336297746
471,470,-0.243092988857
472,506,1.23604077752
473,490,-0.91465775905
474,471,-1.4517693797
475,476,0.533898382003
476,474,1.32281620992
477,477,-1.62412325328
478,499,1.2168735734
479,429,-1.45574999479
480,505,1.56725237199
481,179,1.24257907974
482,497,-1.36681948479
483,540,0.404692573018
484,541,1.18672915751
485,170,1.14895887911
486,427,0.629336892231
487,171,1.61418035392
488,502,-0.894306907262
489,486,-1.80926893203
490,504,-1.03420124374
491,492,-1.02062365573
492,542,1.09427310126
493,453,0.863424357976
494,526,0.0187500663776
495,418,0.728369193192
496,198,-0.480386737428
497,508,1.00206428973
498,527,2.02286513802
499,509,1.39047519405
500,544,1.47400309084
501,507,0.195792107446
502,511,-0.684923552532
503,512,0.486767686207
504,491,-1.16182526245
505,258,1.39193142345
506,494,0.939332833888
507,247,1.36803755197
508,249,-1.29546973822
509,250,-0.278344059808
510,252,1.48321652661
511,513,1.42512404837
512,516,0.996956577817
513,514,-0.94201123592
514,545,0.365854581943
515,495,1.66766537131
516,518,0.759168273121
517,498,-1.77399156472
518,546,1.3482389133
519,380,1.61991466356
520,314,1.35170469538
521,500,1.02066188451
522,521,1.349419532
523,523,0.599823879184
524,343,-1.38239165902
525,547,0.78589371871
526,501,1.36541064906
527,503,0.813378867187
528,415,1.30868661986
529,524,1.30004317168
530,473,-0.850102912082
531,368,1.11082154126
532,522,-1.21837782431
533,539,-1.06293321286
534,496,-1.37795307385
535,475,-1.50687248764
536,481,-0.592891980376
537,543,0.621614084361
538,528,1.43976588107
539,520,-0.703218227252
540,462,1.57743157491
541,463,-1.36137542477
542,464,-0.647345473473
543,465,-1.3821917394
544,467,1.08946677855
545,466,1.02602074268
546,468,-0.99291291687
547,489,1.0776289005
