,legislator,theta
0,39,-0.966328942563
1,530,-0.818557185923
2,40,-0.773411793733
3,375,-0.886426446193
4,0,-1.04801126668
5,1,-0.81930395959
6,43,-0.784173075014
7,414,-1.10786203591
8,47,-0.946568634933
9,48,-1.1552989705
10,49,-1.04195266154
11,50,-1.32848942485
12,52,-1.29534552386
13,53,-1.4333446041
14,529,-0.874946040154
15,59,-1.08131862707
16,61,-1.21156509135
17,439,-1.33577315476
18,63,-0.900145871966
19,412,-0.96077809013
20,5,-0.829832061653
21,65,-0.901561899321
22,66,-1.0897383076
23,67,-1.0697476849
24,70,-0.897037149383
25,6,-0.927829902709
26,7,-1.3472414207
27,537,-1.03832877093
28,71,-0.86117950238
29,76,-1.10592027973
30,77,-0.955925283231
31,79,-1.3761096708
32,80,-1.14321989294
33,54,-1.07417276992
34,88,-0.835712830182
35,90,-0.826936038489
36,406,-1.33392533096
37,435,-0.896800957483
38,91,-1.31999833938
39,391,-1.03840705819
40,386,-1.32588060659
41,428,-0.922520062615
42,98,-0.976421429355
43,99,-0.846717250359
44,102,-0.916598338215
45,422,-0.981650967925
46,409,-0.740508433379
47,109,-0.746425273441
48,110,-0.686247546962
49,403,-1.37855199365
50,111,-1.28451823552
51,113,-0.625250445435
52,117,-1.0211061035
53,118,-1.56111652118
54,119,-0.67017629303
55,122,-0.991379558582
56,125,-1.0287669509
57,127,-1.19944920936
58,128,-0.481193291061
59,130,-1.11582692823
60,131,-1.43628490788
61,132,-1.28843163765
62,133,-1.00814079102
63,134,-0.69602434978
64,135,-1.34042818466
65,136,-1.47284262725
66,137,-0.703141160523
67,140,-0.925560526215
68,141,-1.22115452896
69,12,-0.683067763542
70,142,-1.092730769
71,143,-0.177077092229
72,13,-1.23862172702
73,144,-1.13544959603
74,145,-1.14493268212
75,146,-1.04369457064
76,147,-1.30719368118
77,148,-1.14675374579
78,151,-1.2111977296
79,150,-1.12193050262
80,14,-0.954388676102
81,154,-0.760383103092
82,55,-0.577403959813
83,156,-1.02051471631
84,15,-0.948115406994
85,158,-0.591484007153
86,159,-0.914662575189
87,160,-1.14012518637
88,161,-1.04009446546
89,16,-0.875792062998
90,163,-0.725743256927
91,165,-1.38644675911
92,166,-0.694854433715
93,426,-1.37936443597
94,423,-1.56970551637
95,174,-1.04318522969
96,175,-1.28689877053
97,176,-1.33156737727
98,177,-1.13064007792
99,178,-1.2133839519
100,181,-1.06681824014
101,183,-1.16877587754
102,184,-1.0707561962
103,188,-1.39115972173
104,189,-0.291210838697
105,190,-1.41030153799
106,438,-0.702410076291
107,193,-0.999381221728
108,196,-1.09042741351
109,195,-0.628079325665
110,18,-1.37817622865
111,197,-0.890555384293
112,199,-1.04603631206
113,200,-1.10484017508
114,388,-1.1777257516
115,201,-1.2418518655
116,202,-0.736147742367
117,204,-1.16361186892
118,19,-0.720089303183
119,207,-1.31170677892
120,214,-0.528291362477
121,217,-1.31486029846
122,219,-0.902473385796
123,220,-1.00166967942
124,222,-1.097879794
125,225,-1.38556475501
126,226,-0.915790097151
127,378,-0.926278914416
128,230,-1.05241231827
129,232,-1.09731915011
130,236,-1.22004984355
131,23,-0.901762428869
132,237,-0.790287973037
133,238,-0.960545306475
134,425,-1.25882501336
135,240,-0.707964987189
136,413,-1.24572533226
137,242,-1.1956387338
138,245,-1.22438851719
139,244,-1.1605195151
140,25,-0.894219953881
141,440,-1.23750684298
142,248,-1.19254272231
143,251,-1.05918362206
144,256,-1.40199513141
145,257,-1.02918144814
146,259,-1.01302217741
147,260,-0.903327278625
148,56,-1.19800287271
149,261,-1.1865670874
150,262,-1.29331049452
151,29,1.3110944229
152,266,-0.981015120006
153,267,-1.02988075324
154,441,-1.18328913742
155,30,-0.951020588349
156,424,-1.47099023927
157,273,-1.18234313713
158,274,-1.22863872942
159,276,-1.40379311077
160,278,-0.8507979788
161,280,-1.36668689307
162,534,-1.09934149803
163,283,-0.736842253447
164,284,-0.616812282233
165,286,-0.957341278523
166,287,-1.24192408306
167,444,-1.12985544038
168,289,-0.94671975308
169,290,-1.01214117611
170,291,-1.13698127303
171,293,-1.04418855346
172,292,-0.849830926856
173,32,-1.05802913171
174,294,-0.863143907448
175,295,-1.41050853288
176,296,-0.966121872865
177,298,-0.94364423807
178,299,-1.10775184118
179,442,-1.08786549804
180,301,-1.08915216565
181,33,-0.610942751212
182,305,-1.18307570408
183,381,-1.06710164281
184,310,-1.47307635295
185,57,-0.771811041872
186,315,-1.17814777154
187,316,-1.36754189439
188,320,-1.04051926082
189,322,-1.34420390923
190,326,-0.814404584098
191,327,-1.00255624039
192,328,-0.779604416421
193,332,-1.20674606689
194,333,-0.596079871845
195,334,-1.19904037261
196,35,-1.09683524121
197,452,-1.02612832894
198,336,-0.854495255424
199,41,-1.01418367491
200,337,-1.26424052971
201,36,-0.882044986059
202,341,-0.785499038114
203,342,-1.19380234048
204,344,-0.892591403961
205,345,-1.04633470594
206,349,-0.681729614005
207,350,-0.956248373286
208,393,-0.750367089568
209,421,-1.1818771604
210,355,-1.28993567816
211,356,-0.835646031581
212,411,-1.0679307672
213,446,-1.61750045528
214,360,-0.948775582524
215,436,-1.29253987222
216,362,-1.24302938255
217,60,-0.757781728604
218,449,-1.37950589814
219,363,-1.29589924781
220,365,-0.927411835544
221,42,-0.780913431344
222,366,-0.960375090823
223,367,-1.12616148603
224,370,-1.12601128568
225,402,-1.15594543259
226,371,-0.65786939363
227,531,-0.961816598865
228,372,-1.00594726743
229,536,1.06511002371
230,44,0.421921275793
231,2,0.2341084041
232,45,1.46460194931
233,437,1.230631482
234,46,1.59183062313
235,390,0.731387529958
236,51,0.670370853211
237,3,1.19235983915
238,58,1.34050226712
239,376,1.43397066549
240,62,1.41880603674
241,4,0.916702946353
242,64,1.14162366498
243,394,0.970637712359
244,410,0.738134706821
245,69,1.13964346724
246,72,1.20263501515
247,73,1.40830141703
248,395,1.08168481335
249,74,1.10717718752
250,75,1.21068102974
251,443,1.34911338125
252,448,1.13108888361
253,81,1.42877077541
254,82,1.4913671928
255,83,1.63379770662
256,84,1.24363913567
257,85,1.2868426108
258,86,1.11190566791
259,89,1.45027916345
260,92,1.13359222727
261,93,1.5781914358
262,94,0.754085554592
263,95,0.395210723744
264,96,1.12721462693
265,100,1.40975547795
266,101,0.442896655351
267,103,1.38167959054
268,105,1.28398413631
269,104,1.40299745899
270,106,1.1278854592
271,107,1.49109536882
272,417,0.954195407507
273,108,1.29484084033
274,377,1.0390846141
275,112,1.39234385852
276,10,1.34424353972
277,114,1.31622796556
278,116,1.27212055666
279,408,0.931079167061
280,120,1.6078867857
281,121,1.45022096279
282,123,1.25904518768
283,484,0.768630775654
284,124,1.33861668737
285,401,1.13339082851
286,126,1.3342239508
287,68,1.45925332383
288,382,0.896339035405
289,405,1.33438994621
290,138,1.35272637542
291,407,0.947490287485
292,487,0.511159961161
293,482,0.663374619169
294,383,1.17398204303
295,152,1.18097379939
296,153,0.625813198405
297,155,1.46032437231
298,157,1.28769333962
299,374,1.37967898647
300,472,1.29946604657
301,162,1.47058295879
302,455,1.18382425246
303,167,1.2501439538
304,168,1.01022643002
305,169,0.926255221956
306,17,1.3580409427
307,172,1.49987204594
308,485,1.1409844896
309,173,1.13515429637
310,389,1.43232365043
311,180,1.17870662307
312,182,1.15207441987
313,433,1.24976983699
314,186,1.22488638517
315,185,1.27182628318
316,191,1.15939502017
317,192,1.16000438546
318,457,1.35303184233
319,416,1.4027916369
320,419,1.39630426475
321,454,1.0092679173
322,194,1.00598453242
323,384,0.78201308657
324,430,1.03386763786
325,203,1.19079281411
326,205,1.17492004141
327,206,1.29945703839
328,209,1.59437991415
329,211,1.3580073555
330,212,1.6502748602
331,213,0.636075653353
332,215,0.835688942219
333,216,1.15153963206
334,398,1.63694207714
335,218,1.35365195423
336,431,0.94467741784
337,221,1.18175399119
338,223,1.15342305673
339,479,0.609236204485
340,434,0.64821723057
341,227,1.27062462486
342,20,0.163681047644
343,228,1.27750157776
344,21,1.0154827492
345,233,1.12696300654
346,234,1.40230964966
347,235,1.43638872686
348,22,0.221869529482
349,239,1.0146659702
350,241,1.36277430599
351,432,1.23974128737
352,24,1.0061520551
353,26,1.28353023827
354,246,1.33491776535
355,27,1.19417999968
356,404,0.618808466878
357,253,1.5435153538
358,254,1.49693742077
359,255,1.45290374326
360,480,1.22737233575
361,420,0.965389578659
362,447,1.16715711014
363,28,0.452734069688
364,263,1.52800730036
365,264,1.3372663803
366,379,1.55240937305
367,268,1.50443683032
368,269,0.891457865331
369,400,0.701752017351
370,270,0.863583854275
371,271,0.214071695289
372,272,1.52319721888
373,456,1.68345994211
374,275,0.89474793358
375,279,1.18485926594
376,281,1.2743819586
377,31,0.409486222433
378,282,1.27917883103
379,288,1.04392241945
380,300,1.45471506861
381,396,0.649257983539
382,303,0.990065468737
383,304,1.27018679719
384,306,1.01832031445
385,338,1.29480591027
386,308,1.0513675912
387,309,1.35680561884
388,311,1.56760727789
389,312,1.44541829281
390,483,0.765050741567
391,313,0.601977775086
392,34,1.35841230498
393,318,1.33845467594
394,317,1.01371615768
395,321,1.47192051113
396,323,0.925084651568
397,478,1.07825171296
398,325,1.22760256941
399,387,0.490447113429
400,329,1.26927970624
401,330,1.42210098334
402,331,1.22520722212
403,335,1.45624382742
404,392,1.11370208638
405,397,1.39827589198
406,340,1.37301179876
407,339,1.20471925073
408,37,1.27791575825
409,385,1.22440075459
410,346,1.44380357654
411,348,1.43170675701
412,351,1.44389955513
413,399,1.07837387336
414,450,1.03573528378
415,451,0.634737614007
416,352,1.35163725463
417,353,1.08446866091
418,357,0.872868551104
419,358,1.10711981033
420,359,1.39962121393
421,533,1.58488255186
422,38,1.50834107654
423,361,1.3118316792
424,364,1.64145596312
425,369,1.1829001118
426,139,0.862109736203
427,231,-1.16715008885
428,224,-1.11804305589
429,78,1.27432261663
430,229,1.25580335644
431,297,-0.699423586552
432,458,-0.794041561629
433,493,-0.364520584905
434,459,-1.41241178084
435,525,-1.57061916583
436,488,-0.981812944477
437,461,1.34120696583
438,97,-1.396080313
439,445,-1.54007080513
440,129,-0.829339954916
441,8,-0.886844109314
442,373,-0.699569646723
443,187,-1.35435927445
444,210,-1.21352209699
445,265,-1.35935473755
446,149,-1.89444229877
447,302,-1.17690482035
448,307,1.36011705195
449,319,-1.51062573073
450,164,-1.59237267712
451,324,-1.32618680556
452,347,-1.33850045465
453,354,-1.09348093248
454,460,-0.757402069352
455,208,-0.645034912009
456,510,1.51598700123
457,87,-1.57100279107
458,535,0.418230434731
459,538,0.633963269405
460,243,0.945588922294
461,277,1.46118966771
462,285,-0.94046405176
463,517,-0.943116206771
464,519,1.51435440727
465,9,1.04143323711
466,11,1.57994393674
467,515,1.32569243336
468,532,0.927202364106
469,115,0.97679357323
470,469,-0.91961667676
471,470,-0.186135776989
472,506,0.93907650372
473,490,-0.843894301454
474,471,-1.4702248407
475,476,0.470839601779
476,474,1.41286691769
477,477,-1.35015303992
478,499,1.04484060563
479,429,-1.40781685056
480,505,1.48156795459
481,179,1.33230332949
482,497,-1.36299000548
483,540,0.39701951699
484,541,1.02972798987
485,170,0.843990719846
486,427,0.590213271859
487,171,1.35822346072
488,502,-0.699368110614
489,486,-1.77376091241
490,504,-0.835933307846
491,492,-0.889420425853
492,542,1.13391101345
493,453,0.910855194362
494,526,0.920249282927
495,418,0.64345602743
496,198,-0.535353968446
497,508,0.862644807516
498,527,1.69124172787
499,509,1.3759184754
500,544,1.19786857335
501,507,0.204901626448
502,511,-0.649780258963
503,512,0.630511574076
504,491,-1.22242455293
505,258,1.40697058595
506,494,1.13389671451
507,247,1.19628171269
508,249,-0.968964621421
509,250,-0.243272354249
510,252,1.40140388747
511,513,1.5200761363
512,516,0.988199591023
513,514,-0.86777528738
514,545,0.3580550308
515,495,1.4743021927
516,518,0.629831686237
517,498,-1.8444685175
518,546,1.17200089015
519,380,1.56635429592
520,314,1.34635370846
521,500,1.03061830068
522,521,1.36702013843
523,523,0.526565655353
524,343,-1.13581080668
525,547,0.711774045231
526,501,1.27714867246
527,503,0.654441903411
528,415,1.35136234582
529,524,1.13630949695
530,473,-0.802051077837
531,368,0.815345376562
532,522,-1.11911109852
533,539,-0.983704319632
534,496,-1.34731281385
535,475,-1.37052165687
536,481,-0.833584814759
537,543,0.734024853744
538,528,1.50548319082
539,520,-0.854325228222
540,462,1.38820931036
541,463,-1.28771619257
542,464,-0.60497059748
543,465,-1.48802683855
544,467,1.48925171432
545,466,0.901408026463
546,468,-1.21075266046
547,489,1.0633149383
