,legislator,theta
0,39,-0.945629224389
1,530,-0.722057188891
2,40,-0.868542253311
3,375,-0.913244268563
4,0,-1.12986875938
5,1,-0.815181750149
6,43,-0.833586640014
7,414,-1.13316997505
8,47,-0.851966751688
9,48,-1.32957695642
10,49,-1.15092631702
11,50,-1.32167194466
12,52,-1.47281261717
13,53,-1.28478223657
14,529,-1.031348691
15,59,-1.020582285
16,61,-1.28342991692
17,439,-1.48122233278
18,63,-1.04744302271
19,412,-1.06053722058
20,5,-0.879370638425
21,65,-0.890907867449
22,66,-1.05865455167
23,67,-1.31199780358
24,70,-0.939279654193
25,6,-1.02412325662
26,7,-1.08147290762
27,537,-0.96831991675
28,71,-0.849045229825
29,76,-0.99447251353
30,77,-1.07944341481
31,79,-1.42956969597
32,80,-1.22895693456
33,54,-1.13035622747
34,88,-0.890160538264
35,90,-0.875411033367
36,406,-1.44882725943
37,435,-1.02222477772
38,91,-1.36272924548
39,391,-1.01197436858
40,386,-1.3961029056
41,428,-1.00417558748
42,98,-0.935575973846
43,99,-0.834601679842
44,102,-1.01976939826
45,422,-1.14414797403
46,409,-0.76837015366
47,109,-0.777695268958
48,110,-0.699224854931
49,403,-1.49942079061
50,111,-1.32795298259
51,113,-0.724060354765
52,117,-1.20419614501
53,118,-1.78525068267
54,119,-0.676535694909
55,122,-0.944224759149
56,125,-1.20321541489
57,127,-1.33503363568
58,128,-0.558483629905
59,130,-1.14548388299
60,131,-1.52990606877
61,132,-1.44380610332
62,133,-1.05043786179
63,134,-0.770117595417
64,135,-1.37143128735
65,136,-1.58828186264
66,137,-0.753832031715
67,140,-0.98677004477
68,141,-1.25670806019
69,12,-0.675311898899
70,142,-1.14241836653
71,143,-0.268434416655
72,13,-1.17145754416
73,144,-1.24648255306
74,145,-1.3853557038
75,146,-1.11836483252
76,147,-1.58776164923
77,148,-1.00694032304
78,151,-1.5551019587
79,150,-1.06900206357
80,14,-1.01784567135
81,154,-0.778502491012
82,55,-0.552570553108
83,156,-1.1694192682
84,15,-1.03857027998
85,158,-0.576832090791
86,159,-0.963951915665
87,160,-1.24337676757
88,161,-1.09626050745
89,16,-0.913660549889
90,163,-0.679863962265
91,165,-1.56172381192
92,166,-0.688823991549
93,426,-1.56795239327
94,423,-1.47800490115
95,174,-1.19464302081
96,175,-1.39021454514
97,176,-1.30293851849
98,177,-1.14359517661
99,178,-1.24034346709
100,181,-1.14717725414
101,183,-1.22341737466
102,184,-1.16339394854
103,188,-1.28551300944
104,189,-0.333462521129
105,190,-1.54904521297
106,438,-0.687192451391
107,193,-1.00319264757
108,196,-1.23974247225
109,195,-0.619469769971
110,18,-1.48557993017
111,197,-0.745814699658
112,199,-1.00029318558
113,200,-1.21238092394
114,388,-1.3160451428
115,201,-1.48312130278
116,202,-0.742434083833
117,204,-1.40788235018
118,19,-0.752672513266
119,207,-1.32721438073
120,214,-0.494560151523
121,217,-1.41230426699
122,219,-0.821477180683
123,220,-1.03323906624
124,222,-1.27067082172
125,225,-1.60216889033
126,226,-0.921362968518
127,378,-0.888595369812
128,230,-1.02650190689
129,232,-1.13702851864
130,236,-1.49046873718
131,23,-0.820656722282
132,237,-0.702210078161
133,238,-1.05085685889
134,425,-1.34691698542
135,240,-0.676940148898
136,413,-1.28023304728
137,242,-1.03097299908
138,245,-1.31839690717
139,244,-1.09297083026
140,25,-0.740168625436
141,440,-1.30909500057
142,248,-1.17536861062
143,251,-0.894207675133
144,256,-1.50170444008
145,257,-0.885602905481
146,259,-1.00942744525
147,260,-0.900594217613
148,56,-1.09990581048
149,261,-1.38430697291
150,262,-1.38373141984
151,29,1.17914656005
152,266,-0.97014333594
153,267,-0.997940002465
154,441,-1.27608878614
155,30,-0.984438050526
156,424,-1.44153842202
157,273,-1.26506617939
158,274,-1.14398139386
159,276,-1.72809924185
160,278,-0.895008360983
161,280,-1.60052029331
162,534,-1.22564540072
163,283,-0.687814170442
164,284,-0.650282262047
165,286,-0.936463817694
166,287,-1.50125562531
167,444,-1.25388962873
168,289,-0.93723020299
169,290,-0.873785859066
170,291,-1.27551192774
171,293,-1.06059581751
172,292,-0.879211567726
173,32,-0.916372964003
174,294,-0.91108491208
175,295,-1.45423244481
176,296,-0.88881842739
177,298,-0.934637217063
178,299,-1.2226923448
179,442,-1.16416867282
180,301,-1.25054562018
181,33,-0.626399128995
182,305,-1.27316790133
183,381,-1.31137230307
184,310,-1.42102683236
185,57,-0.87877423654
186,315,-1.25406689621
187,316,-1.33619670955
188,320,-1.1453750359
189,322,-1.44261428782
190,326,-0.768116263544
191,327,-1.00386857571
192,328,-0.819962969671
193,332,-1.22694099131
194,333,-0.576648512186
195,334,-1.355723548
196,35,-1.19642096998
197,452,-0.992620620635
198,336,-0.854886318486
199,41,-0.939569805334
200,337,-1.4739311032
201,36,-0.893316181277
202,341,-0.777821954319
203,342,-1.33595849178
204,344,-1.03653883097
205,345,-1.04880070895
206,349,-0.79246912436
207,350,-0.860577326541
208,393,-0.775427212886
209,421,-1.19371600786
210,355,-1.44410495309
211,356,-0.931412949791
212,411,-0.999453020684
213,446,-1.83817500213
214,360,-0.998157433692
215,436,-1.39638410907
216,362,-1.42249599301
217,60,-0.856600963744
218,449,-1.46957553219
219,363,-1.39465591683
220,365,-1.10309327555
221,42,-0.753267916551
222,366,-0.928095711133
223,367,-1.25118227057
224,370,-1.35721824519
225,402,-1.34041671685
226,371,-0.689460511278
227,531,-1.058975643
228,372,-1.04782233093
229,536,1.24050246273
230,44,0.338711543031
231,2,0.231222473862
232,45,1.6582392283
233,437,1.49423733583
234,46,1.6727096524
235,390,0.794051937094
236,51,0.574294914329
237,3,1.06959741011
238,58,1.42258652906
239,376,1.71106873694
240,62,1.47615974621
241,4,0.922595007202
242,64,1.2979571453
243,394,0.891657976278
244,410,0.706363195476
245,69,1.16747318427
246,72,1.19371713118
247,73,1.41575551891
248,395,1.1297621552
249,74,0.93086140485
250,75,1.23622844305
251,443,1.32587679048
252,448,1.1515049696
253,81,1.62260572121
254,82,1.54378922519
255,83,1.61676962966
256,84,1.33478444851
257,85,1.20359876081
258,86,1.11722384036
259,89,1.41922846134
260,92,1.08913056569
261,93,1.92703575358
262,94,0.697719089243
263,95,0.376833892715
264,96,1.19491117652
265,100,1.54643035658
266,101,0.418731955662
267,103,1.54901175146
268,105,1.35764832425
269,104,1.47514308603
270,106,1.1401828331
271,107,1.41584174973
272,417,0.954583929748
273,108,1.41500232684
274,377,1.04470197592
275,112,1.42975825603
276,10,1.25352993067
277,114,1.34880158008
278,116,1.34798131743
279,408,0.92999067959
280,120,1.76951312088
281,121,1.63084883926
282,123,1.35599203956
283,484,0.761433732764
284,124,1.458763241
285,401,1.14223686404
286,126,1.55021918019
287,68,1.41512467637
288,382,0.84242021938
289,405,1.37118836963
290,138,1.35226286836
291,407,0.973460235665
292,487,0.556659847286
293,482,0.702701340436
294,383,1.23687668412
295,152,1.16011249401
296,153,0.600932811994
297,155,1.63587993143
298,157,1.52784288917
299,374,1.41510096441
300,472,1.32491265224
301,162,1.55583291987
302,455,1.11126474057
303,167,1.39878026373
304,168,1.04999140523
305,169,1.02271075695
306,17,1.7782996212
307,172,1.53656790754
308,485,1.10603702313
309,173,1.24211373873
310,389,1.55527658476
311,180,1.13029889186
312,182,1.19870297364
313,433,1.55453850123
314,186,1.44457569173
315,185,1.32002482129
316,191,1.1385279094
317,192,1.19076617613
318,457,1.42654959865
319,416,1.65735542752
320,419,1.3954422835
321,454,1.09588519836
322,194,1.02919695109
323,384,0.734063052931
324,430,1.02250617178
325,203,1.39677630221
326,205,1.21486019338
327,206,1.28063977805
328,209,1.8334872811
329,211,1.46075749485
330,212,1.62104736013
331,213,0.680607083285
332,215,0.889204547372
333,216,1.24505036524
334,398,1.85408992784
335,218,1.31688131099
336,431,0.987760215568
337,221,1.04076461096
338,223,1.06475871953
339,479,0.57669560155
340,434,0.644536274597
341,227,1.71280149695
342,20,0.136247557563
343,228,1.5554342438
344,21,1.03242079274
345,233,1.19292350067
346,234,1.80042639154
347,235,1.77955030785
348,22,0.169801601901
349,239,1.07274141323
350,241,1.38285469355
351,432,1.29635067433
352,24,1.07819914578
353,26,1.42518928588
354,246,1.61160030143
355,27,1.14792171332
356,404,0.540908156129
357,253,1.93204715186
358,254,1.75035120174
359,255,1.54681398048
360,480,1.35389809593
361,420,1.01271146544
362,447,1.17916120429
363,28,0.427148049053
364,263,1.87499048011
365,264,1.42760631957
366,379,1.5452403802
367,268,1.57474145298
368,269,0.894301776507
369,400,0.589472685671
370,270,0.885653426239
371,271,0.18862492467
372,272,1.46737884899
373,456,2.13121208945
374,275,0.841123311358
375,279,1.29170057411
376,281,1.21390484669
377,31,0.412423765733
378,282,1.3547484623
379,288,1.0662117766
380,300,1.61252274887
381,396,0.637666562083
382,303,0.996205718639
383,304,1.38788695005
384,306,0.994565576401
385,338,1.49229775147
386,308,1.08500330472
387,309,1.56269127684
388,311,2.01835539182
389,312,1.23731426434
390,483,0.789789192106
391,313,0.580328181614
392,34,1.28782523404
393,318,1.44409126432
394,317,0.991718488468
395,321,1.78630169617
396,323,0.914122506129
397,478,1.06368463497
398,325,1.14973766055
399,387,0.450911604171
400,329,1.47111128193
401,330,1.35715459071
402,331,1.27575304223
403,335,1.6611576844
404,392,1.18926517366
405,397,1.63228511235
406,340,1.38800732216
407,339,1.26742955921
408,37,1.30608908403
409,385,1.23558177086
410,346,1.54840156526
411,348,1.44825212841
412,351,1.56260209211
413,399,1.15157160491
414,450,1.05184919391
415,451,0.632233911793
416,352,1.72552752887
417,353,1.04164420735
418,357,0.821120533894
419,358,1.35425687305
420,359,1.44445246317
421,533,1.49244043602
422,38,1.62170077736
423,361,1.4264475515
424,364,1.74985652935
425,369,1.45559737398
426,139,0.90265776672
427,231,-1.31906499972
428,224,-1.14066065967
429,78,1.49497151715
430,229,1.31371657079
431,297,-0.712078774338
432,458,-0.871938213972
433,493,-0.949585135967
434,459,-1.60941510878
435,525,-0.303475127429
436,488,-0.847649965105
437,461,1.87440890821
438,97,-1.72298424226
439,445,-2.04929192203
440,129,-0.980629186025
441,8,-1.06069321367
442,373,-0.917029912968
443,187,-1.54207238684
444,210,-1.71136681868
445,265,-1.33177222067
446,149,-2.3533997174
447,302,-1.41890888073
448,307,1.62960645097
449,319,-1.66190405743
450,164,-1.71712297607
451,324,-1.35666449284
452,347,-1.32631622581
453,354,-1.22291865452
454,460,-1.01188829287
455,208,-0.739976527854
456,510,1.75664514665
457,87,-1.39774677826
458,535,0.713068431472
459,538,0.757174638296
460,243,0.906659214562
461,277,1.65015326755
462,285,-1.14461612924
463,517,-1.10510188692
464,519,1.82977607815
465,9,2.07722969943
466,11,2.20729907211
467,515,1.41782809396
468,532,1.03080931597
469,115,0.929809870974
470,469,-0.953229972643
471,470,-0.157064398033
472,506,1.43053685909
473,490,-1.11372851911
474,471,-1.65663376206
475,476,0.53090769166
476,474,1.64376034203
477,477,-1.453745582
478,499,1.34482753947
479,429,-1.72202315841
480,505,1.39646371406
481,179,1.8109892404
482,497,-1.42813742657
483,540,0.490697757207
484,541,1.23885213276
485,170,1.02225272899
486,427,0.657037059311
487,171,2.19573170793
488,502,-1.02411689324
489,486,-2.05173825035
490,504,-1.1107371316
491,492,-1.07279732442
492,542,1.34023033771
493,453,0.864179766884
494,526,-0.549668609753
495,418,0.680258284366
496,198,-0.415976230155
497,508,1.05964487672
498,527,1.45078898725
499,509,1.56032194784
500,544,1.75656592982
501,507,0.250787794853
502,511,-0.80662028088
503,512,0.698023959647
504,491,-1.19138486163
505,258,1.57341910411
506,494,1.44866254466
507,247,1.68465008209
508,249,-1.32170092116
509,250,-0.375232665947
510,252,1.59881252038
511,513,1.54852991054
512,516,1.07455799736
513,514,-1.02070474778
514,545,0.486412331096
515,495,2.3731074673
516,518,0.819721051334
517,498,-2.16337675143
518,546,1.47462495427
519,380,1.69762457755
520,314,1.60417294763
521,500,0.951751790466
522,521,1.77371944142
523,523,0.760386902897
524,343,-1.37496354751
525,547,0.892858278534
526,501,1.71733669545
527,503,0.871076534961
528,415,1.78228097095
529,524,1.90832130331
530,473,-0.988084718804
531,368,1.26966140084
532,522,-1.35677498786
533,539,-1.33965892298
534,496,-1.10531355965
535,475,-2.1344114775
536,481,-0.888424924051
537,543,0.755976500482
538,528,1.38995291118
539,520,-0.724971248236
540,462,2.02171153585
541,463,-1.43649992186
542,464,-0.651780759592
543,465,-1.53351366864
544,467,0.938339427534
545,466,1.21515941357
546,468,-0.684981006585
547,489,0.895239925305
