,legislator,theta
0,39,-0.962574873635
1,530,-0.905428441609
2,40,-0.803877833043
3,375,-0.948357167042
4,0,-1.05419621418
5,1,-0.830794243594
6,43,-0.759984931444
7,414,-1.04087299497
8,47,-0.838521367627
9,48,-1.21215201763
10,49,-1.07084943488
11,50,-1.25514481815
12,52,-1.39816453689
13,53,-1.3997773951
14,529,-0.956526122212
15,59,-0.972183776048
16,61,-1.2871432647
17,439,-1.39405359593
18,63,-1.05051937946
19,412,-0.999250595512
20,5,-0.806475227285
21,65,-0.984857706048
22,66,-1.08308874359
23,67,-1.21891981651
24,70,-0.823639115765
25,6,-0.872587047103
26,7,-1.12665110564
27,537,-1.10174973804
28,71,-0.809046933716
29,76,-1.11698056267
30,77,-0.985527821613
31,79,-1.2481868076
32,80,-1.24913217537
33,54,-1.09412175976
34,88,-0.883303568088
35,90,-0.845938289635
36,406,-1.38126087141
37,435,-0.9725223435
38,91,-1.28720313011
39,391,-1.05556557278
40,386,-1.37055780115
41,428,-0.968739425982
42,98,-0.92205440554
43,99,-0.770278191387
44,102,-0.93954085722
45,422,-1.05599271295
46,409,-0.772878001377
47,109,-0.800285335866
48,110,-0.720699014911
49,403,-1.32907646845
50,111,-1.32070097335
51,113,-0.738105751699
52,117,-1.09605103138
53,118,-1.70238411617
54,119,-0.617646462928
55,122,-0.987988784119
56,125,-1.09593745091
57,127,-1.25975660777
58,128,-0.442849964592
59,130,-1.1397793056
60,131,-1.61327626383
61,132,-1.36703617297
62,133,-1.00208769267
63,134,-0.666709162914
64,135,-1.43061681371
65,136,-1.47121922219
66,137,-0.657883449077
67,140,-0.9781563571
68,141,-1.17047113787
69,12,-0.659166477137
70,142,-1.08500097381
71,143,-0.20150256093
72,13,-1.15911633453
73,144,-1.17366477531
74,145,-1.16914531983
75,146,-1.06932535783
76,147,-1.36572802903
77,148,-1.07976871294
78,151,-1.40838095188
79,150,-1.10853792574
80,14,-1.03820562389
81,154,-0.86928169176
82,55,-0.585031752733
83,156,-1.08215090834
84,15,-1.12769777717
85,158,-0.485353243912
86,159,-0.962847525691
87,160,-1.34520792948
88,161,-1.14275574476
89,16,-0.850527330344
90,163,-0.731691744415
91,165,-1.40831751151
92,166,-0.692821394597
93,426,-1.62200365968
94,423,-1.52246628068
95,174,-1.11969934127
96,175,-1.36931564291
97,176,-1.33403170145
98,177,-1.07575194971
99,178,-1.32110721509
100,181,-1.10353823691
101,183,-1.1601817143
102,184,-1.21992569865
103,188,-1.40217789858
104,189,-0.302459620821
105,190,-1.32430928574
106,438,-0.737152901797
107,193,-0.983959462461
108,196,-1.18332380041
109,195,-0.565804377795
110,18,-1.42873992593
111,197,-0.774372684133
112,199,-1.04044431341
113,200,-1.14323277617
114,388,-1.3283863335
115,201,-1.45267354346
116,202,-0.787258614286
117,204,-1.33114647086
118,19,-0.782327209752
119,207,-1.27474422646
120,214,-0.577405887691
121,217,-1.29782274544
122,219,-0.896705961833
123,220,-1.08890096371
124,222,-1.10850748212
125,225,-1.47943077556
126,226,-0.8770906043
127,378,-0.812734386845
128,230,-1.04332557375
129,232,-1.19652710882
130,236,-1.30609103223
131,23,-0.855511165656
132,237,-0.779036727267
133,238,-0.99627155545
134,425,-1.3853474954
135,240,-0.751181040423
136,413,-1.27047625297
137,242,-1.06556522035
138,245,-1.24382764635
139,244,-1.11044002571
140,25,-0.845124383022
141,440,-1.225383952
142,248,-1.24872998019
143,251,-0.864638666021
144,256,-1.45516273412
145,257,-0.945966194664
146,259,-1.06898360524
147,260,-0.962346531033
148,56,-1.02837375899
149,261,-1.38162024611
150,262,-1.44650415995
151,29,1.18849599895
152,266,-0.99676786492
153,267,-0.933712486472
154,441,-1.20709145877
155,30,-0.883615840577
156,424,-1.41566010465
157,273,-1.1950931541
158,274,-1.12713230511
159,276,-1.61216205985
160,278,-0.865451675747
161,280,-1.52309030572
162,534,-1.03032646368
163,283,-0.707936462169
164,284,-0.653962365408
165,286,-0.852498098718
166,287,-1.30117221141
167,444,-1.15581606534
168,289,-0.936652426195
169,290,-0.845604198713
170,291,-1.06445923414
171,293,-1.05293563428
172,292,-0.852084744198
173,32,-0.961087354154
174,294,-0.851535825038
175,295,-1.40458349075
176,296,-0.881159596784
177,298,-1.02169265198
178,299,-1.14014792528
179,442,-1.08277899727
180,301,-1.26523755972
181,33,-0.575972319537
182,305,-1.30715492854
183,381,-1.31594664341
184,310,-1.43894243489
185,57,-0.818419093572
186,315,-1.37015234786
187,316,-1.1808862249
188,320,-1.01352777318
189,322,-1.39008173212
190,326,-0.767627409704
191,327,-1.07024415918
192,328,-0.889395631704
193,332,-1.22352923868
194,333,-0.583216128163
195,334,-1.28798741371
196,35,-1.08483701543
197,452,-1.05764534856
198,336,-0.882026819488
199,41,-0.983366414705
200,337,-1.43914819225
201,36,-0.901629458105
202,341,-0.751446448904
203,342,-1.33940614772
204,344,-0.995667647664
205,345,-0.988268986612
206,349,-0.70622990029
207,350,-0.786948112707
208,393,-0.754522959528
209,421,-1.1566624265
210,355,-1.42375110551
211,356,-0.896866118287
212,411,-0.954103439118
213,446,-1.80718413059
214,360,-0.945968253077
215,436,-1.34242732703
216,362,-1.40907542436
217,60,-0.870395204866
218,449,-1.6678187717
219,363,-1.30019969559
220,365,-1.01803906105
221,42,-0.757887669266
222,366,-0.96933247982
223,367,-1.24540123543
224,370,-1.23413031367
225,402,-1.28162515614
226,371,-0.657201083345
227,531,-0.870902179318
228,372,-0.960687527589
229,536,1.06676897489
230,44,0.348151708836
231,2,0.243550148359
232,45,1.5406413515
233,437,1.48166130405
234,46,1.60617866479
235,390,0.734191545407
236,51,0.594977433122
237,3,1.15141353763
238,58,1.38676477997
239,376,1.63955568617
240,62,1.42452346165
241,4,0.871111219086
242,64,1.22474589834
243,394,0.929053766965
244,410,0.71848366006
245,69,1.13468205287
246,72,1.20695218239
247,73,1.40167995737
248,395,1.04799115201
249,74,1.02119606925
250,75,1.17652175923
251,443,1.3501190757
252,448,1.21967241003
253,81,1.57520709538
254,82,1.53194967904
255,83,1.57607857295
256,84,1.33773924322
257,85,1.26852177132
258,86,1.14323544523
259,89,1.374402608
260,92,1.09234637989
261,93,1.72536084464
262,94,0.724774606506
263,95,0.358898572957
264,96,1.16048564393
265,100,1.39163713316
266,101,0.451648748237
267,103,1.44426993102
268,105,1.36248756184
269,104,1.51736118488
270,106,1.0508783552
271,107,1.48044197528
272,417,0.925920162541
273,108,1.34842293538
274,377,0.849744857203
275,112,1.43661873121
276,10,1.18471379775
277,114,1.41192285953
278,116,1.47326713814
279,408,0.954371779401
280,120,1.66441827328
281,121,1.4908854048
282,123,1.30865600146
283,484,0.783980220177
284,124,1.45917051643
285,401,1.19156182834
286,126,1.47553764411
287,68,1.41937133822
288,382,0.820801663287
289,405,1.37701898159
290,138,1.43021945755
291,407,0.930233183558
292,487,0.504335263412
293,482,0.651005553661
294,383,1.26244289962
295,152,1.0451967871
296,153,0.660701713918
297,155,1.52176565157
298,157,1.50044251236
299,374,1.40856930312
300,472,1.28235271008
301,162,1.43472665147
302,455,1.17155003968
303,167,1.31184266775
304,168,0.942837789556
305,169,0.943632174399
306,17,1.5250242982
307,172,1.68627371537
308,485,1.17266675954
309,173,1.23060492326
310,389,1.44578425083
311,180,1.09806778171
312,182,1.12967929151
313,433,1.32600223457
314,186,1.39917459092
315,185,1.23618208717
316,191,1.1342490745
317,192,1.09467327721
318,457,1.29059806014
319,416,1.46281340623
320,419,1.43048217102
321,454,1.03262336645
322,194,1.01689181182
323,384,0.780592781834
324,430,0.93360247818
325,203,1.26412147487
326,205,1.19118806662
327,206,1.3387578029
328,209,1.65520797492
329,211,1.4435613937
330,212,1.66439543535
331,213,0.702694181501
332,215,0.918577710157
333,216,1.21359492382
334,398,1.76600888838
335,218,1.42573509897
336,431,0.995762442036
337,221,1.17762261319
338,223,1.06689994905
339,479,0.579398282864
340,434,0.677118590569
341,227,1.68074355649
342,20,0.170948019712
343,228,1.39955078863
344,21,0.996875765961
345,233,1.26835476881
346,234,1.57462744557
347,235,1.56896033177
348,22,0.206803167954
349,239,1.05187753188
350,241,1.28127031833
351,432,1.20504417669
352,24,1.14910400851
353,26,1.35655181458
354,246,1.54554696719
355,27,1.11948563638
356,404,0.507761589187
357,253,1.86930730909
358,254,1.61893281998
359,255,1.61918805855
360,480,1.38733180975
361,420,1.06171542385
362,447,1.23101910565
363,28,0.466273641433
364,263,1.85014782762
365,264,1.46035931937
366,379,1.51080533716
367,268,1.49776401854
368,269,0.953302238465
369,400,0.681622106857
370,270,0.767385261849
371,271,0.172676831991
372,272,1.42418215717
373,456,1.96570156675
374,275,0.868917136649
375,279,1.28092129315
376,281,1.35493071935
377,31,0.477031615835
378,282,1.38899615778
379,288,0.996309332993
380,300,1.64520029033
381,396,0.691322105468
382,303,0.894730705296
383,304,1.33280152545
384,306,1.07128002272
385,338,1.38018640214
386,308,1.01923165845
387,309,1.4396721217
388,311,1.82410012595
389,312,1.33547331867
390,483,0.785217848488
391,313,0.606675239107
392,34,1.19929767998
393,318,1.31922168439
394,317,0.984707489035
395,321,1.75386826542
396,323,0.876867593487
397,478,1.08398780144
398,325,1.17622945209
399,387,0.461499514968
400,329,1.38021024945
401,330,1.36485429175
402,331,1.17837222581
403,335,1.5490514662
404,392,1.20768127852
405,397,1.45384768565
406,340,1.33820884377
407,339,1.22537681212
408,37,1.33121956822
409,385,1.30215566509
410,346,1.43660898721
411,348,1.41079991056
412,351,1.60910836428
413,399,1.2016991961
414,450,1.00754942959
415,451,0.66534008587
416,352,1.59150293803
417,353,1.18537454671
418,357,0.780351196789
419,358,1.2414374855
420,359,1.34233650046
421,533,1.65382243312
422,38,1.69044655742
423,361,1.25510316956
424,364,1.70399389745
425,369,1.45627353582
426,139,0.959718194969
427,231,-1.19699864115
428,224,-1.0761769313
429,78,1.47327752548
430,229,1.26822177452
431,297,-0.734155427378
432,458,-0.858160316965
433,493,-0.960015332254
434,459,-1.47095216188
435,525,-0.748302453091
436,488,-1.03277673447
437,461,1.51476202445
438,97,-1.52112492431
439,445,-2.12443203973
440,129,-1.05396359515
441,8,-0.95603070498
442,373,-0.669599672522
443,187,-1.82371840774
444,210,-1.61496130374
445,265,-1.52825334508
446,149,-2.09845028077
447,302,-1.24129149989
448,307,1.62022649123
449,319,-1.68943557793
450,164,-1.73609158387
451,324,-1.54224958042
452,347,-1.14684236194
453,354,-1.36981632122
454,460,-0.882016662723
455,208,-0.761897581571
456,510,1.38886433538
457,87,-1.61647411467
458,535,0.615362410949
459,538,0.840099688465
460,243,0.895267305059
461,277,1.7563130724
462,285,-1.04907437369
463,517,-1.3472817552
464,519,1.45169891347
465,9,1.65357842724
466,11,1.52813161037
467,515,1.16626432476
468,532,0.924548907358
469,115,0.892322356114
470,469,-0.945569491181
471,470,-0.244002395543
472,506,1.20521038006
473,490,-0.962384598635
474,471,-1.46615379379
475,476,0.493396682977
476,474,1.47851162004
477,477,-1.47650246493
478,499,1.27491627411
479,429,-1.52521945991
480,505,1.66214780268
481,179,1.70151585977
482,497,-1.66198646868
483,540,0.455571771552
484,541,0.922287494709
485,170,1.10875798725
486,427,0.671306516547
487,171,1.90272755661
488,502,-0.790507447246
489,486,-1.992470237
490,504,-0.787531479456
491,492,-1.14948027122
492,542,1.22602177869
493,453,0.737995616912
494,526,0.23922267652
495,418,0.80013929848
496,198,-0.471399440193
497,508,1.13602131925
498,527,2.37822373584
499,509,1.34654675299
500,544,1.88299519257
501,507,0.250513395226
502,511,-0.907083477697
503,512,0.50201684413
504,491,-1.27385899337
505,258,1.79816521046
506,494,1.18764706888
507,247,1.65849514112
508,249,-1.26168820683
509,250,-0.376752035014
510,252,1.56251558569
511,513,1.4671778205
512,516,1.09124327788
513,514,-1.15177606313
514,545,0.40836573031
515,495,2.05243563932
516,518,0.725053325754
517,498,-1.79962437218
518,546,1.46606938648
519,380,1.45025478616
520,314,1.58111786797
521,500,1.12026692683
522,521,1.6473451066
523,523,0.640276757896
524,343,-1.39054873024
525,547,1.11014228601
526,501,1.52404260763
527,503,0.790054643157
528,415,1.66023143732
529,524,1.72455452866
530,473,-0.965352010757
531,368,1.28719329784
532,522,-1.27574241533
533,539,-1.12204841235
534,496,-1.04020270297
535,475,-1.56943752551
536,481,-0.817248455462
537,543,0.619525809167
538,528,1.4946584784
539,520,-0.678039497937
540,462,1.94091002782
541,463,-1.42760768008
542,464,-0.685670365729
543,465,-1.40782002228
544,467,1.03047910656
545,466,0.831926892802
546,468,-0.570760412019
547,489,0.838213112923
