,legislator,theta
0,39,-1.05274389714
1,530,-0.993382138935
2,40,-0.808472543746
3,375,-1.02732348918
4,0,-1.13394468213
5,1,-0.96301287253
6,43,-0.973003148575
7,414,-0.95813307429
8,47,-0.968967950104
9,48,-1.10340543042
10,49,-1.02744607484
11,50,-1.24254543567
12,52,-1.06491336982
13,53,-1.13957460109
14,529,-1.01040335094
15,59,-0.996426961265
16,61,-1.10483762055
17,439,-1.08102816404
18,63,-0.955798774496
19,412,-1.00792540188
20,5,-0.87180592321
21,65,-0.899645158708
22,66,-1.1033332091
23,67,-1.05293092796
24,70,-0.923006472209
25,6,-1.0700664204
26,7,-1.19918067066
27,537,-0.992520049458
28,71,-0.882257973132
29,76,-1.05244440946
30,77,-1.03517273554
31,79,-1.25919694527
32,80,-1.08429847397
33,54,-1.06238254424
34,88,-0.876629433082
35,90,-0.988061521718
36,406,-1.06206205292
37,435,-1.01228246565
38,91,-1.25679240749
39,391,-0.97407331108
40,386,-1.11442058084
41,428,-0.988983846774
42,98,-1.03995161888
43,99,-0.90613542615
44,102,-0.97754865735
45,422,-1.10042020873
46,409,-0.84877007006
47,109,-0.937191732914
48,110,-0.819357221825
49,403,-1.13891257783
50,111,-1.20764370386
51,113,-0.800694674874
52,117,-0.973893756399
53,118,-1.13532492882
54,119,-0.760469149647
55,122,-0.965316773023
56,125,-1.07694701992
57,127,-1.02258633319
58,128,-0.571029822572
59,130,-1.16014920362
60,131,-1.16183774178
61,132,-1.14335378255
62,133,-0.957639791033
63,134,-0.795994603294
64,135,-1.1088751787
65,136,-1.2112939019
66,137,-0.724407574417
67,140,-1.01063326339
68,141,-1.13106978497
69,12,-0.827013441957
70,142,-1.03187758611
71,143,-0.257855188014
72,13,-1.12200130848
73,144,-1.04109251364
74,145,-0.982629363379
75,146,-1.12864203923
76,147,-1.13082752744
77,148,-1.10922302671
78,151,-1.13444948854
79,150,-1.07754678668
80,14,-0.902031074312
81,154,-0.906233642234
82,55,-0.727644278483
83,156,-0.988913983533
84,15,-0.943080293762
85,158,-0.637119647276
86,159,-0.962591500136
87,160,-1.07015859747
88,161,-1.07456706985
89,16,-0.990893045032
90,163,-0.812915848151
91,165,-1.18204723635
92,166,-0.805784303498
93,426,-1.20239508206
94,423,-1.16709310106
95,174,-1.03094647449
96,175,-1.09184220887
97,176,-1.08025770795
98,177,-1.04403564916
99,178,-1.09906525996
100,181,-1.08556267415
101,183,-1.09949122238
102,184,-1.02010375192
103,188,-1.25618990378
104,189,-0.31068515829
105,190,-1.16445628541
106,438,-0.822105088396
107,193,-0.992505309084
108,196,-1.06161834578
109,195,-0.691547969824
110,18,-1.14219226582
111,197,-0.91410303631
112,199,-1.02140806462
113,200,-1.05495081798
114,388,-1.09849890844
115,201,-1.14482008049
116,202,-0.855846751507
117,204,-1.08148083786
118,19,-0.774092113726
119,207,-1.07341931782
120,214,-0.616968118904
121,217,-1.17694722362
122,219,-0.982876366346
123,220,-1.04531831438
124,222,-1.03006962975
125,225,-1.18314725813
126,226,-0.999175399297
127,378,-0.835501762984
128,230,-1.00718613788
129,232,-1.05872244173
130,236,-1.07666549745
131,23,-0.84010318688
132,237,-0.83728009093
133,238,-1.17972070149
134,425,-1.19182991632
135,240,-0.779462911809
136,413,-1.10509843453
137,242,-1.07909485886
138,245,-1.11771507876
139,244,-1.0960500184
140,25,-0.86618848782
141,440,-1.03831123781
142,248,-1.02414955429
143,251,-1.07538375175
144,256,-1.17441262215
145,257,-1.04646810635
146,259,-1.0033334833
147,260,-0.970350432476
148,56,-0.918894382058
149,261,-1.11993645524
150,262,-1.09412692937
151,29,1.20609046835
152,266,-1.02501116177
153,267,-0.962859604045
154,441,-1.07847637002
155,30,-0.901467975591
156,424,-1.23526773182
157,273,-1.10019330494
158,274,-0.969984383265
159,276,-1.23421276575
160,278,-0.802220056134
161,280,-1.23959039985
162,534,-1.03183403715
163,283,-0.823769267452
164,284,-0.774730694295
165,286,-1.00515844015
166,287,-1.13448274338
167,444,-1.07092499788
168,289,-0.998932958312
169,290,-0.854216527579
170,291,-1.04037442326
171,293,-1.06064462603
172,292,-0.857582953125
173,32,-1.00814335832
174,294,-0.975865244831
175,295,-1.11274514349
176,296,-0.988266825843
177,298,-1.08419005186
178,299,-1.09968332644
179,442,-1.05372854434
180,301,-1.11633967736
181,33,-0.71785499164
182,305,-1.06646737813
183,381,-1.07804281653
184,310,-1.10507523635
185,57,-0.924831107891
186,315,-1.07923933168
187,316,-1.07858568765
188,320,-0.998933989065
189,322,-1.17879186048
190,326,-0.877655941248
191,327,-0.919993766986
192,328,-0.922804248666
193,332,-1.06949595706
194,333,-0.720376623969
195,334,-1.06951188706
196,35,-1.12167695961
197,452,-1.09646838287
198,336,-0.972619558006
199,41,-0.993319647026
200,337,-1.11763234628
201,36,-0.891376939508
202,341,-0.877299783816
203,342,-1.17157443581
204,344,-0.985418371964
205,345,-0.954125877009
206,349,-0.765833663123
207,350,-0.864470968381
208,393,-0.798700183953
209,421,-1.08014420793
210,355,-1.16121499058
211,356,-0.986192694516
212,411,-0.997367456263
213,446,-1.19153649408
214,360,-1.02599939028
215,436,-1.12644874873
216,362,-1.10386630776
217,60,-0.882464945528
218,449,-1.15096833281
219,363,-1.13963034824
220,365,-1.1509845591
221,42,-0.740758573716
222,366,-1.00924340579
223,367,-1.11131003633
224,370,-1.10557746202
225,402,-1.07805298556
226,371,-0.826776742435
227,531,-0.856822971497
228,372,-1.01092287961
229,536,1.21663600644
230,44,0.492383642882
231,2,0.269732695204
232,45,1.29267447686
233,437,1.25258781525
234,46,1.32088948074
235,390,0.824338309972
236,51,0.737408496317
237,3,1.24243747675
238,58,1.15291738083
239,376,1.31187060652
240,62,1.32759085168
241,4,0.969070805744
242,64,1.18968175535
243,394,0.993464331628
244,410,0.795734519228
245,69,1.14438404675
246,72,1.23139875646
247,73,1.27837516178
248,395,1.1119975576
249,74,1.12117053115
250,75,1.18353511207
251,443,1.32166520335
252,448,1.09255209855
253,81,1.32316772971
254,82,1.40943692358
255,83,1.21798677823
256,84,1.22092189047
257,85,1.16161600147
258,86,1.13659073852
259,89,1.30289169794
260,92,1.06410824234
261,93,1.35566320128
262,94,0.838727339417
263,95,0.4231954978
264,96,1.09045832028
265,100,1.26548357368
266,101,0.525609031305
267,103,1.2877088518
268,105,1.24034776051
269,104,1.26371416797
270,106,1.15015339308
271,107,1.42685260048
272,417,0.971711296698
273,108,1.27264750211
274,377,1.00916000531
275,112,1.23400422352
276,10,1.11310081369
277,114,1.18086343219
278,116,1.23392851659
279,408,1.01216244628
280,120,1.34087372201
281,121,1.22898715529
282,123,1.20045488857
283,484,0.912562826046
284,124,1.21294674917
285,401,1.08498662893
286,126,1.28622659021
287,68,1.19465928064
288,382,0.92161212751
289,405,1.27546216852
290,138,1.25085987311
291,407,1.07097672639
292,487,0.607670273622
293,482,0.819222039971
294,383,1.18737297918
295,152,1.01443012879
296,153,0.749168414311
297,155,1.16686299983
298,157,1.30284545748
299,374,1.32529731409
300,472,1.26078054375
301,162,1.29248519825
302,455,1.19431741189
303,167,1.21298490843
304,168,1.05544108482
305,169,1.04002611516
306,17,1.23489428967
307,172,1.29642842141
308,485,1.1605924334
309,173,1.16473225135
310,389,1.22101478304
311,180,1.27370335325
312,182,1.14395403719
313,433,1.34808125789
314,186,1.22881234115
315,185,1.18032582707
316,191,1.16951979178
317,192,1.1707869792
318,457,1.28918846096
319,416,1.39171021714
320,419,1.30927614476
321,454,1.08368836543
322,194,0.975366629529
323,384,0.870943497287
324,430,1.03350471721
325,203,1.23503912572
326,205,1.07890342185
327,206,1.2334087773
328,209,1.26034170341
329,211,1.25833555213
330,212,1.35811819453
331,213,0.710848893789
332,215,0.946449836495
333,216,1.20147932062
334,398,1.41064283808
335,218,1.16022799783
336,431,1.0782575669
337,221,1.20145329869
338,223,1.12465912577
339,479,0.629855008474
340,434,0.718161916958
341,227,1.14965228043
342,20,0.134346975446
343,228,1.28146956567
344,21,1.06070597683
345,233,1.19512894924
346,234,1.26876334727
347,235,1.28398887174
348,22,0.239311123021
349,239,1.07325302864
350,241,1.17098832824
351,432,1.19322212147
352,24,1.17710048986
353,26,1.20244946474
354,246,1.35032132767
355,27,1.12426137894
356,404,0.655986745108
357,253,1.4275598276
358,254,1.25595043038
359,255,1.28193987071
360,480,1.14391890264
361,420,1.07838843464
362,447,1.24982436684
363,28,0.470063445425
364,263,1.45394384406
365,264,1.28757483728
366,379,1.27853314525
367,268,1.36997558984
368,269,0.976106386669
369,400,0.756247463244
370,270,0.884802227669
371,271,0.20496676787
372,272,1.21985475823
373,456,1.34759193395
374,275,0.86143364896
375,279,1.22811066463
376,281,1.20799504881
377,31,0.457906558125
378,282,1.19254697196
379,288,1.01254162622
380,300,1.31587181242
381,396,0.736647606543
382,303,1.03972230698
383,304,1.21058979188
384,306,1.04214071788
385,338,1.26288424043
386,308,1.08359693297
387,309,1.32439785527
388,311,1.4236800397
389,312,1.28650524417
390,483,0.897468640896
391,313,0.716902882985
392,34,1.22793993854
393,318,1.26301643835
394,317,1.04199521418
395,321,1.30512179043
396,323,1.06047395096
397,478,1.09613866786
398,325,1.15978127035
399,387,0.555507319715
400,329,1.26712385977
401,330,1.18279583882
402,331,1.18471972904
403,335,1.30948897866
404,392,1.22345682219
405,397,1.22715237825
406,340,1.22264308023
407,339,1.14218714596
408,37,1.24490825419
409,385,1.16279014453
410,346,1.26625498903
411,348,1.18847468978
412,351,1.27601424493
413,399,1.13527846797
414,450,1.09457777759
415,451,0.751059250997
416,352,1.28417446841
417,353,1.07978288938
418,357,0.89524529828
419,358,1.11091715565
420,359,1.28232090355
421,533,1.22765127927
422,38,1.32379086421
423,361,1.24452541006
424,364,1.29553347418
425,369,1.36902221129
426,139,0.965778597507
427,231,-1.14394991391
428,224,-1.00662237262
429,78,1.28502153807
430,229,1.24735031754
431,297,-0.829574503245
432,458,-0.859660340551
433,493,-0.954088054012
434,459,-1.20796094784
435,525,-0.994253546004
436,488,-1.02385692473
437,461,1.35976702033
438,97,-0.978824376008
439,445,-1.1349839927
440,129,-0.849588010933
441,8,-0.876640122042
442,373,-0.697800800489
443,187,-1.16271931036
444,210,-0.935941076232
445,265,-0.925045114665
446,149,-1.17789054942
447,302,-1.14648069773
448,307,1.07451483015
449,319,-1.19718595979
450,164,-1.18268505335
451,324,-1.01632754529
452,347,-1.19797398308
453,354,-0.997926667594
454,460,-0.845459253972
455,208,-0.656767108159
456,510,1.00012389472
457,87,-1.3114215299
458,535,0.539143639101
459,538,0.76868536024
460,243,0.726755165925
461,277,0.997176200389
462,285,-0.913583680246
463,517,-0.994594004801
464,519,1.13012894966
465,9,0.933461413814
466,11,1.20449381494
467,515,1.06969342917
468,532,0.9882440476
469,115,0.794186957994
470,469,-0.775650105008
471,470,-0.32042824785
472,506,0.99328523596
473,490,-0.828139218682
474,471,-1.15843821964
475,476,0.515272680287
476,474,1.00816485402
477,477,-1.20942824226
478,499,1.00218305357
479,429,-1.42006296784
480,505,1.06744546547
481,179,1.07031661967
482,497,-1.14059924726
483,540,0.575070137891
484,541,1.03100430509
485,170,0.8581770017
486,427,0.601716367735
487,171,1.11002791333
488,502,-0.840068698946
489,486,-1.54789383801
490,504,-1.00546216365
491,492,-0.973761407262
492,542,0.950270457168
493,453,0.835756730603
494,526,0.536674069789
495,418,0.763817402195
496,198,-0.493103604248
497,508,0.848232639526
498,527,0.861460707962
499,509,0.995021540043
500,544,1.13261551565
501,507,0.202780737155
502,511,-0.738893585287
503,512,0.629238560415
504,491,-1.17610996682
505,258,1.06927306525
506,494,1.11040187342
507,247,0.948473558997
508,249,-1.05221118767
509,250,-0.239984524906
510,252,1.19655832274
511,513,1.03048880038
512,516,0.783425039612
513,514,-0.858447314858
514,545,0.416894713381
515,495,1.21281331057
516,518,0.597894823912
517,498,-1.26873919747
518,546,0.917148848802
519,380,1.13689591647
520,314,1.10621631662
521,500,0.807562150292
522,521,1.13042062951
523,523,0.755583934724
524,343,-1.17008805797
525,547,0.868359417414
526,501,0.856644785774
527,503,0.821192690887
528,415,1.1313229917
529,524,0.999341060772
530,473,-0.793756445969
531,368,0.995432749544
532,522,-1.22175733874
533,539,-0.842231172122
534,496,-1.11651881106
535,475,-1.14971969191
536,481,-0.697700787025
537,543,0.704680751968
538,528,0.917697922858
539,520,-0.525332662796
540,462,0.780669943675
541,463,-1.15660766927
542,464,-0.750694414761
543,465,-0.999775997329
544,467,1.31021837245
545,466,0.825884666671
546,468,-0.692959049219
547,489,1.03841984196
