,legislator,theta
0,39,-0.94274125455
1,530,-0.705101215566
2,40,-0.771647085459
3,375,-0.953346262773
4,0,-1.09834538971
5,1,-0.859289183796
6,43,-0.863228930508
7,414,-1.02310558357
8,47,-0.944832261151
9,48,-1.24338796406
10,49,-1.01374054641
11,50,-1.28754276616
12,52,-1.1703191727
13,53,-1.42591431968
14,529,-0.894605553694
15,59,-1.00509297414
16,61,-1.25222752008
17,439,-1.12904342472
18,63,-0.945504248631
19,412,-0.991255440035
20,5,-0.842884932128
21,65,-0.91002673098
22,66,-1.09223497134
23,67,-1.11032215693
24,70,-0.85347526785
25,6,-0.965561603658
26,7,-1.20210668724
27,537,-1.05878725827
28,71,-0.744772360708
29,76,-1.0232501708
30,77,-1.03102069078
31,79,-1.42668074491
32,80,-1.04542982341
33,54,-1.03454596111
34,88,-0.854265362989
35,90,-0.87916470369
36,406,-1.19313180471
37,435,-0.941515254525
38,91,-1.20270391913
39,391,-0.974503439951
40,386,-1.19840152025
41,428,-0.993149075956
42,98,-0.960755928715
43,99,-0.893012048794
44,102,-0.881992801592
45,422,-1.03328006133
46,409,-0.793743850619
47,109,-0.782255627439
48,110,-0.651638223171
49,403,-1.20983547966
50,111,-1.18199977023
51,113,-0.716440786514
52,117,-0.988564309473
53,118,-1.31360773459
54,119,-0.742092045283
55,122,-0.965034133871
56,125,-1.09815112156
57,127,-1.27882325337
58,128,-0.488428828825
59,130,-0.989658880626
60,131,-1.31370348426
61,132,-1.27000313253
62,133,-1.00796025935
63,134,-0.825326200997
64,135,-1.17926759505
65,136,-1.38753875578
66,137,-0.776716011106
67,140,-1.04066668343
68,141,-1.13238122607
69,12,-0.7267298323
70,142,-1.06804343737
71,143,-0.236839397594
72,13,-1.19539899776
73,144,-1.11223619341
74,145,-1.11118591962
75,146,-1.03545269941
76,147,-1.21920460698
77,148,-1.09315455645
78,151,-1.24122652052
79,150,-1.07966690561
80,14,-0.870074618838
81,154,-0.838813716326
82,55,-0.548559777655
83,156,-1.02565960331
84,15,-1.0556439038
85,158,-0.622850716141
86,159,-0.955643695303
87,160,-1.15097019413
88,161,-1.1109347337
89,16,-0.869634456098
90,163,-0.764088448398
91,165,-1.27778633955
92,166,-0.713320247481
93,426,-1.28751557665
94,423,-1.42664145847
95,174,-1.05379435919
96,175,-1.11579306694
97,176,-1.16115065013
98,177,-1.03555630144
99,178,-1.1460514572
100,181,-1.00026843616
101,183,-1.20243737266
102,184,-0.980125789523
103,188,-1.28244521496
104,189,-0.312864285377
105,190,-1.35645679155
106,438,-0.755175385609
107,193,-0.953746999418
108,196,-1.12928863672
109,195,-0.620093055814
110,18,-1.32268120678
111,197,-0.912604043267
112,199,-1.09326015539
113,200,-1.12934913422
114,388,-1.08474054464
115,201,-1.23103425508
116,202,-0.730952366295
117,204,-1.20629213442
118,19,-0.796149064474
119,207,-1.26530358561
120,214,-0.492960003696
121,217,-1.27150773043
122,219,-0.951536564612
123,220,-1.05405128093
124,222,-1.19503754662
125,225,-1.30186990041
126,226,-0.91374139539
127,378,-0.746802654562
128,230,-0.991987668866
129,232,-1.0129684255
130,236,-1.23597290226
131,23,-0.800727987209
132,237,-0.710067690999
133,238,-1.1403029357
134,425,-1.10288096408
135,240,-0.701106056473
136,413,-1.10874678184
137,242,-1.0565897357
138,245,-1.15515188438
139,244,-0.964543003051
140,25,-0.896055329722
141,440,-1.05414028383
142,248,-1.0488626937
143,251,-1.0230777816
144,256,-1.40217238706
145,257,-1.00820816252
146,259,-1.0023804395
147,260,-1.03204412024
148,56,-1.05825881611
149,261,-1.23810499197
150,262,-1.24604501396
151,29,1.23043996332
152,266,-0.989974242074
153,267,-1.01469120025
154,441,-1.19684944009
155,30,-0.815431818641
156,424,-1.24483502448
157,273,-1.10311750697
158,274,-1.0027589943
159,276,-1.22407487731
160,278,-0.824499802219
161,280,-1.29572238583
162,534,-0.937241744606
163,283,-0.744935265087
164,284,-0.598937951623
165,286,-0.903902815581
166,287,-1.22596344031
167,444,-1.0750577866
168,289,-0.960040801664
169,290,-0.8089310048
170,291,-1.02094552451
171,293,-0.995298067089
172,292,-0.92478222368
173,32,-1.0143957191
174,294,-0.887897251152
175,295,-1.1607211194
176,296,-0.962327372377
177,298,-0.969424887045
178,299,-1.12873975736
179,442,-1.09152361783
180,301,-1.09660855346
181,33,-0.658542716534
182,305,-1.10839725789
183,381,-1.15519236453
184,310,-1.32771797804
185,57,-0.885710380296
186,315,-1.11363658509
187,316,-1.28655382132
188,320,-1.02379286783
189,322,-1.2256604819
190,326,-0.689724210311
191,327,-0.90548768421
192,328,-0.838766997224
193,332,-1.25205785568
194,333,-0.571596634329
195,334,-1.25343951311
196,35,-1.12575734476
197,452,-1.11423575994
198,336,-0.950153373021
199,41,-0.995136678733
200,337,-1.2826662729
201,36,-0.878762974743
202,341,-0.806811583659
203,342,-1.1600741381
204,344,-0.986832437271
205,345,-0.999475478942
206,349,-0.736387392401
207,350,-0.839308127771
208,393,-0.768717051413
209,421,-1.09916250857
210,355,-1.2490267194
211,356,-0.83299308478
212,411,-1.07063680693
213,446,-1.46211727767
214,360,-0.920874748521
215,436,-1.24073976748
216,362,-1.21092889036
217,60,-0.830261582523
218,449,-1.27487407626
219,363,-1.23476338391
220,365,-0.993565858584
221,42,-0.751903770605
222,366,-0.996002678087
223,367,-0.991560402581
224,370,-1.05519369137
225,402,-1.12581909911
226,371,-0.777995017193
227,531,-0.924216753417
228,372,-0.967912927403
229,536,1.1435006383
230,44,0.40070887667
231,2,0.250077561996
232,45,1.42426212941
233,437,1.25297115491
234,46,1.55138946119
235,390,0.752868146084
236,51,0.678093265268
237,3,1.12891929078
238,58,1.37665407726
239,376,1.39977188543
240,62,1.39399366667
241,4,0.937847003605
242,64,1.17503850372
243,394,0.973555296957
244,410,0.704019132806
245,69,1.14417035315
246,72,1.31189032533
247,73,1.26388006132
248,395,1.05290470625
249,74,1.07193918695
250,75,1.13303075981
251,443,1.25971138392
252,448,1.15226913019
253,81,1.49260223635
254,82,1.51639462387
255,83,1.57158981621
256,84,1.37861214837
257,85,1.15119371226
258,86,1.1021543973
259,89,1.43254275782
260,92,1.10737977327
261,93,1.33790419538
262,94,0.707727772892
263,95,0.412668608807
264,96,1.1373000142
265,100,1.37696335386
266,101,0.37196350515
267,103,1.40583490999
268,105,1.32079704029
269,104,1.29632678292
270,106,1.15083351539
271,107,1.48020029555
272,417,1.03576215206
273,108,1.38462573201
274,377,1.02723775705
275,112,1.23559460523
276,10,1.14243832493
277,114,1.25936268723
278,116,1.1639566663
279,408,0.898255979611
280,120,1.53798780041
281,121,1.44456958559
282,123,1.34953624223
283,484,0.761584891181
284,124,1.19763022565
285,401,1.13172383907
286,126,1.24188891889
287,68,1.32170039748
288,382,0.870550827254
289,405,1.37012828398
290,138,1.25594956862
291,407,1.04408726703
292,487,0.522281277829
293,482,0.744468452732
294,383,1.21029139351
295,152,1.11591120458
296,153,0.617497310629
297,155,1.44027918501
298,157,1.21105281263
299,374,1.27964687073
300,472,1.22943879347
301,162,1.3316905076
302,455,1.13156917805
303,167,1.30492527951
304,168,1.04051269779
305,169,0.969855062628
306,17,1.375402506
307,172,1.40494853388
308,485,1.07357575644
309,173,1.12159896698
310,389,1.36049729354
311,180,1.20146732806
312,182,1.12156159866
313,433,1.39968301293
314,186,1.36582997124
315,185,1.19795364746
316,191,1.06321044097
317,192,1.13566883335
318,457,1.29414994089
319,416,1.2932988755
320,419,1.42127881776
321,454,0.997605479814
322,194,1.02051976581
323,384,0.743533581576
324,430,0.936880163521
325,203,1.16052112313
326,205,1.16507329457
327,206,1.26537839102
328,209,1.50785594277
329,211,1.24800003818
330,212,1.56196971623
331,213,0.694586712319
332,215,0.872902826275
333,216,1.14317149123
334,398,1.5150714057
335,218,1.32099826233
336,431,1.05051061356
337,221,1.16503470507
338,223,1.13502606398
339,479,0.599076300588
340,434,0.714889580108
341,227,1.44761918387
342,20,0.150938384906
343,228,1.21638999587
344,21,0.832178592501
345,233,1.23066358631
346,234,1.29488267047
347,235,1.39831104951
348,22,0.195170208237
349,239,1.09258329456
350,241,1.31850089216
351,432,1.27660910364
352,24,1.00536705411
353,26,1.19888632912
354,246,1.42102069051
355,27,1.13477914599
356,404,0.579521104828
357,253,1.45040235407
358,254,1.3177939538
359,255,1.26035078145
360,480,1.18158401853
361,420,0.92018784451
362,447,1.09904129278
363,28,0.435874021207
364,263,1.39924203788
365,264,1.45329546967
366,379,1.36840028641
367,268,1.35585768598
368,269,0.854469249278
369,400,0.631140660001
370,270,0.843254878749
371,271,0.263121607547
372,272,1.36271294446
373,456,1.47408160427
374,275,0.815468267385
375,279,1.26100443387
376,281,1.31810110038
377,31,0.390702912381
378,282,1.38384284103
379,288,1.00962662783
380,300,1.39582289049
381,396,0.672263920417
382,303,0.951445131869
383,304,1.29039776549
384,306,1.06775442948
385,338,1.43856567941
386,308,0.99701296706
387,309,1.42124168624
388,311,1.48339510476
389,312,1.3902740666
390,483,0.799615099309
391,313,0.64830762922
392,34,1.32928598723
393,318,1.20100755596
394,317,1.05717501103
395,321,1.40504392704
396,323,0.963531773048
397,478,1.04639784143
398,325,1.05063886643
399,387,0.509735823976
400,329,1.20322395549
401,330,1.19259477624
402,331,1.22868648116
403,335,1.37184772487
404,392,1.14636914933
405,397,1.39553013468
406,340,1.29114066449
407,339,1.14967489655
408,37,1.24411855457
409,385,1.20089033458
410,346,1.41993882352
411,348,1.39086559155
412,351,1.38958949323
413,399,1.1359732651
414,450,1.14135934352
415,451,0.7397093287
416,352,1.37251717683
417,353,1.05575129807
418,357,0.83222226672
419,358,1.20580903453
420,359,1.38979751801
421,533,1.33039667212
422,38,1.47003826174
423,361,1.3092184723
424,364,1.53867693479
425,369,1.35118646607
426,139,0.94025050829
427,231,-1.12136351827
428,224,-1.03654103135
429,78,1.28779809302
430,229,1.19159026192
431,297,-0.695345291871
432,458,-0.849246211358
433,493,-1.22129804274
434,459,-1.38701075457
435,525,-0.820958770855
436,488,-0.982763987774
437,461,1.32420769128
438,97,-1.36039831156
439,445,-1.31152423624
440,129,-0.907098474344
441,8,-0.980903090046
442,373,-0.709910139554
443,187,-1.37977610594
444,210,-1.08330399363
445,265,-1.07004547081
446,149,-1.64543811291
447,302,-0.931152286687
448,307,1.30744638733
449,319,-1.48393783712
450,164,-1.23593293761
451,324,-1.05084111982
452,347,-1.14549273554
453,354,-1.23471794885
454,460,-0.98265917268
455,208,-0.702427710654
456,510,1.24908522605
457,87,-1.37374765616
458,535,0.468960260828
459,538,0.555166632386
460,243,0.933165297338
461,277,1.24521458977
462,285,-0.904210224803
463,517,-1.06895063337
464,519,1.14660761099
465,9,1.24545088041
466,11,1.35288530222
467,515,1.46341650875
468,532,0.675396797139
469,115,0.975019268519
470,469,-0.642042279745
471,470,-0.328978063398
472,506,0.922002677331
473,490,-0.7754288131
474,471,-1.17021392828
475,476,0.560581860588
476,474,1.165378407
477,477,-1.34003041766
478,499,1.07027537747
479,429,-1.07564525419
480,505,1.32691802035
481,179,1.32345524731
482,497,-1.15422635662
483,540,0.432674349889
484,541,1.09369991211
485,170,1.0389660764
486,427,0.620043178191
487,171,1.31866196476
488,502,-0.74633845498
489,486,-1.8017660507
490,504,-0.75163291309
491,492,-0.883317977348
492,542,0.948718583633
493,453,0.697723956843
494,526,0.45178759429
495,418,0.650790458466
496,198,-0.490962765779
497,508,0.959817712544
498,527,1.62463799446
499,509,1.0943879082
500,544,1.25945224996
501,507,0.272463458392
502,511,-0.801623456714
503,512,0.605055135528
504,491,-1.32184602919
505,258,1.42469172803
506,494,1.1306834493
507,247,1.19788172149
508,249,-0.952763577772
509,250,-0.335531160199
510,252,1.27547738621
511,513,1.19695478579
512,516,0.938658765197
513,514,-0.87742941368
514,545,0.425035371582
515,495,1.2314700972
516,518,0.681980460388
517,498,-1.66282395554
518,546,1.023966204
519,380,1.22425236756
520,314,0.930221029576
521,500,0.862731891052
522,521,1.56810586078
523,523,0.60806776183
524,343,-1.22623983479
525,547,0.710694777626
526,501,1.29559911814
527,503,0.648635959726
528,415,1.10300088997
529,524,1.34906180113
530,473,-0.79097940908
531,368,1.03768614649
532,522,-0.847346733369
533,539,-1.04532215619
534,496,-1.20252022332
535,475,-1.23589586843
536,481,-0.736568514907
537,543,0.616353264966
538,528,1.16319504937
539,520,-0.610381228193
540,462,1.10664445743
541,463,-1.1295252641
542,464,-0.634852040724
543,465,-1.31968658557
544,467,1.67283730201
545,466,0.844773401025
546,468,-0.847417078931
547,489,0.831629116094
