,legislator,theta
0,39,-0.962488920232
1,530,-0.845818628805
2,40,-0.87626543778
3,375,-1.08883395992
4,0,-1.12702137811
5,1,-0.945605723168
6,43,-0.969656199282
7,414,-0.926484781003
8,47,-0.990863296609
9,48,-1.01165381089
10,49,-0.966598659868
11,50,-1.08399079183
12,52,-1.10472008503
13,53,-1.16523454884
14,529,-0.906584818008
15,59,-1.09127944571
16,61,-1.1121889849
17,439,-1.02299721238
18,63,-0.841445187871
19,412,-1.12703707383
20,5,-0.91824514418
21,65,-1.00484885862
22,66,-1.02005834445
23,67,-0.95188729299
24,70,-0.847571363996
25,6,-1.06411804299
26,7,-1.01325820475
27,537,-1.08501569426
28,71,-0.968589531105
29,76,-1.12824012092
30,77,-1.00057980284
31,79,-1.05071989134
32,80,-1.10078221209
33,54,-1.07835815635
34,88,-0.9794222485
35,90,-0.953113247573
36,406,-1.01241430928
37,435,-1.04732862229
38,91,-1.10084524044
39,391,-1.12610610191
40,386,-1.04482422381
41,428,-1.00382851956
42,98,-1.00576647899
43,99,-0.955126945372
44,102,-0.96244225205
45,422,-1.10991011822
46,409,-0.938440195451
47,109,-1.13457535793
48,110,-0.858306355137
49,403,-1.00930550482
50,111,-1.00664413455
51,113,-0.903757997722
52,117,-0.979037072691
53,118,-1.19683487949
54,119,-0.856955225317
55,122,-1.01569043394
56,125,-1.08470324701
57,127,-1.11253411458
58,128,-0.730939276905
59,130,-1.1770221384
60,131,-1.03615884403
61,132,-1.09095847859
62,133,-0.928869357459
63,134,-0.906889780716
64,135,-0.969197308079
65,136,-1.18985068082
66,137,-0.922639620241
67,140,-0.982640410775
68,141,-1.17857230043
69,12,-0.890337042155
70,142,-0.959929974768
71,143,-0.472437984404
72,13,-0.973974791122
73,144,-1.01342664915
74,145,-1.11152070937
75,146,-0.928624403574
76,147,-1.01454604474
77,148,-1.00276453313
78,151,-1.13252634283
79,150,-0.995586487813
80,14,-1.11623838131
81,154,-0.992408556572
82,55,-0.820875955703
83,156,-1.18528902111
84,15,-0.947388655228
85,158,-0.750967700102
86,159,-0.919507716181
87,160,-1.02517283902
88,161,-1.09373809896
89,16,-0.996911982204
90,163,-0.907868562327
91,165,-0.95816663286
92,166,-0.952966266198
93,426,-0.993923539533
94,423,-1.01620425408
95,174,-1.01899146205
96,175,-1.11430915528
97,176,-1.20311464013
98,177,-1.03595053853
99,178,-1.08661132117
100,181,-1.18963276749
101,183,-1.16705075317
102,184,-1.02572992243
103,188,-1.08793331258
104,189,-0.41403459181
105,190,-0.980932488421
106,438,-0.822780840545
107,193,-0.933955350787
108,196,-1.20419197016
109,195,-0.807749008336
110,18,-1.11317835847
111,197,-0.964080388319
112,199,-1.04940612402
113,200,-0.967889785773
114,388,-1.17735436312
115,201,-1.20762964421
116,202,-1.09185196794
117,204,-1.08880386322
118,19,-0.917908594672
119,207,-0.974628271697
120,214,-0.700331806279
121,217,-1.1921455672
122,219,-0.915451416323
123,220,-0.999715087421
124,222,-1.0185048853
125,225,-1.16098802818
126,226,-0.98604763459
127,378,-0.963581405433
128,230,-0.878066911182
129,232,-1.04764209546
130,236,-1.01794239121
131,23,-0.952089617414
132,237,-1.06324911295
133,238,-1.02774218893
134,425,-1.11088829177
135,240,-0.98477038048
136,413,-1.06110327087
137,242,-1.08247836967
138,245,-1.10428474768
139,244,-1.09129804511
140,25,-1.05383701699
141,440,-1.10476467571
142,248,-1.14104316339
143,251,-1.09797931781
144,256,-1.10859717712
145,257,-1.18026525069
146,259,-1.02144794345
147,260,-0.97090811847
148,56,-1.08175738943
149,261,-1.09598216291
150,262,-1.07300587483
151,29,1.14841318023
152,266,-0.997549476022
153,267,-1.05875897023
154,441,-1.02573911135
155,30,-1.09811067273
156,424,-1.10726503294
157,273,-1.12299183149
158,274,-1.06469593347
159,276,-1.01651571248
160,278,-0.89957132157
161,280,-1.16199583998
162,534,-1.05947386628
163,283,-1.01837521864
164,284,-0.869408273952
165,286,-1.02244432523
166,287,-1.07897254625
167,444,-1.09068242996
168,289,-1.0399199881
169,290,-0.922802152485
170,291,-1.0744766655
171,293,-1.17200182452
172,292,-0.985861687774
173,32,-1.19042118013
174,294,-1.03133047958
175,295,-1.18379372648
176,296,-1.05370054187
177,298,-1.03596437964
178,299,-0.992481613507
179,442,-1.15101388559
180,301,-1.17844580057
181,33,-0.967166730927
182,305,-1.15385221162
183,381,-1.11471234784
184,310,-0.984774509256
185,57,-0.950376667826
186,315,-0.925433553565
187,316,-1.11066517601
188,320,-1.03960581579
189,322,-1.07252994122
190,326,-0.934084472554
191,327,-0.921343271817
192,328,-0.905910347967
193,332,-1.0937330458
194,333,-0.821963132047
195,334,-0.938160828628
196,35,-1.02052756292
197,452,-1.06168492918
198,336,-1.00148684021
199,41,-0.90605212045
200,337,-0.949216625695
201,36,-0.875983000941
202,341,-0.864215244589
203,342,-1.16604348105
204,344,-0.927888993504
205,345,-1.12799557874
206,349,-0.881431340201
207,350,-0.858628682006
208,393,-1.04050519069
209,421,-1.15826154326
210,355,-1.20541914022
211,356,-0.97861712024
212,411,-1.15400347341
213,446,-0.989933443735
214,360,-1.0146144391
215,436,-0.996889855833
216,362,-1.08878500387
217,60,-0.914844598294
218,449,-1.21481816521
219,363,-1.0857399768
220,365,-1.09014284781
221,42,-0.885449199305
222,366,-0.890152758625
223,367,-1.05551275321
224,370,-0.997930758816
225,402,-1.03992782825
226,371,-0.955276396049
227,531,-1.00302582472
228,372,-1.03706844149
229,536,1.20045178898
230,44,0.488594879315
231,2,0.409326592367
232,45,1.22655544889
233,437,1.17706272965
234,46,1.11919626845
235,390,1.02987706913
236,51,0.91028183806
237,3,1.18386783223
238,58,1.27666322531
239,376,1.1521599466
240,62,1.13751669834
241,4,1.13802879669
242,64,1.13884717272
243,394,1.15627811445
244,410,1.02438013522
245,69,1.19637136059
246,72,1.26274912911
247,73,1.22656191293
248,395,1.19679917314
249,74,1.15510851989
250,75,1.15649672042
251,443,1.159226624
252,448,1.13952182017
253,81,1.16342016283
254,82,1.33438717303
255,83,1.25359089062
256,84,1.29131502804
257,85,1.21312475094
258,86,1.22004306447
259,89,1.14344326009
260,92,1.23366902115
261,93,1.31241533217
262,94,0.88587951468
263,95,0.503845626041
264,96,1.17872513839
265,100,1.18834761099
266,101,0.615433710847
267,103,1.31008649713
268,105,1.21097759928
269,104,1.43367165105
270,106,1.07136548599
271,107,1.28069016966
272,417,1.19658389208
273,108,1.23335088676
274,377,1.15394012913
275,112,1.27367311509
276,10,1.17391043716
277,114,1.25049658183
278,116,1.31389243628
279,408,1.07486759094
280,120,1.15612600604
281,121,1.30408943034
282,123,1.13955421376
283,484,1.04888642274
284,124,1.15145939264
285,401,1.14970252093
286,126,1.24592019926
287,68,1.12751878465
288,382,0.977359493114
289,405,1.22883208073
290,138,1.28079040978
291,407,1.13840504188
292,487,0.664634230877
293,482,0.815248374408
294,383,1.12558535026
295,152,1.05429754456
296,153,0.803170450402
297,155,1.16053823942
298,157,1.19557112213
299,374,1.17090514013
300,472,1.15557444637
301,162,1.27279918878
302,455,1.21349638743
303,167,1.06024879962
304,168,0.923463766272
305,169,1.08860850185
306,17,1.31887514744
307,172,1.20324637032
308,485,1.26384267326
309,173,1.11976767531
310,389,1.16248486958
311,180,1.02687885982
312,182,1.19975579482
313,433,1.23151717953
314,186,1.14904861059
315,185,1.22520242957
316,191,1.24556285784
317,192,1.09921068802
318,457,1.32673899209
319,416,1.22586816251
320,419,1.15649572215
321,454,1.19806363898
322,194,1.03890483296
323,384,0.980931858391
324,430,1.12735404119
325,203,1.15781026308
326,205,1.17615095662
327,206,1.18392905783
328,209,1.03002450034
329,211,1.2223398804
330,212,1.1263818272
331,213,1.02163286966
332,215,1.04244625949
333,216,1.23814502431
334,398,1.31186504019
335,218,1.28750928473
336,431,1.18333105278
337,221,1.03396528457
338,223,1.04813622278
339,479,0.821571234114
340,434,0.874464784262
341,227,1.03478500466
342,20,0.193699329269
343,228,1.34109360806
344,21,0.978547085443
345,233,1.15697106022
346,234,1.24477831347
347,235,1.29406532574
348,22,0.304010481015
349,239,1.19120159201
350,241,1.38954617604
351,432,1.27071557981
352,24,1.07818227454
353,26,1.17458201012
354,246,1.3082801753
355,27,1.09369900288
356,404,0.792550892915
357,253,1.3345544069
358,254,1.43975197997
359,255,1.11036079825
360,480,1.39933998644
361,420,1.31193651639
362,447,1.20386396466
363,28,0.521195247789
364,263,1.25058217088
365,264,1.19758238681
366,379,1.29318078012
367,268,1.25384513173
368,269,0.964203503927
369,400,0.901687045715
370,270,0.914418086139
371,271,0.229508094297
372,272,1.1650128643
373,456,1.29947078994
374,275,1.03142064295
375,279,1.16436534921
376,281,1.13774430852
377,31,0.533090216024
378,282,1.22713363331
379,288,1.20941026519
380,300,1.2911340014
381,396,0.964372307341
382,303,1.06643205339
383,304,1.19477775792
384,306,1.26855849262
385,338,1.11387719276
386,308,1.04655095128
387,309,1.33559951553
388,311,1.34235433871
389,312,1.21268966962
390,483,0.934545968674
391,313,0.852263431729
392,34,1.15049495795
393,318,1.28933167933
394,317,0.884096193457
395,321,1.19264515189
396,323,1.1500798707
397,478,1.16829812555
398,325,1.05832356868
399,387,0.693704561068
400,329,1.1091135933
401,330,1.28139454924
402,331,1.15083515469
403,335,1.20511784651
404,392,0.999797536828
405,397,1.12728502369
406,340,1.18910778296
407,339,1.12021151104
408,37,1.12822773681
409,385,1.18364383973
410,346,1.24845434929
411,348,1.22329099565
412,351,1.16105003374
413,399,1.15970971263
414,450,1.0900789757
415,451,0.852052171166
416,352,1.06243795506
417,353,1.25512935065
418,357,1.06341261996
419,358,1.09815441327
420,359,1.24280071572
421,533,1.31133242645
422,38,1.11481685424
423,361,1.2282792651
424,364,1.37979486752
425,369,1.16845542204
426,139,0.902401700935
427,231,-1.1359735312
428,224,-1.05555606551
429,78,1.35967733236
430,229,1.31386390322
431,297,-0.826412401464
432,458,-0.858397717673
433,493,-0.740868330926
434,459,-1.04550056563
435,525,-1.69514818525
436,488,-0.947024256835
437,461,1.31101553442
438,97,-1.02260267942
439,445,-1.01873958269
440,129,-0.907649977041
441,8,-0.929736802886
442,373,-0.746981006489
443,187,-0.767123575101
444,210,-1.00693699958
445,265,-0.916748805717
446,149,-1.03224892776
447,302,-0.954417105924
448,307,1.10014741671
449,319,-1.01320746054
450,164,-1.22918218907
451,324,-0.866682428884
452,347,-0.883759764997
453,354,-0.979382198456
454,460,-0.985661096978
455,208,-0.981193854038
456,510,1.02595856445
457,87,-0.882761670218
458,535,0.647005955488
459,538,0.555382884677
460,243,0.695061357838
461,277,1.01942072661
462,285,-1.01451193691
463,517,-1.0258080393
464,519,1.04341817442
465,9,0.927232192491
466,11,1.01973568456
467,515,1.03501347983
468,532,0.608173655674
469,115,0.907597261911
470,469,-0.884581394403
471,470,-0.332231607575
472,506,0.842854011266
473,490,-0.760700410363
474,471,-1.24354826797
475,476,0.579215457233
476,474,0.898199655931
477,477,-1.08791875201
478,499,0.849978675947
479,429,-1.03014963739
480,505,0.857350986571
481,179,0.864425615611
482,497,-0.998330538089
483,540,0.547182426538
484,541,0.745411064733
485,170,0.914486830079
486,427,0.643931704243
487,171,1.09677407605
488,502,-0.99164935227
489,486,-0.839646684192
490,504,-0.897562039078
491,492,-1.0068310021
492,542,0.760556456309
493,453,0.732700438926
494,526,1.30860674595
495,418,0.696845609609
496,198,-0.506367767324
497,508,0.932130941585
498,527,1.23285712918
499,509,1.08241948651
500,544,1.02414761651
501,507,0.416196294143
502,511,-0.841364639594
503,512,0.596164941015
504,491,-1.06701956464
505,258,0.922441752624
506,494,1.16511645035
507,247,0.786273709167
508,249,-0.892446821942
509,250,-0.651613474139
510,252,1.04340732444
511,513,0.973045040736
512,516,1.10896425699
513,514,-0.718564797104
514,545,0.682590511119
515,495,1.15186721102
516,518,0.745049091837
517,498,-1.22002244391
518,546,0.767774311003
519,380,0.960555027224
520,314,1.19437687638
521,500,0.755882709238
522,521,0.892360005107
523,523,0.65751419973
524,343,-1.03408868749
525,547,0.79606429974
526,501,0.873735849352
527,503,0.696941338639
528,415,1.07836305768
529,524,0.827790614768
530,473,-0.862694544613
531,368,0.890828387355
532,522,-0.949025199046
533,539,-1.116711708
534,496,-1.12070066233
535,475,-1.29242372745
536,481,-1.08392528476
537,543,0.776045854717
538,528,0.897161186659
539,520,-0.582455343827
540,462,1.19617699379
541,463,-1.1608400411
542,464,-0.89509130832
543,465,-1.07272209491
544,467,1.46630679369
545,466,0.693955026607
546,468,-0.503890850119
547,489,0.841160786531
