,legislator,theta
0,39,-0.960418601931
1,530,-0.752149890424
2,40,-0.825878338364
3,375,-0.978047150065
4,0,-1.145557842
5,1,-0.881308690277
6,43,-0.823359071738
7,414,-1.1006957355
8,47,-0.852158183743
9,48,-1.30497805016
10,49,-1.15523757038
11,50,-1.27442974843
12,52,-1.48537435506
13,53,-1.3186960711
14,529,-0.978642428184
15,59,-1.03799852053
16,61,-1.26403916567
17,439,-1.43149612495
18,63,-1.04677311828
19,412,-1.05345085401
20,5,-0.853548670037
21,65,-0.895935146753
22,66,-1.03941096223
23,67,-1.3320850014
24,70,-0.945026489906
25,6,-1.01964761011
26,7,-1.11153878592
27,537,-0.954009199217
28,71,-0.859521559922
29,76,-0.986765625914
30,77,-1.0449897392
31,79,-1.46002277416
32,80,-1.22933140232
33,54,-1.08685593753
34,88,-0.866769433001
35,90,-0.904761746525
36,406,-1.53271175145
37,435,-1.02966321741
38,91,-1.3808361113
39,391,-0.988151500435
40,386,-1.37879091879
41,428,-1.02734595852
42,98,-0.970662980624
43,99,-0.849486746006
44,102,-1.06847917176
45,422,-1.12712405779
46,409,-0.807034656657
47,109,-0.786567584178
48,110,-0.72786246833
49,403,-1.48609224818
50,111,-1.29353193889
51,113,-0.712566408888
52,117,-1.2479049016
53,118,-1.73872745694
54,119,-0.671363780036
55,122,-0.940080675809
56,125,-1.17933148284
57,127,-1.36365210802
58,128,-0.490545156126
59,130,-1.19600415756
60,131,-1.56686885762
61,132,-1.46844172334
62,133,-1.08191783424
63,134,-0.712915363957
64,135,-1.3752254613
65,136,-1.55543229323
66,137,-0.742486588601
67,140,-0.966738075574
68,141,-1.29089400116
69,12,-0.66698928612
70,142,-1.13215465755
71,143,-0.245066543591
72,13,-1.18867062565
73,144,-1.21614722904
74,145,-1.34064540629
75,146,-1.16939606984
76,147,-1.58531951603
77,148,-0.994506687792
78,151,-1.51281304304
79,150,-1.15012400517
80,14,-1.00391318835
81,154,-0.758293233868
82,55,-0.567864998857
83,156,-1.13914675593
84,15,-1.04273089201
85,158,-0.518572451597
86,159,-0.931728857692
87,160,-1.24194330309
88,161,-1.10159577172
89,16,-0.877872760395
90,163,-0.728492906376
91,165,-1.57900439721
92,166,-0.709137767664
93,426,-1.58372274275
94,423,-1.47921299652
95,174,-1.16469256174
96,175,-1.38697713214
97,176,-1.31698347624
98,177,-1.15014230674
99,178,-1.27166780879
100,181,-1.13684245254
101,183,-1.25720851856
102,184,-1.13018912887
103,188,-1.26583075972
104,189,-0.318756910556
105,190,-1.55666370327
106,438,-0.676973657617
107,193,-1.04206590212
108,196,-1.29622924646
109,195,-0.637751410473
110,18,-1.46539682665
111,197,-0.788181155181
112,199,-1.03264308606
113,200,-1.19056075318
114,388,-1.29017625858
115,201,-1.45928351445
116,202,-0.720717108966
117,204,-1.33474958041
118,19,-0.776604717004
119,207,-1.35788785976
120,214,-0.509197002711
121,217,-1.44347535732
122,219,-0.808369310736
123,220,-1.02858773586
124,222,-1.26439215617
125,225,-1.57438469111
126,226,-0.904094332582
127,378,-0.881462383753
128,230,-1.0690228608
129,232,-1.16824023458
130,236,-1.46432294958
131,23,-0.81618245068
132,237,-0.718716341
133,238,-1.062668633
134,425,-1.3601191881
135,240,-0.740452950951
136,413,-1.27586905185
137,242,-1.01070379169
138,245,-1.34330874606
139,244,-1.11863784048
140,25,-0.78218397855
141,440,-1.3194524933
142,248,-1.15822240801
143,251,-0.921617382204
144,256,-1.50917599873
145,257,-0.885013099217
146,259,-1.00719236068
147,260,-0.89963463262
148,56,-1.08321216418
149,261,-1.364774804
150,262,-1.37027341929
151,29,1.18044733033
152,266,-0.985367105713
153,267,-1.02461611854
154,441,-1.29795208024
155,30,-1.02734437752
156,424,-1.448896692
157,273,-1.21354423851
158,274,-1.10939237299
159,276,-1.75218342501
160,278,-0.898670063218
161,280,-1.61887875749
162,534,-1.20658430393
163,283,-0.722219998736
164,284,-0.612742462284
165,286,-0.953289757239
166,287,-1.46792640831
167,444,-1.26801580729
168,289,-0.962559863283
169,290,-0.86066927728
170,291,-1.25275892295
171,293,-1.08467865682
172,292,-0.865294220354
173,32,-0.878138560774
174,294,-0.89295666981
175,295,-1.49746433839
176,296,-0.88996944058
177,298,-0.939724816925
178,299,-1.21656718464
179,442,-1.17366664007
180,301,-1.23315041849
181,33,-0.62442991829
182,305,-1.31953524936
183,381,-1.30686296163
184,310,-1.4240572494
185,57,-0.915678698043
186,315,-1.21905820721
187,316,-1.37496319402
188,320,-1.16051908795
189,322,-1.43693523421
190,326,-0.790795890962
191,327,-0.983728934075
192,328,-0.85226660731
193,332,-1.16773449231
194,333,-0.638533690514
195,334,-1.386825238
196,35,-1.21317462515
197,452,-1.00105352574
198,336,-0.845145237812
199,41,-0.956072508747
200,337,-1.44892938891
201,36,-0.893526188394
202,341,-0.765422913982
203,342,-1.41834744212
204,344,-1.02678069887
205,345,-1.07405235875
206,349,-0.793859250781
207,350,-0.873234786643
208,393,-0.819586191361
209,421,-1.23902305088
210,355,-1.46015239573
211,356,-0.97373518116
212,411,-1.02519740871
213,446,-1.87188499087
214,360,-0.972277277339
215,436,-1.37197497739
216,362,-1.41448869151
217,60,-0.849000354906
218,449,-1.45307746875
219,363,-1.39154718121
220,365,-1.09960950823
221,42,-0.721377231047
222,366,-0.937182877287
223,367,-1.26643468798
224,370,-1.38676802008
225,402,-1.34194549638
226,371,-0.677326688834
227,531,-1.03262727046
228,372,-1.05425687331
229,536,1.18932117325
230,44,0.368875235962
231,2,0.219828984962
232,45,1.6720229414
233,437,1.49923439178
234,46,1.74143667918
235,390,0.810149428679
236,51,0.591230776761
237,3,1.10279881838
238,58,1.42301662501
239,376,1.68268638463
240,62,1.46539562885
241,4,0.952336762375
242,64,1.34058389248
243,394,0.878458235136
244,410,0.706933036228
245,69,1.18746966412
246,72,1.18923608258
247,73,1.46580782937
248,395,1.13251551859
249,74,1.01604573993
250,75,1.24231172337
251,443,1.29535441947
252,448,1.13959814869
253,81,1.62804194728
254,82,1.55396453486
255,83,1.67459397226
256,84,1.32332270782
257,85,1.21194457459
258,86,1.11682326599
259,89,1.44273736474
260,92,1.10548209486
261,93,1.9246298352
262,94,0.708162877146
263,95,0.395303824063
264,96,1.21923988943
265,100,1.51540597934
266,101,0.410311170369
267,103,1.54695391665
268,105,1.42861271683
269,104,1.49278337939
270,106,1.06988338703
271,107,1.41124153881
272,417,0.949486380684
273,108,1.388073427
274,377,1.04419448845
275,112,1.44750229161
276,10,1.21628308928
277,114,1.36848440479
278,116,1.34662417268
279,408,0.910098903835
280,120,1.77351382251
281,121,1.66548675379
282,123,1.35904447368
283,484,0.725410009722
284,124,1.5287120808
285,401,1.14185323935
286,126,1.55847007597
287,68,1.38868755395
288,382,0.857465728134
289,405,1.42689713911
290,138,1.37631553749
291,407,0.969952763311
292,487,0.55339827091
293,482,0.713014123135
294,383,1.24446973313
295,152,1.13228567193
296,153,0.651938465709
297,155,1.56769519832
298,157,1.52043513275
299,374,1.41821965649
300,472,1.33542639605
301,162,1.55435705672
302,455,1.13289831293
303,167,1.38031036402
304,168,1.05042941108
305,169,1.06148269964
306,17,1.78814398919
307,172,1.50292996704
308,485,1.06216984898
309,173,1.24129811021
310,389,1.57632047805
311,180,1.10773824409
312,182,1.22946743891
313,433,1.57137765708
314,186,1.39957012821
315,185,1.32540292348
316,191,1.16213934353
317,192,1.21057306648
318,457,1.38817219439
319,416,1.63021491284
320,419,1.35440451386
321,454,1.05094160429
322,194,1.06328837308
323,384,0.736306672012
324,430,1.02320147668
325,203,1.38118444909
326,205,1.19285365988
327,206,1.25562129834
328,209,1.83524028555
329,211,1.46981254999
330,212,1.56752038369
331,213,0.642926498463
332,215,0.885394747389
333,216,1.23804101378
334,398,1.85104503603
335,218,1.31244645095
336,431,1.00349798151
337,221,1.09270060053
338,223,1.12671353937
339,479,0.577292789908
340,434,0.626584844875
341,227,1.64795248378
342,20,0.157267399504
343,228,1.53496514192
344,21,1.01548579196
345,233,1.1965830969
346,234,1.79343664785
347,235,1.77837921751
348,22,0.194817798706
349,239,1.08090433194
350,241,1.34137200887
351,432,1.29563860429
352,24,1.01804751157
353,26,1.42727378879
354,246,1.64738021921
355,27,1.13908547141
356,404,0.547158311158
357,253,1.91808596568
358,254,1.72848993548
359,255,1.54629887769
360,480,1.35970885934
361,420,1.03492073516
362,447,1.12922459908
363,28,0.433446141827
364,263,1.87138317185
365,264,1.4390541027
366,379,1.58710399541
367,268,1.58515346752
368,269,0.88104952033
369,400,0.623408378897
370,270,0.879008912963
371,271,0.185787196601
372,272,1.4619297972
373,456,2.08100574625
374,275,0.845070034009
375,279,1.27606571473
376,281,1.27450116012
377,31,0.413501569195
378,282,1.36680626991
379,288,1.07258937335
380,300,1.62310458524
381,396,0.706674744333
382,303,0.965668446248
383,304,1.41593609947
384,306,1.03908687903
385,338,1.47128093621
386,308,1.06633126051
387,309,1.53565056279
388,311,2.06315086827
389,312,1.23638283879
390,483,0.761015624503
391,313,0.611412340386
392,34,1.32034679818
393,318,1.36101075278
394,317,1.00763413973
395,321,1.8016127684
396,323,0.942765987843
397,478,1.06910012061
398,325,1.1751875014
399,387,0.457944922325
400,329,1.44200352574
401,330,1.34310705655
402,331,1.29601446426
403,335,1.62961739942
404,392,1.22181345301
405,397,1.63700183987
406,340,1.39471508024
407,339,1.29754489775
408,37,1.30062610091
409,385,1.20975816778
410,346,1.59726574445
411,348,1.45758139355
412,351,1.60655377355
413,399,1.17268192132
414,450,1.04083173295
415,451,0.681784382229
416,352,1.6893333566
417,353,1.03386299041
418,357,0.845037821796
419,358,1.39989186356
420,359,1.40544395949
421,533,1.46818192702
422,38,1.58163908164
423,361,1.39298747855
424,364,1.70023563007
425,369,1.43857705181
426,139,0.872699396598
427,231,-1.34593747013
428,224,-1.21623736537
429,78,1.54355202772
430,229,1.35659929437
431,297,-0.705015867253
432,458,-0.859705281303
433,493,-0.743487294411
434,459,-1.59558015832
435,525,0.0952139829867
436,488,-0.835098904007
437,461,1.83060975488
438,97,-1.65214810396
439,445,-2.01858252407
440,129,-1.05274645163
441,8,-1.05149578273
442,373,-0.83971817719
443,187,-1.61162905053
444,210,-1.75859791632
445,265,-1.3828076369
446,149,-2.44804657654
447,302,-1.27416281023
448,307,1.42922378885
449,319,-1.6661314188
450,164,-1.62709915697
451,324,-1.31780504842
452,347,-1.39855598814
453,354,-1.27673355704
454,460,-0.944481879055
455,208,-0.764413564523
456,510,1.7921637397
457,87,-1.45854225642
458,535,0.867232341652
459,538,0.763129190297
460,243,0.859348843783
461,277,1.74711585703
462,285,-1.25112522474
463,517,-1.14466059964
464,519,1.70812321598
465,9,2.06488921098
466,11,2.04144976785
467,515,1.45680159053
468,532,0.980044905929
469,115,1.04507512252
470,469,-0.957145738912
471,470,-0.330893858506
472,506,1.33398280547
473,490,-0.973801577319
474,471,-1.68093969202
475,476,0.468955130163
476,474,1.56698665866
477,477,-1.46046627586
478,499,1.25121915295
479,429,-1.66160523962
480,505,1.51294985115
481,179,1.78541353069
482,497,-1.34525966
483,540,0.502630851314
484,541,1.1960916655
485,170,1.00845395993
486,427,0.804948771299
487,171,2.28566057374
488,502,-0.937072989828
489,486,-2.03214041745
490,504,-1.11891941418
491,492,-1.0165645551
492,542,1.31486993044
493,453,0.91573451406
494,526,0.63739396795
495,418,0.722846129977
496,198,-0.508213643296
497,508,1.13426175063
498,527,1.57230496776
499,509,1.56606468867
500,544,1.8129679958
501,507,0.20417942885
502,511,-0.962149696935
503,512,0.655573291152
504,491,-1.09100507573
505,258,1.57677956358
506,494,1.49392446151
507,247,1.68274769071
508,249,-1.36282510427
509,250,-0.362200961419
510,252,1.55836907576
511,513,1.54357541173
512,516,1.13782542302
513,514,-1.09989635727
514,545,0.437832455064
515,495,2.50451645411
516,518,0.799478872965
517,498,-2.15151636532
518,546,1.52268703476
519,380,1.75232513518
520,314,1.63366350457
521,500,1.00586528869
522,521,1.80705450133
523,523,0.747142783208
524,343,-1.40645966425
525,547,0.881594369714
526,501,1.78590672721
527,503,0.937215365847
528,415,1.87503836691
529,524,2.03217097865
530,473,-0.882635527116
531,368,1.32883808256
532,522,-1.28619102761
533,539,-1.21253746541
534,496,-1.36826518747
535,475,-2.15494015396
536,481,-0.945881247659
537,543,0.776592788321
538,528,1.29516216103
539,520,-0.867982226552
540,462,1.93475715302
541,463,-1.50216854694
542,464,-0.60032826323
543,465,-1.50589141735
544,467,1.14214618332
545,466,1.06449384046
546,468,-0.557478041571
547,489,0.917353944277
