,legislator,theta
0,39,-0.976955813058
1,530,-0.71714043871
2,40,-0.815168615855
3,375,-0.861189086749
4,0,-1.0888859126
5,1,-0.793954473564
6,43,-0.813099043824
7,414,-1.11986083926
8,47,-0.965901279065
9,48,-1.30431807703
10,49,-1.00234350751
11,50,-1.3018621403
12,52,-1.2599765777
13,53,-1.39768682657
14,529,-0.911538730395
15,59,-1.05455774478
16,61,-1.26438449761
17,439,-1.26767456256
18,63,-0.906152353892
19,412,-0.942627901028
20,5,-0.866042474924
21,65,-0.908349950262
22,66,-1.0773868246
23,67,-1.04840055686
24,70,-0.895556855069
25,6,-0.95634324226
26,7,-1.241446406
27,537,-1.03730876331
28,71,-0.794932455604
29,76,-0.973779283319
30,77,-0.996597768395
31,79,-1.42709643154
32,80,-1.07852937744
33,54,-1.1016404213
34,88,-0.835670175175
35,90,-0.878066282316
36,406,-1.2561537539
37,435,-0.907593618231
38,91,-1.25399099752
39,391,-1.00609962801
40,386,-1.30865177943
41,428,-0.91160074343
42,98,-0.968301393819
43,99,-0.848933948503
44,102,-0.908603004994
45,422,-0.982691806387
46,409,-0.759043632928
47,109,-0.756600485312
48,110,-0.70822136498
49,403,-1.34331823413
50,111,-1.16604848381
51,113,-0.716534096477
52,117,-1.06147642844
53,118,-1.47413318141
54,119,-0.749100575209
55,122,-0.946304848701
56,125,-1.12222136057
57,127,-1.24728856218
58,128,-0.421423662452
59,130,-1.0992277677
60,131,-1.5201784108
61,132,-1.24978520039
62,133,-0.937804937967
63,134,-0.79437564251
64,135,-1.22730686373
65,136,-1.43909063332
66,137,-0.762521666054
67,140,-0.921455549278
68,141,-1.22318363813
69,12,-0.70432010003
70,142,-1.03406579111
71,143,-0.193699309923
72,13,-1.23968588542
73,144,-1.02868044423
74,145,-1.06800919649
75,146,-0.977197091329
76,147,-1.26035769081
77,148,-1.02503287138
78,151,-1.24937071671
79,150,-1.10702133783
80,14,-0.939156290885
81,154,-0.787317908568
82,55,-0.592983549684
83,156,-0.987767800956
84,15,-1.05667151746
85,158,-0.542533638741
86,159,-0.884006973587
87,160,-1.1902728139
88,161,-1.1526742791
89,16,-0.868952212724
90,163,-0.702475316199
91,165,-1.36882561621
92,166,-0.672809195208
93,426,-1.38329523596
94,423,-1.47057704404
95,174,-1.07557685345
96,175,-1.12964387035
97,176,-1.21227905431
98,177,-1.09684385373
99,178,-1.12232172185
100,181,-0.990130825487
101,183,-1.22439865252
102,184,-1.04630883872
103,188,-1.31416216918
104,189,-0.30414566595
105,190,-1.43689268153
106,438,-0.70882102993
107,193,-0.936920997804
108,196,-1.05681271475
109,195,-0.629505145802
110,18,-1.30973146862
111,197,-0.917350286827
112,199,-1.10899867255
113,200,-1.12421835725
114,388,-1.16000764087
115,201,-1.16914764436
116,202,-0.735147781677
117,204,-1.19003853912
118,19,-0.701006807821
119,207,-1.33332905206
120,214,-0.479947927881
121,217,-1.33144169096
122,219,-0.895793481902
123,220,-1.03137891165
124,222,-1.09201794807
125,225,-1.34867824541
126,226,-0.888401612573
127,378,-0.895934496031
128,230,-1.11006311088
129,232,-1.06123361937
130,236,-1.31755064627
131,23,-0.778932023898
132,237,-0.817317079448
133,238,-0.971308312363
134,425,-1.16009683356
135,240,-0.70972551315
136,413,-1.15267251122
137,242,-1.17972817058
138,245,-1.17475011484
139,244,-1.06422621624
140,25,-0.837454095128
141,440,-1.1316054078
142,248,-1.15197179021
143,251,-0.990189587231
144,256,-1.45796253192
145,257,-0.944073045349
146,259,-1.00245741155
147,260,-0.957914423054
148,56,-1.11635014004
149,261,-1.18148075686
150,262,-1.19784167234
151,29,1.26022293071
152,266,-0.989881456819
153,267,-0.946844514149
154,441,-1.16884906118
155,30,-0.845750958586
156,424,-1.41032710127
157,273,-1.15559818648
158,274,-1.02740269254
159,276,-1.33737360425
160,278,-0.817588275844
161,280,-1.45151134388
162,534,-1.05875429866
163,283,-0.700305368465
164,284,-0.585655013727
165,286,-0.856857691916
166,287,-1.30936998227
167,444,-1.19175457692
168,289,-0.906156287294
169,290,-0.904158455479
170,291,-1.02472543082
171,293,-0.949951272922
172,292,-0.757346644749
173,32,-1.04111670465
174,294,-0.863650224055
175,295,-1.33416401665
176,296,-0.958840206626
177,298,-0.936271085565
178,299,-1.13010919017
179,442,-1.10004970702
180,301,-1.05791792254
181,33,-0.634505677778
182,305,-1.15133482697
183,381,-1.02311276675
184,310,-1.44963265563
185,57,-0.801891906102
186,315,-1.16216094971
187,316,-1.3627111284
188,320,-1.03336259456
189,322,-1.23575863574
190,326,-0.763336974089
191,327,-0.903383080401
192,328,-0.749529398462
193,332,-1.21082908513
194,333,-0.605357047457
195,334,-1.22187310251
196,35,-1.0841571585
197,452,-1.03390195149
198,336,-0.876147567922
199,41,-0.995941466071
200,337,-1.30939468365
201,36,-0.895119464429
202,341,-0.79309739299
203,342,-1.18814310047
204,344,-1.03252887991
205,345,-1.10945457687
206,349,-0.744429540193
207,350,-0.912934203714
208,393,-0.693550401745
209,421,-1.17772302233
210,355,-1.36314959558
211,356,-0.830809864583
212,411,-1.09817167901
213,446,-1.5007105631
214,360,-0.927735555457
215,436,-1.2756122583
216,362,-1.17447216928
217,60,-0.86781740056
218,449,-1.39104544497
219,363,-1.28379394541
220,365,-0.901227159451
221,42,-0.673194170964
222,366,-1.09509466379
223,367,-0.994119298137
224,370,-1.11051265071
225,402,-1.16128583244
226,371,-0.743274753451
227,531,-0.911836218834
228,372,-0.987896642043
229,536,1.01685606956
230,44,0.403782886869
231,2,0.272374211584
232,45,1.48470205889
233,437,1.32744800133
234,46,1.56394604422
235,390,0.818075783566
236,51,0.648128949722
237,3,1.1360291264
238,58,1.41450582981
239,376,1.39619604914
240,62,1.44585613393
241,4,0.912630456421
242,64,1.17389171946
243,394,0.962350878201
244,410,0.741145807268
245,69,1.0747537515
246,72,1.30649749225
247,73,1.41555335709
248,395,1.11888643767
249,74,1.04740899763
250,75,1.18087685611
251,443,1.39532804384
252,448,1.13361064892
253,81,1.43184366959
254,82,1.5356154834
255,83,1.62032644054
256,84,1.3388953471
257,85,1.17848705565
258,86,1.12982113254
259,89,1.3985771925
260,92,1.10940624101
261,93,1.49797498853
262,94,0.73777967387
263,95,0.362781073328
264,96,1.15188840703
265,100,1.47556311531
266,101,0.49452536997
267,103,1.42403672734
268,105,1.26767786151
269,104,1.26015061284
270,106,1.15043984969
271,107,1.47862434561
272,417,1.00940661942
273,108,1.36063754128
274,377,0.957841423326
275,112,1.35453481371
276,10,1.2285476909
277,114,1.29283359304
278,116,1.2996562879
279,408,0.92898621249
280,120,1.57727031105
281,121,1.43388484695
282,123,1.29025386473
283,484,0.736554044002
284,124,1.28550159528
285,401,1.07867021372
286,126,1.24304774659
287,68,1.38649995624
288,382,0.892584029841
289,405,1.35490270171
290,138,1.30755206639
291,407,0.992380438511
292,487,0.515421441554
293,482,0.675803564285
294,383,1.18684657169
295,152,1.13629827518
296,153,0.638651283139
297,155,1.41235688123
298,157,1.23272882253
299,374,1.29621424411
300,472,1.29326789716
301,162,1.40848551205
302,455,1.12553500296
303,167,1.29428059405
304,168,0.994793496819
305,169,0.981896454124
306,17,1.43398818928
307,172,1.48401935493
308,485,1.12349320963
309,173,1.14627913526
310,389,1.4080883504
311,180,1.22101297683
312,182,1.18822999016
313,433,1.27914145675
314,186,1.22800662538
315,185,1.19575068683
316,191,1.15758086038
317,192,1.10502602804
318,457,1.39616183645
319,416,1.39262999579
320,419,1.45675424199
321,454,0.968420829136
322,194,0.985285850357
323,384,0.738672424176
324,430,0.959743441946
325,203,1.2113010472
326,205,1.21454759661
327,206,1.27693549298
328,209,1.62025152109
329,211,1.36000591068
330,212,1.61682910716
331,213,0.681003759463
332,215,0.857387401907
333,216,1.17805781138
334,398,1.55643334149
335,218,1.38422730808
336,431,0.977672928671
337,221,1.12601962657
338,223,1.02216271451
339,479,0.57062890624
340,434,0.683732834564
341,227,1.32008085518
342,20,0.133129571065
343,228,1.28386579339
344,21,0.969633128846
345,233,1.11660462256
346,234,1.34717059188
347,235,1.44030928026
348,22,0.207565015023
349,239,1.01944528929
350,241,1.28333361017
351,432,1.27279873992
352,24,1.0321153601
353,26,1.29780544776
354,246,1.31768979797
355,27,1.1004797736
356,404,0.597293918835
357,253,1.4795300228
358,254,1.43664896448
359,255,1.44505959701
360,480,1.23589385781
361,420,0.958428860123
362,447,1.11172099816
363,28,0.49647524506
364,263,1.45092337901
365,264,1.28377002367
366,379,1.46407209999
367,268,1.43803760451
368,269,0.861112951096
369,400,0.678918644889
370,270,0.844405594602
371,271,0.192183678479
372,272,1.41335183457
373,456,1.52083797291
374,275,0.812005350778
375,279,1.1995102621
376,281,1.27041814197
377,31,0.461784819012
378,282,1.27885031716
379,288,1.03982646717
380,300,1.4857046262
381,396,0.699751290458
382,303,0.968714770248
383,304,1.30252095402
384,306,1.05023792575
385,338,1.34492771881
386,308,1.03271044375
387,309,1.41723403805
388,311,1.60506155084
389,312,1.25544682055
390,483,0.792801514448
391,313,0.583566670967
392,34,1.3494035312
393,318,1.20552135324
394,317,0.979784093566
395,321,1.3611362835
396,323,0.980394521043
397,478,1.12296830954
398,325,1.11518550878
399,387,0.521696911735
400,329,1.18969423611
401,330,1.25386748931
402,331,1.16478598521
403,335,1.44319421425
404,392,1.15486304382
405,397,1.40047649642
406,340,1.35182623175
407,339,1.15850611348
408,37,1.25770626767
409,385,1.23647110093
410,346,1.39225499742
411,348,1.41457249887
412,351,1.4386475086
413,399,1.09746007323
414,450,1.10166884686
415,451,0.671745482274
416,352,1.33927039019
417,353,1.11005649014
418,357,0.860369528837
419,358,1.1480909951
420,359,1.33090997124
421,533,1.58459608313
422,38,1.53397892545
423,361,1.27745084809
424,364,1.54020502819
425,369,1.33817213836
426,139,0.930589851328
427,231,-1.09091995352
428,224,-1.02337789616
429,78,1.31035392288
430,229,1.25052439803
431,297,-0.696804503203
432,458,-0.847285570838
433,493,-1.30054342821
434,459,-1.40494873876
435,525,-1.08384127041
436,488,-0.989871766638
437,461,1.48329698574
438,97,-1.34407764844
439,445,-1.52055119566
440,129,-0.850084746722
441,8,-0.815044895443
442,373,-0.758443260075
443,187,-1.39983917593
444,210,-1.39844706662
445,265,-1.33997110448
446,149,-1.73897282379
447,302,-1.0892248061
448,307,1.39293857462
449,319,-1.41168451545
450,164,-1.52176431018
451,324,-1.2473728794
452,347,-1.23430349038
453,354,-1.20519483538
454,460,-0.933486078974
455,208,-0.745910490528
456,510,1.38485763289
457,87,-1.26681673298
458,535,0.562483340443
459,538,0.612999253964
460,243,0.951711976098
461,277,1.26033552015
462,285,-0.89504079906
463,517,-0.945576352768
464,519,1.51907933704
465,9,1.17007975423
466,11,1.45178712622
467,515,1.49308917097
468,532,0.973893482985
469,115,0.94568450017
470,469,-0.770153652395
471,470,-0.247530958731
472,506,0.952078279678
473,490,-0.792147942866
474,471,-1.49553589006
475,476,0.501632353257
476,474,1.16110181956
477,477,-1.35885339766
478,499,1.18531010749
479,429,-1.39631131759
480,505,1.57388859605
481,179,1.4951919568
482,497,-1.31739379788
483,540,0.472215787871
484,541,1.20686289359
485,170,0.860536424682
486,427,0.667834278764
487,171,1.34529501167
488,502,-0.865584623218
489,486,-1.73015336948
490,504,-0.794830145244
491,492,-1.04465840828
492,542,1.07060295821
493,453,0.895149642163
494,526,2.55564821225
495,418,0.574823283469
496,198,-0.586574596992
497,508,0.951502138569
498,527,1.7929556795
499,509,1.27199431094
500,544,1.26339351495
501,507,0.15681979509
502,511,-0.654711075579
503,512,0.625986501117
504,491,-1.31205580645
505,258,1.3972230925
506,494,0.991453944639
507,247,1.13561755827
508,249,-1.2275005776
509,250,-0.320453577632
510,252,1.40483463835
511,513,1.14419294813
512,516,1.00685745116
513,514,-0.915116853335
514,545,0.449230188522
515,495,1.40705160482
516,518,0.630507517806
517,498,-1.68823989699
518,546,1.28541003458
519,380,1.30580090467
520,314,1.20352447343
521,500,1.01837650118
522,521,1.24275987054
523,523,0.669663186367
524,343,-1.28046633005
525,547,0.745228964103
526,501,1.38570622714
527,503,0.639919805017
528,415,1.23510192604
529,524,1.36842166412
530,473,-0.863306914816
531,368,0.93977326001
532,522,-1.02030895588
533,539,-0.868561619948
534,496,-1.11419732375
535,475,-1.37767542602
536,481,-0.742124793075
537,543,0.727701692054
538,528,1.16791467219
539,520,-0.66478961475
540,462,1.07497799222
541,463,-1.23147238165
542,464,-0.553781002771
543,465,-1.41603427913
544,467,1.61882361632
545,466,0.524027496113
546,468,-0.715344148723
547,489,1.00608469868
