,legislator,theta
0,39,-0.944016255963
1,530,-0.781457684291
2,40,-0.773924322751
3,375,-0.891258526181
4,0,-1.10775909341
5,1,-0.819215425049
6,43,-0.823085614748
7,414,-1.12917334627
8,47,-0.950056126676
9,48,-1.28313658024
10,49,-1.00259076265
11,50,-1.31973340182
12,52,-1.27204701836
13,53,-1.39742509844
14,529,-0.885347271707
15,59,-1.08011417744
16,61,-1.26179422911
17,439,-1.32244570816
18,63,-0.93833418915
19,412,-0.939548622558
20,5,-0.859404784186
21,65,-0.887527511528
22,66,-1.06429157229
23,67,-1.03329662079
24,70,-0.870505697119
25,6,-0.93710896326
26,7,-1.2265378509
27,537,-1.04015483227
28,71,-0.814231752267
29,76,-1.01072025978
30,77,-0.971343667356
31,79,-1.39805518957
32,80,-1.11078395239
33,54,-1.14379418683
34,88,-0.829185271999
35,90,-0.844661485353
36,406,-1.21982534034
37,435,-0.864104982332
38,91,-1.28140385543
39,391,-1.02836587211
40,386,-1.31713983989
41,428,-0.918317334306
42,98,-0.96075380224
43,99,-0.80394646708
44,102,-0.925890077294
45,422,-0.962871350904
46,409,-0.758369311262
47,109,-0.742592534084
48,110,-0.693485118991
49,403,-1.34279265423
50,111,-1.19122965748
51,113,-0.716349470221
52,117,-1.05475284109
53,118,-1.5306590337
54,119,-0.722763089279
55,122,-0.943153962047
56,125,-1.1035022143
57,127,-1.26114125419
58,128,-0.444864835451
59,130,-1.12624089772
60,131,-1.50336506752
61,132,-1.29444020003
62,133,-0.940841304656
63,134,-0.763862514137
64,135,-1.25116460949
65,136,-1.43496135404
66,137,-0.744782855709
67,140,-0.910893079747
68,141,-1.20289800711
69,12,-0.711674509871
70,142,-1.08029795072
71,143,-0.20587759569
72,13,-1.24026418484
73,144,-1.00281546756
74,145,-1.04591011908
75,146,-0.976605198333
76,147,-1.26675912914
77,148,-1.03708924084
78,151,-1.22286357017
79,150,-1.11968627073
80,14,-0.941207695118
81,154,-0.783984666421
82,55,-0.570710101651
83,156,-0.997524520754
84,15,-1.04741415319
85,158,-0.536598147561
86,159,-0.881513323792
87,160,-1.17353808765
88,161,-1.15952610216
89,16,-0.897501266897
90,163,-0.713019149954
91,165,-1.35920980216
92,166,-0.666526830795
93,426,-1.35480997792
94,423,-1.51264086238
95,174,-1.04756176555
96,175,-1.12774616894
97,176,-1.20621101018
98,177,-1.10986893601
99,178,-1.13089601753
100,181,-0.965047102854
101,183,-1.19728891187
102,184,-1.02096873581
103,188,-1.35656347012
104,189,-0.31995004486
105,190,-1.45373120759
106,438,-0.749360201984
107,193,-0.91147099419
108,196,-1.06238138692
109,195,-0.612560548092
110,18,-1.28218422484
111,197,-0.887502723742
112,199,-1.1142194422
113,200,-1.10047392506
114,388,-1.21028257727
115,201,-1.16177198559
116,202,-0.735996121384
117,204,-1.20563004471
118,19,-0.717707257471
119,207,-1.30860181361
120,214,-0.478873016801
121,217,-1.33213273949
122,219,-0.898023830564
123,220,-1.03752037749
124,222,-1.10604519513
125,225,-1.30619797413
126,226,-0.887261456517
127,378,-0.888899979512
128,230,-1.08740124328
129,232,-1.08231983478
130,236,-1.30115974546
131,23,-0.786615977899
132,237,-0.832581984812
133,238,-0.949900151184
134,425,-1.18082324325
135,240,-0.676706860129
136,413,-1.19621042696
137,242,-1.17941621342
138,245,-1.13761121309
139,244,-1.08876166425
140,25,-0.853869800752
141,440,-1.13603359902
142,248,-1.14648161567
143,251,-0.999889003514
144,256,-1.44365083995
145,257,-0.928489894098
146,259,-1.01876615171
147,260,-0.996891834342
148,56,-1.16357699773
149,261,-1.16062064044
150,262,-1.21186616196
151,29,1.2851857827
152,266,-1.03533944903
153,267,-0.959579108715
154,441,-1.13460863467
155,30,-0.868145580085
156,424,-1.41911413044
157,273,-1.12518282806
158,274,-1.09215937382
159,276,-1.35519817602
160,278,-0.799185121866
161,280,-1.43545474618
162,534,-1.06949170082
163,283,-0.722254757787
164,284,-0.579115243181
165,286,-0.882293608338
166,287,-1.29191213141
167,444,-1.1940624408
168,289,-0.863383104714
169,290,-0.902079768084
170,291,-1.03648866615
171,293,-0.926265694041
172,292,-0.771932675254
173,32,-1.0498026849
174,294,-0.85633956584
175,295,-1.38403057711
176,296,-0.971395734101
177,298,-0.955865136648
178,299,-1.09289692562
179,442,-1.08733818268
180,301,-1.02837139463
181,33,-0.606610842935
182,305,-1.16169623616
183,381,-1.03904230903
184,310,-1.43805097843
185,57,-0.760529545148
186,315,-1.2166686227
187,316,-1.34639381687
188,320,-1.03058212023
189,322,-1.28428958488
190,326,-0.742127431974
191,327,-0.913681789793
192,328,-0.727172118294
193,332,-1.21058900005
194,333,-0.623556685772
195,334,-1.21707938997
196,35,-1.07514101796
197,452,-1.01482243461
198,336,-0.89233592029
199,41,-0.995281142287
200,337,-1.28851295187
201,36,-0.874615016905
202,341,-0.779138482987
203,342,-1.19075044297
204,344,-1.01401256489
205,345,-1.10269611951
206,349,-0.709715942785
207,350,-0.903138224439
208,393,-0.666813428441
209,421,-1.18936432326
210,355,-1.35149797841
211,356,-0.8436065488
212,411,-1.08257749993
213,446,-1.55356297596
214,360,-0.898502597001
215,436,-1.28122054631
216,362,-1.15205862212
217,60,-0.88123038794
218,449,-1.41704513222
219,363,-1.3021758421
220,365,-0.938600715737
221,42,-0.718045484075
222,366,-1.05187623034
223,367,-1.02167683744
224,370,-1.13873544496
225,402,-1.15071736173
226,371,-0.732025766266
227,531,-0.944282500032
228,372,-1.01964286729
229,536,1.02780208144
230,44,0.42085266993
231,2,0.274700679177
232,45,1.46551464127
233,437,1.33156255721
234,46,1.61754908085
235,390,0.795942487831
236,51,0.670460591798
237,3,1.13659485875
238,58,1.38231673547
239,376,1.37100828412
240,62,1.42305159491
241,4,0.932111967585
242,64,1.1803560587
243,394,1.0044620372
244,410,0.731994172766
245,69,1.10219140599
246,72,1.29518087922
247,73,1.42996024776
248,395,1.0856340023
249,74,1.08137690579
250,75,1.22590475719
251,443,1.41018498358
252,448,1.13865259521
253,81,1.46097998882
254,82,1.53720725885
255,83,1.65231590339
256,84,1.33427785962
257,85,1.15048917407
258,86,1.11904480698
259,89,1.39840690394
260,92,1.13627083665
261,93,1.50871202987
262,94,0.726615622971
263,95,0.359865717061
264,96,1.15738213385
265,100,1.51643132926
266,101,0.471314785423
267,103,1.42937947798
268,105,1.25592161901
269,104,1.26941282066
270,106,1.09738748253
271,107,1.46319612073
272,417,0.955352846843
273,108,1.33852678686
274,377,0.986913412676
275,112,1.33330122664
276,10,1.22576142429
277,114,1.28289038603
278,116,1.28582003034
279,408,0.929056565055
280,120,1.58571452645
281,121,1.45061645921
282,123,1.29478131823
283,484,0.767489932116
284,124,1.27379466713
285,401,1.0830525275
286,126,1.25839471808
287,68,1.35881386182
288,382,0.853950504296
289,405,1.34445095264
290,138,1.32664765368
291,407,0.983236501759
292,487,0.52981654516
293,482,0.669730572305
294,383,1.19637850189
295,152,1.16263975903
296,153,0.594822294402
297,155,1.41932528235
298,157,1.23023982353
299,374,1.3042812617
300,472,1.25045744308
301,162,1.39695022152
302,455,1.09163523659
303,167,1.29648043269
304,168,1.03350194823
305,169,0.994921131482
306,17,1.44056723199
307,172,1.45733060104
308,485,1.13976701299
309,173,1.1312000743
310,389,1.39387755585
311,180,1.22215839116
312,182,1.20087449949
313,433,1.27947849239
314,186,1.22009340172
315,185,1.23168224322
316,191,1.17262764694
317,192,1.10895843057
318,457,1.35563375371
319,416,1.39307700627
320,419,1.46523049204
321,454,0.977916473276
322,194,0.974126073655
323,384,0.707381547805
324,430,0.985690668266
325,203,1.2012178481
326,205,1.2033796145
327,206,1.24041383969
328,209,1.60327937348
329,211,1.32543703222
330,212,1.646416478
331,213,0.719626181995
332,215,0.830033015948
333,216,1.18244376173
334,398,1.53509042766
335,218,1.37281428383
336,431,0.994245516361
337,221,1.15852944759
338,223,1.03103185849
339,479,0.570775535847
340,434,0.680382331794
341,227,1.31438872008
342,20,0.148448580047
343,228,1.29142933475
344,21,0.896839120039
345,233,1.1685892198
346,234,1.35026254309
347,235,1.41520152583
348,22,0.230975181603
349,239,1.031096088
350,241,1.30421019709
351,432,1.27405418157
352,24,1.02433507349
353,26,1.31839758827
354,246,1.30120654399
355,27,1.12302974306
356,404,0.612993055695
357,253,1.45664703513
358,254,1.44058752129
359,255,1.50773543215
360,480,1.20771993812
361,420,0.989111842345
362,447,1.1091689531
363,28,0.487689201879
364,263,1.44365866331
365,264,1.30955703036
366,379,1.47001456393
367,268,1.45963900159
368,269,0.869485502209
369,400,0.668215147617
370,270,0.803166449071
371,271,0.21034982491
372,272,1.42688603722
373,456,1.51091616405
374,275,0.824029719299
375,279,1.19251858409
376,281,1.29548670127
377,31,0.458992360149
378,282,1.28800357372
379,288,1.09118871368
380,300,1.51647303344
381,396,0.676481422388
382,303,0.984218817404
383,304,1.28947566591
384,306,1.06793755239
385,338,1.3707275292
386,308,1.01165531251
387,309,1.42854167652
388,311,1.59736643969
389,312,1.26079637734
390,483,0.764832464942
391,313,0.562678411846
392,34,1.34817288767
393,318,1.19975639707
394,317,0.99376800537
395,321,1.3646508217
396,323,0.95455754729
397,478,1.12416893523
398,325,1.1360449418
399,387,0.509020957559
400,329,1.18437651275
401,330,1.28662805511
402,331,1.14372096061
403,335,1.45473594193
404,392,1.1386220657
405,397,1.40882438121
406,340,1.35766180611
407,339,1.13674290544
408,37,1.25747264555
409,385,1.2325071576
410,346,1.41356377547
411,348,1.45043510912
412,351,1.45879799871
413,399,1.08147075799
414,450,1.09637227021
415,451,0.66998684527
416,352,1.38695700483
417,353,1.14698328342
418,357,0.841732301981
419,358,1.1547320967
420,359,1.35650429575
421,533,1.606401477
422,38,1.52567450668
423,361,1.32968732265
424,364,1.55557393804
425,369,1.33975963992
426,139,0.911357210807
427,231,-1.11595616119
428,224,-1.05123542919
429,78,1.33564781202
430,229,1.28998644923
431,297,-0.663683491458
432,458,-0.840189478426
433,493,-0.935931437495
434,459,-1.41936540388
435,525,-1.35806748151
436,488,-0.989650165933
437,461,1.4953708491
438,97,-1.31931577352
439,445,-1.4899101036
440,129,-0.921383319465
441,8,-0.862180751246
442,373,-0.640226594306
443,187,-1.46675944361
444,210,-1.35222528893
445,265,-1.37164941083
446,149,-1.78354821421
447,302,-1.10516084997
448,307,1.3761930951
449,319,-1.45653014887
450,164,-1.54934740452
451,324,-1.32015328403
452,347,-1.31805508189
453,354,-1.15437899147
454,460,-0.950187835282
455,208,-0.692811044014
456,510,1.46211653215
457,87,-1.32623272646
458,535,0.504871536315
459,538,0.616025325385
460,243,0.866591134642
461,277,1.31630534216
462,285,-0.891443360852
463,517,-0.978026626583
464,519,1.52246258588
465,9,1.15790262688
466,11,1.45498482077
467,515,1.43917303429
468,532,0.958325644618
469,115,0.9572532441
470,469,-0.745809902511
471,470,-0.260682620587
472,506,0.986586948654
473,490,-0.858828655677
474,471,-1.48191698062
475,476,0.490160937407
476,474,1.25236929201
477,477,-1.28475918732
478,499,1.20176159859
479,429,-1.33185184499
480,505,1.55446388728
481,179,1.45883717501
482,497,-1.37268365094
483,540,0.536648764552
484,541,1.13483435473
485,170,0.851651252458
486,427,0.718013813719
487,171,1.33551308623
488,502,-0.8232501585
489,486,-1.71021524529
490,504,-0.782589654356
491,492,-1.01665202787
492,542,1.0774831995
493,453,0.849443358337
494,526,1.16727580195
495,418,0.545272883759
496,198,-0.496838754579
497,508,0.912637236461
498,527,1.73477790733
499,509,1.29292087564
500,544,1.2484773377
501,507,0.1038439181
502,511,-0.771959608604
503,512,0.708927150513
504,491,-1.28714431228
505,258,1.41204712847
506,494,0.983665276216
507,247,1.10986727166
508,249,-1.20756080123
509,250,-0.405742119303
510,252,1.3380340992
511,513,1.12942196105
512,516,1.07652730655
513,514,-0.906020869784
514,545,0.406785614552
515,495,1.36265287357
516,518,0.618112939919
517,498,-1.69428962105
518,546,1.28517867733
519,380,1.34713203987
520,314,1.25147323626
521,500,1.06998288709
522,521,1.19001109845
523,523,0.59795601358
524,343,-1.22819108946
525,547,0.683479620645
526,501,1.33779722055
527,503,0.683979236839
528,415,1.26463239168
529,524,1.40755414921
530,473,-0.841722441592
531,368,0.938003704149
532,522,-0.939627112257
533,539,-0.900430017173
534,496,-1.09044232958
535,475,-1.28753737727
536,481,-0.699315372522
537,543,0.797305400328
538,528,1.2679560982
539,520,-0.966093593254
540,462,1.0657760022
541,463,-1.23380795792
542,464,-0.531112119164
543,465,-1.40144166632
544,467,1.46955647672
545,466,0.577234507807
546,468,-0.825191843814
547,489,0.953726397245
