,legislator,theta
0,39,-0.939159718372
1,530,-0.74209300418
2,40,-0.817638829541
3,375,-0.963685790977
4,0,-1.13993295146
5,1,-0.855622064784
6,43,-0.823362090274
7,414,-1.11854498852
8,47,-0.842480971309
9,48,-1.3142573599
10,49,-1.16592100337
11,50,-1.28722957567
12,52,-1.50297809522
13,53,-1.28861002416
14,529,-1.00022989427
15,59,-1.01820483591
16,61,-1.2964711403
17,439,-1.45115166575
18,63,-1.04224888898
19,412,-1.08021471567
20,5,-0.864011718266
21,65,-0.901362916764
22,66,-1.03449387695
23,67,-1.33289137328
24,70,-0.958507916051
25,6,-1.03521107591
26,7,-1.08820320459
27,537,-0.95403700799
28,71,-0.846317661765
29,76,-0.999384952893
30,77,-1.07107765015
31,79,-1.46110594377
32,80,-1.25088775109
33,54,-1.10495891799
34,88,-0.880179176764
35,90,-0.886557091477
36,406,-1.48438487523
37,435,-1.02255469101
38,91,-1.36715208326
39,391,-1.00227525126
40,386,-1.38145446756
41,428,-0.998717460376
42,98,-0.947815264542
43,99,-0.857331150967
44,102,-1.03698489919
45,422,-1.14622459466
46,409,-0.766783591572
47,109,-0.771751010005
48,110,-0.746273937272
49,403,-1.46721687562
50,111,-1.32836048734
51,113,-0.71964330082
52,117,-1.20720471758
53,118,-1.77180894875
54,119,-0.682834704623
55,122,-0.929336062667
56,125,-1.19502467587
57,127,-1.31931610051
58,128,-0.510052814634
59,130,-1.19024329895
60,131,-1.54922851057
61,132,-1.4796508342
62,133,-1.09339079314
63,134,-0.750185663656
64,135,-1.38843103444
65,136,-1.54207765833
66,137,-0.763715033393
67,140,-0.979612811178
68,141,-1.28828798252
69,12,-0.699737162635
70,142,-1.11639862779
71,143,-0.237467043957
72,13,-1.19841783247
73,144,-1.23231508598
74,145,-1.35953192539
75,146,-1.14206358604
76,147,-1.61069475309
77,148,-0.993514872952
78,151,-1.53759992785
79,150,-1.14185821748
80,14,-1.02943266754
81,154,-0.790107553131
82,55,-0.544930509894
83,156,-1.18149167572
84,15,-1.04288999069
85,158,-0.534680741402
86,159,-0.935795463411
87,160,-1.22574787333
88,161,-1.0805659329
89,16,-0.900241098214
90,163,-0.722451019327
91,165,-1.57292779665
92,166,-0.71682953003
93,426,-1.6016304815
94,423,-1.46491317755
95,174,-1.18901110626
96,175,-1.40170765805
97,176,-1.29433994986
98,177,-1.132715637
99,178,-1.25823978115
100,181,-1.1426510672
101,183,-1.24551985038
102,184,-1.1606398066
103,188,-1.2538826205
104,189,-0.309923107945
105,190,-1.56859100888
106,438,-0.689119802904
107,193,-1.01637691946
108,196,-1.2872918584
109,195,-0.63043277344
110,18,-1.48944516632
111,197,-0.761719439957
112,199,-0.980381760617
113,200,-1.19729677182
114,388,-1.30012568454
115,201,-1.45574379951
116,202,-0.732880681365
117,204,-1.37995830438
118,19,-0.772329782892
119,207,-1.34315114616
120,214,-0.489767977566
121,217,-1.43835747942
122,219,-0.804061378642
123,220,-1.00674327901
124,222,-1.25550441941
125,225,-1.58748517661
126,226,-0.92379681528
127,378,-0.847629641346
128,230,-1.07687028909
129,232,-1.14901704392
130,236,-1.47542189551
131,23,-0.809892542935
132,237,-0.714017496897
133,238,-1.05792565351
134,425,-1.3425307489
135,240,-0.703969331161
136,413,-1.28823689432
137,242,-1.013389755
138,245,-1.32673908977
139,244,-1.08093819707
140,25,-0.775125017643
141,440,-1.33858022354
142,248,-1.1561587839
143,251,-0.895893741279
144,256,-1.53616994376
145,257,-0.870203144382
146,259,-0.970370370491
147,260,-0.921613882123
148,56,-1.09266542942
149,261,-1.35852452987
150,262,-1.36604863418
151,29,1.17478317106
152,266,-0.989087769572
153,267,-1.01818378817
154,441,-1.27382965467
155,30,-1.00461832979
156,424,-1.42930111792
157,273,-1.23727312842
158,274,-1.13920830543
159,276,-1.73136379104
160,278,-0.893338850957
161,280,-1.61129572754
162,534,-1.2274260737
163,283,-0.701384021964
164,284,-0.639263847329
165,286,-0.943841332488
166,287,-1.49466181898
167,444,-1.25428894882
168,289,-0.961154337505
169,290,-0.867018701269
170,291,-1.24823935211
171,293,-1.07372120692
172,292,-0.875463577066
173,32,-0.925164800036
174,294,-0.892221318336
175,295,-1.4704838887
176,296,-0.86723829231
177,298,-0.913992430184
178,299,-1.2066455255
179,442,-1.16515682214
180,301,-1.24245011544
181,33,-0.633799350377
182,305,-1.32125624595
183,381,-1.30820794634
184,310,-1.44081679361
185,57,-0.890451669158
186,315,-1.23835951253
187,316,-1.37452916494
188,320,-1.15400763589
189,322,-1.44383831617
190,326,-0.820889779263
191,327,-1.01058775307
192,328,-0.816809449068
193,332,-1.17292278413
194,333,-0.60672433257
195,334,-1.36473542526
196,35,-1.19254488592
197,452,-0.998276540535
198,336,-0.854468771933
199,41,-0.959933711495
200,337,-1.44210414409
201,36,-0.881046004866
202,341,-0.758354297194
203,342,-1.40988715802
204,344,-1.03680794955
205,345,-1.04995792994
206,349,-0.794471752404
207,350,-0.876662468113
208,393,-0.796262197074
209,421,-1.20743738894
210,355,-1.44264036602
211,356,-0.956198449505
212,411,-1.00810363577
213,446,-1.86137611316
214,360,-0.975506520976
215,436,-1.38431095346
216,362,-1.43900137842
217,60,-0.867412547981
218,449,-1.46916442299
219,363,-1.37820446381
220,365,-1.12291171715
221,42,-0.729844998243
222,366,-0.93650011055
223,367,-1.23721486435
224,370,-1.36269181556
225,402,-1.32553518779
226,371,-0.712463059987
227,531,-1.02877115065
228,372,-1.02255375096
229,536,1.21807187296
230,44,0.3531695117
231,2,0.251248947064
232,45,1.70505961293
233,437,1.48151079913
234,46,1.70897626731
235,390,0.821733068619
236,51,0.58411254879
237,3,1.08863631277
238,58,1.41391561576
239,376,1.68083865249
240,62,1.455389445
241,4,0.945227924837
242,64,1.33580089515
243,394,0.887137402517
244,410,0.718454777532
245,69,1.15472558667
246,72,1.17424847265
247,73,1.43447356053
248,395,1.15567325315
249,74,0.978318414384
250,75,1.23293715612
251,443,1.34149504732
252,448,1.16237191363
253,81,1.61397981189
254,82,1.54743474933
255,83,1.65377182394
256,84,1.33676049631
257,85,1.22850493063
258,86,1.10519121016
259,89,1.44457532394
260,92,1.10789400222
261,93,1.93478278665
262,94,0.683237462436
263,95,0.343719565954
264,96,1.20937215917
265,100,1.54061271311
266,101,0.378288446742
267,103,1.5387088788
268,105,1.39316831714
269,104,1.49199420419
270,106,1.09175605212
271,107,1.42111721721
272,417,0.96204583105
273,108,1.40273135492
274,377,1.03582045591
275,112,1.4398675656
276,10,1.24727410777
277,114,1.37681736958
278,116,1.36096520422
279,408,0.900608528406
280,120,1.75068105894
281,121,1.61819981761
282,123,1.35276793097
283,484,0.756588291916
284,124,1.47901484651
285,401,1.1040630314
286,126,1.55763435065
287,68,1.41422391424
288,382,0.834671711629
289,405,1.39155875328
290,138,1.33173257324
291,407,0.99098453635
292,487,0.537190618806
293,482,0.686296795534
294,383,1.24802520338
295,152,1.12386820967
296,153,0.603727285278
297,155,1.57595398868
298,157,1.52876264659
299,374,1.40799661601
300,472,1.33214877285
301,162,1.5669685454
302,455,1.12188094924
303,167,1.37784044374
304,168,1.0440122892
305,169,1.03167990858
306,17,1.74059047279
307,172,1.52747604486
308,485,1.09848673431
309,173,1.22548997311
310,389,1.59157337873
311,180,1.12529458291
312,182,1.23593234601
313,433,1.55994854013
314,186,1.42436086112
315,185,1.34637190736
316,191,1.17212411193
317,192,1.19775146719
318,457,1.41449957172
319,416,1.62604776371
320,419,1.3704800186
321,454,1.087530737
322,194,1.03380126284
323,384,0.757044392146
324,430,1.04741525676
325,203,1.38655602812
326,205,1.219464096
327,206,1.27621493557
328,209,1.84891414237
329,211,1.48940366197
330,212,1.58604095708
331,213,0.679836635405
332,215,0.91892087059
333,216,1.24897058997
334,398,1.85324949873
335,218,1.34049065064
336,431,0.978873314063
337,221,1.05478009365
338,223,1.10644189207
339,479,0.585451772266
340,434,0.628287297785
341,227,1.71451511397
342,20,0.14782023298
343,228,1.52998604754
344,21,1.04085797635
345,233,1.20074096043
346,234,1.80353631006
347,235,1.78514924805
348,22,0.1593797607
349,239,1.06142418646
350,241,1.35981610819
351,432,1.28089913003
352,24,1.04518304336
353,26,1.41318431827
354,246,1.62339507008
355,27,1.13775850707
356,404,0.529363797562
357,253,1.91601299949
358,254,1.72508079414
359,255,1.55086650093
360,480,1.38704880315
361,420,1.01028888027
362,447,1.14019979361
363,28,0.431177507538
364,263,1.86374817051
365,264,1.42680344401
366,379,1.58526639859
367,268,1.59311282623
368,269,0.880741671004
369,400,0.602843559593
370,270,0.902311813208
371,271,0.174330972656
372,272,1.4658593266
373,456,2.09149299045
374,275,0.893022695309
375,279,1.25421418349
376,281,1.26027885838
377,31,0.428838110077
378,282,1.39480594848
379,288,1.06115369474
380,300,1.62686843868
381,396,0.661335498038
382,303,0.985139600674
383,304,1.38787553118
384,306,1.01010140325
385,338,1.46610347816
386,308,1.04483934134
387,309,1.54881341081
388,311,2.04936852273
389,312,1.22002711147
390,483,0.793605989517
391,313,0.606346199002
392,34,1.32771767249
393,318,1.41998411338
394,317,0.984216580189
395,321,1.78573767702
396,323,0.943674709934
397,478,1.08215671972
398,325,1.13177697883
399,387,0.471427279884
400,329,1.44554248685
401,330,1.37633834706
402,331,1.27998625068
403,335,1.64397610607
404,392,1.21958446864
405,397,1.61805156593
406,340,1.39470652891
407,339,1.28045872081
408,37,1.29547734748
409,385,1.22106530745
410,346,1.58109384033
411,348,1.42200756482
412,351,1.57193206751
413,399,1.13908624699
414,450,1.03714140429
415,451,0.640212636288
416,352,1.71393776481
417,353,1.04823424613
418,357,0.826482000345
419,358,1.39630259661
420,359,1.44180869088
421,533,1.51209034428
422,38,1.58293747658
423,361,1.4223843198
424,364,1.7549021853
425,369,1.45689442388
426,139,0.920126931125
427,231,-1.33464510009
428,224,-1.20187619673
429,78,1.552838116
430,229,1.33005510588
431,297,-0.697788880446
432,458,-0.860158120921
433,493,-1.04188308244
434,459,-1.61125753789
435,525,-0.540156622961
436,488,-0.888116197376
437,461,1.84996257574
438,97,-1.59579865476
439,445,-2.07958980989
440,129,-1.04526737934
441,8,-1.0258475783
442,373,-0.930285329369
443,187,-1.54536098475
444,210,-1.74052534364
445,265,-1.28321114987
446,149,-2.44925863444
447,302,-1.31867604394
448,307,1.59307364355
449,319,-1.69935239579
450,164,-1.71652931258
451,324,-1.4292310576
452,347,-1.40584318414
453,354,-1.22503845354
454,460,-1.00423236056
455,208,-0.763145168126
456,510,1.73487637954
457,87,-1.46897185945
458,535,0.744694775164
459,538,0.718268581615
460,243,0.859915250349
461,277,1.7121973221
462,285,-1.14470270026
463,517,-1.14854047145
464,519,1.7223801712
465,9,2.03633520629
466,11,2.20537233881
467,515,1.44147920201
468,532,1.02496485626
469,115,0.974181420838
470,469,-0.985876130239
471,470,-0.285959201697
472,506,1.36552026555
473,490,-1.01548100389
474,471,-1.61208508117
475,476,0.538914372281
476,474,1.5936095182
477,477,-1.46847740372
478,499,1.30292795065
479,429,-1.71327410758
480,505,1.4473407185
481,179,1.79402721015
482,497,-1.36334734172
483,540,0.40684233654
484,541,1.21070211685
485,170,1.03473562724
486,427,0.749149809771
487,171,2.21857680258
488,502,-0.973071840236
489,486,-2.01794191069
490,504,-1.04986371068
491,492,-1.08344110072
492,542,1.31297621858
493,453,0.926947708692
494,526,1.52075656563
495,418,0.716945233302
496,198,-0.482047137564
497,508,1.10743235896
498,527,1.48899251619
499,509,1.5476891583
500,544,1.78871575623
501,507,0.155584488173
502,511,-0.922724130275
503,512,0.692566099209
504,491,-1.1136272252
505,258,1.57244630906
506,494,1.44820109649
507,247,1.73054963086
508,249,-1.32638160796
509,250,-0.37753536757
510,252,1.55100057592
511,513,1.49688080244
512,516,1.14202525125
513,514,-1.05096750205
514,545,0.428024807909
515,495,2.40942866915
516,518,0.78056943455
517,498,-2.05414658056
518,546,1.45105957502
519,380,1.74468570381
520,314,1.64650422149
521,500,0.92772716593
522,521,1.79661576542
523,523,0.8002230878
524,343,-1.4332044901
525,547,0.887129406887
526,501,1.80734523721
527,503,0.859217081809
528,415,1.8934020681
529,524,1.9421933886
530,473,-0.940412740129
531,368,1.33001720223
532,522,-1.29522265096
533,539,-1.2438095033
534,496,-1.29014679046
535,475,-2.14805908052
536,481,-0.910836429877
537,543,0.781451281075
538,528,1.27833818773
539,520,-0.686672445435
540,462,1.95075236394
541,463,-1.45106911329
542,464,-0.677480642805
543,465,-1.49540913723
544,467,1.03303952946
545,466,1.12940829045
546,468,-0.572078769411
547,489,0.877783680746
