,legislator,theta
0,39,-0.999259336086
1,530,-0.72231523561
2,40,-0.778227181305
3,375,-1.05097637317
4,0,-1.14381947332
5,1,-0.886749491032
6,43,-0.860617678647
7,414,-1.09370971922
8,47,-0.921460274733
9,48,-1.19985592441
10,49,-1.035656097
11,50,-1.1869868506
12,52,-1.10136590057
13,53,-1.29287279769
14,529,-1.0598440974
15,59,-1.07701985475
16,61,-1.16347566031
17,439,-1.1028529915
18,63,-1.00183186238
19,412,-1.05993527282
20,5,-0.844963517396
21,65,-0.844632294372
22,66,-1.05705595645
23,67,-1.05939944846
24,70,-0.8393840394
25,6,-0.91469013987
26,7,-1.14599637569
27,537,-1.16343356533
28,71,-0.799328848384
29,76,-0.970847991494
30,77,-1.00834444602
31,79,-1.37748470074
32,80,-1.11168651297
33,54,-1.0931987056
34,88,-0.863851830192
35,90,-0.940381303594
36,406,-1.21765606697
37,435,-0.973800013032
38,91,-1.18370848938
39,391,-1.12741205517
40,386,-1.17732625267
41,428,-0.923218685635
42,98,-1.01310016985
43,99,-0.846410910063
44,102,-0.812120973548
45,422,-1.07729822096
46,409,-0.804271691828
47,109,-0.82509311195
48,110,-0.713092151647
49,403,-1.22854961202
50,111,-1.22297253011
51,113,-0.764937820896
52,117,-0.993138577941
53,118,-1.27525520943
54,119,-0.693825053504
55,122,-0.970058461084
56,125,-1.1058172448
57,127,-1.21892192471
58,128,-0.598789537712
59,130,-1.11067649942
60,131,-1.29440386709
61,132,-1.21575740243
62,133,-0.976700539585
63,134,-0.71705654601
64,135,-1.16072017261
65,136,-1.39598699659
66,137,-0.774790350799
67,140,-1.01043142006
68,141,-1.02510430223
69,12,-0.728844029824
70,142,-1.16041840782
71,143,-0.271041930191
72,13,-1.11294940588
73,144,-1.08944678054
74,145,-1.05503476278
75,146,-1.11620551932
76,147,-1.17915080458
77,148,-1.09312346186
78,151,-1.22214456657
79,150,-1.0425176926
80,14,-0.93667821567
81,154,-0.891274551669
82,55,-0.597687988322
83,156,-1.01157927793
84,15,-1.06241540755
85,158,-0.605862136351
86,159,-0.936116662545
87,160,-1.2110848228
88,161,-1.04843500439
89,16,-0.861584312474
90,163,-0.787019954809
91,165,-1.27173298359
92,166,-0.772282922671
93,426,-1.278138942
94,423,-1.35023305056
95,174,-1.03878462417
96,175,-1.1119529899
97,176,-1.10060294865
98,177,-1.02737597761
99,178,-1.15173938892
100,181,-1.07673115899
101,183,-1.17880359493
102,184,-1.02758743511
103,188,-1.32434509601
104,189,-0.357910075966
105,190,-1.36733098655
106,438,-0.759471801038
107,193,-0.950022361084
108,196,-1.11494122942
109,195,-0.615913246468
110,18,-1.25399764095
111,197,-0.867036197043
112,199,-1.09825487943
113,200,-1.06561579116
114,388,-1.08530033157
115,201,-1.26335633897
116,202,-0.839743390569
117,204,-1.17531858968
118,19,-0.716683352585
119,207,-1.24493476882
120,214,-0.543322182095
121,217,-1.28435597519
122,219,-0.919133443391
123,220,-1.07073845771
124,222,-1.15520046465
125,225,-1.29041957383
126,226,-0.87521825447
127,378,-0.789649798239
128,230,-1.02483800446
129,232,-1.0706564185
130,236,-1.22121726929
131,23,-0.87444935807
132,237,-0.696892559682
133,238,-1.13196163463
134,425,-1.14698079137
135,240,-0.681327688954
136,413,-1.13411331784
137,242,-1.00201648176
138,245,-1.18984318639
139,244,-1.00284777623
140,25,-0.828100776546
141,440,-1.09453661981
142,248,-1.09363234378
143,251,-1.03418210427
144,256,-1.36474317361
145,257,-0.988567359678
146,259,-0.931058642174
147,260,-1.04598935553
148,56,-0.981917040283
149,261,-1.20981518478
150,262,-1.21529331583
151,29,1.17151878871
152,266,-0.915685532171
153,267,-1.00655302499
154,441,-1.19818628149
155,30,-0.883336251715
156,424,-1.20435859049
157,273,-1.07115713162
158,274,-0.927923000281
159,276,-1.26632475638
160,278,-0.864216969515
161,280,-1.26011832595
162,534,-0.968681102557
163,283,-0.759948839071
164,284,-0.642598622505
165,286,-0.92825877952
166,287,-1.31543434901
167,444,-1.08450182574
168,289,-0.918346204531
169,290,-0.897654159441
170,291,-1.04158728456
171,293,-0.972767910393
172,292,-0.903735285745
173,32,-0.989154142537
174,294,-0.911563433635
175,295,-1.15066319048
176,296,-0.920012481058
177,298,-0.95155736234
178,299,-1.05657340268
179,442,-1.13023320687
180,301,-1.08724670765
181,33,-0.583098103973
182,305,-1.08300877506
183,381,-1.11481637221
184,310,-1.25706921055
185,57,-0.866584459767
186,315,-1.11161701469
187,316,-1.24411223722
188,320,-1.01750424897
189,322,-1.19578999163
190,326,-0.73885181958
191,327,-0.914902322076
192,328,-0.865386999237
193,332,-1.22463338094
194,333,-0.649120635959
195,334,-1.24565109429
196,35,-1.23520756648
197,452,-1.15772403312
198,336,-0.849365965193
199,41,-0.940033517389
200,337,-1.2307129277
201,36,-0.88903387452
202,341,-0.82846737959
203,342,-1.22396366772
204,344,-0.962468297462
205,345,-1.0330501432
206,349,-0.766779341752
207,350,-0.909795410528
208,393,-0.744393736508
209,421,-1.08609562109
210,355,-1.24463574213
211,356,-0.852904600907
212,411,-1.07747401782
213,446,-1.41136021704
214,360,-0.946609162657
215,436,-1.22937410812
216,362,-1.21613587285
217,60,-0.859209016725
218,449,-1.15524651163
219,363,-1.14738466325
220,365,-1.04011572112
221,42,-0.815275600446
222,366,-0.98452819658
223,367,-1.04576394194
224,370,-1.0815303749
225,402,-1.0959619586
226,371,-0.724965416776
227,531,-0.835344074333
228,372,-0.941461413564
229,536,1.14161199205
230,44,0.40688283448
231,2,0.201905270185
232,45,1.41200814952
233,437,1.29366593166
234,46,1.52936645786
235,390,0.803586522815
236,51,0.654745333234
237,3,1.17535369007
238,58,1.24739508951
239,376,1.39212505681
240,62,1.37685815329
241,4,0.954486955237
242,64,1.17429850304
243,394,0.983538068083
244,410,0.833940416886
245,69,1.24669143589
246,72,1.2698286667
247,73,1.25226835385
248,395,1.00938749072
249,74,1.1348129363
250,75,1.18263165045
251,443,1.30742355702
252,448,1.19130067112
253,81,1.43881134487
254,82,1.49327142828
255,83,1.54657879224
256,84,1.28295273819
257,85,1.14799709141
258,86,1.1383555877
259,89,1.43960457215
260,92,1.11321378793
261,93,1.2580372613
262,94,0.751382760924
263,95,0.419222619444
264,96,1.13517230818
265,100,1.28052087697
266,101,0.478618572352
267,103,1.42084979758
268,105,1.25787475512
269,104,1.20390188221
270,106,1.05696106877
271,107,1.43961153327
272,417,0.965247117923
273,108,1.34971208428
274,377,0.99468678293
275,112,1.28227120198
276,10,1.08058623561
277,114,1.23876636454
278,116,1.12291743109
279,408,0.99694516542
280,120,1.43492691991
281,121,1.3689640053
282,123,1.2587274729
283,484,0.730503041581
284,124,1.23580131873
285,401,1.15195008322
286,126,1.16555118073
287,68,1.30332207114
288,382,0.899408303251
289,405,1.25847635137
290,138,1.27697588476
291,407,1.032841851
292,487,0.562617378136
293,482,0.68557714423
294,383,1.11140212164
295,152,1.02293996852
296,153,0.70379953401
297,155,1.34746669281
298,157,1.21018304096
299,374,1.23208982157
300,472,1.2154752391
301,162,1.31500826529
302,455,1.15322306329
303,167,1.28439581279
304,168,1.03568632583
305,169,0.99242374634
306,17,1.49694045177
307,172,1.41759376099
308,485,1.09701431483
309,173,1.12406087671
310,389,1.30242338922
311,180,1.19214515035
312,182,1.11000202884
313,433,1.37828746521
314,186,1.28429449762
315,185,1.24757600013
316,191,1.04669918045
317,192,1.10925128993
318,457,1.32219003455
319,416,1.28331901841
320,419,1.38143578146
321,454,0.986032990187
322,194,1.03268864781
323,384,0.716397334
324,430,0.935778529538
325,203,1.16350765225
326,205,1.16927382978
327,206,1.23554119392
328,209,1.42376793089
329,211,1.26133641197
330,212,1.47625439386
331,213,0.721294181239
332,215,0.866091363539
333,216,1.09147475165
334,398,1.4623929505
335,218,1.30914257351
336,431,1.06483256443
337,221,1.12581958592
338,223,1.12455518268
339,479,0.582027418711
340,434,0.71512411931
341,227,1.2849599548
342,20,0.108741436332
343,228,1.19620003447
344,21,0.906225017638
345,233,1.22481229261
346,234,1.2817093303
347,235,1.37018288104
348,22,0.185039525725
349,239,1.0369321473
350,241,1.31816503904
351,432,1.28103325616
352,24,1.0805676547
353,26,1.21254937765
354,246,1.34445136288
355,27,1.14964883111
356,404,0.594171040868
357,253,1.39852677451
358,254,1.33118459463
359,255,1.18805337058
360,480,1.15346066283
361,420,0.961872955815
362,447,1.17617832326
363,28,0.426033703737
364,263,1.46696654705
365,264,1.40562560147
366,379,1.34997947788
367,268,1.29828812318
368,269,0.962876632642
369,400,0.664261023277
370,270,0.84363568386
371,271,0.213205842169
372,272,1.34522377788
373,456,1.51978758468
374,275,0.905286543915
375,279,1.22144001317
376,281,1.2950090986
377,31,0.425705331963
378,282,1.37801078434
379,288,1.01919709994
380,300,1.31331394002
381,396,0.70594026658
382,303,0.990306009867
383,304,1.29165228159
384,306,1.10140339393
385,338,1.38981095546
386,308,1.05873044404
387,309,1.35201885282
388,311,1.39720381918
389,312,1.3314898483
390,483,0.825966042323
391,313,0.637302058767
392,34,1.29880861222
393,318,1.14601004628
394,317,1.08418328498
395,321,1.42971740831
396,323,0.989301527773
397,478,1.03251161424
398,325,1.07043760172
399,387,0.526143698032
400,329,1.23341897795
401,330,1.18559468727
402,331,1.19363417067
403,335,1.38091905922
404,392,1.16238982934
405,397,1.3192520124
406,340,1.20904073229
407,339,1.11654122309
408,37,1.20664176298
409,385,1.17094881752
410,346,1.36781007896
411,348,1.31214611175
412,351,1.22790151459
413,399,1.1106176295
414,450,1.15870347975
415,451,0.74401741846
416,352,1.29587040814
417,353,1.07697800329
418,357,0.835412846963
419,358,1.21491806667
420,359,1.45681712123
421,533,1.26430697112
422,38,1.38372065425
423,361,1.24914757523
424,364,1.45828976161
425,369,1.37330923785
426,139,0.901624605513
427,231,-1.13957854017
428,224,-0.972673025368
429,78,1.24622310506
430,229,1.26570342249
431,297,-0.75717573198
432,458,-0.823235246337
433,493,-1.18501452336
434,459,-1.38184539276
435,525,-0.528142734235
436,488,-0.959524399524
437,461,1.35551474974
438,97,-1.35818141252
439,445,-1.25542900832
440,129,-0.955897041421
441,8,-0.986021120127
442,373,-0.710061690763
443,187,-1.40527619487
444,210,-1.03778678097
445,265,-0.854046923053
446,149,-1.48950622307
447,302,-0.951920861146
448,307,1.06296275648
449,319,-1.31153321864
450,164,-1.13398204015
451,324,-1.04331170555
452,347,-1.01280874601
453,354,-1.21991372663
454,460,-0.883956640168
455,208,-0.645066955624
456,510,1.33317832086
457,87,-1.40584973928
458,535,0.402605480728
459,538,0.529436258805
460,243,0.918774681836
461,277,1.16991394467
462,285,-0.84235676312
463,517,-1.06475379175
464,519,1.2055294881
465,9,1.10261024344
466,11,1.29719004419
467,515,1.50414930346
468,532,0.795452180236
469,115,0.950441983577
470,469,-0.792818813255
471,470,-0.261325920705
472,506,0.942476189494
473,490,-0.847081330552
474,471,-1.21843972971
475,476,0.469684626132
476,474,1.08871215526
477,477,-1.3158033943
478,499,1.00944420305
479,429,-1.09850044981
480,505,1.39849904813
481,179,1.2626459345
482,497,-1.07459782522
483,540,0.434115564466
484,541,1.20643312573
485,170,0.86402406929
486,427,0.613010383114
487,171,1.21180308434
488,502,-0.840588477966
489,486,-1.59216450795
490,504,-0.796679991569
491,492,-0.891518068911
492,542,1.00569023147
493,453,0.667560940795
494,526,1.10795093521
495,418,0.65978771335
496,198,-0.482614551693
497,508,1.02579973523
498,527,1.97734505899
499,509,1.14782466569
500,544,1.19802852818
501,507,0.207812415136
502,511,-0.626946202211
503,512,0.617881975972
504,491,-1.34893703642
505,258,1.28196306993
506,494,1.10275265265
507,247,1.16992231311
508,249,-1.05934811629
509,250,-0.385377300867
510,252,1.15286012936
511,513,1.09548373123
512,516,1.01883305196
513,514,-0.822198429027
514,545,0.306290793828
515,495,1.10421127742
516,518,0.610342653799
517,498,-1.50812865935
518,546,1.13624922584
519,380,1.2186445652
520,314,1.12576594493
521,500,0.9286446095
522,521,1.25717831627
523,523,0.663788427535
524,343,-1.24307300111
525,547,0.820219812804
526,501,1.08621518444
527,503,0.477464254042
528,415,0.920848139831
529,524,1.27294526796
530,473,-0.784054765341
531,368,1.0220674581
532,522,-1.10070787319
533,539,-0.841706666938
534,496,-1.01984706872
535,475,-1.25661692441
536,481,-0.737857022262
537,543,0.667469104566
538,528,1.03477207121
539,520,-0.651513359803
540,462,0.72665466936
541,463,-1.19752647314
542,464,-0.647009577031
543,465,-1.20296886094
544,467,1.7012908145
545,466,1.10573751763
546,468,-0.830149979617
547,489,0.741727406714
