,legislator,theta
0,39,-0.967596187189
1,530,-0.850059483737
2,40,-0.833087875418
3,375,-0.977045679748
4,0,-1.06134743497
5,1,-1.04279068424
6,43,-0.924517957626
7,414,-0.858502799964
8,47,-0.921877284015
9,48,-1.05184853723
10,49,-0.946995229808
11,50,-1.167150488
12,52,-1.15033308876
13,53,-1.15485843927
14,529,-1.03699550954
15,59,-1.03401234447
16,61,-1.04792116692
17,439,-1.03996194528
18,63,-0.970505095692
19,412,-0.980984875854
20,5,-0.945912442729
21,65,-1.11116781064
22,66,-1.02986918506
23,67,-1.02954658109
24,70,-0.844153387836
25,6,-1.04074694496
26,7,-1.09532803216
27,537,-1.1093640857
28,71,-0.947977167332
29,76,-1.02249270864
30,77,-0.987359014728
31,79,-1.07314965751
32,80,-1.07014709254
33,54,-1.07995506857
34,88,-1.00432042114
35,90,-0.932378850043
36,406,-1.07216498036
37,435,-1.04420706037
38,91,-1.03818988493
39,391,-1.11917340266
40,386,-1.13788805694
41,428,-1.04048579212
42,98,-1.06069251797
43,99,-0.885570106312
44,102,-0.967760489251
45,422,-1.0385239213
46,409,-0.850694406145
47,109,-1.08787889675
48,110,-0.908268730916
49,403,-1.05375527781
50,111,-1.08305474197
51,113,-0.9135388061
52,117,-1.0133062709
53,118,-1.14420664296
54,119,-0.802890950072
55,122,-1.07650063111
56,125,-1.04161050039
57,127,-1.13228603071
58,128,-0.737855357941
59,130,-1.07051055807
60,131,-1.00931828327
61,132,-1.04505137679
62,133,-0.963764871021
63,134,-0.830523565827
64,135,-1.13134690302
65,136,-1.08855200445
66,137,-0.947251188157
67,140,-0.938647231117
68,141,-1.16271988588
69,12,-0.813129160768
70,142,-1.12450576099
71,143,-0.409344264211
72,13,-0.98083195043
73,144,-1.01213300783
74,145,-1.08914234342
75,146,-0.99386154962
76,147,-1.10918539821
77,148,-1.00365039874
78,151,-1.11927015183
79,150,-1.08112556333
80,14,-0.997857318141
81,154,-0.891167644139
82,55,-0.802283488946
83,156,-1.09379097483
84,15,-1.09465367173
85,158,-0.773084715035
86,159,-0.963864129045
87,160,-1.10976028045
88,161,-1.08789786295
89,16,-0.973672800473
90,163,-0.86961871554
91,165,-1.06025562084
92,166,-0.902998297176
93,426,-1.10551746315
94,423,-1.01495036566
95,174,-0.994559369436
96,175,-1.12244136122
97,176,-1.09580753583
98,177,-1.03094265328
99,178,-1.05131209239
100,181,-1.11796351371
101,183,-1.16596592488
102,184,-0.963024472833
103,188,-1.1583706804
104,189,-0.430510733527
105,190,-1.07623923806
106,438,-0.89971097295
107,193,-1.03993733537
108,196,-1.00290208956
109,195,-0.782565149054
110,18,-1.07207261771
111,197,-0.949271616706
112,199,-1.09902634692
113,200,-0.979202870085
114,388,-1.01882451218
115,201,-1.14447120891
116,202,-0.968475480001
117,204,-1.01401978219
118,19,-0.871166233008
119,207,-1.0731183358
120,214,-0.736457190892
121,217,-1.10289586209
122,219,-0.923325854127
123,220,-0.984804013961
124,222,-0.974136935211
125,225,-1.19900065408
126,226,-1.04558062278
127,378,-0.902997015831
128,230,-0.946466174559
129,232,-1.13101666501
130,236,-1.01808122082
131,23,-0.87045182545
132,237,-1.02007543514
133,238,-1.0389720343
134,425,-1.12047191436
135,240,-0.91253809258
136,413,-1.07497502039
137,242,-1.01556535015
138,245,-1.09682283053
139,244,-1.11731373407
140,25,-0.979627654635
141,440,-1.08318948471
142,248,-1.08424117454
143,251,-1.07493990747
144,256,-1.12479098795
145,257,-1.03607696155
146,259,-1.01681980065
147,260,-1.1325280541
148,56,-1.12421984275
149,261,-1.16744218027
150,262,-1.09593009379
151,29,1.12543911988
152,266,-1.00847066059
153,267,-1.11407473986
154,441,-1.07859994704
155,30,-1.05738151694
156,424,-1.09467674256
157,273,-1.14712648688
158,274,-1.07724968553
159,276,-1.15472360209
160,278,-0.949171090345
161,280,-1.08751605154
162,534,-1.16543108886
163,283,-1.02081654161
164,284,-0.809321945085
165,286,-1.01881745478
166,287,-1.12231717015
167,444,-1.00002329565
168,289,-1.00447244082
169,290,-0.917986512743
170,291,-1.06490110316
171,293,-1.08085106877
172,292,-0.981016675293
173,32,-1.15242127621
174,294,-0.940106231851
175,295,-1.21253446549
176,296,-1.01658447784
177,298,-1.06043595072
178,299,-1.028020376
179,442,-1.10611965769
180,301,-1.10563954703
181,33,-0.849937444546
182,305,-1.09633519513
183,381,-1.03575237087
184,310,-1.05172754804
185,57,-0.946272836299
186,315,-0.9823357336
187,316,-1.0240458885
188,320,-1.06525673788
189,322,-1.15717959825
190,326,-0.874095119314
191,327,-0.954478539927
192,328,-1.04276215488
193,332,-0.996947019703
194,333,-0.744751804319
195,334,-1.01437248673
196,35,-1.04338906213
197,452,-1.12896426576
198,336,-0.996425954512
199,41,-0.952474043165
200,337,-1.07419098649
201,36,-0.902179574968
202,341,-0.880647275389
203,342,-1.09578400522
204,344,-0.984632094416
205,345,-1.06274362256
206,349,-0.881686596146
207,350,-0.900867863899
208,393,-0.877693897575
209,421,-1.09216034054
210,355,-1.17471124563
211,356,-1.02870686771
212,411,-1.03898009922
213,446,-1.06876650845
214,360,-1.05252553122
215,436,-1.13595080862
216,362,-1.11066931766
217,60,-0.882448735281
218,449,-1.12872506722
219,363,-1.12694232501
220,365,-1.04367349804
221,42,-0.875404195909
222,366,-1.03850264959
223,367,-1.0950747442
224,370,-1.11478308989
225,402,-1.09147553575
226,371,-0.897339817316
227,531,-1.07170741773
228,372,-1.11467469568
229,536,1.176990606
230,44,0.575339132205
231,2,0.38961225964
232,45,1.24814324253
233,437,1.24663474128
234,46,1.1467973143
235,390,0.96447995139
236,51,0.906226905306
237,3,1.15993356769
238,58,1.32929188106
239,376,1.14309041875
240,62,1.16753848261
241,4,1.01035394119
242,64,1.1099856503
243,394,1.05154135195
244,410,0.984294366506
245,69,1.14612136952
246,72,1.25170994149
247,73,1.27875334849
248,395,1.05002426315
249,74,1.17862318405
250,75,1.15995377653
251,443,1.17164519298
252,448,1.14764999234
253,81,1.17646326654
254,82,1.27712795369
255,83,1.13557070251
256,84,1.26648218241
257,85,1.24168325208
258,86,1.11039806519
259,89,1.11951181287
260,92,1.21570757867
261,93,1.34650467746
262,94,0.929070230347
263,95,0.506169147752
264,96,1.22713618417
265,100,1.17040325992
266,101,0.685026171443
267,103,1.24596817267
268,105,1.22952597365
269,104,1.29309420706
270,106,1.10062708823
271,107,1.26149274453
272,417,1.12746074567
273,108,1.2481685346
274,377,1.12285381173
275,112,1.25586671401
276,10,1.17273270641
277,114,1.23521756395
278,116,1.17287116584
279,408,0.97591396574
280,120,1.14986174433
281,121,1.30483740446
282,123,1.12298013884
283,484,0.939258565276
284,124,1.2543497037
285,401,1.15511076294
286,126,1.29175409489
287,68,1.14394090586
288,382,0.983675074858
289,405,1.25362739044
290,138,1.27681589888
291,407,1.13260149216
292,487,0.595346631821
293,482,0.851850610239
294,383,1.12522493276
295,152,1.08003566417
296,153,0.804166875391
297,155,1.16896149951
298,157,1.230299583
299,374,1.16887747806
300,472,1.15715701467
301,162,1.27348301655
302,455,1.20505654931
303,167,1.14455033013
304,168,1.04336319587
305,169,1.06890608072
306,17,1.27199754823
307,172,1.22510607255
308,485,1.19405049675
309,173,1.15531443719
310,389,1.24176227386
311,180,1.10388098663
312,182,1.22278422679
313,433,1.22278746727
314,186,1.16924870813
315,185,1.23867762669
316,191,1.22159159755
317,192,1.09764751292
318,457,1.22650721101
319,416,1.31717567688
320,419,1.22304160685
321,454,1.20473367408
322,194,1.07887554116
323,384,0.898053637741
324,430,1.10701966058
325,203,1.15695456187
326,205,1.18247463264
327,206,1.16793355387
328,209,1.11951120413
329,211,1.22870875319
330,212,1.18671275142
331,213,0.896122283863
332,215,1.08339052819
333,216,1.21728649158
334,398,1.31918925622
335,218,1.28481004349
336,431,1.15381208942
337,221,1.14978798508
338,223,1.03964993886
339,479,0.789672646546
340,434,0.881456307018
341,227,1.04914480727
342,20,0.136669755775
343,228,1.30063784265
344,21,0.961820138261
345,233,1.16779276456
346,234,1.18841455286
347,235,1.31871996067
348,22,0.326918416893
349,239,1.1425971567
350,241,1.20995203727
351,432,1.29018810349
352,24,1.1196328707
353,26,1.20442392076
354,246,1.27907153727
355,27,1.12340256451
356,404,0.745655795166
357,253,1.27182394895
358,254,1.27279865537
359,255,1.18540495466
360,480,1.3017449735
361,420,1.2249880212
362,447,1.14395034574
363,28,0.534836486176
364,263,1.33240650234
365,264,1.20707746584
366,379,1.17440123084
367,268,1.20957901732
368,269,1.04787043413
369,400,0.89818124983
370,270,1.02233786667
371,271,0.306640704328
372,272,1.15745955346
373,456,1.29784289618
374,275,0.980368929994
375,279,1.16055475265
376,281,1.19665343985
377,31,0.558202988464
378,282,1.3872660365
379,288,1.08577565408
380,300,1.2053495763
381,396,0.925731820007
382,303,1.02900144282
383,304,1.26145530519
384,306,1.19591208865
385,338,1.22611755294
386,308,1.09125705211
387,309,1.31104861534
388,311,1.30330349052
389,312,1.17189778875
390,483,1.00823278223
391,313,0.852447450666
392,34,1.27148768728
393,318,1.22120011652
394,317,1.12003615786
395,321,1.14249045156
396,323,1.1342830703
397,478,1.17829359059
398,325,1.09010655376
399,387,0.594658160031
400,329,1.16034835512
401,330,1.22546215312
402,331,1.18106809059
403,335,1.23547358375
404,392,1.15298743025
405,397,1.07140293047
406,340,1.21433890395
407,339,1.15015124422
408,37,1.13449811016
409,385,1.18612091425
410,346,1.28647602889
411,348,1.28765960732
412,351,1.10954637409
413,399,1.11868172878
414,450,1.15588050064
415,451,0.751320656975
416,352,1.09089439367
417,353,1.12515591311
418,357,0.976174108448
419,358,1.08999583993
420,359,1.26562694943
421,533,1.25632924696
422,38,1.23705813328
423,361,1.18868615984
424,364,1.25992006233
425,369,1.25593357629
426,139,1.04653090327
427,231,-1.20019984378
428,224,-1.03429142444
429,78,1.20142996565
430,229,1.24242215501
431,297,-0.851304090442
432,458,-0.862172807021
433,493,-1.07431964839
434,459,-1.05479706521
435,525,-0.815810668607
436,488,-0.973836811659
437,461,1.21669450529
438,97,-1.02726967127
439,445,-1.06401649338
440,129,-0.858820185889
441,8,-0.972509399505
442,373,-0.792867612888
443,187,-0.950598702477
444,210,-0.803825608446
445,265,-1.08699422919
446,149,-0.960386516245
447,302,-0.956494016409
448,307,1.12412830596
449,319,-0.964067106227
450,164,-1.05696545765
451,324,-1.06406376258
452,347,-0.926963370473
453,354,-0.969654676429
454,460,-1.02260237359
455,208,-0.878889553602
456,510,0.99808708844
457,87,-0.87495510798
458,535,0.56828091925
459,538,0.573380958321
460,243,0.807136684956
461,277,0.820209910788
462,285,-1.01923432676
463,517,-0.947266337897
464,519,1.03779093759
465,9,0.96914210448
466,11,0.980151177018
467,515,1.05075696993
468,532,0.777546447372
469,115,1.03622792849
470,469,-0.987290124963
471,470,-0.319721506102
472,506,0.956773254858
473,490,-0.764252066387
474,471,-1.03523773893
475,476,0.418734626835
476,474,1.00952845729
477,477,-1.17363692574
478,499,1.07779863509
479,429,-1.05643184783
480,505,0.798342390999
481,179,1.01645456178
482,497,-1.03698132944
483,540,0.43107613782
484,541,0.928419070781
485,170,1.01670640096
486,427,0.615709834107
487,171,1.03346218393
488,502,-0.816120882924
489,486,-0.986115968997
490,504,-0.780725415209
491,492,-1.03290457803
492,542,0.859986014695
493,453,0.945722586532
494,526,0.89119736365
495,418,0.766211019619
496,198,-0.640568142541
497,508,0.817681066737
498,527,1.07084428027
499,509,1.10232259172
500,544,0.973379297278
501,507,0.400937576131
502,511,-0.797249292347
503,512,0.599461388889
504,491,-1.01915925978
505,258,1.02706349067
506,494,1.10644606429
507,247,0.783643444004
508,249,-0.942420991257
509,250,-0.484251719963
510,252,1.00195184587
511,513,0.939422779451
512,516,1.00686574514
513,514,-0.769733217225
514,545,0.599614157707
515,495,1.29347727681
516,518,0.773594062072
517,498,-1.09069031455
518,546,0.945110271736
519,380,1.04431215027
520,314,0.917957839565
521,500,0.827228328191
522,521,0.868931047739
523,523,0.786278877089
524,343,-0.87224698165
525,547,0.76381117012
526,501,0.99375996159
527,503,0.66312096924
528,415,0.946226739649
529,524,0.933062965646
530,473,-0.974401756177
531,368,0.901982328804
532,522,-0.971457943253
533,539,-1.008260405
534,496,-1.15701463296
535,475,-1.19717772841
536,481,-0.882768124821
537,543,0.634623399681
538,528,0.936229535417
539,520,-0.635901668521
540,462,0.962683245207
541,463,-1.13186275755
542,464,-0.884248109931
543,465,-1.16689146753
544,467,1.07362219242
545,466,0.612734369806
546,468,-0.783521465335
547,489,1.06654418875
