,legislator,theta
0,39,-0.959318198275
1,530,-0.835632103764
2,40,-0.793816368209
3,375,-0.896861637639
4,0,-1.13773090524
5,1,-0.851105136977
6,43,-0.809642051867
7,414,-1.05317176222
8,47,-0.983387479319
9,48,-1.21682705597
10,49,-0.965224331596
11,50,-1.28840153377
12,52,-1.13237963356
13,53,-1.35194632359
14,529,-0.847681846526
15,59,-1.00579557828
16,61,-1.23960108675
17,439,-1.14496976704
18,63,-0.931918078702
19,412,-0.972007373501
20,5,-0.805194942678
21,65,-0.923423131242
22,66,-1.04481728121
23,67,-1.17574540617
24,70,-0.905881856395
25,6,-0.970958141931
26,7,-1.15696468361
27,537,-1.0794252008
28,71,-0.752206690136
29,76,-0.974650117642
30,77,-1.04391741952
31,79,-1.38992447513
32,80,-1.08720523299
33,54,-1.05193807608
34,88,-0.873725867201
35,90,-0.891351835932
36,406,-1.2592294534
37,435,-0.926929117185
38,91,-1.22860865155
39,391,-0.996770891406
40,386,-1.22481506777
41,428,-0.975549623816
42,98,-0.992235513362
43,99,-0.91748141079
44,102,-0.910707106548
45,422,-1.03554012853
46,409,-0.736813443168
47,109,-0.812391220135
48,110,-0.636027199614
49,403,-1.24720493965
50,111,-1.15635115743
51,113,-0.760300447013
52,117,-0.989456133721
53,118,-1.34642777834
54,119,-0.705525105352
55,122,-1.02722988019
56,125,-1.08288110602
57,127,-1.28139734604
58,128,-0.49895556231
59,130,-1.00708627581
60,131,-1.33789336351
61,132,-1.28199623084
62,133,-0.9640492779
63,134,-0.790197582559
64,135,-1.19486148694
65,136,-1.40175550592
66,137,-0.736677663718
67,140,-0.981224305537
68,141,-1.16416742438
69,12,-0.740858012888
70,142,-1.0986364437
71,143,-0.231376583826
72,13,-1.17207318135
73,144,-1.09150235211
74,145,-1.11016145316
75,146,-0.999439032184
76,147,-1.31315599889
77,148,-1.075314771
78,151,-1.21500234341
79,150,-1.09868994304
80,14,-0.896078258048
81,154,-0.856457274821
82,55,-0.5866076813
83,156,-1.02435712161
84,15,-1.0317858374
85,158,-0.562041210217
86,159,-0.969326532884
87,160,-1.19070994314
88,161,-1.1764790821
89,16,-0.897745234513
90,163,-0.71524000729
91,165,-1.36237684968
92,166,-0.749181495577
93,426,-1.27840279968
94,423,-1.3848035742
95,174,-1.08864228515
96,175,-1.11566077814
97,176,-1.21033346455
98,177,-1.01944382506
99,178,-1.13788534878
100,181,-1.00115419788
101,183,-1.19180095611
102,184,-0.985061299047
103,188,-1.28070572423
104,189,-0.315718147779
105,190,-1.39278172055
106,438,-0.770853307731
107,193,-0.95617550656
108,196,-1.16653965844
109,195,-0.557915922345
110,18,-1.33188025071
111,197,-0.908047479883
112,199,-1.08439600609
113,200,-1.09106084504
114,388,-1.11696679653
115,201,-1.26977636967
116,202,-0.752316793752
117,204,-1.225093654
118,19,-0.777216957564
119,207,-1.25997395746
120,214,-0.526552910675
121,217,-1.36834514399
122,219,-0.922751399043
123,220,-1.0427226122
124,222,-1.18092625536
125,225,-1.37700031909
126,226,-0.866689347246
127,378,-0.815884524585
128,230,-0.98389382425
129,232,-1.04357150527
130,236,-1.23891485563
131,23,-0.799342053376
132,237,-0.773479322748
133,238,-1.08528409229
134,425,-1.13114143745
135,240,-0.68552748204
136,413,-1.10646036963
137,242,-1.04975839961
138,245,-1.17366302516
139,244,-1.03184516014
140,25,-0.875669849266
141,440,-1.0838676029
142,248,-1.05394318938
143,251,-1.01881586563
144,256,-1.45352658151
145,257,-0.983148482238
146,259,-0.961210013318
147,260,-0.994458328217
148,56,-1.10569508052
149,261,-1.2483948019
150,262,-1.23444187748
151,29,1.22818548488
152,266,-0.958380278843
153,267,-1.01523511736
154,441,-1.22921235081
155,30,-0.843737380429
156,424,-1.32253164149
157,273,-1.05578122169
158,274,-1.01066425075
159,276,-1.22870122075
160,278,-0.80583896273
161,280,-1.3240842907
162,534,-0.928688654471
163,283,-0.727141850795
164,284,-0.632104281692
165,286,-0.925456184096
166,287,-1.2415321571
167,444,-1.1231322548
168,289,-0.994810987286
169,290,-0.837046379224
170,291,-1.03289321587
171,293,-1.0249184667
172,292,-0.92565553456
173,32,-1.02051449407
174,294,-0.825043206444
175,295,-1.19416902222
176,296,-0.979048261783
177,298,-0.959307552542
178,299,-1.1496878243
179,442,-1.09399463002
180,301,-1.05078702864
181,33,-0.663153643872
182,305,-1.0646003128
183,381,-1.13606737322
184,310,-1.34371370725
185,57,-0.857591775492
186,315,-1.12784844272
187,316,-1.39304367769
188,320,-0.986599527885
189,322,-1.26138071412
190,326,-0.717501002373
191,327,-0.937938445107
192,328,-0.830119839229
193,332,-1.28062244917
194,333,-0.567664793277
195,334,-1.21580809505
196,35,-1.11243860598
197,452,-1.04209011435
198,336,-0.963671764378
199,41,-1.01628336646
200,337,-1.23302116135
201,36,-0.883713326431
202,341,-0.806284246318
203,342,-1.18356431898
204,344,-0.992676808444
205,345,-0.974001597609
206,349,-0.77035125108
207,350,-0.867788537048
208,393,-0.747446595657
209,421,-1.12403000874
210,355,-1.22861913654
211,356,-0.832674682263
212,411,-1.05800680456
213,446,-1.4590284811
214,360,-0.895063580232
215,436,-1.22940755844
216,362,-1.25784025617
217,60,-0.821303535779
218,449,-1.27615861341
219,363,-1.22566782729
220,365,-0.957184212535
221,42,-0.756803819357
222,366,-1.01683046314
223,367,-1.02948885602
224,370,-1.07572033748
225,402,-1.09950738273
226,371,-0.735160027067
227,531,-0.851468922489
228,372,-1.02075402543
229,536,1.1181524282
230,44,0.445590888957
231,2,0.246499082213
232,45,1.46673569299
233,437,1.28834171383
234,46,1.5670725714
235,390,0.722128695469
236,51,0.580480569379
237,3,1.1192983486
238,58,1.37256324682
239,376,1.41157726283
240,62,1.41540178853
241,4,0.954704250363
242,64,1.20087556975
243,394,0.966863580102
244,410,0.712541832699
245,69,1.12183316021
246,72,1.28131132566
247,73,1.32394943928
248,395,1.05768839178
249,74,1.09310198892
250,75,1.11072815487
251,443,1.28159986148
252,448,1.15127182768
253,81,1.42008780289
254,82,1.55926813068
255,83,1.56349478958
256,84,1.35213977336
257,85,1.18062653242
258,86,1.12908879633
259,89,1.47147249573
260,92,1.13961139648
261,93,1.40975171619
262,94,0.735223115667
263,95,0.387103379258
264,96,1.1322365289
265,100,1.40754913075
266,101,0.451063505159
267,103,1.37892128294
268,105,1.27742871183
269,104,1.25377071003
270,106,1.17892190032
271,107,1.46216115574
272,417,1.05839123933
273,108,1.35059078266
274,377,1.01030848839
275,112,1.3161145616
276,10,1.15716882818
277,114,1.26588694385
278,116,1.22283729428
279,408,0.922064236729
280,120,1.54356883846
281,121,1.41422613811
282,123,1.30489159776
283,484,0.746923216894
284,124,1.23689829052
285,401,1.03435561359
286,126,1.23949703606
287,68,1.3412120356
288,382,0.851865011368
289,405,1.32443862261
290,138,1.23794934346
291,407,0.997296698184
292,487,0.581745003428
293,482,0.683866481454
294,383,1.19666508397
295,152,1.10128065746
296,153,0.629709913753
297,155,1.47078248057
298,157,1.23112592761
299,374,1.27817220748
300,472,1.2950926339
301,162,1.35485381708
302,455,1.09630799564
303,167,1.26809925537
304,168,1.01807569553
305,169,0.976899126003
306,17,1.39402741386
307,172,1.44506629891
308,485,1.07030664341
309,173,1.13389085762
310,389,1.42772881851
311,180,1.21227098585
312,182,1.18220173158
313,433,1.36258059151
314,186,1.34394092568
315,185,1.15856851797
316,191,1.05752775416
317,192,1.1429988766
318,457,1.37730234809
319,416,1.34660800223
320,419,1.42920893213
321,454,0.979514153583
322,194,1.02528747788
323,384,0.743864327849
324,430,0.965627681299
325,203,1.18989728487
326,205,1.20179394218
327,206,1.24981756238
328,209,1.55925542597
329,211,1.30131557115
330,212,1.55806335473
331,213,0.770902136292
332,215,0.893655993842
333,216,1.14304149764
334,398,1.53981286657
335,218,1.3650105617
336,431,1.00952171653
337,221,1.09578083047
338,223,1.11328515087
339,479,0.59261885343
340,434,0.714859225907
341,227,1.45930749142
342,20,0.135948935148
343,228,1.16842776013
344,21,0.805745943237
345,233,1.20648352686
346,234,1.30505830334
347,235,1.38783624378
348,22,0.182242694588
349,239,1.05568780167
350,241,1.35657891551
351,432,1.26585857861
352,24,1.04387907443
353,26,1.23109809652
354,246,1.34847977473
355,27,1.11559779951
356,404,0.594742818881
357,253,1.46982155181
358,254,1.35341685849
359,255,1.28886725234
360,480,1.17801692204
361,420,0.957304796217
362,447,1.09215287658
363,28,0.390394003901
364,263,1.45046968267
365,264,1.35942056549
366,379,1.458242185
367,268,1.44879235444
368,269,0.859416965186
369,400,0.646671535664
370,270,0.805491746331
371,271,0.208568748526
372,272,1.36671221122
373,456,1.53014651683
374,275,0.847753067381
375,279,1.23897794704
376,281,1.2180255087
377,31,0.421189521204
378,282,1.33209670945
379,288,1.02534468094
380,300,1.40419661992
381,396,0.703660383193
382,303,0.961487258614
383,304,1.3527388663
384,306,1.05275749831
385,338,1.44736701324
386,308,0.965655112456
387,309,1.39721735982
388,311,1.52459083423
389,312,1.33688127379
390,483,0.805536655414
391,313,0.609054589755
392,34,1.30721473437
393,318,1.21305725298
394,317,1.04216511531
395,321,1.39585348951
396,323,0.969401290944
397,478,1.08358786506
398,325,1.10437477708
399,387,0.546105721496
400,329,1.15776088321
401,330,1.22337109471
402,331,1.24977014434
403,335,1.36789603512
404,392,1.10461927956
405,397,1.43721942674
406,340,1.22968772581
407,339,1.13802143213
408,37,1.20578348275
409,385,1.19158577543
410,346,1.42837215469
411,348,1.42122348707
412,351,1.44565675728
413,399,1.12949249471
414,450,1.11847857902
415,451,0.720277954472
416,352,1.39094012075
417,353,1.10946459084
418,357,0.835504850637
419,358,1.18698651982
420,359,1.41293219211
421,533,1.36479757784
422,38,1.49353383279
423,361,1.26553721964
424,364,1.57797330667
425,369,1.33789163478
426,139,0.972107478276
427,231,-1.14379010327
428,224,-1.02057717803
429,78,1.26616304538
430,229,1.26290737964
431,297,-0.663566801159
432,458,-0.896639750504
433,493,-1.40192885606
434,459,-1.36834134108
435,525,-0.667622017087
436,488,-0.954140617639
437,461,1.42136535675
438,97,-1.428333655
439,445,-1.30847050672
440,129,-0.81767449587
441,8,-1.0308356017
442,373,-0.662740528423
443,187,-1.3950975435
444,210,-1.23114224459
445,265,-1.07298546238
446,149,-1.70208716901
447,302,-0.964916366173
448,307,1.42286723713
449,319,-1.47199272346
450,164,-1.29348552954
451,324,-1.17036570002
452,347,-1.11477709942
453,354,-1.19795777191
454,460,-0.855536636893
455,208,-0.623021628906
456,510,1.24813137198
457,87,-1.30420863136
458,535,0.576959862029
459,538,0.531173770827
460,243,0.957491421185
461,277,1.14391949368
462,285,-0.942046625447
463,517,-0.947421754656
464,519,1.18564787578
465,9,1.16540401471
466,11,1.55879531511
467,515,1.33077970851
468,532,0.804979347687
469,115,0.860431690048
470,469,-0.751403200566
471,470,-0.231027213858
472,506,0.912325460733
473,490,-0.826215886153
474,471,-1.11225017916
475,476,0.604934068723
476,474,1.1832211598
477,477,-1.39384285815
478,499,0.919976344439
479,429,-1.06612434564
480,505,1.41290470286
481,179,1.40408563004
482,497,-1.09545681752
483,540,0.400664458696
484,541,0.998915972748
485,170,0.984091905437
486,427,0.628255852007
487,171,1.35003056503
488,502,-0.651700751186
489,486,-1.78053673389
490,504,-0.84110997834
491,492,-0.990997056823
492,542,0.925498442022
493,453,0.698486155081
494,526,1.19252848349
495,418,0.627113297036
496,198,-0.431030842658
497,508,1.00931423671
498,527,1.8203024697
499,509,1.27376569848
500,544,1.14622731574
501,507,0.266208183078
502,511,-0.820889917491
503,512,0.592697424619
504,491,-1.36108092386
505,258,1.45867072916
506,494,1.20419149173
507,247,1.19336232649
508,249,-1.07222858902
509,250,-0.232194932578
510,252,1.39319113648
511,513,1.15539026924
512,516,0.933267199741
513,514,-0.856085453034
514,545,0.341417072994
515,495,1.27162536837
516,518,0.762858219105
517,498,-1.63387973465
518,546,1.0815347634
519,380,1.23331802297
520,314,0.975103815521
521,500,0.925218047487
522,521,1.46354217198
523,523,0.521623623527
524,343,-1.22078870361
525,547,0.729473858162
526,501,1.23062835576
527,503,0.636507267454
528,415,1.15128358225
529,524,1.37294998259
530,473,-0.748401418447
531,368,1.00161126768
532,522,-0.888977436354
533,539,-1.00386489478
534,496,-1.04636026103
535,475,-1.36471903921
536,481,-0.765857642173
537,543,0.666510044184
538,528,1.26828279739
539,520,-0.654715269013
540,462,1.18268218156
541,463,-1.19138993121
542,464,-0.668786040891
543,465,-1.29983967878
544,467,1.87361826336
545,466,1.00484780597
546,468,-0.864839662187
547,489,0.9903530665
