,legislator,theta
0,39,-1.09818553646
1,530,-0.87694144641
2,40,-0.816261718746
3,375,-1.01846985095
4,0,-1.090365142
5,1,-0.943198350303
6,43,-0.835170941293
7,414,-0.992767991691
8,47,-0.994170478758
9,48,-1.05166911427
10,49,-1.04312342484
11,50,-1.21757553912
12,52,-1.03622924708
13,53,-1.21076932173
14,529,-0.967013708708
15,59,-1.00597057808
16,61,-1.14696031137
17,439,-1.1046363066
18,63,-0.9535491399
19,412,-1.04851398489
20,5,-0.920464590045
21,65,-1.01562821804
22,66,-1.1778776969
23,67,-1.05677097774
24,70,-0.885482373089
25,6,-0.981843212251
26,7,-1.19292951114
27,537,-1.09002379163
28,71,-0.78046996141
29,76,-1.09421773801
30,77,-1.03700128112
31,79,-1.34840722495
32,80,-1.09728850542
33,54,-1.04816836706
34,88,-0.928450467655
35,90,-0.905486798102
36,406,-1.09866912311
37,435,-1.01426135962
38,91,-1.14415096634
39,391,-1.07854607791
40,386,-1.15796319996
41,428,-0.937250282802
42,98,-0.950594781029
43,99,-0.869061237424
44,102,-0.891110629111
45,422,-1.03871012961
46,409,-0.868193125662
47,109,-0.802167719291
48,110,-0.76396430441
49,403,-1.20476335046
50,111,-1.12032893111
51,113,-0.795838372375
52,117,-1.09416320703
53,118,-1.1582742761
54,119,-0.763503523418
55,122,-0.993680036614
56,125,-1.09503198368
57,127,-1.05475591218
58,128,-0.539944640373
59,130,-1.16918266576
60,131,-1.3037151798
61,132,-1.19139407674
62,133,-0.880026944904
63,134,-0.789594229963
64,135,-1.19750714664
65,136,-1.32515408684
66,137,-0.743114563952
67,140,-1.02219627077
68,141,-1.12669235319
69,12,-0.824113721397
70,142,-1.06038552095
71,143,-0.228389675308
72,13,-1.09556496778
73,144,-1.12835676366
74,145,-1.00992786108
75,146,-1.13027720883
76,147,-1.14027167968
77,148,-1.09654007434
78,151,-1.14903780628
79,150,-1.03900358294
80,14,-0.903418708739
81,154,-0.900115184589
82,55,-0.743137513759
83,156,-1.06297953154
84,15,-1.06425319758
85,158,-0.617405382768
86,159,-0.972606968385
87,160,-1.13716385239
88,161,-1.09629646918
89,16,-0.853254569807
90,163,-0.818133523905
91,165,-1.20730700758
92,166,-0.805079105643
93,426,-1.23519604344
94,423,-1.3266976745
95,174,-0.996371489692
96,175,-1.16592550814
97,176,-1.09927533095
98,177,-1.06377746593
99,178,-1.21855432656
100,181,-1.10090951203
101,183,-1.09262053304
102,184,-1.08787004722
103,188,-1.21908072471
104,189,-0.286690926113
105,190,-1.25815936308
106,438,-0.776875369356
107,193,-0.985040624584
108,196,-1.05062842995
109,195,-0.635626657931
110,18,-1.20841090633
111,197,-0.919310783156
112,199,-1.08354848236
113,200,-1.15298723419
114,388,-1.0794669162
115,201,-1.14556728528
116,202,-0.887188600694
117,204,-1.07960716381
118,19,-0.802528879821
119,207,-1.13859083392
120,214,-0.569520589854
121,217,-1.17132683364
122,219,-0.966107372581
123,220,-1.05523039938
124,222,-1.06195742003
125,225,-1.20880363437
126,226,-0.94526559789
127,378,-0.828050343829
128,230,-1.01777290361
129,232,-1.03105977217
130,236,-1.12794881781
131,23,-0.896560638349
132,237,-0.81970154384
133,238,-1.11628004108
134,425,-1.09263948026
135,240,-0.756047699126
136,413,-1.04640972889
137,242,-1.01689662581
138,245,-1.16436908181
139,244,-1.04004802631
140,25,-0.927150056247
141,440,-1.10990294716
142,248,-1.11803586386
143,251,-1.06011516505
144,256,-1.2043902464
145,257,-0.967710768442
146,259,-1.01885274539
147,260,-1.00633520649
148,56,-1.01368469157
149,261,-1.17798932588
150,262,-1.11869535933
151,29,1.17827198759
152,266,-0.922817282049
153,267,-1.00874799026
154,441,-1.14907120302
155,30,-0.837620598983
156,424,-1.17050910264
157,273,-1.0408230393
158,274,-0.956468623041
159,276,-1.20489859452
160,278,-0.882340711378
161,280,-1.24153311938
162,534,-1.02767936932
163,283,-0.797110566797
164,284,-0.740354219493
165,286,-1.01498217852
166,287,-1.21579049742
167,444,-1.07869662459
168,289,-0.894103380632
169,290,-0.895112974659
170,291,-1.10074476187
171,293,-1.03074723679
172,292,-0.896134356918
173,32,-0.980429601944
174,294,-0.973341192355
175,295,-1.24930887129
176,296,-0.977401491977
177,298,-1.01471262119
178,299,-1.05379786509
179,442,-1.06244773932
180,301,-1.14357461929
181,33,-0.609278261871
182,305,-1.06479487578
183,381,-1.08778861101
184,310,-1.20295704507
185,57,-0.873684515276
186,315,-1.08907047638
187,316,-1.18637443325
188,320,-0.965198397244
189,322,-1.2261557945
190,326,-0.85438296301
191,327,-0.907241580506
192,328,-0.936710837384
193,332,-1.11512847056
194,333,-0.650518911379
195,334,-1.09429856811
196,35,-1.14708354077
197,452,-1.10424674952
198,336,-0.917622053194
199,41,-1.02857807232
200,337,-1.21454823807
201,36,-0.896258370764
202,341,-0.923551061284
203,342,-1.21560597164
204,344,-0.940395642672
205,345,-1.03478554562
206,349,-0.841447236869
207,350,-0.943780263749
208,393,-0.812508771372
209,421,-1.01834671621
210,355,-1.22613861316
211,356,-0.992632883654
212,411,-1.02851719289
213,446,-1.29490877248
214,360,-1.0259151908
215,436,-1.1287063275
216,362,-1.1551796761
217,60,-0.865726586275
218,449,-1.14997549566
219,363,-1.25601847733
220,365,-1.11373842506
221,42,-0.800969718794
222,366,-0.909246865975
223,367,-1.10814842234
224,370,-1.10840572797
225,402,-1.10036691214
226,371,-0.776222979757
227,531,-0.826966419715
228,372,-1.07169719552
229,536,1.18749112975
230,44,0.444181397982
231,2,0.255121918354
232,45,1.38660397015
233,437,1.1707739694
234,46,1.35797881965
235,390,0.891486715224
236,51,0.621833702007
237,3,1.18102458797
238,58,1.23082407092
239,376,1.36386424986
240,62,1.2987215089
241,4,1.00534782468
242,64,1.17838158296
243,394,1.00347237903
244,410,0.803137667347
245,69,1.1800980491
246,72,1.19941695469
247,73,1.29215174939
248,395,1.1196178177
249,74,1.14561275949
250,75,1.22370411371
251,443,1.37382020402
252,448,1.08583004239
253,81,1.42374895998
254,82,1.40373957327
255,83,1.33549715064
256,84,1.19132478209
257,85,1.16612234081
258,86,1.10573005573
259,89,1.33599524057
260,92,1.06789826682
261,93,1.33577662792
262,94,0.761035237514
263,95,0.489703098982
264,96,1.16684516011
265,100,1.25060544815
266,101,0.469449741148
267,103,1.35830059156
268,105,1.264974054
269,104,1.31595100368
270,106,1.11842060729
271,107,1.50475309448
272,417,1.01300973804
273,108,1.32352453318
274,377,0.967975276987
275,112,1.21184425116
276,10,1.18863951369
277,114,1.19355472725
278,116,1.23178283491
279,408,0.914819407062
280,120,1.39662636448
281,121,1.33790518092
282,123,1.23357704554
283,484,0.820118977871
284,124,1.28186613923
285,401,1.13801062329
286,126,1.26929160575
287,68,1.21977113902
288,382,0.842961440247
289,405,1.31934941499
290,138,1.18188364365
291,407,0.955940769646
292,487,0.610115154059
293,482,0.719187784231
294,383,1.10584098689
295,152,1.06684542428
296,153,0.685179240637
297,155,1.19198975276
298,157,1.25763614418
299,374,1.37958390929
300,472,1.28632970077
301,162,1.31471775551
302,455,1.1646222621
303,167,1.22738013827
304,168,0.956106931945
305,169,0.992726949521
306,17,1.36013517598
307,172,1.30147426914
308,485,1.07382120352
309,173,1.12539367035
310,389,1.28242921109
311,180,1.28730236904
312,182,1.20213836878
313,433,1.33180315753
314,186,1.19744478402
315,185,1.15079516428
316,191,1.13781621142
317,192,1.11672788286
318,457,1.32581662065
319,416,1.2028407992
320,419,1.39784338568
321,454,1.09786250444
322,194,1.05680508318
323,384,0.886638559382
324,430,1.04381794795
325,203,1.22493553704
326,205,1.10780105434
327,206,1.24785946449
328,209,1.40358619315
329,211,1.17776336596
330,212,1.37314502585
331,213,0.691011464711
332,215,0.882123639249
333,216,1.16784204837
334,398,1.48753778177
335,218,1.22141608259
336,431,0.996908969718
337,221,1.09795789841
338,223,1.05179835999
339,479,0.625904857025
340,434,0.735144551566
341,227,1.04901978039
342,20,0.137785474087
343,228,1.22864593223
344,21,0.991079543797
345,233,1.22749311198
346,234,1.23610728319
347,235,1.34911906232
348,22,0.184142347997
349,239,0.997707881154
350,241,1.27601558734
351,432,1.22057235449
352,24,1.1825472917
353,26,1.20924266794
354,246,1.3638711229
355,27,1.13616867547
356,404,0.625930831836
357,253,1.38237740553
358,254,1.23945314813
359,255,1.25756774355
360,480,1.17359205846
361,420,1.05483398467
362,447,1.18170059594
363,28,0.465509142637
364,263,1.44114899372
365,264,1.28753894687
366,379,1.31120924216
367,268,1.44751016697
368,269,0.913252030493
369,400,0.711187994056
370,270,0.886051308105
371,271,0.20901257663
372,272,1.33034918608
373,456,1.45356881974
374,275,0.879825485018
375,279,1.21503821308
376,281,1.29647971808
377,31,0.430456211785
378,282,1.26857854691
379,288,1.04244694741
380,300,1.27132868037
381,396,0.763159346075
382,303,1.02184116045
383,304,1.2806426004
384,306,1.02058814143
385,338,1.39886281536
386,308,1.0924486091
387,309,1.24999049464
388,311,1.42963233422
389,312,1.31714166599
390,483,0.845811785848
391,313,0.646364363643
392,34,1.2267146146
393,318,1.21677607077
394,317,1.00586108845
395,321,1.3502532898
396,323,1.02325051801
397,478,1.21970301741
398,325,1.13291805635
399,387,0.541694938999
400,329,1.22298657742
401,330,1.22898754043
402,331,1.20754312186
403,335,1.35077260375
404,392,1.24962906786
405,397,1.28643137616
406,340,1.24147787936
407,339,1.12770567982
408,37,1.2598773143
409,385,1.16739513292
410,346,1.32688043037
411,348,1.23054085797
412,351,1.26368335723
413,399,1.07173894072
414,450,1.08185943199
415,451,0.709299000871
416,352,1.26611324648
417,353,1.08180151031
418,357,0.873125924685
419,358,1.10395805545
420,359,1.33185680461
421,533,1.18103492092
422,38,1.3191853621
423,361,1.25433291349
424,364,1.34207817345
425,369,1.40148698418
426,139,0.914260965166
427,231,-1.13138392626
428,224,-0.998804033412
429,78,1.21946480007
430,229,1.21948860721
431,297,-0.745400690683
432,458,-0.850354458353
433,493,-0.770584903859
434,459,-1.25468317065
435,525,-0.865767110823
436,488,-1.11277303381
437,461,1.26838425662
438,97,-1.16114210402
439,445,-1.14288450896
440,129,-0.927605996108
441,8,-1.016484086
442,373,-0.641053878229
443,187,-1.34209494708
444,210,-0.903600556629
445,265,-1.01277502752
446,149,-1.3317084202
447,302,-1.13861534079
448,307,1.1297243687
449,319,-1.15890045546
450,164,-1.18247529209
451,324,-1.04950653054
452,347,-1.04184199498
453,354,-1.00350795858
454,460,-0.947768034554
455,208,-0.613417014208
456,510,1.09846592405
457,87,-1.1372153013
458,535,0.496509096423
459,538,0.686737046294
460,243,0.717344863303
461,277,1.06877929327
462,285,-0.975691695593
463,517,-1.03641455072
464,519,1.17963461232
465,9,0.949929652158
466,11,1.13798463973
467,515,1.2675872999
468,532,0.861919612998
469,115,0.88463191968
470,469,-0.788269806942
471,470,-0.202308875861
472,506,0.98967128517
473,490,-0.933781116805
474,471,-1.29135210161
475,476,0.578596221494
476,474,1.12126912554
477,477,-1.14836102515
478,499,1.13869823861
479,429,-1.34508469312
480,505,1.03421609362
481,179,1.11434167291
482,497,-1.15271854267
483,540,0.306309302496
484,541,1.18516190128
485,170,0.828248829894
486,427,0.624803306215
487,171,1.13749330089
488,502,-0.785831563879
489,486,-1.60793194945
490,504,-0.83798328472
491,492,-0.986993713078
492,542,0.891860406983
493,453,0.836811619277
494,526,1.1520544876
495,418,0.725127808112
496,198,-0.524935358392
497,508,0.901907779959
498,527,1.58057650169
499,509,1.07732314897
500,544,1.11098722435
501,507,0.217632096926
502,511,-0.658135055647
503,512,0.542325966029
504,491,-1.29753857023
505,258,0.931957677866
506,494,1.14609020261
507,247,1.13377132576
508,249,-0.952917888527
509,250,-0.35700849025
510,252,1.15488524762
511,513,1.23645569903
512,516,0.863383535021
513,514,-0.848300310618
514,545,0.394974753175
515,495,1.16598157709
516,518,0.61422730118
517,498,-1.30492793597
518,546,0.917264865674
519,380,1.09705410244
520,314,1.16379292765
521,500,1.03297345211
522,521,1.20046454331
523,523,0.686203940629
524,343,-1.17077502403
525,547,0.870413893684
526,501,0.899795128076
527,503,0.663639734834
528,415,1.07833995424
529,524,1.0933988902
530,473,-0.975458492229
531,368,1.03861348193
532,522,-1.41104071823
533,539,-0.898298467563
534,496,-1.07896933672
535,475,-1.06698437287
536,481,-0.713227297772
537,543,0.647713726056
538,528,1.09971854832
539,520,-0.548790532361
540,462,0.800666820837
541,463,-1.1611084468
542,464,-0.653899891408
543,465,-1.10073924295
544,467,2.24870289714
545,466,0.631487959861
546,468,-0.828293750992
547,489,0.966224343597
