,legislator,theta
0,39,-0.989727164816
1,530,-0.720346718205
2,40,-0.76541602982
3,375,-0.953951940304
4,0,-1.08674415584
5,1,-0.870216750005
6,43,-0.865157205648
7,414,-1.04259044295
8,47,-0.907122846533
9,48,-1.22821373357
10,49,-1.01728525327
11,50,-1.30446968486
12,52,-1.17196392784
13,53,-1.42654988402
14,529,-0.903884445401
15,59,-1.03940795496
16,61,-1.226738984
17,439,-1.08268991317
18,63,-0.955174857137
19,412,-1.00173654055
20,5,-0.840821994262
21,65,-0.884332616587
22,66,-1.07309843034
23,67,-1.09561193714
24,70,-0.858061568109
25,6,-0.961788097092
26,7,-1.16666517619
27,537,-1.05704392613
28,71,-0.72537834575
29,76,-1.03458849711
30,77,-1.01169064897
31,79,-1.41225585029
32,80,-1.02999191733
33,54,-1.03990926455
34,88,-0.888727722155
35,90,-0.900506868993
36,406,-1.1495421401
37,435,-0.950692658715
38,91,-1.22076333433
39,391,-0.986939263254
40,386,-1.16126340735
41,428,-0.992714516403
42,98,-0.977350506045
43,99,-0.893001704821
44,102,-0.852777607417
45,422,-1.01264554448
46,409,-0.785038090395
47,109,-0.792985494962
48,110,-0.708247757087
49,403,-1.22750903009
50,111,-1.21539058522
51,113,-0.728578449926
52,117,-0.979199222401
53,118,-1.32550917127
54,119,-0.726218215647
55,122,-0.983475389968
56,125,-1.1005765268
57,127,-1.28694030069
58,128,-0.530147984675
59,130,-0.987765450894
60,131,-1.30977824308
61,132,-1.27874987028
62,133,-0.982180522313
63,134,-0.840054535395
64,135,-1.1726969734
65,136,-1.38688906156
66,137,-0.740222005581
67,140,-1.01129993106
68,141,-1.13424945768
69,12,-0.70535885927
70,142,-1.11203852471
71,143,-0.205157578728
72,13,-1.18649344442
73,144,-1.12928791475
74,145,-1.08783162022
75,146,-1.01953469968
76,147,-1.21729242992
77,148,-1.08593521586
78,151,-1.26600840725
79,150,-1.0910739934
80,14,-0.907836996118
81,154,-0.835588392294
82,55,-0.548055324333
83,156,-1.01995538908
84,15,-1.04345754902
85,158,-0.619173223758
86,159,-0.949842757942
87,160,-1.16315899116
88,161,-1.10939108843
89,16,-0.928056495316
90,163,-0.774657736671
91,165,-1.26861090948
92,166,-0.771947629419
93,426,-1.30388697933
94,423,-1.42239625608
95,174,-1.04816620849
96,175,-1.15040846602
97,176,-1.14047030319
98,177,-1.03424405999
99,178,-1.15547393199
100,181,-0.99378114936
101,183,-1.1747294185
102,184,-0.994094609313
103,188,-1.25844345521
104,189,-0.293018853387
105,190,-1.35729763607
106,438,-0.76445012926
107,193,-0.936948385624
108,196,-1.13105596458
109,195,-0.612654442347
110,18,-1.30126782496
111,197,-0.925934306296
112,199,-1.11027511358
113,200,-1.12376413474
114,388,-1.07943393698
115,201,-1.21765826658
116,202,-0.765160270127
117,204,-1.1657466276
118,19,-0.78934729922
119,207,-1.23894090755
120,214,-0.499796978533
121,217,-1.27291787019
122,219,-0.922638905794
123,220,-1.06726606291
124,222,-1.18380466185
125,225,-1.33498415613
126,226,-0.92517158539
127,378,-0.72855581885
128,230,-0.988692596836
129,232,-1.04149336715
130,236,-1.21665655468
131,23,-0.831534640743
132,237,-0.725975671563
133,238,-1.13157142977
134,425,-1.09298280122
135,240,-0.673455282709
136,413,-1.1351818736
137,242,-1.09473896224
138,245,-1.17167437688
139,244,-0.971771346461
140,25,-0.892655543224
141,440,-1.0847162058
142,248,-1.07474009796
143,251,-1.03472530593
144,256,-1.40380493588
145,257,-0.992068320066
146,259,-0.963580024789
147,260,-1.00287675297
148,56,-1.03760702795
149,261,-1.22765137628
150,262,-1.25887178675
151,29,1.20856696243
152,266,-0.957661273795
153,267,-1.00013998899
154,441,-1.18030865195
155,30,-0.847582673943
156,424,-1.21860928508
157,273,-1.10332528223
158,274,-0.994642481894
159,276,-1.21591109286
160,278,-0.864862758557
161,280,-1.32394440374
162,534,-0.9460013358
163,283,-0.739725909051
164,284,-0.609921783751
165,286,-0.858018403783
166,287,-1.27556515905
167,444,-1.07839523683
168,289,-0.982923674464
169,290,-0.802232095418
170,291,-1.01644850013
171,293,-1.00049855033
172,292,-0.886373402752
173,32,-1.01737458408
174,294,-0.91224341555
175,295,-1.16427114753
176,296,-0.95524341054
177,298,-0.934286890889
178,299,-1.11675954862
179,442,-1.08788817696
180,301,-1.08910835439
181,33,-0.65368343883
182,305,-1.09688019733
183,381,-1.16839126904
184,310,-1.34561144546
185,57,-0.903835720731
186,315,-1.12526462127
187,316,-1.26405087668
188,320,-1.07765490769
189,322,-1.19115121381
190,326,-0.760049663283
191,327,-0.896720955049
192,328,-0.82609089558
193,332,-1.27333476173
194,333,-0.592688816036
195,334,-1.28042494958
196,35,-1.124355224
197,452,-1.11502467726
198,336,-0.917125314649
199,41,-1.00947211031
200,337,-1.2376731692
201,36,-0.896461591853
202,341,-0.787126484174
203,342,-1.20594740389
204,344,-0.969391514854
205,345,-0.988199393332
206,349,-0.770681752334
207,350,-0.839509204917
208,393,-0.71650204889
209,421,-1.05960907854
210,355,-1.26119838192
211,356,-0.825620679989
212,411,-1.06808675742
213,446,-1.44950473138
214,360,-0.928406434158
215,436,-1.21623498251
216,362,-1.20771823492
217,60,-0.851987047771
218,449,-1.2182995569
219,363,-1.20299150573
220,365,-1.00085666022
221,42,-0.753131552149
222,366,-0.984282868452
223,367,-0.998816511032
224,370,-1.08911939802
225,402,-1.09118939997
226,371,-0.732073019945
227,531,-0.824884341424
228,372,-0.928562437764
229,536,1.16640750189
230,44,0.40225755096
231,2,0.243824479372
232,45,1.38526938649
233,437,1.25004120927
234,46,1.55348291214
235,390,0.739781269621
236,51,0.674809483757
237,3,1.14403301332
238,58,1.35077199289
239,376,1.4412034828
240,62,1.35596153225
241,4,0.920944681283
242,64,1.15156839407
243,394,1.01112898701
244,410,0.708019740052
245,69,1.15424496881
246,72,1.33455651076
247,73,1.27384147442
248,395,1.04927083648
249,74,1.08314448908
250,75,1.13438548875
251,443,1.25417445745
252,448,1.1620351002
253,81,1.44634259509
254,82,1.52869604208
255,83,1.52316327842
256,84,1.31466590603
257,85,1.10850636313
258,86,1.0969687272
259,89,1.44307075998
260,92,1.10536373235
261,93,1.34565417791
262,94,0.744787715613
263,95,0.401080380997
264,96,1.14325523318
265,100,1.36591090446
266,101,0.403007339304
267,103,1.43819149727
268,105,1.30732553694
269,104,1.31093617824
270,106,1.144036041
271,107,1.4813562851
272,417,1.02076569847
273,108,1.38297853673
274,377,1.02192390729
275,112,1.20953444956
276,10,1.1283396194
277,114,1.25039534305
278,116,1.18369411171
279,408,0.933338655798
280,120,1.50091163879
281,121,1.40796906219
282,123,1.37782240341
283,484,0.725371377687
284,124,1.17662596937
285,401,1.13458604318
286,126,1.24363381383
287,68,1.29614635061
288,382,0.869123692216
289,405,1.32722488007
290,138,1.28523371258
291,407,1.05783710514
292,487,0.502628540547
293,482,0.761693665834
294,383,1.18988279726
295,152,1.12170723565
296,153,0.632993210901
297,155,1.40103309613
298,157,1.19783763989
299,374,1.31894187575
300,472,1.22648373182
301,162,1.3201214602
302,455,1.09546779829
303,167,1.34092634208
304,168,1.07053320777
305,169,0.936762526349
306,17,1.4128224863
307,172,1.40545176448
308,485,1.10384512129
309,173,1.15662587122
310,389,1.38804948023
311,180,1.20501911668
312,182,1.07145304809
313,433,1.39684774786
314,186,1.34782419372
315,185,1.15015158381
316,191,1.06622598453
317,192,1.1307432544
318,457,1.32413496558
319,416,1.27853271474
320,419,1.41642412863
321,454,1.03331199845
322,194,0.987300956447
323,384,0.722216841657
324,430,0.931876740421
325,203,1.16559551272
326,205,1.15416911309
327,206,1.22035747478
328,209,1.48564605259
329,211,1.24509303629
330,212,1.54560218394
331,213,0.73899092707
332,215,0.883662112323
333,216,1.15105507059
334,398,1.48856521393
335,218,1.32339721581
336,431,1.08133989129
337,221,1.13801408986
338,223,1.11577115444
339,479,0.586545301396
340,434,0.754744479083
341,227,1.36562229312
342,20,0.148557891847
343,228,1.22521961255
344,21,0.906614330536
345,233,1.24055432559
346,234,1.26960275189
347,235,1.39509107418
348,22,0.208238157477
349,239,1.09128947366
350,241,1.30568485261
351,432,1.2641458785
352,24,0.99805812097
353,26,1.18964120667
354,246,1.42544566923
355,27,1.1346508717
356,404,0.591676456978
357,253,1.4508194321
358,254,1.30595007677
359,255,1.25771219344
360,480,1.19912877593
361,420,0.905529202785
362,447,1.13367041396
363,28,0.391084978168
364,263,1.40710596923
365,264,1.44509357765
366,379,1.37008692733
367,268,1.30732004777
368,269,0.920815586921
369,400,0.657533118812
370,270,0.857477242766
371,271,0.238533488877
372,272,1.34895567446
373,456,1.50692425527
374,275,0.822742746094
375,279,1.23273056755
376,281,1.30690691983
377,31,0.403103420939
378,282,1.38513136111
379,288,1.01159761286
380,300,1.42845085005
381,396,0.65244998548
382,303,0.936276660533
383,304,1.32392271951
384,306,1.07315925599
385,338,1.44569364562
386,308,0.981250694847
387,309,1.38632926631
388,311,1.49934682845
389,312,1.37809053501
390,483,0.82226866909
391,313,0.629937737905
392,34,1.33290086471
393,318,1.20746715328
394,317,1.07677600494
395,321,1.41041963178
396,323,1.00015587392
397,478,1.01337228007
398,325,1.07027161215
399,387,0.506607134003
400,329,1.21012195234
401,330,1.18612696147
402,331,1.20726260691
403,335,1.38771545502
404,392,1.13513142576
405,397,1.39064862354
406,340,1.27493187458
407,339,1.13100712091
408,37,1.19181065647
409,385,1.22551529798
410,346,1.40094064872
411,348,1.39311779814
412,351,1.33493177236
413,399,1.15945701404
414,450,1.10670058342
415,451,0.710097943982
416,352,1.36180364799
417,353,1.06498871017
418,357,0.805878093708
419,358,1.19833935898
420,359,1.36493202966
421,533,1.30848103351
422,38,1.46107602663
423,361,1.27441179289
424,364,1.50162180386
425,369,1.42233467678
426,139,0.914236452808
427,231,-1.10261742638
428,224,-0.979353285305
429,78,1.29189124149
430,229,1.20400380169
431,297,-0.702723222543
432,458,-0.837964050483
433,493,-1.03989951726
434,459,-1.36419127585
435,525,-0.648217604863
436,488,-0.979361139664
437,461,1.30997205877
438,97,-1.32956402756
439,445,-1.2908607011
440,129,-0.872640239023
441,8,-0.909934360895
442,373,-0.699773787133
443,187,-1.42860257554
444,210,-1.11040946446
445,265,-1.08265133478
446,149,-1.60222625234
447,302,-0.975101646019
448,307,1.24201361115
449,319,-1.40899308212
450,164,-1.25553430129
451,324,-1.0588283473
452,347,-1.17965660936
453,354,-1.2417787034
454,460,-0.991571292563
455,208,-0.691830560925
456,510,1.30538100571
457,87,-1.39675118083
458,535,0.453142815993
459,538,0.563178730464
460,243,0.976544466086
461,277,1.20100164824
462,285,-0.792396173246
463,517,-1.10505747724
464,519,1.17155649846
465,9,1.2429267318
466,11,1.31222045214
467,515,1.46289610068
468,532,0.724481059824
469,115,0.962685968985
470,469,-0.567217267132
471,470,-0.273657549353
472,506,0.955673229124
473,490,-0.837916894958
474,471,-1.19552809262
475,476,0.550771454655
476,474,1.10387527319
477,477,-1.35728515398
478,499,1.0715726627
479,429,-1.05902726289
480,505,1.37605486649
481,179,1.2956956336
482,497,-1.20217440364
483,540,0.364043481377
484,541,1.08786235502
485,170,0.993576104738
486,427,0.614395763207
487,171,1.35468121006
488,502,-0.74285854897
489,486,-1.71447620007
490,504,-0.788028080195
491,492,-0.804613198303
492,542,0.929933533209
493,453,0.656431182432
494,526,0.815613910022
495,418,0.733382367606
496,198,-0.461764828433
497,508,0.982857289712
498,527,1.45449619135
499,509,1.10513986606
500,544,1.22884103926
501,507,0.30264816861
502,511,-0.77864361723
503,512,0.57901735764
504,491,-1.39712116067
505,258,1.33762922305
506,494,1.11807772041
507,247,1.19180868905
508,249,-0.976771811863
509,250,-0.36149918985
510,252,1.28763260943
511,513,1.15997110742
512,516,0.908307809509
513,514,-0.85150858957
514,545,0.427365336256
515,495,1.22164972935
516,518,0.58355723696
517,498,-1.57825396442
518,546,1.0460602103
519,380,1.19156594626
520,314,1.01221780158
521,500,0.850329928391
522,521,1.50265176325
523,523,0.563095890498
524,343,-1.29459495102
525,547,0.698389414249
526,501,1.23702240851
527,503,0.643509556671
528,415,1.10626156609
529,524,1.29154061193
530,473,-0.773625843695
531,368,1.04384887169
532,522,-0.821599569049
533,539,-0.958989395604
534,496,-1.04840632327
535,475,-1.16138975606
536,481,-0.783033960414
537,543,0.629972563292
538,528,1.28780003185
539,520,-0.464705652356
540,462,1.02402045619
541,463,-1.18273111245
542,464,-0.572089485574
543,465,-1.31697018324
544,467,1.53473791136
545,466,1.00046046814
546,468,-0.70466582311
547,489,0.839259971973
