,legislator,theta
0,39,-1.03381401402
1,530,-0.866891775748
2,40,-0.825671419382
3,375,-1.0577895624
4,0,-1.09222502981
5,1,-0.916347945718
6,43,-0.856381798354
7,414,-1.00812173868
8,47,-1.02312808342
9,48,-1.03246485426
10,49,-0.993440817964
11,50,-1.20096236553
12,52,-1.03633134721
13,53,-1.21158344191
14,529,-0.969062419697
15,59,-1.00887519509
16,61,-1.12618234312
17,439,-1.09164616895
18,63,-0.952582679412
19,412,-1.03559251152
20,5,-0.959234204731
21,65,-0.980185823409
22,66,-1.19958889103
23,67,-1.03011283665
24,70,-0.863357082025
25,6,-0.966305803094
26,7,-1.24667676766
27,537,-1.02931957818
28,71,-0.821397619788
29,76,-1.07012145091
30,77,-1.04544913792
31,79,-1.36013889563
32,80,-1.11267386771
33,54,-1.05688258255
34,88,-0.931436142206
35,90,-0.916150901115
36,406,-1.09518846957
37,435,-1.0469973326
38,91,-1.16811515375
39,391,-1.0447430374
40,386,-1.16769459698
41,428,-0.921383446938
42,98,-0.998637915622
43,99,-0.913227855951
44,102,-0.916297867203
45,422,-1.08625901271
46,409,-0.805186175565
47,109,-0.79050401263
48,110,-0.751229790825
49,403,-1.18418622658
50,111,-1.14780785009
51,113,-0.804293726851
52,117,-1.04786055061
53,118,-1.18074250757
54,119,-0.782388521837
55,122,-0.971006251963
56,125,-1.12440992689
57,127,-1.02131411507
58,128,-0.534964464194
59,130,-1.19669790717
60,131,-1.26289246093
61,132,-1.14036183609
62,133,-0.840100244235
63,134,-0.805383783334
64,135,-1.16099582949
65,136,-1.30678656401
66,137,-0.766319621194
67,140,-1.00071071659
68,141,-1.13451501127
69,12,-0.837116776338
70,142,-1.03467886591
71,143,-0.256696804257
72,13,-1.09233797857
73,144,-1.07038291796
74,145,-0.996694201001
75,146,-1.1031326397
76,147,-1.11600824001
77,148,-1.07643597369
78,151,-1.11174070839
79,150,-1.06091658146
80,14,-0.897567895968
81,154,-0.878391479946
82,55,-0.710340573201
83,156,-1.00670717
84,15,-1.06002089704
85,158,-0.621934267671
86,159,-0.981223815671
87,160,-1.1358242051
88,161,-1.05932506686
89,16,-0.851071717948
90,163,-0.757736506253
91,165,-1.24626690777
92,166,-0.797726868646
93,426,-1.19569257068
94,423,-1.27730577096
95,174,-1.02899458116
96,175,-1.16468799208
97,176,-1.09372967642
98,177,-1.05937055725
99,178,-1.25093561392
100,181,-1.07983958304
101,183,-1.05803727418
102,184,-1.05872098399
103,188,-1.23075427782
104,189,-0.381848922789
105,190,-1.25144151417
106,438,-0.768967100612
107,193,-0.973073931781
108,196,-1.04912658558
109,195,-0.636242962952
110,18,-1.15452756067
111,197,-0.863869727813
112,199,-1.06132873918
113,200,-1.13165168357
114,388,-1.06290065655
115,201,-1.12021186029
116,202,-0.937548832893
117,204,-1.08677268549
118,19,-0.800388634075
119,207,-1.12672615012
120,214,-0.574122609449
121,217,-1.18639380911
122,219,-0.921103550017
123,220,-1.08784077252
124,222,-1.06652375358
125,225,-1.18753441866
126,226,-0.980048121056
127,378,-0.835150629109
128,230,-1.03394521092
129,232,-1.03288088423
130,236,-1.13569894775
131,23,-0.899911275699
132,237,-0.852494912957
133,238,-1.12298773676
134,425,-1.10240345699
135,240,-0.693854724365
136,413,-1.06164396129
137,242,-1.04089770097
138,245,-1.18928600427
139,244,-1.05834598057
140,25,-0.917508636205
141,440,-1.10435373189
142,248,-1.07767131131
143,251,-1.04991353509
144,256,-1.17075532102
145,257,-0.994091829334
146,259,-1.02602126858
147,260,-1.00762566011
148,56,-1.00273731519
149,261,-1.14006478316
150,262,-1.10565290744
151,29,1.15687085065
152,266,-0.927741359833
153,267,-0.959778305554
154,441,-1.11346026475
155,30,-0.839366840709
156,424,-1.17128742603
157,273,-1.041540911
158,274,-0.950751710674
159,276,-1.18987691202
160,278,-0.837036481187
161,280,-1.25494505702
162,534,-1.03604160184
163,283,-0.832264522524
164,284,-0.753353452595
165,286,-0.999598173234
166,287,-1.18391090042
167,444,-1.08632477402
168,289,-0.930571274359
169,290,-0.877303925551
170,291,-1.09424363049
171,293,-1.02388185497
172,292,-0.922801008085
173,32,-1.02657501356
174,294,-0.972170352486
175,295,-1.21117213542
176,296,-0.991258174059
177,298,-1.04109345785
178,299,-1.06545129438
179,442,-1.02699044052
180,301,-1.14907225417
181,33,-0.64593119842
182,305,-1.04502598298
183,381,-1.10261153849
184,310,-1.17114942026
185,57,-0.902789205701
186,315,-1.04461184937
187,316,-1.15680292514
188,320,-1.04496180439
189,322,-1.21413147323
190,326,-0.875276960012
191,327,-0.904472938499
192,328,-0.957732430357
193,332,-1.13806204692
194,333,-0.644826476299
195,334,-1.12087816512
196,35,-1.16975624808
197,452,-1.12420677849
198,336,-0.932162481472
199,41,-0.993907822834
200,337,-1.19995276395
201,36,-0.90808284578
202,341,-0.927981330024
203,342,-1.19345923816
204,344,-0.947050948818
205,345,-0.951981273591
206,349,-0.817444040265
207,350,-0.938753037588
208,393,-0.812274260727
209,421,-1.00505900853
210,355,-1.17019856834
211,356,-1.01798859547
212,411,-1.02585367655
213,446,-1.25205517264
214,360,-1.01545390743
215,436,-1.15436832882
216,362,-1.15389839589
217,60,-0.854905238702
218,449,-1.13818414601
219,363,-1.22167119904
220,365,-1.09822159395
221,42,-0.786409477284
222,366,-0.980651827872
223,367,-1.11983066581
224,370,-1.13728367284
225,402,-1.10692331899
226,371,-0.803852393731
227,531,-0.845916737615
228,372,-1.02746112623
229,536,1.21404969588
230,44,0.43687186904
231,2,0.288845355814
232,45,1.36954247131
233,437,1.21637066212
234,46,1.33300093275
235,390,0.859026354941
236,51,0.645458533211
237,3,1.17439046152
238,58,1.23439396791
239,376,1.38433446778
240,62,1.33086875272
241,4,1.02631597707
242,64,1.19352964789
243,394,1.00787681154
244,410,0.739772381083
245,69,1.17836947491
246,72,1.2452107295
247,73,1.27241123346
248,395,1.1113966662
249,74,1.12867484831
250,75,1.21217041207
251,443,1.34914799358
252,448,1.0973384964
253,81,1.42627686375
254,82,1.39443665734
255,83,1.3576209674
256,84,1.15681788183
257,85,1.1930451475
258,86,1.1259987743
259,89,1.32271776431
260,92,1.06217685
261,93,1.36499766035
262,94,0.755782531716
263,95,0.477104267742
264,96,1.15909969485
265,100,1.29118191476
266,101,0.505811283329
267,103,1.33063871136
268,105,1.23387478573
269,104,1.29058060511
270,106,1.14974362834
271,107,1.44936570685
272,417,0.992813146574
273,108,1.29221312053
274,377,1.01175035009
275,112,1.24451918281
276,10,1.18032698025
277,114,1.2042103367
278,116,1.22482941283
279,408,0.957531881617
280,120,1.34055212413
281,121,1.29510640905
282,123,1.2051009708
283,484,0.830767963039
284,124,1.27495804803
285,401,1.09483487744
286,126,1.24518777029
287,68,1.18261562753
288,382,0.852633256998
289,405,1.36955034934
290,138,1.22675762227
291,407,0.985440441071
292,487,0.592537669028
293,482,0.759650074446
294,383,1.12162231173
295,152,1.07805393001
296,153,0.7270351228
297,155,1.19747848901
298,157,1.2703301316
299,374,1.40470561179
300,472,1.26430740551
301,162,1.30141670046
302,455,1.22600521402
303,167,1.24317176269
304,168,1.00000561302
305,169,0.983961697768
306,17,1.32370504591
307,172,1.314041049
308,485,1.12801214363
309,173,1.0888371322
310,389,1.24833722135
311,180,1.30317103522
312,182,1.2426388674
313,433,1.31290894421
314,186,1.14174515982
315,185,1.15919893168
316,191,1.11341792921
317,192,1.14936217673
318,457,1.31902692275
319,416,1.25236549382
320,419,1.35605072243
321,454,1.10740541809
322,194,1.0183071762
323,384,0.862373177246
324,430,1.05124494696
325,203,1.24652543418
326,205,1.06690635573
327,206,1.26643668154
328,209,1.38302563992
329,211,1.18187872144
330,212,1.38712282742
331,213,0.701037031481
332,215,0.888409212987
333,216,1.16093723861
334,398,1.44091373984
335,218,1.23250669208
336,431,1.00565890097
337,221,1.17162121796
338,223,1.04991646876
339,479,0.626922392737
340,434,0.746509911789
341,227,1.04613972789
342,20,0.190656003593
343,228,1.23241690734
344,21,1.08889271803
345,233,1.21911275744
346,234,1.21901160121
347,235,1.35883461919
348,22,0.230251292264
349,239,1.0119386316
350,241,1.24574138455
351,432,1.25025122961
352,24,1.18147153729
353,26,1.24235574572
354,246,1.34467530093
355,27,1.16184256942
356,404,0.621861501713
357,253,1.4221012694
358,254,1.22126904319
359,255,1.27333268252
360,480,1.14951141867
361,420,1.08813916617
362,447,1.17621582835
363,28,0.474769287335
364,263,1.46457813596
365,264,1.30758720764
366,379,1.28520267806
367,268,1.4196437764
368,269,0.918636901573
369,400,0.718420635219
370,270,0.885977908808
371,271,0.190957461966
372,272,1.35774226856
373,456,1.42203093884
374,275,0.911299057685
375,279,1.21372110007
376,281,1.24954082191
377,31,0.431131335085
378,282,1.25905875092
379,288,1.04936222182
380,300,1.28011178323
381,396,0.740639458142
382,303,1.03684586832
383,304,1.25390217064
384,306,1.04312174124
385,338,1.33291115581
386,308,1.13488432609
387,309,1.27377653136
388,311,1.41662016325
389,312,1.29283342119
390,483,0.846868914218
391,313,0.638143866762
392,34,1.20226409271
393,318,1.17921074843
394,317,1.02221663357
395,321,1.34062151073
396,323,1.03667404038
397,478,1.1489520227
398,325,1.10886279562
399,387,0.537370800887
400,329,1.21730689689
401,330,1.24003709129
402,331,1.19327445758
403,335,1.32227943972
404,392,1.25558340631
405,397,1.26285963899
406,340,1.29585027724
407,339,1.10985450619
408,37,1.24095288815
409,385,1.18761298487
410,346,1.31012292964
411,348,1.2242563414
412,351,1.25525258657
413,399,1.06146552128
414,450,1.11148696249
415,451,0.765344933418
416,352,1.25446598079
417,353,1.05666028221
418,357,0.884262355837
419,358,1.07236560366
420,359,1.33660323649
421,533,1.16108580678
422,38,1.3489095436
423,361,1.24116932169
424,364,1.34971874796
425,369,1.38061889166
426,139,0.954079068158
427,231,-1.1505409537
428,224,-1.01184450735
429,78,1.24592632995
430,229,1.2086599449
431,297,-0.748950892607
432,458,-0.82216757559
433,493,-0.757219498518
434,459,-1.24767291641
435,525,-0.473305240466
436,488,-1.08314905324
437,461,1.25204741997
438,97,-1.13202978806
439,445,-1.15276894236
440,129,-0.957338300771
441,8,-0.951826221915
442,373,-0.637974231615
443,187,-1.28251944965
444,210,-0.910430464705
445,265,-0.901014127824
446,149,-1.28559370679
447,302,-1.1687248256
448,307,1.0757891599
449,319,-1.14553383699
450,164,-1.12832401168
451,324,-1.06889617186
452,347,-1.06876849921
453,354,-1.04419689975
454,460,-0.964891905737
455,208,-0.656232535122
456,510,1.03250806633
457,87,-1.23779909399
458,535,0.445042532139
459,538,0.663380543695
460,243,0.752680109222
461,277,1.03246476732
462,285,-0.952701888698
463,517,-0.901384277766
464,519,1.18981997487
465,9,0.942546970114
466,11,1.12044113274
467,515,1.19465011252
468,532,0.910993871967
469,115,0.91900611825
470,469,-0.703848447089
471,470,-0.18114766174
472,506,1.00260038973
473,490,-0.989515163217
474,471,-1.27565182079
475,476,0.472433650869
476,474,1.08383809749
477,477,-1.19108532552
478,499,1.10002409942
479,429,-1.36389512816
480,505,1.06598054831
481,179,1.11299860504
482,497,-1.19033353162
483,540,0.369991323755
484,541,1.1299312796
485,170,0.882514590774
486,427,0.638478795277
487,171,1.19347335298
488,502,-0.838523921578
489,486,-1.59137974098
490,504,-0.886618901478
491,492,-0.961035988362
492,542,0.908798024815
493,453,0.884092333124
494,526,0.986098899895
495,418,0.63882202067
496,198,-0.576028560961
497,508,0.887292526423
498,527,1.29578202766
499,509,0.980279966196
500,544,1.02954492035
501,507,0.244321723678
502,511,-0.692530365352
503,512,0.505122922476
504,491,-1.25343054003
505,258,0.900533997361
506,494,1.1074292995
507,247,1.09898830207
508,249,-1.02306532788
509,250,-0.254181835038
510,252,1.16122504897
511,513,1.24667644915
512,516,0.720163986468
513,514,-0.900536038081
514,545,0.32791420703
515,495,1.133349112
516,518,0.610629235808
517,498,-1.33663929888
518,546,0.828766763451
519,380,1.07497035095
520,314,1.09167877358
521,500,0.979261190139
522,521,1.17992087922
523,523,0.714765616012
524,343,-1.21604031477
525,547,0.954798271017
526,501,0.875551752959
527,503,0.64003201775
528,415,1.00081678066
529,524,0.991415574934
530,473,-0.932402287808
531,368,0.929989742728
532,522,-1.35972729656
533,539,-0.819485599815
534,496,-1.00629429829
535,475,-1.14645547404
536,481,-0.744986526397
537,543,0.566260704293
538,528,1.0051329177
539,520,-0.524927636764
540,462,0.881595301577
541,463,-1.16007398054
542,464,-0.662834114913
543,465,-1.06445709255
544,467,1.94014135205
545,466,0.684785007722
546,468,-0.786456957718
547,489,0.889370528316
