,legislator,theta
0,39,-1.01958756297
1,530,-0.795045600722
2,40,-0.775887966881
3,375,-0.891192936875
4,0,-1.04938768399
5,1,-0.822672457595
6,43,-0.85787262825
7,414,-1.1421496409
8,47,-0.927614692996
9,48,-1.15996497905
10,49,-1.02516836937
11,50,-1.2897032734
12,52,-1.28936142013
13,53,-1.4739435429
14,529,-0.923224690654
15,59,-1.06591261138
16,61,-1.21875122496
17,439,-1.31531227337
18,63,-0.965153891971
19,412,-0.948011047292
20,5,-0.853297407381
21,65,-0.877737778009
22,66,-1.07033392184
23,67,-1.03879294953
24,70,-0.859595000493
25,6,-0.938929331358
26,7,-1.28646816972
27,537,-1.11156429377
28,71,-0.80915162971
29,76,-1.04537242114
30,77,-0.968269859086
31,79,-1.40673858718
32,80,-1.15882553227
33,54,-1.08582628508
34,88,-0.886233347763
35,90,-0.824411853427
36,406,-1.24373655767
37,435,-0.909178737428
38,91,-1.27423774797
39,391,-1.03162965859
40,386,-1.31219435031
41,428,-0.918244102001
42,98,-0.968566682055
43,99,-0.830067648838
44,102,-0.926419916296
45,422,-0.943998462492
46,409,-0.742960096542
47,109,-0.790047218661
48,110,-0.680708670842
49,403,-1.32969923536
50,111,-1.22068750913
51,113,-0.64015298847
52,117,-1.00769160321
53,118,-1.54144267034
54,119,-0.693118066747
55,122,-0.939214762065
56,125,-1.08322229885
57,127,-1.20554501862
58,128,-0.482119914632
59,130,-1.15798773442
60,131,-1.44184041038
61,132,-1.32230378963
62,133,-0.952791535497
63,134,-0.705627487005
64,135,-1.26758830793
65,136,-1.41805029243
66,137,-0.670920220478
67,140,-0.92162107371
68,141,-1.20367208595
69,12,-0.701407670251
70,142,-1.07332689118
71,143,-0.242417557512
72,13,-1.20543633907
73,144,-1.13292193161
74,145,-1.08334738923
75,146,-1.01211470605
76,147,-1.28226634428
77,148,-1.07573898161
78,151,-1.22530454169
79,150,-1.14399197446
80,14,-0.915014405317
81,154,-0.804037870165
82,55,-0.515962185054
83,156,-1.05602174188
84,15,-0.98917534085
85,158,-0.572830248403
86,159,-0.920162408046
87,160,-1.16871985613
88,161,-1.08416501659
89,16,-0.917692066041
90,163,-0.735922965149
91,165,-1.36482899959
92,166,-0.712840393924
93,426,-1.38213490595
94,423,-1.5343364519
95,174,-1.03561323266
96,175,-1.21572568459
97,176,-1.3050716552
98,177,-1.11393471915
99,178,-1.16522913336
100,181,-1.07043441063
101,183,-1.151602814
102,184,-1.04715321718
103,188,-1.36029461028
104,189,-0.32324984919
105,190,-1.40381437932
106,438,-0.696256791721
107,193,-0.985873050425
108,196,-1.12602553748
109,195,-0.620888899478
110,18,-1.33409954016
111,197,-0.902673123165
112,199,-1.0709646068
113,200,-1.11456810387
114,388,-1.14836391733
115,201,-1.21968631457
116,202,-0.72598574892
117,204,-1.13710411523
118,19,-0.705745590327
119,207,-1.34055025883
120,214,-0.539418395409
121,217,-1.3322798825
122,219,-0.874567235276
123,220,-1.01868571559
124,222,-1.10451453268
125,225,-1.34488254424
126,226,-0.894965161054
127,378,-0.903084778235
128,230,-1.05659519125
129,232,-1.09921392716
130,236,-1.26709506141
131,23,-0.805975247613
132,237,-0.810110530829
133,238,-0.973873171712
134,425,-1.20769585507
135,240,-0.668431295745
136,413,-1.22993650575
137,242,-1.21283220733
138,245,-1.24710348519
139,244,-1.14256461807
140,25,-0.905551277753
141,440,-1.22301875104
142,248,-1.18369578772
143,251,-1.07676775853
144,256,-1.4568284551
145,257,-1.0092935222
146,259,-1.01652707307
147,260,-0.923282066365
148,56,-1.1641221481
149,261,-1.16615270057
150,262,-1.2897990544
151,29,1.32146798016
152,266,-1.03611192751
153,267,-0.937453904863
154,441,-1.17964518561
155,30,-0.934102968461
156,424,-1.44450604836
157,273,-1.13936653902
158,274,-1.21554923303
159,276,-1.40655852347
160,278,-0.85080157654
161,280,-1.38328552837
162,534,-1.12791934015
163,283,-0.743801031183
164,284,-0.635805522666
165,286,-0.924200563675
166,287,-1.2615008752
167,444,-1.15069309515
168,289,-0.88751515518
169,290,-0.992127957773
170,291,-1.12750366726
171,293,-0.985365057127
172,292,-0.837346967665
173,32,-1.04045592115
174,294,-0.870639680562
175,295,-1.3939086207
176,296,-0.952573574969
177,298,-0.959701122633
178,299,-1.13647844309
179,442,-1.05515862746
180,301,-1.08089739745
181,33,-0.590553703174
182,305,-1.13567180956
183,381,-1.0943419243
184,310,-1.41685727615
185,57,-0.748920003507
186,315,-1.20193732689
187,316,-1.32231545816
188,320,-1.02588086354
189,322,-1.28688523808
190,326,-0.766193821433
191,327,-1.00332889287
192,328,-0.785953440352
193,332,-1.21851924886
194,333,-0.555325759469
195,334,-1.20814707883
196,35,-1.08136343947
197,452,-1.00328128395
198,336,-0.829539996479
199,41,-1.0208475156
200,337,-1.26184697362
201,36,-0.897912523418
202,341,-0.763425691555
203,342,-1.22875065952
204,344,-0.944476885673
205,345,-1.08848856868
206,349,-0.711054718056
207,350,-0.908146211881
208,393,-0.717089759798
209,421,-1.16880543485
210,355,-1.30880449513
211,356,-0.845187566189
212,411,-1.09831727075
213,446,-1.56327303038
214,360,-0.9528898512
215,436,-1.2512370897
216,362,-1.18275458341
217,60,-0.766570826165
218,449,-1.3776519549
219,363,-1.27028624347
220,365,-0.942736392894
221,42,-0.775612115544
222,366,-1.01395125552
223,367,-1.11934925679
224,370,-1.11616826763
225,402,-1.16566538599
226,371,-0.699647050233
227,531,-0.911582545456
228,372,-1.00270966865
229,536,1.07948586707
230,44,0.372287821264
231,2,0.188560778878
232,45,1.45339719713
233,437,1.26792009754
234,46,1.55023555906
235,390,0.755025945723
236,51,0.647355627697
237,3,1.24769319045
238,58,1.33806001083
239,376,1.38152036023
240,62,1.45960565944
241,4,0.936167783894
242,64,1.16112725645
243,394,0.97764432003
244,410,0.6890255651
245,69,1.08954437195
246,72,1.23250770414
247,73,1.43538489856
248,395,1.10761250977
249,74,1.09633847732
250,75,1.21092164749
251,443,1.3481127587
252,448,1.14306799278
253,81,1.42914600217
254,82,1.50736544387
255,83,1.58395888134
256,84,1.28428793982
257,85,1.26847601865
258,86,1.13674350341
259,89,1.43472983769
260,92,1.17838468386
261,93,1.54730881632
262,94,0.732815697469
263,95,0.378560662851
264,96,1.11161805592
265,100,1.41680530296
266,101,0.470720023837
267,103,1.39082772544
268,105,1.30808588012
269,104,1.34583100268
270,106,1.11329379448
271,107,1.47607773028
272,417,0.960461865083
273,108,1.30363383971
274,377,1.03369940025
275,112,1.34105664251
276,10,1.30921414764
277,114,1.24842064126
278,116,1.27787775549
279,408,0.977182457048
280,120,1.63847958656
281,121,1.44549356859
282,123,1.25595328617
283,484,0.816685535927
284,124,1.27842284324
285,401,1.10825563689
286,126,1.30749168454
287,68,1.42737618056
288,382,0.864142287033
289,405,1.39966823518
290,138,1.35120203118
291,407,0.918423316292
292,487,0.515958651442
293,482,0.67527842826
294,383,1.16850355204
295,152,1.12554635598
296,153,0.633350631608
297,155,1.39073491164
298,157,1.27339912029
299,374,1.33777987203
300,472,1.25819836582
301,162,1.46068462104
302,455,1.15049381973
303,167,1.25143967449
304,168,0.986871217728
305,169,0.934561876786
306,17,1.36948620214
307,172,1.49559828729
308,485,1.1586040223
309,173,1.11970806114
310,389,1.40136993115
311,180,1.20118689458
312,182,1.15902588598
313,433,1.28441143857
314,186,1.2375096078
315,185,1.24847863243
316,191,1.16924144249
317,192,1.1081566735
318,457,1.35403689798
319,416,1.42356189682
320,419,1.44112751523
321,454,0.966258537716
322,194,0.964692731044
323,384,0.783743386277
324,430,1.0291195875
325,203,1.20996532393
326,205,1.21409965355
327,206,1.26472581059
328,209,1.58582869029
329,211,1.35300906641
330,212,1.67504027172
331,213,0.734105985277
332,215,0.844695980742
333,216,1.1732752733
334,398,1.58960637021
335,218,1.36500449474
336,431,0.943772397989
337,221,1.16933722766
338,223,1.06285657472
339,479,0.629907251887
340,434,0.720052612622
341,227,1.26912331291
342,20,0.174640156754
343,228,1.30372415396
344,21,0.960974406405
345,233,1.07752850453
346,234,1.37158295938
347,235,1.42153296099
348,22,0.228106161189
349,239,1.03538051668
350,241,1.41253938511
351,432,1.23221167977
352,24,1.05982181961
353,26,1.31396473871
354,246,1.31497313581
355,27,1.18101630857
356,404,0.574329920908
357,253,1.52997684012
358,254,1.46402621627
359,255,1.47432604734
360,480,1.23667482437
361,420,0.975925100682
362,447,1.12816678851
363,28,0.457212019633
364,263,1.54751030688
365,264,1.33312436959
366,379,1.59535858663
367,268,1.48355123797
368,269,0.883843818806
369,400,0.651090599607
370,270,0.854632071273
371,271,0.153159664677
372,272,1.49089566188
373,456,1.60949089215
374,275,0.875735586145
375,279,1.20303851371
376,281,1.28966089827
377,31,0.388046639641
378,282,1.2872717145
379,288,1.07318058662
380,300,1.45881866539
381,396,0.635016360092
382,303,1.04231478512
383,304,1.21804606661
384,306,0.998794207012
385,338,1.34158977189
386,308,1.01738157197
387,309,1.40173148697
388,311,1.56053473664
389,312,1.421945539
390,483,0.801855085618
391,313,0.623799970407
392,34,1.34925075177
393,318,1.29849567537
394,317,0.971246089424
395,321,1.40395799862
396,323,0.934291258435
397,478,1.10896207824
398,325,1.19497759506
399,387,0.513239500855
400,329,1.26251405265
401,330,1.36969910601
402,331,1.20432794325
403,335,1.46428325659
404,392,1.11093995062
405,397,1.38391955109
406,340,1.34245112814
407,339,1.14923070909
408,37,1.30157657105
409,385,1.23049051297
410,346,1.44364058522
411,348,1.41056310198
412,351,1.45606853217
413,399,1.10621818764
414,450,1.07227144751
415,451,0.680161128876
416,352,1.39805581663
417,353,1.06404209125
418,357,0.858421277738
419,358,1.09139855683
420,359,1.41521985146
421,533,1.59740150482
422,38,1.52059894275
423,361,1.35518262607
424,364,1.5942478394
425,369,1.21877098383
426,139,0.851874927549
427,231,-1.17300073424
428,224,-1.08901560449
429,78,1.27757745846
430,229,1.25118028109
431,297,-0.696153908333
432,458,-0.85218855314
433,493,-0.769257276128
434,459,-1.38127433392
435,525,-1.83450724073
436,488,-0.951847134735
437,461,1.37361441264
438,97,-1.34950380008
439,445,-1.68054218769
440,129,-0.925964903752
441,8,-0.897622281345
442,373,-0.631524623672
443,187,-1.39782586154
444,210,-1.27428876317
445,265,-1.45402521553
446,149,-1.84337202912
447,302,-1.14108442643
448,307,1.45489480279
449,319,-1.53646291803
450,164,-1.50397222476
451,324,-1.32214424371
452,347,-1.27568580151
453,354,-1.1424880285
454,460,-0.842461559003
455,208,-0.640486477169
456,510,1.38719062964
457,87,-1.50841457104
458,535,0.614396200099
459,538,0.583016070449
460,243,0.820262919191
461,277,1.38165751895
462,285,-0.888936784381
463,517,-1.00426252576
464,519,1.52829194136
465,9,1.09869563717
466,11,1.58970519456
467,515,1.39416910167
468,532,0.832508980425
469,115,0.998848039056
470,469,-0.790558408658
471,470,-0.203877424628
472,506,0.971223037772
473,490,-0.835620929999
474,471,-1.50403020851
475,476,0.523603212017
476,474,1.27748455565
477,477,-1.34266552627
478,499,1.06541065099
479,429,-1.47364013843
480,505,1.49804708859
481,179,1.31876115185
482,497,-1.39960197249
483,540,0.394436918198
484,541,1.08473031591
485,170,0.934650651045
486,427,0.623780003597
487,171,1.3735103461
488,502,-0.755044006841
489,486,-1.80435128846
490,504,-0.810673875172
491,492,-0.968952291199
492,542,1.09511272504
493,453,0.867618531588
494,526,2.08344566164
495,418,0.565857041756
496,198,-0.585041540705
497,508,0.893940432496
498,527,1.83660393815
499,509,1.41005790548
500,544,1.22830491561
501,507,0.264423260905
502,511,-0.645753105034
503,512,0.634262744166
504,491,-1.31956362134
505,258,1.47106760628
506,494,0.988000756256
507,247,1.2507972953
508,249,-1.06784513009
509,250,-0.288416168456
510,252,1.34139707043
511,513,1.37871566242
512,516,0.923018314405
513,514,-0.875282093276
514,545,0.419484697109
515,495,1.53566496903
516,518,0.646830640708
517,498,-1.79548788188
518,546,1.20841900266
519,380,1.50782875974
520,314,1.30994534846
521,500,1.04203667684
522,521,1.33323143928
523,523,0.637237210134
524,343,-1.12086917866
525,547,0.706041596434
526,501,1.29207347212
527,503,0.709995108865
528,415,1.31154015353
529,524,1.1892326977
530,473,-0.733592961864
531,368,0.876985247115
532,522,-1.03824107677
533,539,-0.933984032902
534,496,-1.32058273397
535,475,-1.29250111755
536,481,-0.793545779429
537,543,0.68305972966
538,528,1.43379450161
539,520,-0.8438378572
540,462,1.36229908664
541,463,-1.28628663124
542,464,-0.617605761565
543,465,-1.53498097791
544,467,1.48172016006
545,466,0.713427037442
546,468,-1.29390655045
547,489,0.989354056565
