,legislator,theta
0,39,-0.972699249263
1,530,-0.786991352913
2,40,-0.77314700583
3,375,-0.920893810002
4,0,-1.13835771987
5,1,-0.844429866466
6,43,-0.84211210634
7,414,-1.04069289424
8,47,-0.984453798534
9,48,-1.21258525269
10,49,-1.02073008247
11,50,-1.25800204289
12,52,-1.13929915563
13,53,-1.41840123652
14,529,-0.93266355643
15,59,-0.984176424841
16,61,-1.20288086012
17,439,-1.13933460534
18,63,-0.94877546828
19,412,-1.00042669335
20,5,-0.839055334713
21,65,-0.933484964614
22,66,-1.04596950463
23,67,-1.14569023806
24,70,-0.875819786117
25,6,-0.929997832057
26,7,-1.15770338301
27,537,-1.07017292696
28,71,-0.747505749497
29,76,-0.978167111039
30,77,-1.05915620268
31,79,-1.38529648847
32,80,-1.04911664057
33,54,-1.02708364695
34,88,-0.869000207391
35,90,-0.872336320354
36,406,-1.24442447332
37,435,-0.943094080423
38,91,-1.23871207007
39,391,-0.979273268996
40,386,-1.19550431149
41,428,-0.992115150384
42,98,-0.975519661335
43,99,-0.909038090304
44,102,-0.890521561784
45,422,-1.07102941103
46,409,-0.774945050345
47,109,-0.799994490557
48,110,-0.630876151472
49,403,-1.20437878611
50,111,-1.15453238955
51,113,-0.710591485992
52,117,-0.993181932623
53,118,-1.33036746737
54,119,-0.720605356653
55,122,-1.006840642
56,125,-1.08372386423
57,127,-1.30492332025
58,128,-0.515410502337
59,130,-1.00425725733
60,131,-1.35912377187
61,132,-1.3148304379
62,133,-0.965229192596
63,134,-0.800037119376
64,135,-1.18037949172
65,136,-1.41022047393
66,137,-0.746850175943
67,140,-0.987289791089
68,141,-1.15226241081
69,12,-0.734810344458
70,142,-1.05847361524
71,143,-0.201067438012
72,13,-1.18472746803
73,144,-1.0775227144
74,145,-1.12326861067
75,146,-1.03572556556
76,147,-1.28181554252
77,148,-1.09088245253
78,151,-1.21303850707
79,150,-1.08013287017
80,14,-0.886230354723
81,154,-0.827824235183
82,55,-0.573677444059
83,156,-1.04652287103
84,15,-1.0694444762
85,158,-0.594145294092
86,159,-1.01864217744
87,160,-1.17391538697
88,161,-1.17612204401
89,16,-0.875314361281
90,163,-0.721609304618
91,165,-1.30900813127
92,166,-0.737635711819
93,426,-1.29582525124
94,423,-1.38747480535
95,174,-1.05553076855
96,175,-1.1036385136
97,176,-1.1897233185
98,177,-1.05786199153
99,178,-1.13322162326
100,181,-0.98814973595
101,183,-1.18594396594
102,184,-1.00088257186
103,188,-1.25667836077
104,189,-0.300173830762
105,190,-1.39234119917
106,438,-0.748221180616
107,193,-0.957459350266
108,196,-1.14008853867
109,195,-0.585308606993
110,18,-1.35193035685
111,197,-0.921399444211
112,199,-1.08227229203
113,200,-1.1011248455
114,388,-1.06661844094
115,201,-1.23357670987
116,202,-0.749233699833
117,204,-1.19311306261
118,19,-0.83685627293
119,207,-1.24725189425
120,214,-0.529974108517
121,217,-1.32295395564
122,219,-0.910449378813
123,220,-1.07050679718
124,222,-1.19261642318
125,225,-1.33332109733
126,226,-0.869274835889
127,378,-0.767988757283
128,230,-0.980012082516
129,232,-1.05691725416
130,236,-1.2718480249
131,23,-0.817707058536
132,237,-0.718675543071
133,238,-1.10496770523
134,425,-1.09452937517
135,240,-0.700008393066
136,413,-1.1074879504
137,242,-1.04682724331
138,245,-1.18012672785
139,244,-1.01158584512
140,25,-0.881191739638
141,440,-1.06572295962
142,248,-1.02327237412
143,251,-1.03885698009
144,256,-1.41220270798
145,257,-1.00647914685
146,259,-0.961776922828
147,260,-1.01804135795
148,56,-1.09407136055
149,261,-1.2316690773
150,262,-1.25052196263
151,29,1.18770065352
152,266,-0.950800288107
153,267,-0.996278201945
154,441,-1.20485667836
155,30,-0.849650814457
156,424,-1.24705592239
157,273,-1.0731174897
158,274,-0.9955560313
159,276,-1.20628890397
160,278,-0.801744640257
161,280,-1.28760261328
162,534,-0.948051014721
163,283,-0.722678487748
164,284,-0.601779095892
165,286,-0.903175415528
166,287,-1.23943163279
167,444,-1.11763587709
168,289,-0.997503683823
169,290,-0.828932483255
170,291,-1.03514841604
171,293,-1.02999890211
172,292,-0.925228929694
173,32,-1.04271022737
174,294,-0.828239266462
175,295,-1.18240642946
176,296,-0.986670825126
177,298,-0.974255150889
178,299,-1.13584771652
179,442,-1.10797446108
180,301,-1.05995858952
181,33,-0.649080667404
182,305,-1.0565970401
183,381,-1.13176848807
184,310,-1.36850655597
185,57,-0.86017670742
186,315,-1.13835639132
187,316,-1.34879967076
188,320,-1.03443805408
189,322,-1.27557859962
190,326,-0.750210357199
191,327,-0.913555157223
192,328,-0.855622398984
193,332,-1.23376577161
194,333,-0.556733455675
195,334,-1.26699643058
196,35,-1.14458365304
197,452,-1.08495416122
198,336,-0.987804753383
199,41,-1.00548690361
200,337,-1.26101162943
201,36,-0.886145652718
202,341,-0.804806527319
203,342,-1.18177369309
204,344,-0.990687458878
205,345,-1.03024269463
206,349,-0.766901365116
207,350,-0.846683152848
208,393,-0.768560692144
209,421,-1.12527703597
210,355,-1.20281756659
211,356,-0.832088306109
212,411,-1.07101986079
213,446,-1.49740194885
214,360,-0.92605079548
215,436,-1.21330697322
216,362,-1.2542157605
217,60,-0.817297751668
218,449,-1.29259635597
219,363,-1.25131681197
220,365,-0.970294887284
221,42,-0.763379610855
222,366,-0.989336298787
223,367,-0.979944493223
224,370,-1.06455739849
225,402,-1.13014657129
226,371,-0.749435332865
227,531,-0.88408157153
228,372,-0.980793672751
229,536,1.10782922667
230,44,0.433257089599
231,2,0.21724947181
232,45,1.43560598249
233,437,1.28381228064
234,46,1.59574509312
235,390,0.748182564365
236,51,0.611585904583
237,3,1.11426079515
238,58,1.36103642777
239,376,1.39162179275
240,62,1.3985016531
241,4,0.953980980947
242,64,1.17755373212
243,394,0.988964128044
244,410,0.702046660681
245,69,1.13457879411
246,72,1.31205106955
247,73,1.30923237183
248,395,1.09446211617
249,74,1.07618930949
250,75,1.12970554487
251,443,1.29285394269
252,448,1.1383243079
253,81,1.42330165981
254,82,1.5562039523
255,83,1.58224585845
256,84,1.37926759691
257,85,1.15441387638
258,86,1.13845928969
259,89,1.4461084159
260,92,1.11234275322
261,93,1.37678593201
262,94,0.740148954233
263,95,0.400213242471
264,96,1.16665389252
265,100,1.38492434855
266,101,0.428246964862
267,103,1.38951468671
268,105,1.29770199758
269,104,1.24453789319
270,106,1.1855921214
271,107,1.45837578259
272,417,1.03078487512
273,108,1.36578238145
274,377,1.01070660031
275,112,1.27782525138
276,10,1.13557408842
277,114,1.25175496489
278,116,1.24278252647
279,408,0.900614375567
280,120,1.53531727978
281,121,1.43195654853
282,123,1.31543378201
283,484,0.761994516815
284,124,1.23275176109
285,401,1.07098208316
286,126,1.25129467785
287,68,1.34717468107
288,382,0.886427536179
289,405,1.35571982994
290,138,1.23200437592
291,407,1.00108444432
292,487,0.544149037414
293,482,0.710277524065
294,383,1.17449927767
295,152,1.10379420822
296,153,0.609783619475
297,155,1.46104361872
298,157,1.21292646926
299,374,1.26123237779
300,472,1.25212768834
301,162,1.33510141345
302,455,1.11682878248
303,167,1.30387622379
304,168,1.03144473786
305,169,0.9566412767
306,17,1.37440522908
307,172,1.40592649889
308,485,1.04695636769
309,173,1.10899136458
310,389,1.39422150629
311,180,1.20953918906
312,182,1.10589261153
313,433,1.36386408259
314,186,1.37383507218
315,185,1.16881376349
316,191,1.0698590505
317,192,1.15801325269
318,457,1.37133063065
319,416,1.32138696866
320,419,1.42619685623
321,454,0.982237323095
322,194,1.03756568108
323,384,0.76312512944
324,430,0.950979235262
325,203,1.17906117774
326,205,1.17634585682
327,206,1.26517043791
328,209,1.52704323242
329,211,1.27351080347
330,212,1.53594236784
331,213,0.735495182071
332,215,0.89234345061
333,216,1.13902708448
334,398,1.52021885014
335,218,1.34621226929
336,431,1.0333079411
337,221,1.10305610375
338,223,1.10246916659
339,479,0.600456505557
340,434,0.732831833479
341,227,1.47717305538
342,20,0.14681529892
343,228,1.19628864409
344,21,0.838673002134
345,233,1.2070593419
346,234,1.30697477067
347,235,1.38258140784
348,22,0.2080627541
349,239,1.05336247201
350,241,1.35401631404
351,432,1.28329355683
352,24,1.05820038551
353,26,1.21897686316
354,246,1.41426128889
355,27,1.09140709075
356,404,0.556090093442
357,253,1.47653855894
358,254,1.35321747956
359,255,1.27158404364
360,480,1.18350743372
361,420,0.973008970873
362,447,1.12356108399
363,28,0.39474530006
364,263,1.45674900452
365,264,1.41220424393
366,379,1.43784732131
367,268,1.35339967728
368,269,0.825503846269
369,400,0.655342400138
370,270,0.819803666934
371,271,0.215331492534
372,272,1.35407295271
373,456,1.53279564003
374,275,0.850643721323
375,279,1.27020060381
376,281,1.27390409543
377,31,0.391703361087
378,282,1.35320787558
379,288,1.01217150327
380,300,1.41250497572
381,396,0.693399479069
382,303,0.966996718262
383,304,1.33562078803
384,306,1.08258784243
385,338,1.47465971357
386,308,0.951788753144
387,309,1.39290752996
388,311,1.5114293022
389,312,1.33562924107
390,483,0.792289830153
391,313,0.640811968114
392,34,1.30755165302
393,318,1.20842913335
394,317,1.05986621615
395,321,1.44237491349
396,323,0.976071951941
397,478,1.09214692768
398,325,1.05668341412
399,387,0.535200530358
400,329,1.18589615012
401,330,1.2218545696
402,331,1.25110890621
403,335,1.38128823641
404,392,1.13371745544
405,397,1.43431402135
406,340,1.24744499387
407,339,1.11728885849
408,37,1.23509106943
409,385,1.21036685227
410,346,1.41455784907
411,348,1.41230958143
412,351,1.41549241676
413,399,1.15492935089
414,450,1.13566378055
415,451,0.739937818182
416,352,1.36753623509
417,353,1.08648391673
418,357,0.828752979925
419,358,1.20188852713
420,359,1.42928515249
421,533,1.32867236221
422,38,1.49942276473
423,361,1.28660984143
424,364,1.58172012678
425,369,1.34074904563
426,139,0.953614658085
427,231,-1.12156592436
428,224,-1.01747307354
429,78,1.27216158289
430,229,1.23629092671
431,297,-0.668999732794
432,458,-0.855378808416
433,493,-1.17369814735
434,459,-1.38930197845
435,525,-0.557010287163
436,488,-0.987534683859
437,461,1.36434118389
438,97,-1.39869981998
439,445,-1.33694772532
440,129,-0.936174041653
441,8,-1.04622091602
442,373,-0.657293055398
443,187,-1.40558532448
444,210,-1.15220275752
445,265,-1.09907559563
446,149,-1.62835243203
447,302,-0.993095269611
448,307,1.36110481514
449,319,-1.48574148873
450,164,-1.31245989177
451,324,-1.10991202147
452,347,-1.0684510024
453,354,-1.23519668112
454,460,-0.89859741858
455,208,-0.647568359016
456,510,1.32313870043
457,87,-1.32342046721
458,535,0.594866908071
459,538,0.520148070663
460,243,0.975590215365
461,277,1.20092006259
462,285,-0.978168761578
463,517,-1.03017385419
464,519,1.17029509084
465,9,1.13937924551
466,11,1.48244040622
467,515,1.40350692
468,532,0.790906426437
469,115,0.952874898367
470,469,-0.77307582752
471,470,-0.258743018788
472,506,0.894534891285
473,490,-0.758958350297
474,471,-1.09011477918
475,476,0.600631975117
476,474,1.19052516739
477,477,-1.35427835646
478,499,0.954301356634
479,429,-1.10581688614
480,505,1.33778333681
481,179,1.31428439251
482,497,-1.12162017235
483,540,0.382147049717
484,541,0.990852707613
485,170,1.03960733776
486,427,0.575749302569
487,171,1.32216185013
488,502,-0.639342711929
489,486,-1.73622783143
490,504,-0.757964449185
491,492,-0.9470226147
492,542,0.897273877082
493,453,0.702194308631
494,526,1.17824259544
495,418,0.620233496025
496,198,-0.48356031881
497,508,0.936056463984
498,527,1.61102927021
499,509,1.15952988396
500,544,1.16532332458
501,507,0.238151919898
502,511,-0.85531298621
503,512,0.631157401584
504,491,-1.32069276382
505,258,1.42660660988
506,494,1.2317996972
507,247,1.2572630158
508,249,-0.983538962635
509,250,-0.327559414622
510,252,1.34991021151
511,513,1.13189436945
512,516,0.925364916403
513,514,-0.81640316705
514,545,0.412494767883
515,495,1.22412280679
516,518,0.793011083656
517,498,-1.63440847358
518,546,1.06507736022
519,380,1.24773995464
520,314,0.992736278464
521,500,0.832798893353
522,521,1.50997725819
523,523,0.566239817277
524,343,-1.220474709
525,547,0.68038363315
526,501,1.23190314528
527,503,0.633349923468
528,415,1.13058770807
529,524,1.33637440932
530,473,-0.760413415173
531,368,1.00455504185
532,522,-0.889921319798
533,539,-1.06614625666
534,496,-1.12075618104
535,475,-1.25293776004
536,481,-0.816078521351
537,543,0.596286975121
538,528,1.19996791034
539,520,-0.858173149991
540,462,1.14935158775
541,463,-1.16640148413
542,464,-0.657903339912
543,465,-1.32704222773
544,467,1.79698075216
545,466,0.739391289345
546,468,-0.840980773381
547,489,0.967438507634
