,legislator,theta
0,39,-0.915792016913
1,530,-0.829412778412
2,40,-0.845636289127
3,375,-0.937960662551
4,0,-1.13667218349
5,1,-0.821962742585
6,43,-0.786765853247
7,414,-0.999390508569
8,47,-0.839793070809
9,48,-1.2036093696
10,49,-1.09759809521
11,50,-1.31777754664
12,52,-1.38166870099
13,53,-1.28498780862
14,529,-0.932589295476
15,59,-1.04038080305
16,61,-1.20960351955
17,439,-1.40382320789
18,63,-1.02883143894
19,412,-1.00060900035
20,5,-0.84545751293
21,65,-0.951001993399
22,66,-1.05670925962
23,67,-1.06052578215
24,70,-0.824023908404
25,6,-0.94482938458
26,7,-1.03721745884
27,537,-1.07545695923
28,71,-0.784244535632
29,76,-1.08973411118
30,77,-1.03942351939
31,79,-1.19389800629
32,80,-1.2333863364
33,54,-1.12343805392
34,88,-0.84744036688
35,90,-0.747120593958
36,406,-1.42240842926
37,435,-0.953055126452
38,91,-1.40923408467
39,391,-1.05101890698
40,386,-1.41849022452
41,428,-0.903085356342
42,98,-0.984009434351
43,99,-0.793058134652
44,102,-0.971980284771
45,422,-1.05801650288
46,409,-0.772512642845
47,109,-0.746003201311
48,110,-0.701312019602
49,403,-1.36302903749
50,111,-1.34440873493
51,113,-0.689544067966
52,117,-1.09782899502
53,118,-1.68041563953
54,119,-0.708170172445
55,122,-0.998309071777
56,125,-1.07055434141
57,127,-1.21201265946
58,128,-0.48225251499
59,130,-1.17367094227
60,131,-1.5320476325
61,132,-1.38671840335
62,133,-0.96591712505
63,134,-0.748290020602
64,135,-1.36600597343
65,136,-1.47001388706
66,137,-0.636347989501
67,140,-0.937143829043
68,141,-1.22935285148
69,12,-0.726918749437
70,142,-1.10730043615
71,143,-0.199977404458
72,13,-1.2444264948
73,144,-1.13432040565
74,145,-1.2289175606
75,146,-1.05241016473
76,147,-1.36263312766
77,148,-1.13299284237
78,151,-1.35100833542
79,150,-1.16002025524
80,14,-0.978844678366
81,154,-0.877016073947
82,55,-0.621361458897
83,156,-1.06227002944
84,15,-0.992723495415
85,158,-0.586340760454
86,159,-0.925162048122
87,160,-1.28111448374
88,161,-1.10902513836
89,16,-0.849247125968
90,163,-0.686991179404
91,165,-1.4855074133
92,166,-0.763847674623
93,426,-1.52641691181
94,423,-1.53735541231
95,174,-1.13943645631
96,175,-1.37514904182
97,176,-1.29899190265
98,177,-1.1445459682
99,178,-1.26176532153
100,181,-1.13631567164
101,183,-1.20784977116
102,184,-1.19364115128
103,188,-1.43829442631
104,189,-0.265136511419
105,190,-1.33463987583
106,438,-0.67799931071
107,193,-0.934173377105
108,196,-1.12593168716
109,195,-0.55337933856
110,18,-1.46162541164
111,197,-0.75330310564
112,199,-1.01293289895
113,200,-1.10013335011
114,388,-1.31243184852
115,201,-1.44399170838
116,202,-0.743621039297
117,204,-1.26708742051
118,19,-0.776837819872
119,207,-1.33137997589
120,214,-0.563790126307
121,217,-1.20084801015
122,219,-0.805450206084
123,220,-1.06738851878
124,222,-1.05775997653
125,225,-1.46895308843
126,226,-0.837615012537
127,378,-0.853014275706
128,230,-0.936709339795
129,232,-1.1845971399
130,236,-1.23460618731
131,23,-0.881226151145
132,237,-0.694711124918
133,238,-0.962864793073
134,425,-1.34075484961
135,240,-0.694847752909
136,413,-1.28867554193
137,242,-1.1411671783
138,245,-1.20302088116
139,244,-1.01268497339
140,25,-0.784580594359
141,440,-1.17067042718
142,248,-1.22164810287
143,251,-0.78338043602
144,256,-1.45443899044
145,257,-0.934630775535
146,259,-1.02178260151
147,260,-0.957365304164
148,56,-1.08369717899
149,261,-1.27435917564
150,262,-1.40219331283
151,29,1.17166782433
152,266,-0.972386147321
153,267,-1.04371502652
154,441,-1.16627774192
155,30,-0.890458485824
156,424,-1.40621009134
157,273,-1.23570457838
158,274,-1.12547535394
159,276,-1.57879689036
160,278,-0.867040823955
161,280,-1.4577506142
162,534,-1.08539658223
163,283,-0.696276963504
164,284,-0.629181765624
165,286,-0.891275216126
166,287,-1.30536495108
167,444,-1.20503844407
168,289,-0.887622584146
169,290,-0.904739543661
170,291,-1.02077057472
171,293,-1.03422645377
172,292,-0.85864579555
173,32,-1.05355409157
174,294,-0.872252246076
175,295,-1.39117478041
176,296,-0.879861081134
177,298,-1.03427178605
178,299,-1.09515605734
179,442,-1.01714794455
180,301,-1.24503379113
181,33,-0.536528008998
182,305,-1.23534765718
183,381,-1.23491914765
184,310,-1.49324751892
185,57,-0.842994306
186,315,-1.25857892625
187,316,-1.18393495639
188,320,-1.02995076966
189,322,-1.37537862016
190,326,-0.792999208894
191,327,-1.06883997557
192,328,-0.822413023227
193,332,-1.26011778858
194,333,-0.604990433293
195,334,-1.28770269355
196,35,-1.05798820695
197,452,-1.05563685904
198,336,-0.890107445572
199,41,-0.942238174725
200,337,-1.4492813372
201,36,-0.933756494143
202,341,-0.713294536381
203,342,-1.3300611823
204,344,-0.916744050813
205,345,-0.961160284222
206,349,-0.803531448423
207,350,-0.795231681
208,393,-0.702081356534
209,421,-1.2039614166
210,355,-1.33544728706
211,356,-0.885334336493
212,411,-1.02362245074
213,446,-1.75438696998
214,360,-0.978748206496
215,436,-1.32022927491
216,362,-1.43145926742
217,60,-0.932038963549
218,449,-1.58714317749
219,363,-1.32956202789
220,365,-1.08113455599
221,42,-0.665737440116
222,366,-0.873391059174
223,367,-1.18024478952
224,370,-1.18333153623
225,402,-1.23851164344
226,371,-0.642831640477
227,531,-0.855373921461
228,372,-0.979531778545
229,536,1.03035201183
230,44,0.411324776325
231,2,0.209986404357
232,45,1.52525175198
233,437,1.44174147826
234,46,1.6090807834
235,390,0.775393470912
236,51,0.617537685504
237,3,1.21007049205
238,58,1.39562854897
239,376,1.61394035658
240,62,1.35150908794
241,4,0.948131236184
242,64,1.17804453197
243,394,0.951255717955
244,410,0.723842245748
245,69,1.11998746248
246,72,1.25906035117
247,73,1.3872516917
248,395,1.05118745075
249,74,1.05476289835
250,75,1.26321143449
251,443,1.35109660953
252,448,1.30713547255
253,81,1.49220842955
254,82,1.56310744917
255,83,1.51473656995
256,84,1.36214949922
257,85,1.21260567024
258,86,1.08402840098
259,89,1.37519687199
260,92,1.13601769716
261,93,1.68126841471
262,94,0.74190915909
263,95,0.393804821118
264,96,1.14094119062
265,100,1.32489582056
266,101,0.462842986619
267,103,1.48999606906
268,105,1.44145914919
269,104,1.43819117031
270,106,1.0825300225
271,107,1.5749508303
272,417,1.01781382858
273,108,1.33857033273
274,377,0.922310256646
275,112,1.39749556603
276,10,1.19951828074
277,114,1.29176066466
278,116,1.43635892301
279,408,0.846009385666
280,120,1.5414355532
281,121,1.52623064372
282,123,1.23447606761
283,484,0.698518184768
284,124,1.43747976982
285,401,1.14231642544
286,126,1.38101971776
287,68,1.36696195156
288,382,0.859085093935
289,405,1.34033617925
290,138,1.41877561898
291,407,0.967349421036
292,487,0.531932070043
293,482,0.713385722959
294,383,1.26814076885
295,152,1.10122971357
296,153,0.663766675698
297,155,1.473989661
298,157,1.46781618874
299,374,1.38350607442
300,472,1.27764563542
301,162,1.37179023114
302,455,1.19299470972
303,167,1.37613862746
304,168,1.05161729527
305,169,0.990674494385
306,17,1.49593732421
307,172,1.66613175237
308,485,1.23410106696
309,173,1.2426034468
310,389,1.51650428623
311,180,1.1207239643
312,182,1.1680123574
313,433,1.43173708503
314,186,1.39343618486
315,185,1.26237690705
316,191,1.16187743179
317,192,1.14996125237
318,457,1.29240345939
319,416,1.50196227314
320,419,1.3671304042
321,454,1.04345181519
322,194,1.03253050902
323,384,0.724739024275
324,430,0.978071190319
325,203,1.31876804333
326,205,1.07811422374
327,206,1.27932876008
328,209,1.62370130263
329,211,1.34451735353
330,212,1.62773247176
331,213,0.632619119417
332,215,0.927279081262
333,216,1.1906059591
334,398,1.76670386538
335,218,1.36086974025
336,431,0.96292506058
337,221,1.09386739393
338,223,1.10272392695
339,479,0.512132757677
340,434,0.668801441783
341,227,1.6089695677
342,20,0.146759176887
343,228,1.41354700031
344,21,0.923260692802
345,233,1.22460450574
346,234,1.50633996841
347,235,1.523409561
348,22,0.187808431374
349,239,0.984733901239
350,241,1.29585662798
351,432,1.27645581271
352,24,1.05865848527
353,26,1.41029573704
354,246,1.54153254594
355,27,1.11607489703
356,404,0.545178333742
357,253,1.73644839215
358,254,1.66719529105
359,255,1.6273900812
360,480,1.2559750746
361,420,1.07765699168
362,447,1.23730837285
363,28,0.427842712733
364,263,1.82836347818
365,264,1.50044996495
366,379,1.56813458544
367,268,1.5123546048
368,269,0.88076155542
369,400,0.665554747401
370,270,0.809440401274
371,271,0.181389008219
372,272,1.43278427293
373,456,1.83530381734
374,275,0.891385477954
375,279,1.28408548593
376,281,1.38657530179
377,31,0.454469925395
378,282,1.3097949253
379,288,0.976209239756
380,300,1.51436221451
381,396,0.703313296751
382,303,0.987526687567
383,304,1.37353896593
384,306,1.09506366997
385,338,1.36663099975
386,308,0.982579068419
387,309,1.43096608744
388,311,1.81667353777
389,312,1.35808064729
390,483,0.775698007638
391,313,0.613304960222
392,34,1.26104912073
393,318,1.28872734236
394,317,0.929172715569
395,321,1.71465352363
396,323,0.941135770282
397,478,1.1090563555
398,325,1.15348438907
399,387,0.497890081717
400,329,1.42061294903
401,330,1.38084272654
402,331,1.14852190514
403,335,1.6357633828
404,392,1.16204246268
405,397,1.45927498198
406,340,1.31690831726
407,339,1.26393912034
408,37,1.36140376854
409,385,1.28171829943
410,346,1.46934342549
411,348,1.41563580549
412,351,1.62193605489
413,399,1.22617291777
414,450,1.0184243347
415,451,0.665478174481
416,352,1.5658552917
417,353,1.17464583306
418,357,0.825381212237
419,358,1.24564464127
420,359,1.36242039625
421,533,1.59959598745
422,38,1.62472413203
423,361,1.38031157478
424,364,1.60452573795
425,369,1.37606704602
426,139,0.903090308006
427,231,-1.13969155859
428,224,-1.09134163092
429,78,1.41824360841
430,229,1.19203836881
431,297,-0.743415111303
432,458,-0.847967858331
433,493,-0.891162815913
434,459,-1.41098940615
435,525,-0.785893807764
436,488,-0.883550006044
437,461,1.50845709813
438,97,-1.55231255976
439,445,-2.02852337769
440,129,-0.770772226816
441,8,-0.999832234992
442,373,-0.790669914154
443,187,-1.78620366056
444,210,-1.48280845685
445,265,-1.39826488254
446,149,-1.97453759104
447,302,-1.2092219366
448,307,1.52433675554
449,319,-1.77630350907
450,164,-1.59305982305
451,324,-1.35336235159
452,347,-1.39205226925
453,354,-1.28930631339
454,460,-0.938340473911
455,208,-0.836297949026
456,510,1.42565377452
457,87,-1.71323159858
458,535,0.552844100714
459,538,0.747734770029
460,243,1.01198975071
461,277,1.66504902797
462,285,-1.01316352098
463,517,-1.20888500827
464,519,1.53866191807
465,9,1.5085186137
466,11,1.43845372079
467,515,1.07474458881
468,532,0.982694230424
469,115,0.820729592373
470,469,-0.915550537678
471,470,-0.292913042567
472,506,1.241433512
473,490,-0.987989392796
474,471,-1.45797483179
475,476,0.563745094597
476,474,1.43866432385
477,477,-1.48499299319
478,499,1.22339319757
479,429,-1.51482652042
480,505,1.40537234329
481,179,1.64607565663
482,497,-1.6536542474
483,540,0.427644378968
484,541,1.03056919463
485,170,1.12471498502
486,427,0.553336240442
487,171,1.55067135382
488,502,-0.852825029968
489,486,-1.87599062061
490,504,-1.06379607481
491,492,-1.05297468061
492,542,1.20626555552
493,453,0.797896646945
494,526,-0.40021981643
495,418,0.735880913659
496,198,-0.499837956646
497,508,1.01787510075
498,527,1.69742869901
499,509,1.35846663823
500,544,1.62187445257
501,507,0.195651296415
502,511,-0.809971630552
503,512,0.638389742745
504,491,-1.10719845449
505,258,1.6989058348
506,494,1.14237802097
507,247,1.51115708077
508,249,-1.26459198034
509,250,-0.277945313445
510,252,1.70897487918
511,513,1.32679493039
512,516,1.20157961387
513,514,-0.937590761111
514,545,0.448977557974
515,495,1.9524294629
516,518,0.775741173438
517,498,-1.85523669582
518,546,1.3407684845
519,380,1.5468528934
520,314,1.60050287182
521,500,0.965372087012
522,521,1.47217153605
523,523,0.679156900196
524,343,-1.50423830003
525,547,0.853070648402
526,501,1.40390886984
527,503,0.837173360965
528,415,1.55790101538
529,524,1.63937847704
530,473,-1.07020847141
531,368,1.19475248139
532,522,-1.28190012575
533,539,-1.11850972263
534,496,-1.10829457762
535,475,-1.6979178453
536,481,-0.79884386575
537,543,0.745381566115
538,528,1.26190134467
539,520,-0.759293220517
540,462,1.63367338761
541,463,-1.3832471577
542,464,-0.604166368609
543,465,-1.43881330133
544,467,0.985866794557
545,466,0.927159520754
546,468,-0.271079360261
547,489,1.2568494355
