,legislator,theta
0,39,-0.991745186546
1,530,-0.722954441749
2,40,-0.824953046436
3,375,-0.920748570316
4,0,-1.13275993285
5,1,-0.83120552961
6,43,-0.766087398658
7,414,-1.01670266838
8,47,-0.881860219086
9,48,-1.19631826583
10,49,-1.20216737207
11,50,-1.23478883705
12,52,-1.40694465211
13,53,-1.32282788849
14,529,-0.788635533379
15,59,-1.02619312399
16,61,-1.30162186906
17,439,-1.41313483162
18,63,-1.03757275756
19,412,-0.985871071305
20,5,-0.809697647257
21,65,-0.934916327457
22,66,-1.03896288862
23,67,-1.27122210774
24,70,-0.891988603025
25,6,-0.927240107575
26,7,-0.991370655211
27,537,-0.986210422815
28,71,-0.833672616297
29,76,-1.03604511306
30,77,-1.03820088133
31,79,-1.41176139281
32,80,-1.26592308652
33,54,-1.08101494256
34,88,-0.881364118786
35,90,-0.832486204627
36,406,-1.39862193516
37,435,-1.02394251563
38,91,-1.23379769612
39,391,-1.03986509943
40,386,-1.33400217591
41,428,-0.953951661425
42,98,-0.915814748652
43,99,-0.840700517743
44,102,-1.01639698066
45,422,-1.08594077187
46,409,-0.819968198407
47,109,-0.74732094989
48,110,-0.651454913028
49,403,-1.34289475449
50,111,-1.27465984993
51,113,-0.669732070606
52,117,-1.15764099211
53,118,-1.68729975713
54,119,-0.671915349457
55,122,-0.995516060147
56,125,-1.10889399027
57,127,-1.26689108003
58,128,-0.529654238311
59,130,-1.14286789491
60,131,-1.51832966895
61,132,-1.38627952773
62,133,-0.989234159409
63,134,-0.688378912035
64,135,-1.36865442883
65,136,-1.56420782602
66,137,-0.723993042069
67,140,-1.04799740039
68,141,-1.20122348439
69,12,-0.704397687698
70,142,-1.10139014858
71,143,-0.200749848076
72,13,-1.16457948529
73,144,-1.15717398214
74,145,-1.22333647201
75,146,-1.09678626956
76,147,-1.39178901829
77,148,-1.11317340383
78,151,-1.4575297913
79,150,-1.14957887165
80,14,-1.01027235874
81,154,-0.848692509972
82,55,-0.608178983516
83,156,-1.15987629409
84,15,-1.19162910898
85,158,-0.563924134424
86,159,-0.9112451384
87,160,-1.25498484383
88,161,-1.01983347863
89,16,-0.902997643084
90,163,-0.637690039568
91,165,-1.4131490664
92,166,-0.673065776666
93,426,-1.62092246204
94,423,-1.56138309872
95,174,-1.11402206575
96,175,-1.40645739212
97,176,-1.21072929816
98,177,-1.0610402629
99,178,-1.25971519663
100,181,-1.1375225226
101,183,-1.28024527781
102,184,-1.15047985428
103,188,-1.36411097345
104,189,-0.285780379496
105,190,-1.39404458291
106,438,-0.714536176853
107,193,-0.994321099042
108,196,-1.22342609856
109,195,-0.575602845906
110,18,-1.45578421778
111,197,-0.777739747374
112,199,-1.10463055718
113,200,-1.22128387273
114,388,-1.26959654087
115,201,-1.50144836951
116,202,-0.814334979632
117,204,-1.34346744157
118,19,-0.767538570387
119,207,-1.28218362808
120,214,-0.554784155481
121,217,-1.37812439168
122,219,-0.855207457008
123,220,-1.07615691977
124,222,-1.05458991358
125,225,-1.47739045893
126,226,-0.846142615973
127,378,-0.817699271105
128,230,-1.07675565972
129,232,-1.18879744115
130,236,-1.36339611116
131,23,-0.837570169295
132,237,-0.838523182033
133,238,-1.02570877336
134,425,-1.40192231751
135,240,-0.707785870999
136,413,-1.25272144991
137,242,-1.04983990155
138,245,-1.31961598211
139,244,-1.11066860478
140,25,-0.787726115556
141,440,-1.33291451982
142,248,-1.26771154301
143,251,-0.974072935123
144,256,-1.50862662806
145,257,-0.941968307014
146,259,-1.0196389392
147,260,-0.872364204498
148,56,-1.02651143884
149,261,-1.33566201443
150,262,-1.40015240313
151,29,1.1750636103
152,266,-0.966224008293
153,267,-0.993887692939
154,441,-1.27700201166
155,30,-0.843869482878
156,424,-1.46824413623
157,273,-1.24310516456
158,274,-1.11103955268
159,276,-1.71478900321
160,278,-0.823969281398
161,280,-1.53452557634
162,534,-1.2147350437
163,283,-0.718233920118
164,284,-0.672168981411
165,286,-0.913697840421
166,287,-1.47209519683
167,444,-1.19446597521
168,289,-0.964468305152
169,290,-0.859401247023
170,291,-1.14749671498
171,293,-1.04247374173
172,292,-0.784176117385
173,32,-0.947401611336
174,294,-0.832710783749
175,295,-1.48141638645
176,296,-0.945134710484
177,298,-0.970640199217
178,299,-1.17883968318
179,442,-1.06069016304
180,301,-1.23782699906
181,33,-0.580256708486
182,305,-1.2425094293
183,381,-1.30531855517
184,310,-1.4098639047
185,57,-0.817787988194
186,315,-1.31266453687
187,316,-1.27423871716
188,320,-1.11677090619
189,322,-1.34231030393
190,326,-0.795115824064
191,327,-0.952853594193
192,328,-0.892301287371
193,332,-1.20376554105
194,333,-0.57428291924
195,334,-1.22883204515
196,35,-1.19016883112
197,452,-0.988993517592
198,336,-0.940941123875
199,41,-0.934183832869
200,337,-1.42245027874
201,36,-0.94912878504
202,341,-0.848961953441
203,342,-1.40333553077
204,344,-0.964970649505
205,345,-1.00838023678
206,349,-0.763728809061
207,350,-0.844203465656
208,393,-0.772841711406
209,421,-1.15505949963
210,355,-1.39888201958
211,356,-0.897188602533
212,411,-0.986919335941
213,446,-1.75780787561
214,360,-0.937222814131
215,436,-1.32819519943
216,362,-1.3708649944
217,60,-0.864650110468
218,449,-1.57261097545
219,363,-1.31490969306
220,365,-1.09125691486
221,42,-0.745317024832
222,366,-0.954822208958
223,367,-1.23476618029
224,370,-1.26915521996
225,402,-1.24217956443
226,371,-0.709308166231
227,531,-1.07495193667
228,372,-1.02984551986
229,536,1.15863702828
230,44,0.417924949782
231,2,0.212978931158
232,45,1.55929791095
233,437,1.52133453452
234,46,1.61490686621
235,390,0.732320423219
236,51,0.56978446485
237,3,1.10958430814
238,58,1.42110650831
239,376,1.66866853076
240,62,1.48889380953
241,4,0.86673296761
242,64,1.18843390688
243,394,0.898096579058
244,410,0.718626901328
245,69,1.15799729191
246,72,1.21450524618
247,73,1.34910910877
248,395,1.06501044473
249,74,0.958650136186
250,75,1.21595443622
251,443,1.29148651529
252,448,1.09355589736
253,81,1.71141532378
254,82,1.52774744703
255,83,1.63165305487
256,84,1.28836076756
257,85,1.2638250398
258,86,1.12658504929
259,89,1.40264902565
260,92,1.04346413758
261,93,1.78731043238
262,94,0.645688880585
263,95,0.445015186043
264,96,1.12740353836
265,100,1.37931498104
266,101,0.403667239405
267,103,1.39511113273
268,105,1.35983292975
269,104,1.43511250453
270,106,1.07679348652
271,107,1.48258190998
272,417,0.886989039127
273,108,1.37725457823
274,377,0.947711534148
275,112,1.44590946824
276,10,1.22936664172
277,114,1.41417928498
278,116,1.46605809518
279,408,0.895755305127
280,120,1.73776545286
281,121,1.54046185583
282,123,1.32819688488
283,484,0.692256169225
284,124,1.41473229645
285,401,1.17296616777
286,126,1.4912712973
287,68,1.50866440347
288,382,0.860465512806
289,405,1.44521182002
290,138,1.43914015255
291,407,0.892438242814
292,487,0.563702748457
293,482,0.740274669992
294,383,1.22397319388
295,152,1.08701994782
296,153,0.607840164096
297,155,1.54675281254
298,157,1.43806979121
299,374,1.39175230686
300,472,1.1504761403
301,162,1.40675053096
302,455,1.1061598004
303,167,1.42770767418
304,168,0.991177972767
305,169,0.996505835903
306,17,1.54660216309
307,172,1.66530294614
308,485,1.1276233156
309,173,1.36134788415
310,389,1.41625198817
311,180,1.1354036482
312,182,1.17018219832
313,433,1.4314976628
314,186,1.37695953961
315,185,1.33305822817
316,191,1.14661721518
317,192,1.17157234392
318,457,1.39180752035
319,416,1.51761862196
320,419,1.4337451438
321,454,0.96136449949
322,194,0.989402330397
323,384,0.73143969326
324,430,0.982875938887
325,203,1.23321754923
326,205,1.14670562454
327,206,1.33147563852
328,209,1.85097454968
329,211,1.50517295129
330,212,1.6730708489
331,213,0.665796433206
332,215,0.91433225688
333,216,1.20266803918
334,398,1.7246636037
335,218,1.45435719203
336,431,0.895896357354
337,221,1.10680009957
338,223,1.07815359918
339,479,0.604792608615
340,434,0.662299044317
341,227,1.78109335487
342,20,0.157489387064
343,228,1.41900902654
344,21,1.03009566188
345,233,1.10563849954
346,234,1.70811588676
347,235,1.67363761094
348,22,0.188071887376
349,239,1.01359540982
350,241,1.39707788369
351,432,1.34255745178
352,24,1.0903947723
353,26,1.32155464228
354,246,1.63933456772
355,27,1.17082368198
356,404,0.526597727609
357,253,1.80905465304
358,254,1.66586095508
359,255,1.6475234418
360,480,1.35036366691
361,420,1.07671751016
362,447,1.2162819367
363,28,0.422647824065
364,263,1.85637729336
365,264,1.43738238374
366,379,1.59296745493
367,268,1.48207774914
368,269,0.895730681587
369,400,0.701710441785
370,270,0.760588178583
371,271,0.193083192961
372,272,1.45638980528
373,456,2.0811052124
374,275,0.862437420348
375,279,1.30305828386
376,281,1.28454084792
377,31,0.43907008412
378,282,1.36805253938
379,288,1.08683908385
380,300,1.63447628247
381,396,0.67873049209
382,303,0.894779198191
383,304,1.2919428631
384,306,1.03762873689
385,338,1.34925443688
386,308,1.10437107457
387,309,1.57551344297
388,311,1.93268654774
389,312,1.31076345729
390,483,0.763725525161
391,313,0.557147402471
392,34,1.28662245073
393,318,1.31438478737
394,317,1.01508308148
395,321,1.79965591874
396,323,0.906460915019
397,478,1.05781457409
398,325,1.14786641273
399,387,0.45788453414
400,329,1.39912533293
401,330,1.35677550524
402,331,1.18708836225
403,335,1.61352812676
404,392,1.09105436915
405,397,1.44078075389
406,340,1.33672600048
407,339,1.22022766836
408,37,1.34417017416
409,385,1.19013395115
410,346,1.50054462463
411,348,1.33904407884
412,351,1.61446365332
413,399,1.07728743143
414,450,1.00216596499
415,451,0.710613162367
416,352,1.68743317672
417,353,1.20178303186
418,357,0.762848380588
419,358,1.24755415342
420,359,1.4231596004
421,533,1.54805172174
422,38,1.49521123091
423,361,1.32778321672
424,364,1.6844194548
425,369,1.39072248533
426,139,0.942203524833
427,231,-1.26332018266
428,224,-1.01382993513
429,78,1.50594132369
430,229,1.30312663545
431,297,-0.680268041718
432,458,-0.942937788463
433,493,-0.747311015635
434,459,-1.53787769408
435,525,-0.804870736251
436,488,-0.916029995346
437,461,1.73836823703
438,97,-1.84085336378
439,445,-2.00760910474
440,129,-0.953490666587
441,8,-0.917894333061
442,373,-0.870182892444
443,187,-1.51432171426
444,210,-1.49651894354
445,265,-1.51903967069
446,149,-2.29939343425
447,302,-1.17146725897
448,307,1.61994676992
449,319,-1.60385688789
450,164,-1.68185752973
451,324,-1.37887254229
452,347,-1.33640486121
453,354,-1.37755362384
454,460,-1.03464340616
455,208,-0.751032413729
456,510,1.48228440396
457,87,-1.5841992357
458,535,0.650265799681
459,538,0.696991175925
460,243,0.930725983345
461,277,1.51905602504
462,285,-1.19180136573
463,517,-1.25669171391
464,519,1.71959096103
465,9,1.88011106677
466,11,1.83719565156
467,515,1.2909856445
468,532,0.962102545456
469,115,0.976171772966
470,469,-0.938191612694
471,470,-0.318830533012
472,506,1.17185335461
473,490,-0.949366607726
474,471,-1.60410019849
475,476,0.523569842119
476,474,1.4190808608
477,477,-1.3879052438
478,499,1.34091145399
479,429,-1.53618904837
480,505,1.54517110816
481,179,1.53146299244
482,497,-1.61983912107
483,540,0.4748052456
484,541,1.04690171729
485,170,1.06220041676
486,427,0.632489406061
487,171,2.01518304497
488,502,-1.00815098585
489,486,-2.2163133021
490,504,-0.927958585958
491,492,-1.08174853194
492,542,1.4322676161
493,453,0.869374085471
494,526,-0.160232444351
495,418,0.799408588173
496,198,-0.434450695767
497,508,1.15844451129
498,527,1.64640958679
499,509,1.50463308312
500,544,1.97478360556
501,507,0.239574044742
502,511,-0.784635195858
503,512,0.666276851709
504,491,-1.33885574425
505,258,1.60356917285
506,494,1.38583147999
507,247,1.75558956872
508,249,-1.54710986066
509,250,-0.3724973486
510,252,1.61772103395
511,513,1.63760259065
512,516,1.08909689709
513,514,-0.91454674528
514,545,0.45289581964
515,495,2.28081621413
516,518,0.81056341392
517,498,-1.90975637472
518,546,1.42964491123
519,380,1.3238382755
520,314,1.53638207763
521,500,1.10647897142
522,521,1.70867565802
523,523,0.800453686714
524,343,-1.38782363358
525,547,0.971503441544
526,501,1.73646819383
527,503,0.800124593133
528,415,1.75412309968
529,524,1.81999451582
530,473,-0.974322843472
531,368,1.2685108627
532,522,-1.32855436652
533,539,-1.0784070527
534,496,-1.1733406024
535,475,-1.94407063486
536,481,-0.825610396466
537,543,0.616773288918
538,528,1.70032237126
539,520,-0.403586270862
540,462,1.90212168306
541,463,-1.45918302528
542,464,-0.630023564314
543,465,-1.67850902146
544,467,1.26688171262
545,466,0.659253631607
546,468,-0.53980555138
547,489,0.891072242048
