,vote,alpha,beta
0,0,-0.0176226332183,2.11046740025
1,1,-0.283238897317,-1.87028051654
2,2,2.34860388324,0.274059844417
3,3,2.41131864444,-0.19026541094
4,4,0.387697726109,-1.30167381481
5,5,2.41481776225,0.12952435174
6,6,1.81328610631,0.4068601034
7,7,1.85774947483,0.347360810033
8,8,0.22400500176,-1.84037374941
9,9,1.01317563381,-1.33041788121
10,10,2.43032256504,-0.0493181059917
11,11,2.20613280185,-0.015760388412
12,12,2.15617886931,0.0559190907765
13,13,2.10377862245,-0.244218094366
14,14,2.15167173019,-0.0949553229461
15,15,2.21115673013,0.138023379928
16,16,-0.0597187224073,2.1397421827
17,17,0.52229033272,-0.572255369316
18,18,2.12969849018,0.0868983096214
19,19,2.3807064926,0.0210253834391
20,20,1.47423764852,-0.559958065883
21,21,0.301442180278,-2.31090240892
22,22,-0.119205466054,-1.822178642
23,23,2.28572970641,-0.207911229925
24,24,0.429051576608,-1.91061969726
25,25,1.47073461256,-0.232776055498
26,26,-0.82135123112,-0.061216437414
27,27,-0.0509054791175,2.38883144625
28,28,2.13045517307,0.232998611867
29,29,2.09415063039,-0.106164363284
30,30,2.10735349209,-0.0275769888638
31,31,2.05150787357,-0.117876495916
32,32,0.136258305142,-1.85572504759
33,33,0.0901534085259,-1.95129220587
34,34,1.4089129846,-0.561281362376
35,35,-0.118826856759,1.92123094935
36,36,-0.246020776004,-1.94710864643
37,37,0.0574286419885,-1.90628555878
38,38,0.0146314763102,-1.9332236888
39,39,-0.702677328513,-1.32959149386
40,40,1.57212553933,-1.08795389641
41,41,-0.284498264664,2.02576773941
42,42,-0.225784208211,-2.00443237237
43,43,1.9508160981,-0.083339269476
44,44,2.29466699256,-0.219483631575
45,45,2.58102120408,-0.165081977584
46,46,2.14578237713,0.148478767337
47,47,1.99377218114,-0.165909587345
48,48,2.45032100889,0.189275281649
49,49,1.12093100701,0.941217573841
50,50,-0.0449538313554,-2.00232507065
51,51,0.245849645122,-2.13900286622
52,52,-0.110181358195,2.02164409331
53,53,0.0367060011924,-2.13000365659
54,54,-0.315636343879,-2.25831485533
55,55,0.221832031248,-1.97780349671
56,56,0.506572346749,-1.7204962148
57,57,-0.541887253101,1.74136067996
58,58,-0.0718609686508,2.18752412621
59,59,0.106138813385,-1.47035057483
60,60,0.500893019089,-1.90186811313
61,61,2.05438744248,0.112587094859
62,62,2.28166646154,0.169404381989
63,63,2.37565699438,-0.180927644326
64,64,2.31022212676,-0.15444819857
65,65,2.44897974575,-0.18349298058
66,66,-0.0174957730735,-2.01349308175
67,67,0.267629457585,-2.09621445105
68,68,0.627541997985,-1.98038689582
69,69,-0.287362409643,-1.48688469536
70,70,-0.848518130107,1.47346915299
71,71,-0.483210842291,1.62521794885
72,72,-0.548656343807,1.84434520366
73,73,-0.692341891861,1.97247238401
74,74,-0.679261927954,2.00545023549
75,75,-0.347281482526,1.7422290415
76,76,-0.246973096773,1.97144368358
77,77,-0.642640098157,1.44465721212
78,78,0.103587180846,1.96231684098
79,79,0.52721343921,-1.96718503243
80,80,-0.515569758482,-1.75743399504
81,81,-0.145678225953,-2.14056910996
82,82,0.0256187587027,-1.9329432301
83,83,0.0725741193216,2.12298932463
84,84,0.0717479882098,-1.82085099368
85,85,2.16865670357,-0.104323958878
86,86,1.80119037905,-0.369321664954
87,87,0.0542005097041,-2.23598625403
88,88,0.142481633931,-1.7816925942
89,89,-0.578638572007,-0.789676195985
90,90,0.152616104934,-0.628418185019
91,91,0.00392855549161,-1.64673490339
92,92,-0.62237147179,1.64343527112
93,93,-0.559086863934,-1.6064117504
94,94,-0.0439073148248,2.1163741624
95,95,1.92412495634,-0.191665762676
96,96,-0.72782997983,1.61849123669
97,97,-0.347689342215,1.79839502219
98,98,-0.352514053601,0.407446951933
99,99,-0.271084733827,1.70075446648
100,100,-0.0680794826376,1.82099683005
101,101,-1.06129215096,0.634730382889
102,102,-0.140735882724,-1.58323900263
103,103,-0.7492978673,1.62212342035
104,104,-0.397093676039,-0.950158554474
105,105,-1.09278108897,-0.0308293611528
106,106,0.618238811552,0.718869357638
107,107,0.304662993964,-1.56869447442
108,108,-0.452653830003,0.438162392264
109,109,-0.507955713336,0.449226709704
110,110,0.922968637766,1.18915157951
111,111,-0.149780608494,-1.88536817291
112,112,-0.411358011216,-1.39442424408
113,113,-0.0155455138052,-1.68628369237
114,114,-0.201644688933,2.07802133241
115,115,0.0968919301259,-1.52835141393
116,116,2.1485820151,-0.000183956146209
117,117,2.34565585791,-0.0252110368797
118,118,0.436279045798,-1.90373460372
119,119,1.76115620653,-0.170478183681
120,120,2.10235313303,-0.0470939753485
121,121,-0.468589673628,2.16159791938
122,122,0.991786414533,-1.19463527074
123,123,2.52675581631,-0.29118334354
124,124,0.639924324837,1.71372218147
125,125,0.224315106357,-2.01301120809
126,126,0.0312099462639,-1.98579815634
127,127,-0.737484945359,0.704038246815
128,128,-0.00328390589395,-1.84177502927
129,129,-0.175766382857,-1.24930347363
130,130,-0.61842505105,-1.37198906544
131,131,0.777269312127,0.939283620442
132,132,-0.425159973773,-1.66818062071
133,133,0.0389799139317,1.47542635717
134,134,0.354433135388,-2.02502099899
135,135,0.597034485837,1.50279025658
136,136,-1.31315276057,0.785028247236
137,137,-0.503466104877,0.759414589843
138,138,-1.23253268307,0.745355560326
139,139,-0.0405500018108,1.89008969459
140,140,-0.495735591616,0.0264574554367
141,141,-0.650157624646,0.420472201547
142,142,0.510734278147,-1.78357838142
143,143,-0.400309794311,1.94231000198
144,144,-0.8320911994,1.63527026903
145,145,-0.835353406493,1.36263817063
146,146,1.64461069615,0.37831430766
147,147,0.0871746586693,1.44112644257
148,148,2.05757115202,0.0635840706282
149,149,2.18621133869,0.0150222672319
150,150,-0.118951912672,1.88209363243
151,151,0.888313347043,-0.752268185111
152,152,2.50113288652,-0.0249910076499
153,153,2.18761271148,-0.279132252321
154,154,2.19589078398,0.143418892785
155,155,0.249534897776,-2.28164646786
156,156,-0.0382082557761,-1.88405032309
157,157,2.37279662382,-0.148933417197
158,158,0.101635426302,-2.20982240783
159,159,1.43558100805,0.347605502492
160,160,0.434556562911,-2.25291450109
161,161,0.176511270058,-1.75273329088
162,162,-0.0172340921571,1.79702690264
163,163,0.446993402416,-0.510074009719
164,164,-0.821437046512,-0.844927163203
165,165,-0.360763335967,1.55409467665
166,166,0.171896571001,-2.06173667559
167,167,-0.542097545354,1.40059582329
168,168,0.72205145986,1.10289198563
169,169,-0.0678215472516,0.112743375529
170,170,-1.08851064243,-0.765934723412
171,171,-1.16428422744,-1.04136621312
172,172,-0.767060878224,1.05737170808
173,173,-1.04065313796,-0.60511858787
174,174,-0.584517097606,-1.54942898331
175,175,0.178087113392,1.58661365138
176,176,0.219223465573,0.787158263245
177,177,0.14187792085,-1.91217658168
178,178,0.0314181925579,1.24480169294
179,179,-0.302592018708,-1.16274957939
180,180,-0.82977126703,-1.16172779506
181,181,0.973296076111,-0.297256919504
182,182,-0.272690290141,-1.17132597036
183,183,0.236881774564,1.19500132643
184,184,0.0550796831335,0.419298422067
185,185,-0.0393398511527,0.293459184254
186,186,0.587906892913,-0.462704378152
187,187,0.146257661595,-0.339795580209
188,188,0.00521449632227,-0.77958734721
189,189,-0.0397018920586,-0.123015903698
190,190,0.0953058486178,0.455150603624
191,191,-0.7187722355,-1.44419792246
192,192,0.0970098294029,-1.91931725126
193,193,-0.00489272089556,2.39452913071
194,194,-0.341585484685,-0.850014068936
195,195,2.00052194469,-0.0214242353678
196,196,2.25381725957,0.388391296891
197,197,0.270158571927,-2.15272935993
198,198,-0.793732333182,1.19942600509
199,199,0.213452960459,-2.13063339192
200,200,0.452993699023,1.74081665288
201,201,-0.115705166513,1.89841292499
202,202,0.880728938411,-1.85365959168
203,203,2.11558134959,-0.329211631719
204,204,-0.255218175142,1.9695650511
205,205,0.287689060967,-1.83911418266
206,206,0.378645926158,-1.54053801449
207,207,0.266388493155,-2.00379385713
208,208,-0.1308930855,1.86810453673
209,209,-0.0771970629744,-2.29759786381
210,210,0.460467141446,-0.667957344584
211,211,0.091958428944,-1.97347101486
212,212,0.286450651308,1.73411423833
213,213,-0.622988830226,1.87157913637
214,214,-0.0419773648708,2.00223446739
215,215,0.290393856169,-1.70985829158
216,216,1.71673213185,-0.651831134527
217,217,1.45786901692,-1.01746143133
218,218,2.33182878298,0.403856377167
219,219,0.000494847920355,-1.94127709614
220,220,0.113573693418,-1.64410661037
221,221,1.50229068307,0.461812323355
222,222,-0.374092076121,1.85342893588
223,223,-0.314805588969,1.69720238865
224,224,-0.662246664002,1.4553200035
225,225,-0.37497340338,0.207408034541
226,226,-0.898043977851,-1.30512216555
227,227,-0.694282853374,1.67903312408
228,228,-0.637207585272,-1.13192872474
229,229,0.141649729329,1.7790412109
230,230,-1.11161348916,-1.11111396004
231,231,1.36978451129,0.674684396035
232,232,-0.125450390395,1.64176262237
233,233,-0.591728974261,1.59142858829
234,234,-0.579389748389,1.6634460589
235,235,-0.548163593724,1.67068083495
236,236,-0.477339310869,1.49838918418
237,237,-1.18760599536,0.780907568298
238,238,-0.727391451266,1.43223573599
239,239,-0.764308365122,1.27758467327
240,240,-0.780080397933,1.53587282153
241,241,-0.89778477513,1.45832095417
242,242,0.255131767031,-2.09230418806
243,243,-0.860972654555,-1.44904154032
244,244,-0.540502316889,1.7724805242
245,245,-0.0544880611593,1.02735466706
246,246,-1.19836048913,-0.824193411843
247,247,-0.345049822992,1.44447390896
248,248,-0.6081419279,0.300692992207
249,249,-0.501318870743,0.255793696884
250,250,-1.15242812455,0.875218296778
251,251,0.175604510465,1.20280926818
252,252,-1.43581457411,-1.18210557747
253,253,0.271287125905,-1.8218275876
254,254,0.125597854314,-2.03858564804
255,255,-0.494963036335,1.34187470864
256,256,-0.19595681133,0.678032927822
257,257,-0.903265452609,-1.15711756605
258,258,-0.282903679486,1.86910929284
259,259,0.0552464396179,-1.54900554011
260,260,-0.150033218372,-2.27169317454
261,261,0.103307967616,-2.06725090878
262,262,-0.0605368546241,1.93029846906
263,263,0.056109399211,-1.89627980684
264,264,0.0568996225795,-2.19419577506
265,265,-0.149779745676,1.95643690583
266,266,-0.389239325749,-2.12847531283
267,267,2.2973812493,0.0430377181919
268,268,2.01224202613,0.176439482442
269,269,2.55539283704,-0.103514645068
270,270,-0.371820044938,-2.22646898215
271,271,0.293744368348,-2.24596116212
272,272,-0.944449580557,0.291322498113
273,273,-0.282614965739,2.01385770583
274,274,0.829228385637,-1.64970964921
275,275,-0.105530240175,1.85631475156
276,276,0.658394681722,-1.86283848528
277,277,0.02785040608,-1.84881019809
278,278,0.157139861419,-2.00188749429
279,279,0.911955860843,1.46703009972
280,280,0.254428174995,-1.98665832165
281,281,0.548756060095,-2.12906142231
282,282,-0.193233482001,1.84450775961
283,283,-0.0234349150338,-1.83094494334
284,284,-0.312363841079,1.68496465042
285,285,-0.0127915009597,1.85363371776
286,286,0.0978072650336,2.3397235871
287,287,-0.168465382389,-1.55458025019
288,288,1.81899446004,0.168710881525
289,289,2.15186403881,0.00992667166363
290,290,-0.0305386964475,-2.01220845955
291,291,0.0894020463255,-2.17594277424
292,292,-1.43253106012,0.566939034661
293,293,0.746427240074,-1.58841146256
294,294,-0.598424227126,1.54593675364
295,295,-0.742236560803,1.24857119479
296,296,-1.4574379785,0.617106746406
297,297,-1.05855673156,-0.70403146796
298,298,-0.435150354662,1.4320936176
299,299,-0.621570041615,1.71386498963
300,300,-0.248225016955,-0.366045977525
301,301,0.500620136195,0.122574752933
302,302,-0.07311665269,0.596283248614
303,303,0.193569613696,0.335457568111
304,304,1.17387609796,-0.736881469064
305,305,1.0131518569,0.561450175457
306,306,-0.425307476595,0.602605083101
307,307,0.512083151114,-1.5257531785
308,308,0.925113112539,-0.35319644656
309,309,0.544754650298,-1.97802989221
310,310,1.15995369254,0.645816370692
311,311,-1.17502027512,0.958192544143
312,312,-0.888348347677,1.30409593284
313,313,-0.115589476841,-0.483088364752
314,314,0.332409659005,-2.17595509643
315,315,0.0794998314023,-2.12755986095
316,316,2.33922074455,-0.334307265649
317,317,0.181280242562,-1.96123584462
318,318,-0.200050966972,0.14685182385
319,319,0.385687082817,-1.85539359345
320,320,0.15704578813,1.18300083456
321,321,-0.711441397363,-0.991877148772
322,322,0.567896689474,-1.9061036335
323,323,0.414985397572,0.313970393941
324,324,0.947796462572,1.21303051074
325,325,-0.249607863876,1.67769643465
326,326,-0.0570429370769,1.78991293648
327,327,0.235411572226,-2.2269156181
328,328,-0.121661633072,1.00681999
329,329,2.05070020658,-0.5730851487
330,330,-0.0235836520403,0.296104453425
331,331,-0.220675890431,2.02110640446
332,332,1.2403960052,-1.09045715796
333,333,-0.0496402218357,1.97097589807
334,334,-0.597351662967,1.82494002459
335,335,-0.266968476826,2.29325715646
336,336,0.915426071859,-1.55876101179
337,337,1.22267314278,0.969174228966
338,338,0.0639156980565,-2.05753875611
339,339,0.300158891232,0.711570465064
340,340,-0.213914807721,-0.421834626022
341,341,-0.350509209573,-0.854177398238
342,342,-0.681735545472,1.30218488616
343,343,-0.835019469435,0.853930190481
344,344,-0.861742567003,0.975414020818
345,345,1.60641535905,-0.241482348459
346,346,1.83630086082,-0.571218213286
347,347,0.00647400197527,1.88938433203
348,348,-0.0813914305413,1.96797909414
349,349,0.0714385126248,-2.07844571556
350,350,0.517285015332,-1.65644965094
351,351,-0.192378063589,2.07790720057
352,352,0.247742965096,-1.82956161405
353,353,0.0351850871479,-1.76208276233
354,354,0.145653402444,-1.86767188116
355,355,2.02513501677,-0.0422603315804
356,356,0.411131082651,-1.81539755147
357,357,0.549154136057,-2.01838695899
358,358,0.130570052341,-1.89145935645
359,359,0.815194551674,-1.87644620915
360,360,0.585956774995,-1.18579730254
361,361,-0.0886243504397,1.72814284252
362,362,-0.349331848644,2.02929243322
363,363,-0.051800588212,2.08391387823
364,364,-0.227925151308,2.3918002799
365,365,-0.249194473518,2.02520552063
366,366,0.216670187085,-2.04792793721
367,367,-0.30527249477,2.31722306929
368,368,0.0525416358949,-2.21668291645
369,369,1.75935191231,0.691665850546
370,370,2.45371127662,0.0150372466479
371,371,2.16141960663,0.0507044021818
372,372,2.18969836969,0.173347131437
373,373,1.8650003838,0.0382479756909
374,374,2.30770337234,-0.0687034063232
375,375,2.20718880157,0.0332196515815
376,376,2.39418877679,-0.0934743714536
377,377,1.94784599166,0.118488859248
378,378,-0.111448419826,-1.98580671674
379,379,-0.0180578661851,-1.86036799555
380,380,0.264510583447,-1.81132955129
381,381,2.09819444364,0.133159375406
382,382,2.1961782377,0.147481114008
383,383,1.82292539312,0.390143512347
384,384,0.19781171092,-2.390194929
385,385,0.104869947443,-2.05694525878
386,386,1.62153394108,0.424679955115
387,387,-0.327152413176,1.91176107322
388,388,-0.264333249149,1.94640097911
389,389,-0.448029594524,2.09380385908
390,390,-0.239236534505,2.13806071007
391,391,2.31173039222,0.0253136716684
392,392,-0.30149272933,1.93827924647
393,393,0.631573340361,-1.91498775902
394,394,0.194201423868,-1.97758167866
395,395,-0.113060806114,-2.05163697504
396,396,-0.0258735517689,-2.05050375575
397,397,0.000614435460961,1.89982572091
398,398,-0.296250111273,-1.80574861427
399,399,-0.21617701624,1.9646554002
400,400,0.0104799232836,-2.01214786398
401,401,-0.0998177746788,-1.87686263688
402,402,0.517143406409,-1.72270269078
403,403,0.754010150297,-1.82317929724
404,404,-0.234384328991,1.90290774984
405,405,0.186413862833,-1.65090875104
406,406,1.06668980575,-1.15327162701
407,407,2.62623531893,-0.210781315248
408,408,2.51062848388,-0.1733134952
409,409,2.43625683788,0.0185406011459
410,410,-0.356661982315,1.879961008
411,411,2.2898847439,0.176946299626
412,412,0.0820697569484,1.88771716974
413,413,2.20983546034,0.0624699417985
414,414,2.35035678967,0.123353504904
415,415,0.0952112469963,-1.88960654121
416,416,0.131306644497,-2.03639470338
417,417,0.3201330257,-2.20312313518
418,418,2.04762024133,0.0344011408069
419,419,0.563519834698,-1.65209484812
420,420,-0.10576466662,-2.17038824758
421,421,2.03671362498,-0.188228060008
422,422,0.123663341147,2.03729484037
423,423,1.60695957719,0.511311195879
424,424,-0.00189290490699,-2.22339465169
425,425,0.0324192789746,-1.84457136654
426,426,1.74421164983,0.711978215342
427,427,-0.11546804476,-1.63202178658
428,428,0.0576438052708,-1.83480743846
429,429,0.718473957957,-1.7080639234
430,430,0.878648447417,-1.65183577365
431,431,0.571434917077,-1.76149670998
432,432,-0.14930764406,-2.07722380429
433,433,0.0702719796224,-2.12147154347
434,434,0.147560148636,-1.9756190483
435,435,0.0299872783802,-2.24613627614
436,436,0.618742306223,-1.88730378913
437,437,0.725429757859,-1.72419064155
438,438,0.0704321219428,-2.25635748777
439,439,0.808495082931,-1.70315882464
440,440,0.223219810657,-2.12645938219
441,441,0.691480286469,-1.69205676769
442,442,0.0704210165462,-2.19503826867
443,443,1.99584090013,0.287605897584
444,444,-0.150429292797,-1.94687919001
445,445,0.0426572827497,-1.86213669254
446,446,0.52485662854,-1.58313912931
447,447,0.150556307287,-1.92954262188
448,448,0.681578422277,-1.85293011216
449,449,2.41232235102,-0.0192038286814
450,450,2.31816766184,-0.14001656741
451,451,-0.0846955347313,-1.97086462499
452,452,0.643450031436,-1.7692490081
453,453,-0.0704005125971,-2.18952814598
454,454,0.626823305581,-1.86769364577
455,455,0.0485151617443,-2.21205189411
456,456,0.258455091793,-1.91928947201
457,457,0.0686060832036,-2.29613558706
458,458,-0.190894562624,-2.06567628177
459,459,2.20281101553,-0.00216882022682
460,460,-0.0911081551689,-2.30508791607
461,461,0.684259411878,-1.63869729167
462,462,2.07062726546,-0.108841502583
463,463,0.15038624446,-1.94250890224
464,464,-0.49565305191,-1.19164415877
465,465,0.470851094694,-1.9744902784
466,466,0.0419347926766,-2.11629618685
467,467,0.61536061569,-1.6936195069
468,468,0.0534410167995,-2.22464933805
469,469,0.12922823273,-1.96304595051
470,470,0.0440539594943,-0.294047900361
471,471,0.480098006551,1.97557602637
472,472,-0.118167243935,-1.9588752548
473,473,0.57206959971,-1.59971160062
474,474,-0.35894665197,1.60809849164
475,475,1.04263987865,1.33304218852
476,476,0.744587316978,1.05323958361
477,477,2.2229659869,-0.162672094529
478,478,2.45932595838,0.0884443474852
479,479,0.169477322081,-2.15557747957
480,480,0.890785332308,-1.33287267408
481,481,-0.34872407142,1.95870553635
482,482,0.0154157678511,-1.92033788802
483,483,-0.851532754401,1.22045103294
484,484,0.176787250598,0.151794943626
485,485,1.66361408897,0.483801403716
486,486,2.00667303847,-0.0734427135575
487,487,2.3179810549,-0.224605028296
488,488,1.86408861109,0.0796421662563
489,489,0.435399242692,-1.9982944967
490,490,0.464965470588,-2.0081648483
491,491,-0.564157201548,1.91837369475
492,492,-0.086365489164,1.96221045936
493,493,0.770076099487,-1.9400631709
494,494,0.0391077599614,2.25848485103
495,495,1.09477109056,-1.25185068671
496,496,1.79636053564,-0.532867683004
497,497,-0.206451940994,-1.95876969438
498,498,2.64933681703,0.152267137899
499,499,2.151555196,-0.120472471532
500,500,0.0765406290657,-1.91537813718
501,501,-0.102649984338,-1.96655446866
502,502,0.154496481838,1.88996041966
503,503,-0.137931354138,2.11311574239
504,504,0.157640477372,2.12919161858
505,505,-0.164239126226,1.88594055916
506,506,0.170907644697,-1.78333955176
507,507,2.18737579277,0.157736464316
508,508,-0.232312966998,1.93552005342
509,509,0.0977024509999,-1.91659532048
510,510,1.46313927238,1.16571441132
511,511,0.0218908308823,-2.12134007904
512,512,0.176089025451,-2.08586837405
513,513,0.0703173178017,-2.25070061729
514,514,-0.0179332891779,2.14021232784
515,515,0.71534848487,-1.46025073046
516,516,2.19999368759,0.0460951059369
517,517,2.358418933,-0.0300382890555
518,518,0.416442230572,-2.03235933373
519,519,0.109195196016,-2.23664342235
520,520,-0.0752502668114,-1.99004351933
521,521,0.312654300859,-2.40063768025
522,522,0.0840113894035,-1.82793816325
523,523,0.0512496019474,1.95091994981
524,524,-0.1964037286,2.11842599644
525,525,0.0790755811848,2.03475959423
526,526,-0.0624394481493,1.84709482425
527,527,-0.0711432435107,2.1874832074
528,528,-0.359297511102,1.92862355132
529,529,-0.0895420924881,-2.42100053985
530,530,-0.112122148166,-1.89638639679
531,531,0.125650733633,-2.12914883952
532,532,-0.139962035729,2.05908663097
533,533,-0.839682896481,1.38629324538
534,534,-0.269880508953,2.0331529452
535,535,0.355364688512,-1.90273377108
536,536,-0.410917955327,1.7049835089
537,537,-0.366361512241,2.09791974857
538,538,-0.393286599394,1.80685836395
539,539,-0.432877173086,1.73881595685
540,540,-0.372863104983,2.15351846591
541,541,0.0259146426494,2.01126771223
542,542,-0.287022475943,1.74424842429
543,543,0.569735190418,-1.79054225337
544,544,1.72740330763,0.0884519608168
545,545,2.40719604465,-0.143499846338
546,546,2.12847571719,-0.000809832441588
547,547,2.06877263778,-0.0991599372587
548,548,2.2487880981,0.148959030534
549,549,0.0122865765718,-2.14839385465
550,550,0.242970182233,-1.84959203194
551,551,0.569827524029,-1.08681842706
552,552,0.122369880645,2.19655392382
553,553,-0.199360962791,1.97086751723
554,554,0.849049150462,-1.65411775369
555,555,1.28936524073,-0.782083455306
556,556,0.0929372623635,1.28160093273
557,557,-0.734164139037,0.32774768102
558,558,-0.583993698188,0.840888297713
559,559,0.385961135061,0.65311428963
560,560,-0.723386964637,1.43281632819
561,561,0.938255224912,-0.398701254282
562,562,1.95566028875,0.488892849545
563,563,2.43338002997,0.269678118489
564,564,2.27745985335,0.169654009429
565,565,0.903806186287,-1.05352087456
566,566,2.36060777,0.152503474508
567,567,1.94204295719,-0.155016603431
568,568,2.19434514222,-0.23367896873
569,569,2.54400482478,0.220186041379
570,570,-0.00136056678803,-2.10521712972
571,571,0.0453942254124,-1.92473147229
572,572,0.12054614887,-2.09387694642
573,573,0.749406094302,0.06265609611
574,574,1.00888338278,-0.457889432691
575,575,-0.00488271795976,-2.1714572269
576,576,0.0214784160072,2.17759945178
577,577,0.513625665121,-1.75863783643
578,578,1.50525089224,0.963994966866
579,579,-0.0224621344318,-2.2428218491
580,580,0.0888850583837,-2.15333862026
581,581,-0.038044602868,1.959055224
582,582,-0.0196508621678,2.0730895673
583,583,-0.254991348381,-1.69786921653
584,584,2.24816106632,0.151999242011
585,585,2.18690794188,-0.0141062462837
586,586,0.0292324319324,-2.44889881864
587,587,2.04139411862,-0.0560270960656
588,588,-0.183638198441,-2.14084581812
589,589,0.779054259972,-1.1317153537
590,590,-0.566861090534,1.76168362398
591,591,-1.16508418322,1.25973093135
592,592,-1.60333706781,1.32279471085
593,593,-1.36777613937,-1.37360355231
594,594,-0.617896748651,1.60262541777
595,595,-0.180524290385,-1.81533742461
596,596,0.768576922396,-0.562290865163
597,597,2.03540380434,-0.0610294159456
598,598,1.4381235913,1.36615864198
599,599,0.31581921516,-1.94301387973
600,600,-0.30916996257,2.38017159852
601,601,-0.0522512799341,1.8922993778
602,602,2.05880324059,-0.402005605219
603,603,0.182424554534,-2.0216613924
604,604,0.0405957073708,-2.53654459341
605,605,1.20004667215,1.02918820594
606,606,0.196075325296,2.76994505197
607,607,0.961172047083,-1.72245587013
608,608,-0.948860499095,1.65510759074
609,609,0.66569214856,-1.16403571651
610,610,-0.38661038158,1.71834032438
611,611,1.25511801716,-1.34680944313
612,612,2.03864839295,0.329969575452
613,613,0.838924540102,0.597293495466
614,614,0.667075216627,1.52859064459
615,615,0.898772671967,0.494198244238
616,616,0.655833219964,0.89257766781
617,617,0.540505644453,0.556399805073
618,618,0.871337652562,0.947270277039
619,619,0.811884891376,-1.82443155508
620,620,0.913305633749,1.44959755056
621,621,2.07389353829,-0.579398208863
622,622,1.0013574585,-1.87205073339
623,623,1.78668482999,0.538108522095
624,624,0.811036967331,2.08920295038
625,625,-0.265106966568,-1.0874076616
626,626,-0.615374217566,-0.752899088485
627,627,0.769555319922,1.59578415141
628,628,1.16730360071,0.681551486532
629,629,1.60606299732,0.571666672462
630,630,-0.511248220386,-1.38876012467
631,631,-0.222554240441,-1.8735509493
632,632,-1.10840021096,1.17447207765
633,633,-0.829969332241,-1.63961222663
634,634,2.21047534123,0.699312448952
635,635,-0.16792050175,-0.150929902106
636,636,-0.76650184434,0.918560349373
637,637,-0.101149655127,0.614610002594
638,638,2.43109677034,-0.123844588205
639,639,0.313773157139,0.398032157249
640,640,-1.00139088227,-1.97954557552
641,641,0.657507700405,0.510330623824
642,642,1.26145482537,1.42605305997
643,643,-0.406231321301,-1.56996494064
644,644,0.388523270719,2.71796743722
645,645,-0.0618075028486,1.90495166014
646,646,0.792912645587,0.960144832889
647,647,1.0045972252,0.634777026377
648,648,1.06718973874,0.73854853449
649,649,0.286428902698,1.99838366678
650,650,1.77641766512,0.79619363824
651,651,-0.596164053208,-1.85139269568
652,652,-0.724287334576,-1.86664581714
653,653,1.74991183273,-0.154930990411
654,654,1.02876783906,1.74320301357
655,655,0.759348288678,0.627937947383
656,656,-0.403188621961,-1.60316749003
657,657,1.51739293643,0.58115861726
658,658,0.568451500565,2.03825625773
659,659,1.85461562943,0.0123639377769
660,660,1.4362689095,1.59328495179
661,661,1.45019555919,2.24753758269
662,662,1.58731977628,1.92525490801
663,663,1.14421181252,1.61769074137
664,664,0.800242861875,1.6960076469
665,665,1.09718680215,1.90172015688
666,666,1.09647279419,1.64398159965
667,667,0.176387747401,-2.62975262685
668,668,-0.290820980027,2.62671307934
669,669,0.81497958639,1.40221825123
670,670,-0.0115223814282,-1.58034060829
671,671,0.896086867616,1.32780719413
672,672,2.30458890758,-0.516448956867
673,673,-0.374047765187,1.63585652106
674,674,-0.903523276835,1.73617930265
675,675,1.10440780167,-0.896085589582
676,676,0.293021698718,2.1262653957
677,677,1.48626850993,1.52035762253
678,678,1.64357874848,1.04841632819
679,679,-0.33233195241,2.60711287022
680,680,1.66565995582,0.608836633911
681,681,1.85605344302,0.716888586619
682,682,2.29588294363,0.0303697011284
683,683,1.58564900666,1.17460316277
684,684,0.78271999465,1.39542196597
685,685,-0.126561011396,2.33633771306
686,686,-0.169804101055,2.68989485644
687,687,-0.0440557598442,2.3997873101
688,688,-0.186920457373,1.90347172939
689,689,0.0346500724506,2.37334116377
690,690,-0.1444484738,2.1823441895
691,691,1.64226997342,1.03645425758
692,692,1.66112507531,1.34061363815
693,693,-0.188792564374,-2.17379596978
694,694,0.414504188282,1.29820548582
695,695,-0.273194499929,-1.70713553486
696,696,0.562441368876,1.68308233435
697,697,1.15294705347,1.77595342546
698,698,2.22120910333,0.264368822907
699,699,3.0497479758,-0.223018019481
700,700,-0.238783501918,-1.73056281188
701,701,-0.408386377391,1.85177254562
702,702,0.0157651185523,2.16726276549
703,703,0.0205920131616,1.84305886267
704,704,-0.633433043445,-2.01108385239
705,705,-0.577755238528,2.33595776375
706,706,0.841047479224,1.25548434069
707,707,0.109669542452,-2.08837429032
708,708,0.415008927523,1.3661676797
709,709,0.920973258363,1.26083168914
710,710,0.0226673854628,-2.05265297676
711,711,0.870271362838,0.544525371349
712,712,-0.198272750403,-0.666160532442
713,713,-0.834468066496,-1.30908457036
714,714,-0.195341531496,-2.74479668951
715,715,-0.32675126704,1.75877149453
716,716,-0.169207170362,2.34127468488
717,717,-0.156644369702,-2.34765457199
718,718,1.00075924831,1.81122344969
719,719,0.00274323881755,-1.54544533076
720,720,0.769861864652,1.56394997793
721,721,-0.00973222661004,-1.9381079094
722,722,-0.726440078971,-1.86729626706
723,723,0.753242070198,1.48985932731
724,724,0.347768889099,1.87035488852
725,725,1.08964529154,1.31187531022
726,726,-0.0902494205891,-2.21520828959
727,727,-0.609123803659,-1.71077394876
728,728,1.03787556398,-0.764003388032
729,729,2.01182747538,0.362766380096
730,730,-0.197044298022,-1.95652504346
731,731,0.169020739791,-2.60946866156
732,732,0.0191254372677,-2.47214282308
733,733,2.1673697625,0.463282524963
734,734,-0.476580833286,-2.30490562128
735,735,0.152185517639,2.08900664195
736,736,-0.350138985724,-2.07545355298
737,737,-0.556805470169,2.05723478946
738,738,1.33149444135,-1.21044382507
739,739,-0.714894066698,2.01837630164
740,740,0.435297299845,-1.88547466073
741,741,0.302385208819,2.06272299693
742,742,-0.905039373614,1.37582913605
743,743,1.35657246268,-2.19452488
744,744,0.873202319303,0.472882904135
745,745,-0.670382517799,-1.8931986095
746,746,0.199914663065,-1.47088232892
747,747,1.03034197723,-0.792179250195
748,748,1.12942943889,-0.986080968837
749,749,-0.0221868747281,-2.75021386212
750,750,-0.290104761202,-2.64513702534
751,751,-1.42437111564,-1.18591822992
752,752,0.176221415403,2.40537216129
753,753,2.24105751109,-0.399062985169
754,754,0.253713153059,-2.2927686758
755,755,-0.368343355851,-2.10644403513
756,756,0.291821244864,-1.94278791895
757,757,-0.21604211091,-1.99564770379
758,758,-0.00881018628667,-2.36523382274
759,759,0.457627105606,-1.98754341322
760,760,-0.369999378224,-2.87966416799
761,761,-0.336841003086,-1.68896596949
762,762,0.238264640571,-2.10713058584
763,763,0.177994905372,2.14534718716
764,764,1.89382636228,0.763458326615
765,765,0.115762175701,-2.10788659185
766,766,-1.61100460985,-1.64071397612
767,767,0.0870171489083,-2.35855489209
768,768,-0.307025228246,-2.30835115486
769,769,-1.00901596998,-0.921104424803
770,770,-0.370280890923,-1.48569365715
771,771,0.0245420434508,-1.76075754492
772,772,-0.413700233081,-2.34279036142
773,773,0.928269243417,-1.47928191532
774,774,1.50283424431,1.36457990029
775,775,0.0114395496478,-1.90937040711
776,776,0.568281795258,-2.21805002482
777,777,0.0341284472691,2.55240571004
778,778,0.6853663595,1.2317629073
779,779,0.162561878518,1.45486361586
780,780,0.0598081283287,-1.36887932112
781,781,0.153304815321,1.87377330297
782,782,-0.0289424503733,-2.21209219816
783,783,-0.0632653367316,-1.99663614323
784,784,0.456246916977,-1.95495481736
785,785,-0.205791388487,1.74396312559
786,786,0.0703049347973,1.87516927663
787,787,-0.328157006103,1.80179781588
788,788,-0.307097844221,1.94291352717
789,789,0.175979139605,-1.88313275372
790,790,-0.117486497583,-2.21231208269
791,791,-0.174080339455,1.85948530789
792,792,0.0470261351309,-1.98324144781
793,793,1.02460974761,-1.28802833846
794,794,-0.159299605895,1.95195129766
795,795,-0.0927401174569,1.91157004909
796,796,-0.0871376600918,1.88747089503
797,797,0.517714782167,-2.21371515419
798,798,1.81392978691,0.629642384585
799,799,2.40116197407,-0.0275124883198
800,800,2.42154588122,-0.0184482336344
801,801,1.83338478649,-0.0650162791284
802,802,0.184830388491,-2.15203537899
803,803,0.238666093851,-1.93429690965
804,804,2.2223531052,0.0508802958105
805,805,-0.0396699609771,2.21203084932
806,806,-0.122628119834,2.05607436303
807,807,-0.170448357411,1.89701776374
808,808,-0.00998915160776,2.25846282926
809,809,-0.00693061485318,-2.08207578096
810,810,0.173839515512,-2.42607849927
811,811,0.191130002828,-2.05847179733
812,812,-0.16931860926,2.01344559268
813,813,-0.0749064846957,2.23544900682
814,814,0.325931081074,-1.69466113627
815,815,2.09042432629,0.239116726695
816,816,-0.442052762075,2.07683688229
817,817,0.0797913022619,2.05238214456
818,818,0.387544908935,-1.92030518421
819,819,-0.132840940821,-1.88025266879
820,820,0.26461451529,2.18510952285
821,821,0.192589717416,-1.96078987278
822,822,2.54010419654,-0.0225727849527
823,823,2.46090323633,-0.00333663238752
824,824,-0.149258166074,1.83447093186
825,825,-0.0279033043019,1.87834901912
826,826,2.16644928679,0.0959823189095
827,827,-0.0840718884086,1.99081337061
828,828,0.0187959030096,-1.76274899682
829,829,0.266459258419,-2.25330877029
830,830,0.201485759086,-1.98857839745
831,831,2.22461477738,0.0281255535453
832,832,0.052100133354,1.6979093261
833,833,-0.0813997746029,2.08357560726
834,834,-0.0853499302815,-1.70095583374
835,835,1.55732375003,0.25956243559
836,836,1.42696562826,0.502655177046
837,837,2.40477965144,-0.0838268554725
838,838,1.92195355731,0.124699811986
839,839,0.29618827299,-1.9577552025
840,840,0.614441324442,-1.8469475618
841,841,-0.266321571133,2.02136539971
842,842,0.757159684116,-2.09117773851
843,843,0.223574683949,-1.85145049975
844,844,-0.0582899980147,-1.98333013447
845,845,-0.0932897544289,1.83954903976
846,846,0.14450979183,1.79211165792
847,847,0.0124369171829,1.79441957286
848,848,-0.225471974994,1.98321859094
849,849,0.105568351095,1.95749676906
850,850,0.187958286606,-1.76386935126
851,851,-0.302750827944,1.90344534735
852,852,0.817418790808,-2.06234908847
853,853,-0.327665681318,2.24627631636
854,854,0.0827293266254,-1.99308084736
855,855,0.302982219087,-2.11317998719
856,856,2.33141095893,-0.151528982613
857,857,0.0620102787552,-2.03294396139
858,858,-2.57778696451,-0.0361810267466
859,859,-1.09355383541,1.27389855289
860,860,-1.4192718696,1.16786136601
861,861,0.323479871406,-0.879047383802
862,862,-0.99808125591,-1.27549784098
863,863,-0.520616692834,1.5777072321
864,864,-0.215838330274,-1.71490395802
865,865,1.64136643082,0.285882179509
866,866,2.40511488988,-0.132242863445
867,867,2.33959544811,-0.00428356694851
868,868,0.385078659927,-2.22525142574
869,869,0.379246389298,-1.85950055722
870,870,0.486081091327,-0.856270728852
871,871,2.09585450972,0.37356029149
872,872,0.160762307369,-2.05768733789
873,873,-0.513075677318,1.50544572592
874,874,0.182643404877,1.32503320926
875,875,2.31794782404,0.0573887116107
876,876,-0.156880380296,-0.366902708683
877,877,0.0906498199702,-1.0704662929
878,878,0.417443495302,-2.25863870578
879,879,-0.375201681861,-1.07845573736
880,880,-0.53348104806,1.33891686129
881,881,0.297765864899,2.18161287771
882,882,1.94476555438,0.0941900752012
883,883,2.1032176869,0.0565931093875
884,884,2.3272616497,0.0446112512033
885,885,0.284115483267,-2.08562588334
886,886,-0.0713382022249,-2.02101379349
887,887,0.176080322087,-2.01205768774
888,888,2.21382509511,0.124024072028
889,889,0.14097819351,-2.03684886538
890,890,0.214577692233,-1.88391906658
891,891,1.76948549502,0.745859974196
892,892,-0.0905989115882,2.33976214007
893,893,0.312149829567,-2.19743705693
894,894,0.534604698985,-1.72120276461
895,895,0.49548860904,-1.79993881552
896,896,0.337073394206,-2.2594375468
897,897,0.1731666688,-1.7886748213
898,898,1.0714714944,0.967108153877
899,899,0.117506296516,-1.89696683651
900,900,1.22261616661,0.556503907527
901,901,-0.0913514460009,2.13633553053
902,902,1.06282594795,-1.39151435453
903,903,-0.143133774305,1.6688906852
904,904,-0.462050399925,1.74734038398
905,905,1.73861570408,0.627341037119
906,906,1.55121934794,0.415085136758
907,907,1.42667047715,0.628137172618
908,908,1.23014465197,-0.349873868624
909,909,1.99883293759,0.373975978299
910,910,2.24965834808,0.0675987444413
911,911,-0.0738322955027,2.02067116472
912,912,2.19504846983,0.024701239274
913,913,2.41549458792,0.331792495147
914,914,1.8722452208,-0.446227663386
915,915,-0.116809046042,1.46188831611
916,916,-0.00393867569365,1.80442455665
917,917,0.0758999021339,-1.91927456345
918,918,-0.0137137794136,-1.84507364568
919,919,1.48045875235,-0.475374736906
920,920,0.808856884536,-1.78677496079
921,921,0.416538528995,-0.229004500166
922,922,0.287902725638,-1.86418741136
923,923,0.647591590347,-1.91060670819
924,924,-0.352553776331,1.69705929116
925,925,0.0702898538855,1.4383162966
926,926,-0.669596145298,-1.45787416911
927,927,0.306590825272,-1.84917198878
928,928,-0.182471891164,1.12451450825
929,929,0.600403709948,1.55636039319
930,930,0.0282554330373,2.18938803305
931,931,2.27261831511,-0.246525506666
932,932,0.941456281598,-0.803251598778
933,933,2.30973338766,0.186738198163
934,934,2.21568015243,0.0840271367928
935,935,-1.19557391055,-1.55923261941
936,936,0.745391761781,0.436431345896
937,937,1.25979061829,-0.632797870689
938,938,-0.0491672471584,-1.76155082285
939,939,-0.968599940551,1.30941095897
940,940,-0.572054400611,1.42302193742
941,941,0.836120404427,1.15710706703
942,942,1.58994743164,0.578610874563
943,943,-0.936587575571,0.24137854961
944,944,-0.0303100410612,0.73726276345
945,945,-0.1783693363,-1.74661351392
946,946,-1.17858299098,-1.09056811941
947,947,-0.533486886301,1.4379308739
948,948,-0.815587873046,-1.1461156961
949,949,-0.28764049699,-1.55989311021
950,950,0.459657019806,0.8329433834
951,951,0.270806252687,1.06508887673
952,952,-0.170291842495,-1.66798712988
953,953,-0.00527206218128,-2.08846686029
954,954,0.591147597786,0.879868934072
955,955,-0.340978364614,-0.942379432014
956,956,0.176781464587,1.83111637177
957,957,0.432563864637,1.21005458669
958,958,0.38352317697,-1.86024335745
959,959,-0.0248115583148,-2.12649423562
960,960,-0.14997582148,-1.98884131838
961,961,0.239927373044,-1.90728377986
962,962,0.14641918188,2.25892250612
963,963,0.917147229434,-0.574874822794
964,964,0.246502344916,-2.05142026985
965,965,-0.243886558569,1.94588542225
966,966,1.05880445096,-0.283743615817
967,967,2.18925480692,-0.0408418251546
968,968,-0.535888390326,-1.11713877087
969,969,-1.08451356034,-1.17322699645
970,970,-0.787524804311,-1.36566405003
971,971,0.0072462451154,1.61047689154
972,972,-0.674256542075,-0.543250489692
973,973,-0.889130391012,-1.07687103225
974,974,-0.9337590635,-1.32552679438
975,975,-0.897917973685,-1.1303106979
976,976,-0.617874119488,-1.48331723068
977,977,-0.180701887479,-1.63581186841
978,978,-0.722487777617,-1.59116062859
979,979,-0.22087396122,-1.82721823559
980,980,0.376243046822,-0.868056391703
981,981,2.21978759053,0.0988267995078
982,982,0.253190827275,-1.94129001807
983,983,-0.764613620017,-1.2057196602
984,984,-0.159036552623,2.2446999043
985,985,-0.0659846329846,-1.25227516586
986,986,-0.521276078673,-1.59345682543
987,987,-0.672076831474,-1.63108986841
988,988,0.0104436727164,1.50368598929
989,989,-0.620000493076,-1.22061892748
990,990,-0.740895710405,-1.4563205406
991,991,0.156091138505,2.16836602352
992,992,0.0268515377305,-1.56049170343
993,993,0.228523433321,-2.30317801463
994,994,0.377134818455,-2.16805995399
995,995,1.71301635947,0.352909188301
996,996,0.205287644721,-1.82159845519
997,997,-0.58900839466,-1.28753943457
998,998,-0.904549398733,-1.15969837052
999,999,0.162443214683,0.297101633482
1000,1000,-0.5414913301,1.07693355508
1001,1001,-0.656229954918,0.906990705097
1002,1002,-0.890011506559,-0.992182757485
1003,1003,-1.34785429547,-0.716114718581
1004,1004,0.0088482618541,1.96439663034
1005,1005,-0.392746853547,2.09449167984
1006,1006,0.79587258618,-1.49533616967
1007,1007,0.333206202961,-0.297527380801
1008,1008,-0.25060141614,2.01437057083
1009,1009,0.742758820868,-1.43104569511
1010,1010,2.21466854301,-0.0384712220495
1011,1011,2.30650606447,-0.0988872156587
1012,1012,2.57460551999,-0.225827912706
1013,1013,0.647607586385,-1.56890081875
1014,1014,0.195343442661,2.12735360804
1015,1015,0.239377802073,-2.04822939648
1016,1016,-0.632673266448,-0.54941074754
1017,1017,-0.602695205996,1.58612858042
1018,1018,2.35614145991,0.249339513223
1019,1019,-0.508034802663,1.80511074017
1020,1020,0.30438820322,-1.66574292514
1021,1021,0.588873954168,0.158176027149
1022,1022,0.21258742974,-1.60062188395
1023,1023,-0.567680096119,1.83657515956
1024,1024,-0.33300645244,0.966586054182
1025,1025,-0.177570814882,0.907364646271
1026,1026,0.698983722294,0.460866704848
1027,1027,-0.125971533719,-0.121333460928
1028,1028,-1.00072945676,0.308694436037
1029,1029,2.05582650226,0.00363018812371
1030,1030,-0.495563299541,0.986035708415
1031,1031,0.310899184074,1.75733311531
1032,1032,-0.491431978991,0.956678187773
1033,1033,-0.831980508367,-0.447158594952
1034,1034,-0.564124957893,-1.95990930006
1035,1035,0.611234869533,-0.883206891543
1036,1036,-0.372172560662,-0.834246218226
1037,1037,0.118867031496,2.25640108622
1038,1038,1.12529237437,-0.723220793107
1039,1039,1.87699807907,-0.254288559146
1040,1040,-0.0847696706075,-2.09289458776
1041,1041,2.2307624885,0.296285526728
1042,1042,0.220333108523,-2.06340846069
1043,1043,-0.109341636072,-2.20776775133
1044,1044,-0.53487058662,1.51810754554
1045,1045,-0.444153536449,1.57039941003
1046,1046,-0.60058057217,1.76582189823
1047,1047,-0.286014775519,1.72906724035
1048,1048,0.552736336506,-1.68264912618
1049,1049,-0.259413684497,1.7894079956
1050,1050,1.0887526965,-1.70958594681
1051,1051,0.24153108195,-1.79133899563
1052,1052,-0.342148693336,2.02553445631
1053,1053,-0.484246590684,1.62078131386
1054,1054,-0.43657203259,1.98313937947
1055,1055,0.0150483360687,1.82877201046
1056,1056,0.573851624778,-1.87312275301
1057,1057,0.148028304308,-1.86537564854
1058,1058,0.214520704637,-1.95162376644
1059,1059,-0.0325083463164,1.74862049417
1060,1060,0.0904113878067,1.88215538483
1061,1061,0.857355833986,-1.62134566881
1062,1062,-0.132806238799,-2.31612038879
1063,1063,0.518351492207,-1.73269436264
1064,1064,-0.222970635287,1.91836541012
1065,1065,-0.207702791533,1.79656950814
1066,1066,0.0268633571092,1.93389102897
1067,1067,-0.251551180926,1.87767882966
1068,1068,0.486562844909,-1.72193818158
1069,1069,0.0156324556812,2.08709652803
1070,1070,-0.304628160121,2.03141659932
1071,1071,-0.0371787341353,-2.14998856634
1072,1072,1.94464586196,0.586456833679
1073,1073,0.285572847775,-2.15369567806
1074,1074,2.25228853726,-0.0269498131279
1075,1075,-1.02465072194,-1.08382333715
1076,1076,0.518436994847,0.634232602537
1077,1077,-1.07802087037,-0.997962623122
1078,1078,-0.930845957776,-0.903287363958
1079,1079,-0.440482710739,1.54178951865
1080,1080,-1.03200429859,-1.15786633044
1081,1081,-1.15354377923,-1.05354751932
1082,1082,2.0594607997,-0.102131792715
1083,1083,-0.94987752389,-1.04698165885
1084,1084,-0.252365032546,1.92549069802
1085,1085,0.457549956653,1.41725402637
1086,1086,-0.142854260542,0.448200942996
1087,1087,-1.22728695584,0.797272857332
1088,1088,0.554480901234,1.7898075126
1089,1089,-0.222120535677,1.15797457066
1090,1090,-0.339530194916,-0.935333356035
1091,1091,-1.10298272325,0.981940629199
1092,1092,0.312631061948,1.48591564188
1093,1093,-0.592764278769,-1.49399435472
1094,1094,0.159484771308,-2.31262370909
1095,1095,-0.665827586841,1.81627400306
1096,1096,0.319373914923,-2.15245056538
1097,1097,0.130650221154,-2.09551633848
1098,1098,0.071942681482,-1.94582518323
1099,1099,0.032110299219,-1.97926974791
1100,1100,0.234389625781,-1.60868724127
1101,1101,-0.84081783038,-1.28989726824
1102,1102,0.0195237247217,-1.82005481981
1103,1103,0.2390923461,-2.13660653978
1104,1104,-0.996061276851,-1.51710708747
1105,1105,0.0763439054111,-2.05869386735
1106,1106,2.24430438706,0.185677489388
1107,1107,-0.208568416911,1.8250617296
1108,1108,-1.15524457383,-1.35195174751
1109,1109,-0.423442271124,2.05054023994
1110,1110,0.431823013739,-1.25413820093
1111,1111,0.0432015728162,1.74644408088
1112,1112,0.802717866479,-1.7278812612
1113,1113,2.40183549512,-0.146054286761
1114,1114,1.37528071543,0.377206681268
1115,1115,0.191599270075,-1.99771788024
1116,1116,0.388482370495,-1.92981452553
1117,1117,-0.548703355653,1.24192984093
1118,1118,0.815581813435,-1.56153309593
1119,1119,1.23972119939,-0.93706619307
1120,1120,-0.430750250045,1.58552089856
1121,1121,-0.567750438635,1.73066428313
1122,1122,-0.195359826169,2.12015969294
1123,1123,1.14481091559,0.31238402771
1124,1124,-0.387531173451,-1.34165091175
1125,1125,0.92706755128,-1.57369227964
1126,1126,-0.306594715853,1.95877808459
1127,1127,0.323218251499,1.18436739495
1128,1128,1.37850117846,-0.827523366903
1129,1129,-0.246725836058,1.99625762037
1130,1130,0.734408576109,-1.49232407015
1131,1131,-0.678544985343,-1.41373346867
1132,1132,0.637218895814,-1.88667283514
1133,1133,0.0452573094602,-2.03377440548
1134,1134,-0.0529759982753,-1.98050507791
1135,1135,0.514624796996,-1.90439483365
1136,1136,0.120993549061,2.38502089636
1137,1137,0.0331995404868,-1.89984651449
1138,1138,0.0478613615079,-2.02573070036
1139,1139,0.298696383603,-2.06208962303
1140,1140,-0.0467734101969,2.12236506833
1141,1141,0.181259277383,1.80064325449
1142,1142,-0.217018368135,2.08840633135
1143,1143,1.00137627907,-1.38033935625
1144,1144,1.41240970698,0.835834807261
1145,1145,2.44929215693,-0.15175642074
1146,1146,0.849208885789,1.36958807142
1147,1147,0.122537852771,1.71855268892
1148,1148,-0.0983509288581,-2.04726723083
1149,1149,0.395862244643,-2.09897111317
1150,1150,2.25641869061,-0.004087214434
1151,1151,-0.281641378947,2.14657389617
1152,1152,0.107605229232,1.99723138957
1153,1153,2.19901322553,-0.368848170861
1154,1154,0.0281910865337,-2.11741323232
1155,1155,-0.116230739453,-2.49666217796
1156,1156,1.7757396103,0.274552391092
1157,1157,-0.0801043154561,1.90875517982
1158,1158,1.78856967195,0.177137638089
1159,1159,2.13617334079,-0.0813168248693
1160,1160,-0.0762060583343,1.90494392573
1161,1161,0.0891965554287,-1.03634149985
1162,1162,0.0107282733134,2.01285795427
1163,1163,0.00373217193995,1.68890448816
1164,1164,0.493004945498,-1.92805063191
1165,1165,1.40870906988,0.594209832955
1166,1166,0.364334223771,1.62209474916
1167,1167,2.39462133798,0.205188286451
1168,1168,0.678715310487,-1.49714216709
1169,1169,2.18138815932,-0.407076677696
1170,1170,1.81448618877,0.0494492211844
1171,1171,0.190453708816,-2.05764868553
1172,1172,-0.0140447997395,-2.19667132062
1173,1173,-0.183679909695,2.16091666629
1174,1174,0.0744334269228,2.05227762443
1175,1175,0.264298496305,1.7411870192
1176,1176,-0.300077550302,2.03412469103
1177,1177,0.187058597708,-1.62319171367
1178,1178,1.51064744481,0.391889061597
1179,1179,0.0140282828477,-2.28257851774
1180,1180,-0.19384365685,-2.31518847176
1181,1181,2.10098306294,0.0680726398504
1182,1182,-0.0284130544083,-2.16734696791
1183,1183,-0.2903417987,2.13966045728
1184,1184,-0.284864286629,2.16512014004
1185,1185,0.607584575684,-1.54589159238
1186,1186,-0.164899001488,-1.88761872187
1187,1187,-0.0383159640194,-1.95207671654
1188,1188,0.668392938642,-1.46433046832
1189,1189,0.0455252519959,-2.08659576696
1190,1190,-0.0806202916621,-1.77627646151
1191,1191,0.32011603985,-2.00715707498
1192,1192,0.00839633075834,-2.01962692206
1193,1193,0.0863576027778,-1.9565961722
1194,1194,-0.271925470613,-1.78643431374
1195,1195,-0.190932046277,1.78340631997
1196,1196,2.06985029373,-0.00688417103507
1197,1197,2.01250712214,-0.184382782114
1198,1198,2.21265891665,-0.167014542976
1199,1199,2.21208418404,0.129932470003
1200,1200,0.183684462839,-2.03762413465
1201,1201,0.828779648451,-1.82959005869
1202,1202,-0.482260175345,1.65973966115
1203,1203,-0.462227116149,1.970694859
1204,1204,-0.44309094882,2.14179640792
1205,1205,0.898083894676,-1.63603368597
1206,1206,-0.210038511925,1.91621638876
1207,1207,-0.0163213527989,-2.18739199223
1208,1208,0.302229343024,-2.06980815546
1209,1209,2.21955602261,0.269385685737
1210,1210,2.20382358198,-0.142657078745
1211,1211,-0.141522207726,1.84322504674
1212,1212,0.672860957975,-1.73970316516
1213,1213,2.24620356862,0.107417916887
1214,1214,1.91975028041,0.551121880331
1215,1215,0.217013032793,-2.15660608667
1216,1216,0.13155399401,-1.84893448792
1217,1217,0.0790703311869,-2.31536338322
1218,1218,-0.0649365076396,-1.96147289019
1219,1219,2.04365631377,0.0665198132313
1220,1220,0.982135481516,-0.98417328747
1221,1221,1.09790419365,-0.964694098139
1222,1222,1.35404190744,0.777247323108
1223,1223,1.17135188759,-0.951466220184
1224,1224,2.45568241702,0.0217099502996
1225,1225,2.40287188896,-0.0517976294175
1226,1226,0.487760738965,-0.180906269123
1227,1227,-0.0925291016988,2.22883843577
1228,1228,0.742342531512,-0.0579967650143
1229,1229,-0.330145829115,1.93040326415
1230,1230,0.0354767384317,-2.0699089004
1231,1231,0.352243047989,-1.98864488823
1232,1232,-0.0200985105569,1.99012471528
1233,1233,0.776137333627,-1.7826676268
1234,1234,0.0645837291364,2.07816941187
1235,1235,-0.0186313389914,-1.833762398
1236,1236,2.3615906306,-0.0447378246928
1237,1237,0.432085862897,-1.9155085778
1238,1238,0.0246078053703,2.06186261358
1239,1239,0.623928975898,-1.56764992434
1240,1240,-0.141377086631,-1.938873909
1241,1241,2.1767414932,0.0283155802005
1242,1242,0.0985493144879,-2.06679128415
1243,1243,0.0581675748948,-2.06750912689
1244,1244,0.239212923834,-2.23041380386
1245,1245,-0.179090230578,1.96156834935
1246,1246,0.0531283162464,-2.11020058554
1247,1247,0.00457272590917,2.12476378393
1248,1248,-0.235590357376,2.00195274825
1249,1249,0.560344509669,-2.07128631807
1250,1250,-0.198335581627,2.23916939493
1251,1251,0.0461983959594,2.02096411667
1252,1252,-0.0700347805192,2.03716662251
1253,1253,0.362629633056,-1.60538094356
1254,1254,1.91659654336,0.404638698152
1255,1255,2.58335495865,-0.0598149018424
1256,1256,2.20937386486,-0.063699605367
1257,1257,2.25150818128,0.138673348277
1258,1258,2.10774451028,0.237087722354
1259,1259,2.16686894382,-0.0775605384072
1260,1260,2.05340335422,0.178495200764
1261,1261,1.99791851207,-0.0596749401358
1262,1262,-0.0337563436061,-1.74010491372
1263,1263,0.348650718636,-1.78136502327
1264,1264,2.22925882648,-0.383241479846
1265,1265,-0.039083900153,2.27087856596
1266,1266,1.2470191411,-0.00512691588783
1267,1267,1.7590754623,-0.158944594675
1268,1268,-0.0898078920562,-2.07476077674
1269,1269,0.265913585878,-1.79559767306
1270,1270,1.95426097961,-0.0402057359452
1271,1271,-0.232573002015,1.9834751052
1272,1272,1.8884301862,0.662908806529
1273,1273,-0.140750465153,-1.80889763887
1274,1274,0.68191339933,-0.647627045295
1275,1275,-0.19254705091,2.0971776876
1276,1276,0.211351212451,-2.10862171584
1277,1277,0.265038439113,-1.83246667752
1278,1278,2.16940042239,-0.0170060740075
1279,1279,1.96184196071,0.154491540696
1280,1280,0.652000101066,-0.141852550799
1281,1281,2.10814665908,0.232617289876
1282,1282,2.35418514041,0.120261125813
1283,1283,2.11889157596,0.16675788765
1284,1284,-0.265700601256,-1.74039345078
1285,1285,0.938739679088,-1.51539059389
1286,1286,-0.0933035954595,-0.618176886282
1287,1287,1.62557085431,0.56300630125
1288,1288,0.0900491638319,-2.00609183047
1289,1289,-0.0875431780577,-1.73014927174
1290,1290,0.133671724578,-2.08180657666
1291,1291,0.942622019635,-0.600510511902
1292,1292,0.420452871428,1.85732834294
1293,1293,2.03199099599,0.23998325029
1294,1294,2.23783514207,0.245239942623
1295,1295,0.721379171078,-0.593651262081
1296,1296,-0.0131154274709,-2.24029513458
1297,1297,-0.129995348418,-1.89518992838
1298,1298,1.36366291372,-0.922972203817
1299,1299,0.0229962066665,2.254080854
1300,1300,0.318452321238,-1.80594081728
1301,1301,0.111565331375,2.25777300788
1302,1302,-0.345154227285,1.66970756262
1303,1303,0.761943882309,-1.6893549434
1304,1304,-0.132361253785,1.89034396089
1305,1305,-0.234352738271,1.93901775287
1306,1306,-0.380895908992,1.99916015728
1307,1307,-0.277256092936,2.30065838904
1308,1308,-0.423935846062,2.01006449653
1309,1309,-0.192762685021,2.04777192688
1310,1310,0.211193508572,-1.87588913057
1311,1311,0.177303854311,-2.09375031788
1312,1312,-0.451952777028,2.19024872761
1313,1313,0.136183295069,-2.02989420912
1314,1314,0.916866823246,-1.98548330532
1315,1315,0.483935726681,-2.23400195609
1316,1316,-0.347332342853,1.99120465608
1317,1317,0.177870815327,2.21185837626
1318,1318,0.173693968205,-1.98258422453
1319,1319,-0.376651579885,1.91246446144
1320,1320,0.353961548335,2.20668001133
1321,1321,-0.223662873787,2.02769110948
1322,1322,-0.0542644464123,1.99043369594
1323,1323,-0.134950465219,2.033789109
1324,1324,0.428698935118,-1.68063202233
1325,1325,1.15327597701,0.897866630808
1326,1326,2.09398820711,-0.0234337198364
1327,1327,0.0262534113708,-1.97031622913
1328,1328,0.237708498006,-2.08589999676
1329,1329,2.08629724138,0.195491717228
1330,1330,-0.284209013588,1.95501371338
1331,1331,0.667881815884,-1.88836910517
1332,1332,1.68191979725,0.501770500164
1333,1333,0.255084951944,-2.14970158252
1334,1334,0.392822754785,1.76074452659
1335,1335,0.456877558311,2.2965009529
1336,1336,0.668179610544,2.12718805846
1337,1337,0.0823057260009,2.09592049048
1338,1338,1.74353609625,1.49063535328
1339,1339,0.506830545349,1.77305293195
1340,1340,1.18764484063,1.57011748708
1341,1341,1.19812301085,1.32387567371
1342,1342,1.52598332324,1.35410620825
1343,1343,0.143747849511,-2.07473119731
1344,1344,-0.269602063102,-2.03343624323
1345,1345,1.47689855606,0.950525524194
1346,1346,0.609012212804,1.94638381207
1347,1347,1.77255540164,0.242387862014
1348,1348,1.03211375035,1.96993329222
1349,1349,0.000431320939357,2.10451232548
1350,1350,-0.971822215996,-1.50320245219
1351,1351,1.85140514687,0.8941347458
1352,1352,-0.798550745301,-0.733666956133
1353,1353,0.239333390869,-1.78184013139
1354,1354,0.901453959296,2.25511445894
1355,1355,1.11522469928,0.915215310583
1356,1356,2.21242615149,1.27142507437
1357,1357,0.99567712237,1.37659469696
1358,1358,0.892173009163,1.90136787029
1359,1359,1.17303740721,0.771923418981
1360,1360,1.96712576958,0.728596829967
1361,1361,0.515756189392,0.304357798559
1362,1362,-0.814977833565,-1.29177061458
1363,1363,-0.581172044139,-1.57846788658
1364,1364,1.8606587451,0.67017303038
1365,1365,1.28327801776,-0.685604735019
1366,1366,2.09227304987,-0.447803498464
1367,1367,-0.526085969725,1.08009743368
1368,1368,0.259952550727,2.01798805858
1369,1369,0.822854566667,-2.45656904183
1370,1370,0.495779454691,1.65563038969
1371,1371,2.48606169561,0.331720170982
1372,1372,1.75748799552,0.485162168239
1373,1373,-0.422041275663,2.36862677927
1374,1374,1.43890088786,0.341308820473
1375,1375,0.898854613244,1.05497670006
1376,1376,0.518307837334,1.05191323862
1377,1377,-1.11657269896,-1.42408425253
1378,1378,0.231443714727,-1.92026803846
1379,1379,0.756190034937,0.724774230348
1380,1380,0.221283690526,2.70689293688
1381,1381,0.854098181928,1.43087709318
1382,1382,-0.181329764691,-2.15851338012
1383,1383,0.00659724712391,2.17344274091
1384,1384,1.78761156849,0.608519068191
1385,1385,2.21115709139,0.5861632814
1386,1386,1.27661789177,0.332369263508
1387,1387,1.69907980024,1.73255719877
1388,1388,2.50746581438,0.498500550823
1389,1389,1.39555814566,1.1712300811
1390,1390,0.604027777634,2.13837040009
1391,1391,-0.0908344216965,2.27567068019
1392,1392,0.0381393275556,-1.85377976456
1393,1393,0.655732155647,0.882920861366
1394,1394,0.781700135212,0.0125382436803
1395,1395,2.06198952197,0.307647801854
1396,1396,1.90934164962,0.477706203429
1397,1397,0.623454809193,-1.483320502
1398,1398,0.399577015583,1.26001251872
1399,1399,0.164629854304,-2.33695260276
1400,1400,1.11131480213,0.270109158022
1401,1401,-1.40608784647,-0.869321657536
1402,1402,0.275497228186,2.01541533504
1403,1403,1.11810906907,0.0830833831918
1404,1404,-0.0918894976237,2.75759903092
1405,1405,1.16390390939,1.46540016168
1406,1406,0.373908918245,1.61951077003
1407,1407,0.0642686775227,2.72151904239
1408,1408,0.294788369592,2.55853851983
1409,1409,0.0332025639788,2.50658397797
1410,1410,0.434507701839,2.20826397069
1411,1411,0.491162804954,2.07810245843
1412,1412,0.459700268649,1.98721654933
1413,1413,0.157085898696,1.99868376312
1414,1414,0.365803356629,2.20580987912
1415,1415,0.154107021235,2.52913845498
1416,1416,-0.173437891927,2.46950102923
1417,1417,2.23469823319,0.558220522169
1418,1418,0.0252012556116,2.17636500982
1419,1419,0.871556402105,0.473142168546
1420,1420,-1.21872857482,-1.02050398773
1421,1421,0.295803729703,0.071634061015
1422,1422,0.995294878278,0.184580451659
1423,1423,2.02882167739,-0.216202677132
1424,1424,-0.023612338601,-1.50859432445
1425,1425,0.174253969402,2.42159046536
1426,1426,-0.20536367886,0.779291814919
1427,1427,2.33849172387,0.314337897028
1428,1428,2.72776774709,-0.214907016575
1429,1429,1.7785460707,0.0108508691721
1430,1430,1.79770475401,0.613555419569
1431,1431,1.86425385281,0.344988992707
1432,1432,2.19770450822,0.245428710673
1433,1433,1.86305125965,-0.088241262077
1434,1434,0.846929194332,1.02762797622
1435,1435,0.835845399829,0.53644924292
1436,1436,0.328630251426,-2.40820280809
1437,1437,2.0074869726,0.409235721111
1438,1438,0.126869691495,1.34520079788
1439,1439,1.48678691629,2.16916320748
1440,1440,0.767623369775,1.45661949187
1441,1441,0.582300148788,0.945895733243
1442,1442,0.358082361298,1.59298066307
1443,1443,0.105007292171,-2.23572399005
1444,1444,1.6324837323,2.22502766112
1445,1445,0.796683684128,2.00514053058
