,vote,alpha,beta
0,0,-0.148498896199,1.84426980826
1,1,-0.210936137527,-1.65720038084
2,2,2.10380995029,0.216991691245
3,3,2.15314810643,-0.0893432447911
4,4,0.47918089336,-1.17933149303
5,5,2.23150473704,0.0062799185055
6,6,1.91382532422,0.342861000049
7,7,1.9736473949,0.196936940179
8,8,0.108513652616,-1.52815811665
9,9,0.778598647214,-1.10030971878
10,10,1.95374716642,-0.0210475376493
11,11,1.96581629859,-0.0794370524851
12,12,2.25877816401,0.0539843632652
13,13,2.10335043701,-0.159220868162
14,14,2.1329385302,-0.237081712011
15,15,2.00187517453,0.251790655942
16,16,-0.226758895382,1.86477379571
17,17,0.498571667757,-0.6461134234
18,18,2.14902278,-0.0373363595636
19,19,2.09117606369,0.160245452431
20,20,1.37180981587,-0.5520088845
21,21,0.162867245591,-1.91806670904
22,22,0.0290826983917,-1.97340556223
23,23,2.12196250283,-0.146387422274
24,24,0.293825620238,-1.83514252622
25,25,1.44039696249,-0.241811468407
26,26,-0.703930488597,0.0276610137179
27,27,-0.0682510781321,2.17280427868
28,28,2.14566156267,0.348690283221
29,29,2.0533593983,-0.146767106178
30,30,1.98837428216,-0.010594352167
31,31,2.04810968511,-0.184782027078
32,32,0.127710535741,-1.78815442487
33,33,0.136057732753,-1.93654982372
34,34,1.38544653732,-0.393109818926
35,35,-0.0137400831701,1.75827103799
36,36,0.00335354316174,-1.67445965361
37,37,0.0712849825483,-1.85215280859
38,38,0.205295936551,-1.83795871703
39,39,-0.712975497924,-1.37032639309
40,40,1.28331542543,-1.03864843117
41,41,-0.0310650300031,1.82070995361
42,42,-0.127278822133,-1.98651735144
43,43,1.90517633846,0.0641609659172
44,44,2.12281870278,-0.448265445432
45,45,2.06308044013,0.00769679495735
46,46,2.00692630168,0.117230426721
47,47,2.07999050469,-0.0974977160233
48,48,2.27541696059,-0.0188154811425
49,49,1.13894727147,0.947279505544
50,50,-0.133645397053,-1.85630436068
51,51,0.255172605646,-1.93595391216
52,52,-0.216105289464,1.94141248861
53,53,0.192324809803,-1.85374736154
54,54,-0.0895827703867,-1.99896990873
55,55,0.168863779461,-1.863883871
56,56,0.554599540132,-1.70244836443
57,57,-0.357297100394,1.75486762441
58,58,-0.223321058647,1.94210124809
59,59,0.0414021515281,-1.68401052104
60,60,0.430895006065,-1.70271162507
61,61,2.02397353758,0.159504760818
62,62,2.16226357445,-0.0852127906972
63,63,2.22897864535,-0.159584705155
64,64,2.25509040451,-0.0247704487665
65,65,2.14764204575,-0.152948483507
66,66,-0.144723262951,-1.6784794129
67,67,0.184833773392,-1.96128477185
68,68,0.681705521389,-1.74732653032
69,69,-0.143268729371,-1.49260616176
70,70,-0.687293176084,1.34363621769
71,71,-0.270511565332,1.51156180933
72,72,-0.527076061582,1.65784409515
73,73,-0.566978314302,1.7847571894
74,74,-0.43913662563,1.91807778153
75,75,-0.335349217067,1.76074948925
76,76,-0.402796963588,1.84921025966
77,77,-0.525474447022,1.29305967617
78,78,-0.0567239553868,1.86091331518
79,79,0.686948333628,-1.81840893132
80,80,-0.371788358765,-1.54758905063
81,81,-0.231141648582,-2.05209935629
82,82,0.0728572641574,-1.80814462005
83,83,0.237317309463,1.99324080537
84,84,0.0676802435898,-1.67669198312
85,85,2.19894251251,-0.255050998828
86,86,1.73467181901,-0.371025286437
87,87,0.0374663948752,-2.09542261036
88,88,0.116799734721,-1.81056839855
89,89,-0.734752435802,-0.975137233769
90,90,0.2324304186,-0.665689036714
91,91,-0.209984231141,-1.57004594628
92,92,-0.529128468205,1.56056481217
93,93,-0.624518447568,-1.62603914944
94,94,-0.0205268050171,1.99196349788
95,95,1.79939874097,-0.182276133192
96,96,-0.566383078408,1.49012649054
97,97,-0.368295164991,1.74073583882
98,98,-0.313894682035,0.285803795345
99,99,-0.292518112575,1.59243927862
100,100,-0.171672765446,1.59855106789
101,101,-1.0309538236,0.595132110052
102,102,-0.254340042547,-1.51656223648
103,103,-0.592519483793,1.57062418559
104,104,-0.281808982957,-0.907974516077
105,105,-1.19509685475,0.0130814426177
106,106,0.494579407255,0.933998229758
107,107,0.0791328198854,-1.46893697758
108,108,-0.430773006566,0.693467436452
109,109,-0.436258792966,0.473618842464
110,110,0.890409535786,1.18672602881
111,111,-0.0648010553988,-1.71750476483
112,112,-0.463802385323,-1.37002376813
113,113,0.159480740775,-1.73681326158
114,114,-0.223723692927,1.85677930048
115,115,0.199115370264,-1.4370096397
116,116,1.97299455971,0.135354121872
117,117,2.26184514042,-0.015341481501
118,118,0.284510702723,-1.75419838256
119,119,1.86532624073,-0.240060048098
120,120,2.02997190552,0.0140116022073
121,121,-0.234695692143,2.16117223711
122,122,0.83147041348,-1.05948483968
123,123,2.3042797373,-0.0355286764038
124,124,0.557973626652,1.65510726371
125,125,0.157296905915,-1.99134829214
126,126,0.0556324051294,-1.7021722616
127,127,-0.803702110483,0.618001942163
128,128,-0.138069947232,-1.80777987765
129,129,-0.200647400723,-1.21397408399
130,130,-0.684109028557,-1.45774059799
131,131,1.05518606231,0.997048032399
132,132,-0.309828375127,-1.56421025877
133,133,-0.0044092188886,1.56416139075
134,134,0.382319193335,-1.80586907302
135,135,0.553773688532,1.43322747138
136,136,-1.30210862353,0.728966386441
137,137,-0.578157059464,0.711348862502
138,138,-1.20950430389,0.584479379324
139,139,-0.0105491850449,1.72530091572
140,140,-0.459169334809,0.0222414295879
141,141,-0.771780373936,0.459336644427
142,142,0.261686819577,-1.73594826876
143,143,-0.541539117572,1.56417868589
144,144,-0.919776343496,1.5485883954
145,145,-0.664149642983,1.37126406738
146,146,1.6548421305,0.398066967271
147,147,-0.0590410672464,1.24626551664
148,148,1.92751883797,0.0723344875638
149,149,2.0879002011,0.0660399933795
150,150,-0.0327460308121,1.92708624821
151,151,0.808492654383,-0.675530046666
152,152,2.30214416971,0.11588763267
153,153,2.1746975057,-0.215470889795
154,154,2.12826983553,0.096911977972
155,155,0.163589872558,-2.1661344604
156,156,0.0307689797911,-1.81085065572
157,157,2.09601088776,-0.131783393794
158,158,0.00250080539301,-2.03085658523
159,159,1.41663825173,0.377423817889
160,160,0.163133814736,-2.03933249171
161,161,0.267148707338,-1.7410358167
162,162,0.113859647296,1.68430808999
163,163,0.347102797759,-0.462506252194
164,164,-0.890432161154,-0.845232529594
165,165,-0.260009507556,1.49358158161
166,166,0.139123100214,-1.97670084997
167,167,-0.558385477461,1.43317234248
168,168,0.774336756084,1.05950049356
169,169,-0.0700197273419,0.0760989582366
170,170,-1.02167863518,-0.698154523599
171,171,-1.04695231976,-0.998027594639
172,172,-0.815885712357,1.02426659364
173,173,-1.04529422908,-0.689856001089
174,174,-0.423677063747,-1.50353148201
175,175,0.00953584451937,1.51874490664
176,176,0.208042255432,0.885943721382
177,177,0.146294240796,-1.80431622018
178,178,-0.0394724958316,1.07212311809
179,179,-0.322017530993,-1.27801852505
180,180,-0.687078030974,-1.18848380661
181,181,0.937817887041,-0.408261979575
182,182,-0.253127361009,-1.15821475062
183,183,0.138376962614,1.21790067186
184,184,-0.0500396224207,0.467896572838
185,185,-0.167872542625,0.336717459839
186,186,0.486079944662,-0.400679529128
187,187,0.0938652613821,-0.387221878314
188,188,-0.110094990625,-0.78477916331
189,189,-0.142619204773,-0.23316634423
190,190,0.250013063408,0.394743101056
191,191,-0.644717989878,-1.31966963354
192,192,0.0511775066085,-1.84573204795
193,193,-0.00272016302115,2.10579431564
194,194,-0.165763879468,-0.855388500997
195,195,1.80918723834,-0.0481102356728
196,196,2.09635759578,0.0220614414611
197,197,0.314118432661,-1.98817632602
198,198,-0.790683225259,1.25355528017
199,199,0.0711647961182,-1.77578223419
200,200,0.358756767619,1.67664678165
201,201,-0.200722514838,1.89231584283
202,202,0.565954333338,-1.68303373915
203,203,2.12811971465,-0.342934209918
204,204,-0.140091385826,1.63695490016
205,205,0.356525931328,-1.74890309138
206,206,0.33910972868,-1.39870626404
207,207,0.299049292474,-1.60730308873
208,208,-0.0944603679232,1.72066380666
209,209,0.161413223888,-2.07913618965
210,210,0.2898881711,-0.672322163146
211,211,-0.069340686745,-1.84469644809
212,212,0.210169860358,1.72610380446
213,213,-0.642905637172,1.88177318775
214,214,-0.0956353678057,1.84361018975
215,215,0.362206458188,-1.72650757856
216,216,1.49128720466,-0.328442761948
217,217,1.27500407052,-0.940104329204
218,218,2.14705176072,0.336997842537
219,219,0.0645414171511,-1.81664289079
220,220,0.148877352545,-1.50343855374
221,221,1.54927787766,0.451760338736
222,222,-0.38696840752,1.87192096012
223,223,-0.101819310478,1.5825015455
224,224,-0.771953688897,1.27023495858
225,225,-0.356902457935,0.368439445453
226,226,-0.769120322438,-1.33070476576
227,227,-0.580906514897,1.65525489001
228,228,-0.546133496946,-1.18656756641
229,229,-0.0287695013379,1.72728844231
230,230,-1.01131911016,-1.05558906923
231,231,1.42679729282,0.638559122335
232,232,-0.100100988819,1.46165994527
233,233,-0.48049455172,1.68717875646
234,234,-0.512688959922,1.58344905369
235,235,-0.540408679003,1.51334327351
236,236,-0.452436741761,1.49692908571
237,237,-1.23873451077,0.688068648478
238,238,-0.512399353516,1.21829246994
239,239,-0.78014032286,1.1566165767
240,240,-0.634937335944,1.33488436664
241,241,-0.702274673909,1.45832944971
242,242,0.250283601655,-1.7611099347
243,243,-0.739862592917,-1.4481821374
244,244,-0.390784278559,1.67978976906
245,245,-0.0223434914445,1.14003129082
246,246,-1.10395388955,-0.746048788624
247,247,-0.260697132003,1.2376615467
248,248,-0.616917409851,0.278593698229
249,249,-0.58008628738,0.257176144261
250,250,-1.10859404469,0.846725010452
251,251,0.28779828288,1.32671687008
252,252,-1.23821537628,-1.00138402949
253,253,0.138849941474,-1.96302657306
254,254,0.135562970721,-1.64316077505
255,255,-0.446851011239,1.32424340859
256,256,-0.208065390754,0.762975216472
257,257,-0.764331704007,-1.2542021882
258,258,-0.269945574635,1.84645387429
259,259,-0.0508053574962,-1.55061048631
260,260,0.0607512923095,-2.07677319033
261,261,0.00962678754463,-1.89377062051
262,262,-0.095894858064,1.60575564939
263,263,0.154159673822,-1.76470292378
264,264,0.218496280749,-2.0565970101
265,265,-0.284278140951,1.97679041596
266,266,-0.410267572126,-1.94272591973
267,267,2.29560533165,-0.0296558102301
268,268,2.01850553522,0.181072495731
269,269,2.07472635774,0.223383331956
270,270,-0.343304434961,-2.15326994985
271,271,0.227043727629,-2.02251758031
272,272,-1.02465632547,0.193498935112
273,273,-0.250077321744,1.89772686849
274,274,0.755809506361,-1.60171616543
275,275,-0.127716878854,1.69670683602
276,276,0.565270369341,-1.73363142114
277,277,0.0154278554361,-1.85352664357
278,278,0.136753705914,-1.75568763981
279,279,0.818902121886,1.37937211892
280,280,0.0995983394972,-1.84430307491
281,281,0.444757440153,-1.94807621779
282,282,-0.398380668086,1.84215899325
283,283,-0.0785445113131,-1.6895749115
284,284,-0.163338858188,1.71246861252
285,285,-0.0292773967967,1.85485945931
286,286,-0.115851887091,2.21674267421
287,287,-0.241160707906,-1.57915645664
288,288,1.86537466477,-0.0406222190243
289,289,1.95894244464,-0.145796032686
290,290,0.138083159728,-1.70253199868
291,291,0.224329503228,-2.19041720023
292,292,-1.55729752798,0.584725155017
293,293,0.51744544909,-1.45742087139
294,294,-0.435363875867,1.4867479406
295,295,-0.770726760698,1.26070166867
296,296,-1.31675668098,0.704712336198
297,297,-1.13243140574,-0.797015522222
298,298,-0.366670348193,1.43638925586
299,299,-0.503618142024,1.60129925186
300,300,-0.163727113663,-0.415783156278
301,301,0.42049299324,0.209171894891
302,302,-0.1644775826,0.392120480511
303,303,0.272301643301,0.447190949579
304,304,1.09905325625,-0.658430601037
305,305,0.986626847183,0.513973523609
306,306,-0.40408116546,0.556632503303
307,307,0.464547452721,-1.68457335294
308,308,0.849045587103,-0.223848147197
309,309,0.364322351617,-1.84316055221
310,310,0.932024355786,0.756537627724
311,311,-1.04757807806,1.14454351949
312,312,-0.784795260227,1.31372293929
313,313,-0.220454850938,-0.490029306705
314,314,0.190717371841,-1.87897611283
315,315,0.30508566055,-1.95188138428
316,316,2.44162505829,-0.326338064621
317,317,0.0127598758682,-1.77221913982
318,318,-0.256151858922,0.178515236312
319,319,0.299548307476,-1.54572555442
320,320,0.0567982195425,1.22384508085
321,321,-0.798923950792,-0.918059975771
322,322,0.270822492656,-1.87518042882
323,323,0.337000134552,0.341543368771
324,324,0.897633994187,1.12835998246
325,325,-0.216788116935,1.55012959664
326,326,-0.0714638335678,1.62345145084
327,327,0.270528170692,-2.10930523398
328,328,-0.355026125821,0.950847250736
329,329,1.8414590617,-0.374917857145
330,330,-0.0786058557923,0.25762724888
331,331,-0.20451027567,2.02001962225
332,332,1.0156114701,-1.152511547
333,333,-0.0099269561259,1.99265360181
334,334,-0.293201345877,1.72720472978
335,335,-0.0956611339215,1.87009991473
336,336,0.860784913205,-1.47181934251
337,337,1.12263564706,0.830265662946
338,338,-0.151805486836,-2.03788301137
339,339,0.344708585387,0.690431122743
340,340,-0.163080762178,-0.383236856657
341,341,-0.372105973074,-0.918261319488
342,342,-0.580864100852,1.22131661308
343,343,-0.703809358502,0.75296033974
344,344,-0.782553150655,0.838810262852
345,345,1.62676114474,-0.256016137585
346,346,1.80329862622,-0.364952329639
347,347,-0.100112315479,1.72607026219
348,348,-0.13013004808,2.00806891888
349,349,0.0169027832093,-2.0391620255
350,350,0.449331260842,-1.62805560682
351,351,-0.177247614298,1.88948829687
352,352,0.192170714829,-1.6809049628
353,353,-0.0641713972622,-1.60906972071
354,354,-0.00979906950126,-1.7576935765
355,355,2.09917031545,-0.134051602539
356,356,0.263502501113,-1.70124862615
357,357,0.436738424419,-1.91694463972
358,358,0.265523364656,-1.8301597318
359,359,0.859935041142,-1.60731967553
360,360,0.442194641628,-1.16866308638
361,361,0.0160812668174,1.56313126838
362,362,-0.440833734094,1.6953707466
363,363,-0.0738680884534,2.00903973923
364,364,-0.133903079679,2.03088559909
365,365,-0.145315474496,2.04289743351
366,366,0.262720642007,-1.84001755632
367,367,-0.200765071317,2.17252914282
368,368,0.251843484821,-2.20401253929
369,369,1.75441411876,0.660267162817
370,370,2.34080450972,0.095481836895
371,371,2.02843481338,0.169141698242
372,372,1.83807784291,0.0573175696126
373,373,1.98619010114,0.304959308908
374,374,2.11027938586,0.0910603248126
375,375,1.93809089054,0.0181217143361
376,376,2.31946988463,-0.00372008575486
377,377,1.86002320462,0.203677515065
378,378,-0.0101003162171,-1.80559938929
379,379,0.108801039481,-1.70317095273
380,380,0.396503508451,-1.87736878753
381,381,2.06150107089,-0.0803655533101
382,382,2.0786886406,0.0896439849024
383,383,1.45818248436,0.389122727594
384,384,0.184674640992,-2.24073993398
385,385,0.255276786894,-1.85553538975
386,386,1.78411854623,0.35133317109
387,387,-0.210159156393,1.79924459307
388,388,-0.408992143253,2.01274495534
389,389,-0.478416695432,1.79707426026
390,390,-0.229132380065,2.0029627936
391,391,2.09766831912,0.110569192396
392,392,-0.0316585320687,1.7809866949
393,393,0.407767369137,-1.75182785587
394,394,0.293077430321,-1.750895082
395,395,-0.0863701998679,-1.83240467851
396,396,0.008864046141,-1.87150745413
397,397,0.0281056592784,1.7569633365
398,398,-0.0312421098911,-1.77757062283
399,399,-0.205241325825,1.86287124501
400,400,-0.0258213659362,-1.72577229076
401,401,-0.0911524876164,-1.80899092788
402,402,0.567202332543,-1.70779761035
403,403,0.878487604619,-1.80179106192
404,404,-0.292940686757,1.66465593164
405,405,0.335693851193,-1.57680452364
406,406,1.11079257772,-0.984880771471
407,407,2.5206113436,-0.212029896036
408,408,2.32320136801,0.068904256311
409,409,2.33738042902,0.225889868664
410,410,-0.270385360194,1.57719689293
411,411,2.03318854706,0.183747265675
412,412,0.0116416399409,1.85118711365
413,413,2.29437332593,0.0589012441446
414,414,2.09485966405,0.19580165802
415,415,0.0814409085231,-1.74595241477
416,416,0.0985875546043,-2.00193439003
417,417,0.297654827904,-2.09487117149
418,418,1.84230047492,0.0872224274049
419,419,0.378884110182,-1.68411961416
420,420,-0.0895943396485,-1.84319186277
421,421,1.84762579436,-0.184855824951
422,422,0.109201446763,1.84664576975
423,423,1.41667891667,0.545907029774
424,424,-0.0445328168806,-1.99179422226
425,425,-0.0222677672242,-1.89778963153
426,426,1.57290986846,0.513503957584
427,427,0.085236844838,-1.6162746419
428,428,0.113524143357,-1.83538342059
429,429,0.526420692277,-1.67793839076
430,430,0.841090932037,-1.64563677416
431,431,0.58345097956,-1.62304118846
432,432,-0.039064218723,-1.8808222363
433,433,0.298939025013,-1.81256121205
434,434,0.408552630575,-1.93329622713
435,435,0.0591938288834,-2.04208282658
436,436,0.513413346243,-1.55103907855
437,437,0.579780109442,-1.78160078165
438,438,-0.0512565219898,-1.93143566631
439,439,0.820741897945,-1.62218715344
440,440,0.252627924842,-1.97068864996
441,441,0.595698897401,-1.43358821147
442,442,0.111200880297,-2.27103070439
443,443,1.79807888256,0.230248577489
444,444,0.0358557772179,-1.85857037388
445,445,0.00754278401249,-1.8580803769
446,446,0.389974773556,-1.41572162464
447,447,0.102604969574,-1.72801879493
448,448,0.526646726131,-1.63327076325
449,449,2.27866531993,-0.00533943819978
450,450,2.14230101422,-0.233843078383
451,451,-0.03935572803,-1.84034428141
452,452,0.586168917402,-1.63087568322
453,453,0.0112369441272,-1.81916040602
454,454,0.620915289255,-1.72765906657
455,455,0.109024314173,-1.86420161523
456,456,-0.0357294147082,-1.81306414085
457,457,0.0688242664993,-2.11600589567
458,458,0.0387998692858,-2.04628100363
459,459,2.10715797526,0.00394358578159
460,460,0.0221662400798,-1.9804564016
461,461,0.630571691416,-1.80359610179
462,462,1.82330780229,-0.031727322271
463,463,0.16969546872,-1.89156638147
464,464,-0.377864454097,-1.16354024013
465,465,0.547981284793,-1.83632486615
466,466,0.133862583739,-1.92138846696
467,467,0.501745593016,-1.78187864175
468,468,0.019537796624,-1.98370181803
469,469,0.0183295929229,-1.86938136486
470,470,-0.0803721669591,-0.268514894399
471,471,0.497390165882,1.88945311704
472,472,-0.014263053037,-1.79694375111
473,473,0.451132585229,-1.41445348231
474,474,-0.409285749775,1.49846809757
475,475,1.06645836243,1.48009235165
476,476,0.806409331201,1.09126332307
477,477,2.20265320478,-0.00497018093749
478,478,2.26717805734,0.178209764183
479,479,0.0813698279254,-1.90135896652
480,480,0.845381674067,-1.53716461951
481,481,-0.253281328406,1.7502590146
482,482,0.188656025426,-1.81101868004
483,483,-0.917762224565,1.1967937806
484,484,0.123630804004,-0.0219109248546
485,485,1.84966043529,0.52266623112
486,486,1.86000922318,-0.0147337691339
487,487,2.1235890301,-0.0144552678449
488,488,1.91219814924,-0.0190919506007
489,489,0.212245052197,-1.63316161529
490,490,0.446412431026,-1.79461987575
491,491,-0.369313659484,1.72182228823
492,492,-0.00104127846722,1.96063723478
493,493,0.816992975967,-1.47954368033
494,494,0.023789678528,1.84922026385
495,495,1.00185586214,-1.2601426663
496,496,1.63662918281,-0.54672449544
497,497,-0.00420345831577,-1.90063063238
498,498,2.49104139606,0.0793163007954
499,499,2.12044951203,0.0520290199899
500,500,0.112663390334,-1.80003670857
501,501,-0.029872558995,-1.90978580659
502,502,0.120110059389,1.67356705379
503,503,-0.0916256796203,1.82619087287
504,504,0.050065703756,2.08809877001
505,505,-0.356089801083,1.81632546448
506,506,-0.0475425015944,-1.91660632412
507,507,1.93290227193,0.204625779687
508,508,-0.0965994009548,1.87610768866
509,509,0.207401668145,-1.82809542153
510,510,1.32004903156,0.998093527714
511,511,0.181889373789,-2.09984156802
512,512,0.261744570014,-1.94782893355
513,513,0.0288062212779,-2.12929531079
514,514,-0.0544523619015,2.01646631392
515,515,0.499757780961,-1.41410118332
516,516,2.08150502503,0.100190036834
517,517,2.07280168557,-0.0727483568778
518,518,0.300532509685,-1.87336884411
519,519,0.268127049615,-1.84671208348
520,520,-0.0366604818308,-1.7715397968
521,521,0.368960691484,-2.31077623983
522,522,0.140467956917,-1.77693760243
523,523,0.0321725395084,1.81558710723
524,524,-0.187464584706,2.06174854243
525,525,-0.0306841511347,1.82415387506
526,526,-0.202241219405,1.78669637279
527,527,0.0782035300924,1.99187980041
528,528,-0.317093484974,1.96354469955
529,529,-0.0510030684492,-2.05262594025
530,530,-0.18833264968,-1.63499133074
531,531,-0.0404515924663,-1.8742524002
532,532,-0.258854563325,1.88327766819
533,533,-0.931802003773,1.30121433744
534,534,-0.361311571101,1.92842649209
535,535,0.481785233141,-1.81395304357
536,536,-0.421128205124,1.75622316157
537,537,-0.321861833523,2.06820687551
538,538,-0.333135654802,1.80772491903
539,539,-0.439959347297,1.6199841467
540,540,-0.476668985861,1.77011680494
541,541,-0.164517512729,2.02661480215
542,542,-0.241254239728,1.69237234093
543,543,0.68314772208,-1.77971763305
544,544,1.91054800418,0.202882275351
545,545,2.27960767161,-0.242962625077
546,546,2.10081468616,0.0369884499946
547,547,2.06628906067,-0.00471506802361
548,548,2.11093888068,0.259747464389
549,549,-0.0217035795791,-1.98874787891
550,550,0.173680553979,-1.74204937716
551,551,0.603333932059,-1.16606118306
552,552,-0.0871332679424,2.03449489909
553,553,-0.394606070975,2.0060167351
554,554,0.68226051004,-1.51089316408
555,555,1.30877617958,-0.773289557539
556,556,0.050447374674,1.15840927019
557,557,-0.573824749325,0.228440502204
558,558,-0.599579168785,0.879344601365
559,559,0.501629187856,0.765193194232
560,560,-0.561982741336,1.27592909804
561,561,0.820711747871,-0.386115865224
562,562,1.71890151735,0.318018026081
563,563,2.10915022879,0.212590526123
564,564,2.02074249341,0.206838321244
565,565,0.968293399973,-0.933466739668
566,566,2.07963446842,0.0964953258075
567,567,1.99918849324,-0.294463785019
568,568,2.31363694411,-0.122620617878
569,569,2.39495151994,0.221117556683
570,570,0.145247117191,-2.06094310044
571,571,0.230724991008,-1.93875111902
572,572,0.141541101719,-1.86722268001
573,573,0.78411249711,0.0896377979019
574,574,1.11521485323,-0.42032599333
575,575,0.0967152857264,-1.81656348218
576,576,-0.0955464776746,1.99142224967
577,577,0.315981708408,-1.68056813512
578,578,1.48234930153,0.818918787728
579,579,0.204910432743,-1.75961424394
580,580,0.136967567406,-1.9515952983
581,581,0.0205021127701,1.90033399445
582,582,-0.145899144001,1.9109624658
583,583,-0.113177599875,-1.78076816713
584,584,2.06319005359,0.166930168264
585,585,2.04832965702,-0.0465872646955
586,586,-0.02889756946,-2.17278687255
587,587,2.05919578023,-0.0629984124166
588,588,-0.0226162671125,-2.02386021322
589,589,0.66325285523,-1.06185567877
590,590,-0.501345041753,1.53127085582
591,591,-1.09357880117,1.12836677192
592,592,-1.29338116531,1.17000175255
593,593,-1.31365813892,-1.33950999256
594,594,-0.414679004775,1.56896024683
595,595,-0.0664359028175,-1.82702985513
596,596,0.732995955852,-0.448332340895
597,597,1.89595502464,-0.116873988183
598,598,1.08994915176,1.19832202748
599,599,0.430764409255,-1.88732938717
600,600,-0.254781214152,2.10383065694
601,601,-0.132181367438,1.89038757514
602,602,1.94130137819,-0.15294113533
603,603,0.148380724331,-1.94414258736
604,604,0.15857446541,-2.34496165285
605,605,1.27357836694,1.10512848755
606,606,0.405548914615,2.5127051562
607,607,0.581200000054,-1.45040119546
608,608,-0.752173043193,1.56138792684
609,609,0.725130489259,-1.56570079692
610,610,-0.156420016595,1.61317624453
611,611,1.37245310625,-1.7048585748
612,612,1.86582695062,0.424963753308
613,613,1.03760811063,0.549309443642
614,614,0.76633279928,1.67282737692
615,615,0.504489034675,0.604875869247
616,616,0.583866353675,0.814313134917
617,617,0.750441075838,0.867960565261
618,618,0.513665554003,1.08058835443
619,619,0.543436217472,-2.09491133613
620,620,0.945978870487,1.31173465661
621,621,2.0477590605,-0.626400862538
622,622,0.431677204911,-1.91711154132
623,623,1.54614513043,0.927369205981
624,624,0.717527035595,1.91883307326
625,625,-0.414462919239,-1.23190705368
626,626,-0.641700117547,-1.24774850036
627,627,0.87310763498,1.35646285627
628,628,1.19729754324,0.691496903606
629,629,1.13256236886,0.402880150313
630,630,-0.639780848149,-1.70353752852
631,631,0.0739608585566,-1.91673134367
632,632,-1.0151020264,1.16230514581
633,633,-0.657442157593,-1.58405956244
634,634,1.85900469919,0.053734889786
635,635,0.172683455705,-0.412625723685
636,636,-1.01531060016,0.988100725669
637,637,-0.407527781233,0.586382492393
638,638,2.13126564085,-0.164145670285
639,639,0.143160186544,0.187475677742
640,640,-0.692754972711,-1.8016464655
641,641,0.933120700941,0.772614918621
642,642,1.37932195731,1.24350912049
643,643,-0.782451443254,-1.75278137352
644,644,-0.0918705644213,2.39467760369
645,645,-0.0375031582671,1.73149907726
646,646,0.837185607598,0.807825335419
647,647,1.17092839718,0.987905252198
648,648,1.17347660252,0.81535325063
649,649,0.456119592487,1.63641322316
650,650,1.3182486497,0.396054013248
651,651,-0.101581157411,-2.03952418777
652,652,-0.586436544025,-1.87554539053
653,653,1.82368050295,-0.192890784916
654,654,0.726225285669,2.18216332371
655,655,0.537378159346,0.432467827707
656,656,-0.593241511935,-1.67348302771
657,657,1.6155344005,0.780028623043
658,658,0.158279525104,1.78730623924
659,659,1.69831091002,-0.0584499040985
660,660,1.06157234299,1.96747180042
661,661,1.47039926488,2.19906606428
662,662,1.05071462883,1.80143531376
663,663,1.01820998415,1.41677649857
664,664,0.871434553244,1.38797247633
665,665,0.779976793497,1.34775441574
666,666,1.04389286166,1.88439650081
667,667,0.0312658735572,-2.69874315476
668,668,-0.177703790418,2.40561970051
669,669,1.1002905843,1.23927566231
670,670,-0.160448097365,-1.44812953138
671,671,0.965181944627,1.22042120528
672,672,1.9909325283,0.202560895167
673,673,-0.511080610166,1.85269614962
674,674,-1.24431086216,1.65169897756
675,675,1.04975148252,-0.835146722224
676,676,0.327587461918,2.11398641751
677,677,1.4490908988,1.08838215608
678,678,1.38789398647,1.04410018394
679,679,-0.287513383805,2.26415086861
680,680,1.58191307967,0.543073768575
681,681,1.71016365983,0.281895889904
682,682,2.30115590239,-0.332753293739
683,683,1.14115341103,1.0965670505
684,684,0.840266532196,1.33874637388
685,685,0.327434363857,2.10392055245
686,686,-0.289436362391,2.2678439236
687,687,-0.0365812417872,1.77316970585
688,688,0.181631982655,1.7602015988
689,689,-0.0343070714124,2.45743671912
690,690,0.0733107422829,2.27835542426
691,691,1.27325126676,1.12457275402
692,692,1.36923571479,1.32076380019
693,693,-0.191289617239,-1.58257657222
694,694,0.151783123549,1.23726166562
695,695,0.0526310690359,-1.53030830478
696,696,0.662292866696,1.15208653984
697,697,1.01762172161,2.05449773667
698,698,1.99679828937,0.168142568141
699,699,2.76849099662,-0.192639750708
700,700,-0.323804594896,-1.42193547166
701,701,-0.159471802077,1.7020079343
702,702,-0.106772621035,2.2442973723
703,703,-0.321713289031,2.15411904441
704,704,-0.46887066367,-1.57763023022
705,705,-0.290412071601,2.14649683992
706,706,0.462024914778,1.40808647184
707,707,0.503844533618,-2.19694002726
708,708,0.182864114306,1.27308750324
709,709,0.828608625473,1.17455788665
710,710,-0.184682902799,-1.87042011846
711,711,1.26252817586,0.406674125292
712,712,-0.309950424159,-0.779575575069
713,713,-1.04915546309,-1.4576936977
714,714,-0.212879868938,-2.37304650252
715,715,-0.138679814967,1.84588647617
716,716,0.258790176096,1.9835217662
717,717,-0.344470896835,-2.24419934794
718,718,0.967773790602,1.55424918868
719,719,0.120585035241,-1.6650494016
720,720,0.5079198476,1.54491241747
721,721,0.0159478112272,-1.71588778421
722,722,-0.663418647513,-1.37779083039
723,723,0.915084622368,1.25031753743
724,724,0.512484969504,1.63054801375
725,725,1.23664699536,1.2136944062
726,726,-0.41792700025,-2.52733973464
727,727,-0.533249058503,-2.14542352541
728,728,0.863865516786,-0.623274100674
729,729,1.96675561443,0.533959355108
730,730,-0.185040829306,-2.03368310744
731,731,0.206519358785,-2.61730302796
732,732,0.225767793579,-2.38163135671
733,733,1.92977592011,0.0490747023534
734,734,-0.013481757249,-2.58063980884
735,735,-0.0729042184588,2.16569720364
736,736,-0.500637191391,-1.48566908452
737,737,-0.535858400268,1.71966754225
738,738,1.03905917623,-1.43152372412
739,739,-0.777611207418,1.90261647031
740,740,0.52299055034,-1.87765726233
741,741,0.181808974006,1.9607519205
742,742,-0.972066078525,1.51176759576
743,743,0.929384197254,-2.02412127775
744,744,0.418749621843,0.627880482023
745,745,-0.603262386571,-2.37394139319
746,746,0.282405973775,-1.63471298583
747,747,0.710375685095,-0.362364691232
748,748,1.06746322815,-0.915642255066
749,749,-0.0614586622338,-2.64503597273
750,750,-0.311035588693,-2.38250990966
751,751,-0.878220952196,-0.851000451784
752,752,0.0688758415213,2.23341996176
753,753,2.01617582475,-0.0782094412745
754,754,-0.367617696117,-2.55264407956
755,755,-0.0728004280631,-2.05472399855
756,756,0.0917394057588,-1.86486727983
757,757,-0.320361121195,-1.87164307569
758,758,-0.095432922237,-2.40644320297
759,759,0.11557983022,-1.89761818572
760,760,-0.500643286094,-2.60079111272
761,761,-0.0665598274045,-1.78083115684
762,762,0.24305925567,-2.31701940291
763,763,0.292789328021,2.15854705141
764,764,1.71629407529,0.474369348572
765,765,0.207188645779,-1.91796114968
766,766,-1.45467437964,-1.38225601391
767,767,-0.289996795686,-2.30201662282
768,768,-0.161815125843,-2.11441108648
769,769,-0.784103953326,-0.906872214589
770,770,-0.48089177812,-1.16690145136
771,771,0.149032793596,-1.59415819709
772,772,-0.0381829643088,-2.19444575698
773,773,0.627732666151,-1.46401543685
774,774,1.43326765368,1.14541297372
775,775,0.194601185819,-1.74391020465
776,776,0.525577164449,-1.96902193891
777,777,-0.310825143558,1.87445372672
778,778,0.579694711731,0.974881792794
779,779,0.296341186094,1.65367722792
780,780,0.155743817886,-1.58022687907
781,781,0.214596794059,2.05068752619
782,782,-0.021733991967,-2.0304758155
783,783,0.0142010464492,-1.89289303397
784,784,0.426836676173,-1.97596285773
785,785,-0.183611295089,1.7843472724
786,786,-0.0839478104717,1.81149364044
787,787,-0.275440291942,1.86441988369
788,788,-0.195007117203,1.97899376061
789,789,0.239057456602,-1.84900183473
790,790,-0.00652080592452,-2.1699461342
791,791,-0.166004163549,1.65026074313
792,792,0.203210234899,-1.8836803732
793,793,1.05700654392,-1.2031120628
794,794,-0.115976823351,2.08781498917
795,795,-0.0639052490601,1.90051502701
796,796,-0.0686824793314,1.88768834936
797,797,0.54168467305,-1.81094509657
798,798,1.78886423641,0.355353343579
799,799,2.27540602719,0.0185716874469
800,800,2.06445291013,-0.216740399304
801,801,1.73374045012,0.0753582948929
802,802,0.0663614907565,-2.21322527855
803,803,0.0927194410243,-1.99641856449
804,804,1.9745679894,0.0241185739695
805,805,-0.209987440158,1.96174702943
806,806,0.0463652134988,1.83127010197
807,807,-0.0525176342145,1.76918313695
808,808,-0.15938693209,1.96142312959
809,809,0.234477251804,-1.84433975207
810,810,0.163276291106,-2.19351751532
811,811,0.281026685528,-1.89220854616
812,812,-0.181008770186,1.96321113297
813,813,-0.0877454699483,2.01742175236
814,814,0.23863881361,-1.57913581842
815,815,1.99285901096,0.104432268107
816,816,-0.50392355813,1.84083519443
817,817,-0.136486103487,1.88150494051
818,818,0.308174711965,-1.71923301042
819,819,-0.0275211559501,-1.79797247177
820,820,0.105596193007,1.96495509651
821,821,0.295543482495,-1.78661007751
822,822,2.40553668162,-0.160721964384
823,823,2.3916614187,0.0980122207692
824,824,-0.143956137933,1.80136086723
825,825,-0.0949466046823,1.81553606367
826,826,2.09003467582,0.0410862715384
827,827,0.0204112369592,1.94350085706
828,828,0.142310796539,-1.7311360433
829,829,0.211738579353,-2.08241214063
830,830,0.242230625221,-1.82178231599
831,831,2.25895184858,0.15599712808
832,832,-0.0151972514673,1.69282648545
833,833,-0.0473188339734,2.06743085607
834,834,-0.00608136554345,-1.5009145163
835,835,1.61347123338,0.0927715414102
836,836,1.62748116126,0.495903719214
837,837,2.22506360902,-0.133259766426
838,838,1.82197339222,0.182638639807
839,839,0.114552298957,-1.94574972568
840,840,0.384244210268,-1.78873976314
841,841,-0.144352007646,1.86864862372
842,842,0.569591699425,-2.00999981744
843,843,0.14869414839,-1.62602644343
844,844,-0.0332797918947,-1.93411866546
845,845,-0.0673606208338,1.69703951825
846,846,-0.0449755379567,1.89828520602
847,847,-0.0521021833781,1.68058964406
848,848,-0.032693811814,1.83295397583
849,849,0.116547400597,1.89087948562
850,850,0.142991444644,-1.9871733028
851,851,-0.233956085214,2.06869868077
852,852,0.693133705239,-1.84401201346
853,853,-0.0555337078033,2.0232274113
854,854,-0.00969031213053,-1.71704885911
855,855,0.25755421373,-2.05130807882
856,856,2.1823926834,-0.306922839558
857,857,0.122100324493,-1.75500491604
858,858,-2.37084161815,-0.147291333168
859,859,-1.16024293764,1.24339018666
860,860,-1.17500875925,0.972442833044
861,861,0.583273030589,-0.996336384156
862,862,-0.823766374669,-1.06557510433
863,863,-0.604591935293,1.51012337163
864,864,0.0619556075851,-1.65897578397
865,865,1.54720995485,0.0895323221913
866,866,2.20988984669,0.0963548911276
867,867,2.10496297183,-0.00237747611832
868,868,0.407374524942,-2.19625699993
869,869,0.317851251403,-1.65179038316
870,870,0.647496571702,-1.05890733323
871,871,1.9562167734,0.399894958923
872,872,0.328512761742,-1.89045092004
873,873,-0.49369321235,1.55850355797
874,874,-0.0752522444568,1.40991026918
875,875,2.1234545734,0.0820547943802
876,876,-0.140998760006,-0.47625362803
877,877,0.0476497423062,-1.03325835886
878,878,0.242564301899,-2.0924544243
879,879,-0.0248455990878,-0.966540890583
880,880,-0.428777588892,1.38443843488
881,881,0.0230156877886,1.90958921904
882,882,1.83912798946,0.108437160829
883,883,1.91337940433,-0.0369524885131
884,884,2.34726530915,0.250560298918
885,885,0.294374579245,-2.06424753425
886,886,0.0176218695269,-1.78860322781
887,887,0.203966547338,-1.95954733698
888,888,2.22767211499,0.0468736079109
889,889,0.343301688291,-1.84759123972
890,890,0.221959913387,-1.75024962887
891,891,1.64561890152,0.440445220889
892,892,0.000694449720119,2.08348289509
893,893,0.277462658614,-2.02884945621
894,894,0.456294930361,-1.59482985311
895,895,0.45708618503,-1.91389523668
896,896,0.246418361129,-2.03224919398
897,897,-0.0308886647659,-1.90432851665
898,898,0.960918143252,1.02446029741
899,899,0.263960992636,-1.80945264475
900,900,1.26348160881,0.558653217732
901,901,-0.246224817429,2.20281972834
902,902,0.823692429929,-1.24356861597
903,903,-0.0511369038149,1.65041070311
904,904,-0.372798362144,1.6813178739
905,905,1.58848349081,0.498810861859
906,906,1.40321558185,0.425099127084
907,907,1.49187482207,0.676526708763
908,908,1.20620120226,-0.313097656424
909,909,1.92787522504,0.134519965731
910,910,2.01634810169,0.105001129013
911,911,-0.274564147276,1.86993098065
912,912,1.97317206703,-0.0251026666944
913,913,2.15815205873,0.294196159018
914,914,1.768339209,-0.315226813636
915,915,-0.04509953558,1.48828612983
916,916,-0.0578129702656,1.90149395922
917,917,0.139151049549,-1.87454422649
918,918,0.00296291087529,-1.65897571275
919,919,1.523163243,-0.524949580968
920,920,0.729803725548,-1.59840028203
921,921,0.553016478111,-0.25474689242
922,922,0.191575847686,-1.77233114316
923,923,0.513700540674,-1.73136656081
924,924,-0.50586938386,1.79522516834
925,925,-0.0366779479156,1.47828232475
926,926,-0.469538746974,-1.40051015332
927,927,0.303615748787,-1.75150800251
928,928,-0.0290259760752,1.09988386276
929,929,0.505805068477,1.42112226084
930,930,-0.034886894354,1.91745869599
931,931,2.16536618385,-0.147457264212
932,932,0.989238792379,-0.856804843604
933,933,2.17822868456,0.111327204506
934,934,2.12026758902,0.0628704421883
935,935,-1.09688964665,-1.50988477694
936,936,0.740755767075,0.463517291049
937,937,1.12590834137,-0.61634459316
938,938,-0.06390435416,-1.70306091047
939,939,-0.795802550477,1.15810920837
940,940,-0.542736898843,1.54777970677
941,941,0.643453284873,1.03227313075
942,942,1.64917943495,0.332767214343
943,943,-1.04180662003,0.267887999756
944,944,0.0382774441572,0.893351062231
945,945,-0.331656661845,-1.55415275527
946,946,-0.896394054045,-1.04490121464
947,947,-0.505271232278,1.4038525524
948,948,-0.784554361409,-1.14338650422
949,949,-0.261263215275,-1.69418634663
950,950,0.398506675746,1.01637274696
951,951,0.0862187963961,0.835086174582
952,952,-0.0140807763572,-1.77733630631
953,953,0.0729141172726,-1.81043177641
954,954,0.474589061749,0.83978091993
955,955,-0.206820536839,-0.964567322049
956,956,0.116537654798,1.64761372426
957,957,0.480288484568,1.15298407264
958,958,0.239860537222,-1.76219945312
959,959,0.0864486693953,-1.87164609314
960,960,-0.106959508194,-1.7737878623
961,961,0.217067805015,-1.87341684003
962,962,-0.0526664735224,2.07826041998
963,963,0.9629054431,-0.492715170088
964,964,0.192300199529,-1.95916285221
965,965,-0.172174481253,1.89951741207
966,966,1.05781042254,-0.317998653876
967,967,2.04870244643,0.135941828974
968,968,-0.530803449259,-1.17260065449
969,969,-0.850777358461,-1.11068814364
970,970,-0.830133803615,-1.47374730798
971,971,-0.0641162968226,1.42639038537
972,972,-0.716554524302,-0.636523235582
973,973,-0.802746959134,-0.941268083409
974,974,-0.848866042329,-1.20397443291
975,975,-1.05080189043,-1.12218874639
976,976,-0.422672898512,-1.53482893923
977,977,-0.272983435915,-1.70473615383
978,978,-0.50698862648,-1.45412965862
979,979,-0.12090077145,-1.67387010018
980,980,0.419497932329,-0.869724787328
981,981,2.27244398789,0.0253686444429
982,982,0.0814052806335,-1.56285769076
983,983,-0.757016675716,-1.28824708302
984,984,0.0051427636705,2.09322987804
985,985,-0.0803900379488,-1.31547968337
986,986,-0.329090326448,-1.39617929299
987,987,-0.658071915818,-1.45830778739
988,988,0.00937159968087,1.27142671051
989,989,-0.572458279076,-1.26688948887
990,990,-0.616419152378,-1.23705298266
991,991,0.152030111102,2.08624018065
992,992,0.21030082318,-1.58596138689
993,993,0.0886426618143,-1.99988481263
994,994,0.165903226024,-2.10032775879
995,995,1.60531705511,0.289928490103
996,996,0.067663554717,-1.82751323001
997,997,-0.498585626086,-1.27865016046
998,998,-0.716160898856,-1.08893778151
999,999,0.0528489109031,0.365839706663
1000,1000,-0.586279133662,1.08636922215
1001,1001,-0.643266692268,0.987171650887
1002,1002,-0.882012192962,-0.994280930254
1003,1003,-1.28398000629,-0.675794251622
1004,1004,-0.0355496805306,1.8937381925
1005,1005,-0.529231986428,1.95737139809
1006,1006,0.849530635613,-1.46818645621
1007,1007,0.272068207328,-0.340250318956
1008,1008,-0.315735796323,2.03723792592
1009,1009,0.683731771827,-1.43424742944
1010,1010,2.03301003177,-0.0794793365213
1011,1011,1.9822086516,0.0501179570223
1012,1012,2.37713003703,-0.0814747558577
1013,1013,0.420545121274,-1.56700752365
1014,1014,0.167634731734,1.85985648996
1015,1015,0.16762736325,-2.02915935519
1016,1016,-0.670230478504,-0.560223625987
1017,1017,-0.370769876938,1.54414233971
1018,1018,2.22326004722,-0.00549865346821
1019,1019,-0.612223998397,1.66533870578
1020,1020,0.199674634722,-1.77494474111
1021,1021,0.654095716815,0.25374259852
1022,1022,0.0390701210034,-1.57351615595
1023,1023,-0.424389903699,1.66477081845
1024,1024,-0.357227127508,0.981895369895
1025,1025,-0.346707358144,1.06845431355
1026,1026,0.583359882586,0.371294840791
1027,1027,-0.257420238322,-0.0580476580592
1028,1028,-1.13424818722,0.269914416001
1029,1029,1.85369404207,-0.136000448966
1030,1030,-0.544741254258,0.819943982774
1031,1031,0.321479486168,1.61295983671
1032,1032,-0.390181432338,1.01806280237
1033,1033,-0.771607584278,-0.191503179023
1034,1034,-0.489859354207,-1.63334876999
1035,1035,0.652719709828,-0.876744281436
1036,1036,-0.37680927832,-0.771623761782
1037,1037,0.0277354575064,2.07848026798
1038,1038,1.16586704006,-0.681813445204
1039,1039,1.80551914543,-0.250706230619
1040,1040,-0.119791402618,-1.91986314528
1041,1041,2.12232399857,0.159036590882
1042,1042,0.102535548294,-1.92433182434
1043,1043,-0.00920332669807,-1.96435735338
1044,1044,-0.532424618468,1.38336886342
1045,1045,-0.480805296549,1.44932365894
1046,1046,-0.327117908101,1.67697419505
1047,1047,-0.181359625955,1.42427741868
1048,1048,0.689393066996,-1.71314709231
1049,1049,-0.0733462646051,1.73200428267
1050,1050,0.838715338786,-1.46232659738
1051,1051,0.337522101793,-1.9956546914
1052,1052,-0.184833442079,1.89529256678
1053,1053,-0.31279585865,1.47262790973
1054,1054,-0.328191256569,1.81061158678
1055,1055,0.0197326510167,1.7938454467
1056,1056,0.514014518357,-1.81619958362
1057,1057,0.32797519883,-1.67574849203
1058,1058,0.228269994469,-1.90266297839
1059,1059,0.0631620110068,1.55081152657
1060,1060,-6.42420667482e-05,1.82330503254
1061,1061,0.991942357542,-1.50494302037
1062,1062,-0.161478188551,-2.05227725178
1063,1063,0.334806397991,-1.7707163034
1064,1064,-0.328471860277,1.74146874388
1065,1065,-0.220140188659,1.79555488561
1066,1066,0.246320313229,1.90271196669
1067,1067,-0.353574286809,1.83795454695
1068,1068,0.414711118697,-1.77392565826
1069,1069,-0.0962324009119,2.08225578234
1070,1070,-0.32698597258,1.93241889975
1071,1071,-0.1047255919,-1.80482238593
1072,1072,1.80732694517,0.488967770863
1073,1073,0.324601107934,-1.81740825753
1074,1074,2.11591624914,0.12714726069
1075,1075,-0.826882581776,-1.07860225076
1076,1076,0.536660162399,0.635193166637
1077,1077,-1.03278310553,-0.875847539946
1078,1078,-0.932637682808,-0.812267887351
1079,1079,-0.423494632552,1.45573371057
1080,1080,-1.04945786263,-1.04623052417
1081,1081,-1.20606802848,-0.943154106771
1082,1082,2.00615402211,0.0886609584837
1083,1083,-0.776122739316,-1.09236499944
1084,1084,-0.304447884927,1.72250050505
1085,1085,0.453050055307,1.52157700449
1086,1086,-0.172117353425,0.369121195561
1087,1087,-1.19488653075,0.803410327331
1088,1088,0.452657992201,1.43640326899
1089,1089,-0.0794397812799,1.05769044763
1090,1090,-0.274440817579,-0.890559697623
1091,1091,-1.01482934822,0.841028750827
1092,1092,0.403460418637,1.37275964242
1093,1093,-0.489998240633,-1.45931279759
1094,1094,-0.0468610093524,-2.02304338463
1095,1095,-0.634227944756,1.8102990304
1096,1096,0.198283030009,-2.01990116086
1097,1097,-0.00446444499265,-1.95594461524
1098,1098,0.266499110413,-2.04673439708
1099,1099,0.0218544497917,-1.80835157442
1100,1100,0.245155467465,-1.48395856094
1101,1101,-0.982588065209,-1.16644907142
1102,1102,0.0761844324393,-1.63016482431
1103,1103,0.304880110514,-1.97824100934
1104,1104,-1.01920738492,-1.48723029839
1105,1105,0.0245548889962,-1.9113574563
1106,1106,1.80652657351,0.207929442487
1107,1107,-0.265146713582,1.84046618768
1108,1108,-1.21255701653,-1.37207258277
1109,1109,-0.139659455747,1.83538029135
1110,1110,0.473091732898,-1.18651312512
1111,1111,0.00183253997615,1.84649288769
1112,1112,0.662881831677,-1.64279228522
1113,1113,2.25682429339,0.0789061509588
1114,1114,1.33096797137,0.425030071788
1115,1115,0.114727288253,-1.77378743447
1116,1116,0.26490944855,-1.77338905222
1117,1117,-0.67846899985,1.16392530411
1118,1118,0.674003378423,-1.39838232391
1119,1119,1.06457887117,-0.738065130647
1120,1120,-0.511510135128,1.49719634387
1121,1121,-0.487653026173,1.84693748606
1122,1122,-0.155499195173,1.74217488724
1123,1123,1.2097150659,0.380126932475
1124,1124,-0.486172391039,-1.13945839405
1125,1125,0.865743106902,-1.57768970019
1126,1126,-0.251192766741,1.95903911662
1127,1127,0.331842209714,1.17759946751
1128,1128,1.20357957008,-0.736753188262
1129,1129,-0.259957942202,1.88109220543
1130,1130,0.541365529566,-1.3984971216
1131,1131,-0.517808812202,-1.20408656808
1132,1132,0.383024438477,-1.75287096712
1133,1133,0.0435333770114,-1.89749973365
1134,1134,-0.0286111225907,-1.87856204703
1135,1135,0.51267929578,-1.77345818679
1136,1136,-0.0685572471262,2.06347028006
1137,1137,0.130749682497,-1.79880777603
1138,1138,0.0972206636044,-1.86752274292
1139,1139,0.256738596006,-1.82241732924
1140,1140,-0.0849179509344,2.1317955607
1141,1141,0.277834479057,1.69358641774
1142,1142,-0.378419247158,2.03281880759
1143,1143,0.937421532307,-1.31828869309
1144,1144,1.42190451219,0.771413182245
1145,1145,2.31595823054,-0.16475943154
1146,1146,0.916618585891,1.31980453862
1147,1147,0.039070080258,1.73446009265
1148,1148,-0.104432502666,-1.8971235784
1149,1149,0.238235340181,-1.89304574745
1150,1150,2.10896116776,0.165589225443
1151,1151,-0.175861333758,1.86313659277
1152,1152,-0.00345110675965,1.88401536518
1153,1153,1.92385722273,-0.0997074957678
1154,1154,0.0775628562804,-2.10088798136
1155,1155,-0.0968053462323,-2.16855732726
1156,1156,1.70330329165,0.307530961469
1157,1157,-0.154797928586,1.85374759859
1158,1158,1.79565384523,0.201746459176
1159,1159,2.13788216878,-0.0643392637499
1160,1160,0.071791984513,1.82116765876
1161,1161,0.129769824859,-1.19876836589
1162,1162,-0.179649913465,1.87645280466
1163,1163,-0.0239083914093,1.55668817321
1164,1164,0.348191056289,-1.67207984943
1165,1165,1.47930825391,0.510844244546
1166,1166,0.398194641168,1.46771331403
1167,1167,2.08377728099,0.013710521244
1168,1168,0.648827325305,-1.44213833919
1169,1169,2.07363486039,-0.130556819512
1170,1170,1.83714762504,0.0446637425602
1171,1171,0.00195079008722,-1.91208022146
1172,1172,0.023145054578,-1.89989519409
1173,1173,-0.198610248599,1.96449766354
1174,1174,0.0442763159106,1.9491149853
1175,1175,0.250342369406,1.82402071763
1176,1176,-0.0992174233653,1.9268950292
1177,1177,0.234895286346,-1.53827273042
1178,1178,1.40297057458,0.335795997903
1179,1179,0.232654203285,-1.93406364854
1180,1180,0.0217622791972,-2.21767743095
1181,1181,1.94779710322,0.00572813583415
1182,1182,-0.008218750605,-1.7934631595
1183,1183,-0.260937886656,1.93298852844
1184,1184,-0.172006288919,2.01045523977
1185,1185,0.515393042498,-1.47501017635
1186,1186,0.0969206280882,-1.94863487735
1187,1187,-0.0396998118676,-1.63226096976
1188,1188,0.932531912899,-1.40943347438
1189,1189,-0.163729334514,-1.94688560219
1190,1190,0.0390495735859,-1.77631202176
1191,1191,0.226029209558,-1.79221873614
1192,1192,-0.0501953447569,-1.74144027664
1193,1193,-0.16093276851,-2.00168661128
1194,1194,-0.090316258072,-1.54223862494
1195,1195,-0.128424340651,1.77867313755
1196,1196,1.93028630418,0.145111188664
1197,1197,2.04669402995,-0.0217640553981
1198,1198,2.17937407385,-0.0738981574002
1199,1199,2.11225729347,0.0406142056164
1200,1200,0.402824458809,-1.76014246733
1201,1201,0.619095601394,-1.75397874806
1202,1202,-0.456956940857,1.57279423587
1203,1203,-0.420709339452,1.80694286681
1204,1204,-0.348002815986,1.84025473031
1205,1205,0.785369871953,-1.60839740087
1206,1206,-0.067860292633,1.89803043098
1207,1207,-0.0205326156544,-2.04232317113
1208,1208,0.370603477703,-1.82625448075
1209,1209,2.13043843699,0.274410149253
1210,1210,2.09495329784,-0.058382455699
1211,1211,-0.218848474657,1.72512731647
1212,1212,0.610998375485,-1.69226451053
1213,1213,2.03887654785,0.0505060059345
1214,1214,1.78690624572,0.625072276417
1215,1215,0.149939243234,-2.10610737141
1216,1216,0.244528622769,-1.79616615721
1217,1217,-0.093758509262,-2.0020933594
1218,1218,-0.0148804163432,-1.80567933254
1219,1219,2.07877328537,0.00868845393403
1220,1220,1.04435569434,-0.818689129254
1221,1221,1.10866653395,-1.05193621616
1222,1222,1.23529413666,0.637332799568
1223,1223,1.18917297518,-0.921294653127
1224,1224,2.31835567037,-0.109198905204
1225,1225,2.08878084916,0.0915960369934
1226,1226,0.257805750094,-0.204084369543
1227,1227,-0.251664485978,2.02163373671
1228,1228,0.613188039023,-0.0072759889862
1229,1229,-0.250498641296,1.81690948535
1230,1230,0.107588217542,-1.98296925676
1231,1231,0.275740333555,-1.73710434159
1232,1232,-0.0995301235581,1.94675462025
1233,1233,0.462908555127,-1.79052322283
1234,1234,-0.0147194007782,1.9758818131
1235,1235,-0.117214370975,-1.57317919747
1236,1236,2.41828609657,-0.0964883065454
1237,1237,0.457451221032,-1.68295060955
1238,1238,-0.1351979129,1.82737364846
1239,1239,0.626911369648,-1.72893006794
1240,1240,-0.146999963163,-1.75587608172
1241,1241,2.14428779593,0.182960651783
1242,1242,0.0929447194811,-2.00897717419
1243,1243,0.00888183347681,-1.74017905432
1244,1244,0.304473057901,-2.05605620041
1245,1245,-0.00188153323889,1.72437685252
1246,1246,0.111562856854,-2.00337707196
1247,1247,-0.101196293399,1.80099791706
1248,1248,-0.274725341239,1.91314473388
1249,1249,0.326169694109,-2.02473554017
1250,1250,-0.204804109898,2.00480947757
1251,1251,-0.0970861922435,1.90407765505
1252,1252,0.00212239088112,1.92480294361
1253,1253,0.319380173299,-1.48474513644
1254,1254,1.73172043697,0.344774703903
1255,1255,2.36507946109,-0.14466490594
1256,1256,2.05005175652,0.0343068469774
1257,1257,2.23493996473,0.0229142254937
1258,1258,1.92409534451,0.23245441182
1259,1259,2.12479519217,-0.0548915748305
1260,1260,2.26885252191,0.0281694244267
1261,1261,1.75725324951,-0.0903088330667
1262,1262,0.116859086812,-1.77213256225
1263,1263,0.301723686072,-1.76972573337
1264,1264,2.02184673252,-0.200781047741
1265,1265,-0.101241735005,2.13851114156
1266,1266,1.28914842254,0.0389192720602
1267,1267,1.75773428882,-0.181765471117
1268,1268,-0.246447299499,-1.82944552422
1269,1269,0.225237133114,-1.67633463353
1270,1270,1.83202564633,-0.0378940633336
1271,1271,-0.0666678852415,1.83703540564
1272,1272,1.70486267209,0.50398313609
1273,1273,-0.125700812377,-1.73373584051
1274,1274,0.601283414534,-0.447798439757
1275,1275,-0.151052104131,1.88041590106
1276,1276,0.15577268266,-2.0699933141
1277,1277,0.179116443241,-1.72176825816
1278,1278,2.11903143698,-0.0415731225237
1279,1279,1.87149585714,0.177066129138
1280,1280,0.79856772158,-0.184603324334
1281,1281,2.04116189672,0.163524756391
1282,1282,2.14135368076,0.147209214144
1283,1283,1.85741385032,0.130232791641
1284,1284,-0.211381596003,-1.61229563435
1285,1285,0.714033761516,-1.44567169058
1286,1286,-0.0473956753125,-0.487694450934
1287,1287,1.50314820538,0.471890596307
1288,1288,0.0145086283584,-2.01015140792
1289,1289,-0.0251061574034,-1.62546025855
1290,1290,0.00410159678695,-1.99920677384
1291,1291,0.804641368819,-0.576796716124
1292,1292,0.372537448052,1.60131025153
1293,1293,1.95414823169,-0.00993892366058
1294,1294,2.20120513733,-0.160289456293
1295,1295,0.761992113085,-0.620728081771
1296,1296,0.0202104409287,-2.16132502613
1297,1297,0.173645486815,-1.8101798129
1298,1298,1.17604594163,-0.853894472335
1299,1299,-0.121703766145,1.95166632924
1300,1300,0.430855540103,-1.79653032621
1301,1301,0.0328238829595,2.08179441692
1302,1302,-0.264628430061,1.70844386488
1303,1303,0.756678113555,-1.668528038
1304,1304,-0.101765554747,1.73768861636
1305,1305,-0.174870900704,1.79638188913
1306,1306,-0.371761247188,1.960984596
1307,1307,-0.31201669939,2.05372549009
1308,1308,-0.308087163072,1.9478639205
1309,1309,-0.141112117519,1.70202829881
1310,1310,0.0943330939099,-1.92343956872
1311,1311,0.101970866648,-1.94213145835
1312,1312,-0.389663589717,2.05698931145
1313,1313,0.289036899115,-1.6700944396
1314,1314,0.571381160325,-1.62423766981
1315,1315,0.216487235857,-2.11432819325
1316,1316,-0.385101359596,2.01199695945
1317,1317,-0.0628898625292,2.10330214323
1318,1318,0.215237649685,-1.94905531461
1319,1319,-0.177928596156,1.91974097277
1320,1320,0.153873568641,1.96408374618
1321,1321,-0.476449414721,1.88901826334
1322,1322,-0.139881587516,1.86785563188
1323,1323,-0.175698115611,2.03922845313
1324,1324,0.414980147776,-1.60664673195
1325,1325,0.975932072788,0.750456943791
1326,1326,2.11061973136,-0.0899750581519
1327,1327,0.0880345688532,-1.95271815977
1328,1328,0.172446336437,-2.01247420092
1329,1329,1.92609231671,0.05069257156
1330,1330,-0.205341283377,2.02906683909
1331,1331,0.598029611273,-1.77584735656
1332,1332,1.62738822613,0.458680141252
1333,1333,0.248855158151,-2.06154463136
1334,1334,-0.145163983353,1.89770721778
1335,1335,0.329930355818,1.90590290416
1336,1336,0.383655146252,2.28695740934
1337,1337,-0.216908015293,1.93147575118
1338,1338,1.79127468654,1.31096512624
1339,1339,0.147464410722,1.9162393674
1340,1340,1.17245494822,1.40128111783
1341,1341,1.09588385442,1.2871843215
1342,1342,1.48732653967,1.42839282577
1343,1343,0.198843490979,-2.15387555205
1344,1344,0.055477701353,-2.48342669999
1345,1345,1.52089645881,0.786736222254
1346,1346,0.492249749724,1.49136713489
1347,1347,1.60485602105,0.443279365003
1348,1348,0.933885347825,1.5120924661
1349,1349,-0.103489704923,1.75486685646
1350,1350,-0.630233808361,-1.84036426172
1351,1351,1.7751115156,0.275115339773
1352,1352,-0.811337181173,-0.871811414961
1353,1353,-0.0513606411951,-1.8868080172
1354,1354,0.620117824329,2.1705762377
1355,1355,0.906600594474,0.953022126645
1356,1356,2.26184281634,1.29079015033
1357,1357,0.583001397716,1.4565359777
1358,1358,0.699064542594,2.10137375464
1359,1359,0.964636012906,0.854889204903
1360,1360,2.21142068963,0.472365248615
1361,1361,0.306650225345,0.362153679575
1362,1362,-0.427815283375,-1.28759356237
1363,1363,-0.469837368766,-1.51640629824
1364,1364,1.54929779263,0.441201304534
1365,1365,1.15321650108,-0.626050585169
1366,1366,2.32847747478,-0.27007318978
1367,1367,-0.488587321404,1.05261769449
1368,1368,0.430467435401,1.8144557755
1369,1369,0.82230066508,-2.19795487071
1370,1370,0.707652630948,2.02212565535
1371,1371,2.84474061992,-0.0532528347065
1372,1372,1.59501718049,0.379093843676
1373,1373,-0.220665311315,2.32960025895
1374,1374,1.39451344859,0.372380506272
1375,1375,0.840023612765,1.11643452763
1376,1376,0.642757411838,1.32273393822
1377,1377,-1.05314304555,-1.2816526646
1378,1378,0.309913091095,-1.73124222486
1379,1379,1.09636620718,0.751260449154
1380,1380,0.0154707823481,2.1739559337
1381,1381,0.902264741448,1.22113826256
1382,1382,-0.183692447311,-2.00678100402
1383,1383,0.129557421111,1.9347497876
1384,1384,1.41424566095,0.756463901468
1385,1385,2.12658233061,0.575616187965
1386,1386,1.0012860033,0.367009615098
1387,1387,1.1376087035,1.11639174201
1388,1388,2.493396393,0.0386306368426
1389,1389,0.892464685206,1.21997280921
1390,1390,0.601926853405,2.16527634011
1391,1391,-0.351594212184,2.15090100927
1392,1392,0.261707089657,-1.62310398082
1393,1393,0.459514223321,0.650349288297
1394,1394,0.847736323322,0.428349225071
1395,1395,2.20393608179,0.504646728459
1396,1396,2.20353904207,0.703209734976
1397,1397,0.538775969753,-0.952711140559
1398,1398,0.346286790651,1.74627146334
1399,1399,-0.0794745466981,-2.75105006762
1400,1400,1.07548693866,0.612714330241
1401,1401,-1.20503628955,-0.936942816382
1402,1402,0.136383583835,2.26520486959
1403,1403,1.05956290433,0.243695565006
1404,1404,-0.373069997249,2.52957282286
1405,1405,1.010616622,1.67232976947
1406,1406,0.233194183629,1.80817756885
1407,1407,-0.156888870799,2.14707999009
1408,1408,0.133397319164,1.92032856003
1409,1409,0.283471013566,2.46333568143
1410,1410,0.320921250826,2.03941085042
1411,1411,0.0535033562869,2.17952852391
1412,1412,0.0986998641915,1.98006331868
1413,1413,0.187171072265,2.39972538124
1414,1414,0.295293802001,2.66033697801
1415,1415,0.0678512990472,1.96363157444
1416,1416,-0.204144134674,2.17692880046
1417,1417,2.11018842323,0.582741355174
1418,1418,0.557253181369,2.2066532836
1419,1419,1.04717647912,0.256767372798
1420,1420,-1.30206832332,-1.51524308346
1421,1421,0.110858163035,0.0931793976787
1422,1422,0.775837048913,0.282248534153
1423,1423,1.87002675051,-0.167709782442
1424,1424,-0.215157510607,-1.82070138235
1425,1425,0.0310763723043,2.73775287595
1426,1426,0.0852208701317,0.714403658343
1427,1427,2.44264563103,0.457842633268
1428,1428,2.50645908586,-0.0231246207716
1429,1429,1.88319399084,0.424300449225
1430,1430,1.30430812214,0.42115564797
1431,1431,2.05883960838,0.182559330204
1432,1432,2.12109101918,-0.147232959363
1433,1433,1.71379980771,0.298704960695
1434,1434,0.604367035727,0.910957899842
1435,1435,0.728280235636,0.763672534932
1436,1436,-0.19834820437,-1.88846145015
1437,1437,1.56272407098,0.449575754848
1438,1438,-0.12477219245,1.57053667964
1439,1439,1.11321789211,2.30252370981
1440,1440,0.561460152481,1.3855800297
1441,1441,0.563757559877,0.959760232719
1442,1442,0.324011130131,1.66948520046
1443,1443,0.0255202518013,-2.08927623494
1444,1444,1.46876482498,1.70521318035
1445,1445,0.875229185517,1.93745886651
