,vote,alpha,beta
0,0,-0.109031385498,1.75435989796
1,1,0.0433439246381,-1.52061587871
2,2,2.01852602746,0.185740429184
3,3,1.84656060462,-0.0357095610654
4,4,0.500732572388,-1.20578381132
5,5,2.02188136734,0.0247437035129
6,6,1.6493882729,0.293549048177
7,7,1.81525687582,0.13352221566
8,8,0.0874353729974,-1.37687696406
9,9,0.618979223493,-1.05164514514
10,10,1.67972232848,0.0558912355375
11,11,1.95812038528,0.0776610857045
12,12,2.11329364911,0.105704626278
13,13,1.95253659578,-0.242631503499
14,14,2.08065098663,-0.101131631247
15,15,1.88271162362,0.177656597629
16,16,-0.185761175933,1.71935473771
17,17,0.636807820741,-0.581004990998
18,18,1.97267963091,0.0828577287834
19,19,1.94507732568,0.190855360669
20,20,1.1373794271,-0.562433299809
21,21,0.198299445195,-1.79219808423
22,22,0.0416213452881,-1.83772745651
23,23,1.98122136048,-0.0353036928951
24,24,0.38744350149,-1.66535173091
25,25,1.2952486751,-0.19974847189
26,26,-0.734942086297,0.023031942135
27,27,-0.156517816988,1.87888157273
28,28,2.27143229943,0.378355774513
29,29,2.06680538482,-0.089848752927
30,30,1.69265296353,0.00919709644531
31,31,1.909027956,-0.0342780783519
32,32,0.101543431142,-1.72040932456
33,33,0.088074077196,-1.85654027826
34,34,1.32246256838,-0.338415195504
35,35,-0.051897940924,1.66343226971
36,36,-0.0691481474934,-1.67402503539
37,37,0.0312587645969,-1.9259300982
38,38,0.109424249349,-1.73075668305
39,39,-0.580375984383,-1.30892855989
40,40,1.22789425161,-0.890554479231
41,41,-0.0597291269802,1.81810786901
42,42,-0.0688288930574,-1.73474792671
43,43,2.14772235158,0.117035074726
44,44,2.14457913518,-0.173027204704
45,45,1.94302851363,-0.00244923250725
46,46,1.87253468899,0.143340219775
47,47,1.92593442906,-0.0669437872362
48,48,2.21009945741,0.225179158329
49,49,1.03028553536,0.765244384372
50,50,0.016438311142,-1.68050407697
51,51,0.108755502716,-1.76708376277
52,52,0.0205517129226,1.98627289694
53,53,0.156534854569,-1.8295347841
54,54,0.0329682995899,-2.07863512404
55,55,0.19749286977,-1.79719517301
56,56,0.258510667176,-1.61922907661
57,57,-0.374787734088,1.62463413808
58,58,-0.186249732967,1.92090835392
59,59,-0.00635178933729,-1.5805000802
60,60,0.356539222452,-1.51984962773
61,61,1.96986003578,0.063216403812
62,62,2.08050001446,-0.0435574108964
63,63,1.76668757867,0.0523808867667
64,64,2.03550439798,-0.0202855152196
65,65,1.96430831218,-0.0421386415375
66,66,0.115104359687,-1.67685117934
67,67,0.254936635089,-1.73787585231
68,68,0.457918692745,-1.52311746988
69,69,-0.190775979382,-1.60042547951
70,70,-0.554458436173,1.25830123524
71,71,-0.326036972949,1.53081438261
72,72,-0.564456099419,1.51918442246
73,73,-0.430429243032,1.77572608217
74,74,-0.59199058465,1.64390419754
75,75,-0.344871122498,1.68543181229
76,76,-0.130041833116,1.60232752237
77,77,-0.625418757575,1.27244404038
78,78,-0.0818220978375,1.68825770257
79,79,0.508584123016,-1.68341268128
80,80,-0.184124089351,-1.39148829963
81,81,-0.152286528114,-1.80126298167
82,82,0.15422258661,-1.65839931533
83,83,0.0132248761845,1.80653762412
84,84,-0.00207478487074,-1.67833787461
85,85,2.00259605604,-0.0159468542363
86,86,1.79622195895,-0.235835589483
87,87,0.131758181605,-1.83081260287
88,88,0.286726705066,-1.84010289153
89,89,-0.552055440489,-0.818143002281
90,90,0.261913577787,-0.579334539342
91,91,0.0796498503848,-1.62164870715
92,92,-0.548039894775,1.43116694124
93,93,-0.49867144371,-1.56100123036
94,94,0.0235787594028,1.84420130755
95,95,1.78029115257,-0.181463991094
96,96,-0.410906306508,1.4385878774
97,97,-0.195797874506,1.58744317758
98,98,-0.376224218424,0.376217567997
99,99,-0.296944758576,1.50701647476
100,100,-0.160329904742,1.47876680202
101,101,-0.987156855266,0.534828793072
102,102,-0.22157137477,-1.54198629768
103,103,-0.584488760041,1.38663529445
104,104,-0.263874139594,-1.01198773794
105,105,-1.22415327942,-0.0219330913669
106,106,0.589198582915,0.77457717248
107,107,0.110735268513,-1.55408421626
108,108,-0.601588127229,0.365272202565
109,109,-0.483906477878,0.561470887882
110,110,0.944691437373,1.04743914052
111,111,0.059812578432,-1.72621792628
112,112,-0.322113590879,-1.27291882291
113,113,-0.0762192499566,-1.54212167138
114,114,-0.17447574784,1.66345848568
115,115,0.158718279277,-1.35785236513
116,116,2.01731733248,0.0535889466665
117,117,2.06887182189,0.111504245855
118,118,0.114202653787,-1.69353975237
119,119,1.80126245866,-0.197516019117
120,120,1.8416565861,0.0336565051071
121,121,0.0185507778236,1.93282917667
122,122,0.689116985562,-0.898558454543
123,123,2.31743612956,-0.047295841464
124,124,0.473561946245,1.41207001656
125,125,0.225206492872,-1.84075117622
126,126,0.0789581290588,-1.65179666934
127,127,-0.770267608068,0.694347806577
128,128,-0.050669604769,-1.76226772296
129,129,-0.189424615504,-1.03685360327
130,130,-0.553154516079,-1.15878004281
131,131,0.954168809146,0.925031220512
132,132,-0.230955070068,-1.60478294403
133,133,0.000352090509744,1.49562059885
134,134,0.329947154589,-1.8255161286
135,135,0.369828699091,1.1791990636
136,136,-1.1698510874,0.701826099959
137,137,-0.651981486042,0.724791024026
138,138,-1.08452516539,0.534529737068
139,139,-0.128723469375,1.44092832055
140,140,-0.569346665111,0.0180881343172
141,141,-0.70054365319,0.593695543695
142,142,0.253457041399,-1.56422886369
143,143,-0.499715616556,1.52164313463
144,144,-0.920608644411,1.4449542895
145,145,-0.522106951192,1.18930097444
146,146,1.68417455467,0.457881465994
147,147,-0.0244393117436,1.32025295878
148,148,1.67413562095,0.0369623965126
149,149,2.11310603025,-0.0361037346859
150,150,-0.217631062031,1.90509999129
151,151,0.653303898552,-0.628546431971
152,152,1.93927032972,0.126004365809
153,153,1.85927909723,-0.0886178163968
154,154,1.78526744319,0.0406754854293
155,155,0.0620262513874,-2.0390403297
156,156,0.0364469094142,-1.68911165925
157,157,1.90414834358,-0.143419328671
158,158,0.147530182434,-1.7234725645
159,159,1.36000618781,0.313438187203
160,160,0.139863438543,-1.931410896
161,161,0.311314815643,-1.51109957664
162,162,-0.203442505354,1.59598957172
163,163,0.398294338366,-0.345351785357
164,164,-0.863648157117,-0.684287139597
165,165,-0.336343114099,1.46646236479
166,166,0.291225178368,-1.92815361309
167,167,-0.617751400299,1.31948529376
168,168,0.690658987773,1.11553148581
169,169,-0.0167196115269,0.10594553079
170,170,-0.968529617115,-0.681466431813
171,171,-1.00960577835,-0.836346702902
172,172,-0.854419793896,1.06794312875
173,173,-1.14740386992,-0.583414024216
174,174,-0.316965596815,-1.43849067291
175,175,-0.0530913805035,1.29685489026
176,176,0.338295896712,0.747616413357
177,177,0.260051237911,-1.75085254236
178,178,0.0318140705707,1.08722005439
179,179,-0.315959923078,-1.1300251489
180,180,-0.615266058988,-1.11614645437
181,181,0.922566041282,-0.273077976808
182,182,-0.305337773979,-1.10194976784
183,183,0.15076670375,1.05507864519
184,184,0.0436706981277,0.57954649928
185,185,-0.304897617887,0.266567106064
186,186,0.470118079325,-0.403731757814
187,187,0.085114273605,-0.469733377577
188,188,-0.0982396801745,-0.751057807629
189,189,-0.0305217394656,-0.242752805872
190,190,-0.0558547084103,0.36545203787
191,191,-0.474356491226,-1.31256111723
192,192,0.0261604546176,-1.82552339304
193,193,-0.134268896906,1.7535817338
194,194,-0.215760732683,-0.889889740776
195,195,1.91864326327,-0.153865397066
196,196,2.01701120078,0.0720688422742
197,197,0.11691815702,-1.96820570386
198,198,-0.680499051671,1.18802944076
199,199,0.0508538332435,-1.6475351469
200,200,0.125280302197,1.50246570955
201,201,-0.161862152867,1.80402074829
202,202,0.524472433705,-1.46565424553
203,203,2.03076139304,-0.213758622203
204,204,-0.1152136128,1.67066379715
205,205,0.337257366799,-1.86715706372
206,206,0.225767891363,-1.42790589127
207,207,0.202208365451,-1.44500365865
208,208,-0.0648695212856,1.66190786083
209,209,0.21929141412,-1.81909921574
210,210,0.512702689062,-0.621663024598
211,211,-0.00124572610341,-1.65629525163
212,212,0.136102819722,1.57656523728
213,213,-0.612858061233,1.84091729735
214,214,-0.0268990871354,1.618395288
215,215,0.372426189607,-1.69611331044
216,216,1.49866518712,-0.475652397523
217,217,1.26427017452,-0.770880660188
218,218,2.10157801548,0.417619020909
219,219,0.0904984313473,-1.73857385945
220,220,0.106537633863,-1.46052003213
221,221,1.6123321385,0.38029213443
222,222,-0.36954933369,1.72442482327
223,223,-0.114101321487,1.52543260765
224,224,-0.674724775862,1.26521462539
225,225,-0.478524251096,0.269945764262
226,226,-0.770516099452,-1.1498224746
227,227,-0.459307425903,1.47555816693
228,228,-0.427240821626,-1.11207739422
229,229,0.0210206393586,1.51316242242
230,230,-0.808675570397,-0.909858130052
231,231,1.17527484135,0.496116806431
232,232,-0.0572246574385,1.52002135724
233,233,-0.354914854685,1.67203823456
234,234,-0.469886018429,1.59355938969
235,235,-0.344575135022,1.44272808888
236,236,-0.394334890009,1.42169099095
237,237,-0.976279595021,0.730810281653
238,238,-0.553644899137,1.213148563
239,239,-0.787117194376,1.18764464876
240,240,-0.664521448466,1.30741907477
241,241,-0.666172248215,1.47389880117
242,242,0.093834740141,-1.78235288749
243,243,-0.520321145149,-1.18969615671
244,244,-0.344006951356,1.55980700853
245,245,-0.11539103307,1.02152860085
246,246,-0.952676631529,-0.714013145394
247,247,-0.283549857461,1.23874422716
248,248,-0.637153816009,0.178085639144
249,249,-0.412886387216,0.345157303903
250,250,-1.0841773069,0.878369889326
251,251,0.232329920641,1.22685131503
252,252,-1.14440710877,-0.85414181622
253,253,0.097466714199,-1.84154749062
254,254,0.0700871237867,-1.57223217182
255,255,-0.524977622385,1.2053683827
256,256,-0.321922828256,0.607212859922
257,257,-0.677536461685,-1.16508206057
258,258,-0.143674183133,1.75407991189
259,259,0.0842614621325,-1.49839183497
260,260,-0.0739473843189,-2.01164801349
261,261,-0.00559374377406,-1.67475490539
262,262,0.0386215485642,1.64119079763
263,263,0.186313091798,-1.69282687874
264,264,0.153645860819,-1.9921743152
265,265,-0.110482862586,1.71841156117
266,266,-0.306987468754,-1.7996359105
267,267,2.05355070407,-0.00407006011519
268,268,2.03112174161,0.245629345384
269,269,1.81760625904,0.0342557198838
270,270,-0.036192766678,-1.77262183673
271,271,0.27372351972,-1.80449578195
272,272,-0.947753485942,0.218473326498
273,273,-0.185552294897,1.91990884217
274,274,0.607871517473,-1.53677608199
275,275,-0.150747998549,1.77064394756
276,276,0.515010354011,-1.50409699681
277,277,0.129333954298,-1.72239452029
278,278,0.138515132779,-1.58847400813
279,279,0.852549488836,1.27607265345
280,280,-0.0355552733589,-1.67063269347
281,281,0.239492887046,-1.77033593109
282,282,-0.263955620761,1.77943268456
283,283,0.186109048915,-1.62335089416
284,284,-0.129096114319,1.45645133617
285,285,-0.0286278063968,1.87461097813
286,286,-0.0772647225841,1.83492777742
287,287,-0.166339199217,-1.56288022365
288,288,1.90103651228,0.0349858167791
289,289,1.87316457748,0.121460908752
290,290,0.0604372329716,-1.71970464786
291,291,0.0683160540506,-1.84686505677
292,292,-1.49926199045,0.636653146849
293,293,0.491103798083,-1.47115747848
294,294,-0.36775233688,1.31120223464
295,295,-0.672085914757,1.19676605192
296,296,-1.30249741576,0.484766698585
297,297,-0.970502900569,-0.727782925088
298,298,-0.315516469036,1.28977463444
299,299,-0.459492888683,1.63688089132
300,300,-0.19905728591,-0.385110346084
301,301,0.334140713929,0.119464972302
302,302,-0.170850333504,0.508925608977
303,303,0.264941126238,0.410612030575
304,304,1.26395739051,-0.670545769068
305,305,0.895526531306,0.369642551168
306,306,-0.470723230012,0.478479163619
307,307,0.438434118556,-1.60079795459
308,308,0.777296991847,-0.197598679685
309,309,0.357361582798,-1.7358376882
310,310,0.848979322785,0.566523832147
311,311,-1.10376999753,0.967154688889
312,312,-0.637093306071,1.09678223256
313,313,-0.180311430594,-0.495630316997
314,314,0.0467970994314,-1.89016191989
315,315,0.108207304122,-1.70543587248
316,316,2.08705935966,-0.281314696971
317,317,0.00466771122922,-1.72112035036
318,318,-0.198736711378,0.164095127654
319,319,0.185306870182,-1.45625372782
320,320,0.0878790361791,1.10126214782
321,321,-0.61269633383,-0.825079231285
322,322,0.160622872103,-1.71044818609
323,323,0.458318393755,0.308537472697
324,324,0.826137633253,0.957984349014
325,325,-0.284586172199,1.43326617642
326,326,-0.171515068916,1.49586325457
327,327,0.0686709828291,-1.76350968273
328,328,-0.16701055211,1.11803693247
329,329,1.7779485596,-0.365093501175
330,330,0.00874844988085,0.266450441033
331,331,-0.225525725719,1.86861867734
332,332,0.771896143544,-0.950667967255
333,333,-0.00980814481438,1.69211981561
334,334,-0.143155184201,1.67768900436
335,335,0.0244157474254,1.82305638788
336,336,0.718161591727,-1.35619191292
337,337,1.01796232861,0.791388147587
338,338,0.0758996755478,-2.02961708373
339,339,0.204978981856,0.553707944391
340,340,-0.19795890526,-0.382699277926
341,341,-0.376386643745,-0.90981537557
342,342,-0.552602048951,1.12954643769
343,343,-0.835565417585,0.821712065921
344,344,-0.815184333753,0.909378293023
345,345,1.56238235238,-0.411053164642
346,346,1.70659678049,-0.351632484724
347,347,-0.0724362749081,1.61423451964
348,348,-0.12747864038,1.72549023565
349,349,0.0396917485688,-1.7300618382
350,350,0.309941022293,-1.54184271975
351,351,-0.233092064898,1.54129725793
352,352,0.153232007732,-1.66910277307
353,353,0.0776769023562,-1.63391993635
354,354,-0.066192044844,-1.70500994882
355,355,1.73145198852,0.0745231849839
356,356,0.247796656643,-1.79632347866
357,357,0.348309139147,-1.87494458399
358,358,0.174361283791,-1.67804446104
359,359,0.712738411872,-1.63309851816
360,360,0.431494558067,-1.09207950003
361,361,0.0191165040252,1.52784804388
362,362,-0.474008285378,1.78577045229
363,363,0.044015221855,1.705834933
364,364,-0.137811353077,1.67300012947
365,365,-0.267216312486,1.90825372997
366,366,0.181765096789,-1.62378281907
367,367,-0.179304548437,1.89626767237
368,368,0.315191871144,-1.88313450591
369,369,1.52900969693,0.539809938995
370,370,2.20302927864,0.150333187722
371,371,1.91967256758,0.118948938051
372,372,1.80006196976,0.0774848098612
373,373,1.86499318615,0.182531758887
374,374,1.97531601097,-0.00362660135834
375,375,1.84371452016,0.0402256254216
376,376,2.00788183289,-0.131155363569
377,377,1.69559976883,0.12042778495
378,378,0.026061078563,-1.82370771946
379,379,0.187455417478,-1.73921130111
380,380,0.32212636126,-1.77533964784
381,381,2.00561678823,0.00408441944376
382,382,1.81698766572,-0.128226423861
383,383,1.6624090217,0.366332601465
384,384,0.203233273368,-1.9699384728
385,385,0.103447247022,-1.85557501994
386,386,1.5429188614,0.202110293057
387,387,-0.247266692177,1.58535252952
388,388,-0.341411936731,1.90617628451
389,389,-0.382651565047,1.63583390125
390,390,-0.245647747232,1.76468590559
391,391,1.86532673252,0.107599627137
392,392,0.0639377190077,1.71330041872
393,393,0.3424045379,-1.50631311886
394,394,0.104741419432,-1.69956432745
395,395,0.0597034733711,-1.8112001254
396,396,0.0374414794175,-1.64951229964
397,397,-0.000494760579122,1.66610609793
398,398,-0.055909777034,-1.71729606066
399,399,-0.0783688421076,1.82890892684
400,400,0.199206322576,-1.73333656271
401,401,-0.250221805264,-1.69311460913
402,402,0.446167389835,-1.64539240368
403,403,0.517784553503,-1.63629971853
404,404,-0.205840626611,1.7209570239
405,405,0.445205776357,-1.63448193284
406,406,0.871940140813,-0.881109453148
407,407,2.05688482944,0.00771508263286
408,408,2.01686719738,0.128518172737
409,409,2.05399796612,0.177805081012
410,410,-0.228705141623,1.70381235631
411,411,1.80948023449,0.140181034118
412,412,0.163542285217,1.67263366188
413,413,2.0894716576,-0.0604046094692
414,414,2.03819466643,0.00769540829194
415,415,-0.00416924610448,-1.56840067456
416,416,-0.0580301058575,-1.71759032929
417,417,0.236507897945,-1.83936656372
418,418,1.76037232628,0.0315548414082
419,419,0.240780982288,-1.55361460938
420,420,0.0592314791213,-1.74247391264
421,421,1.88248525156,-0.0863618092366
422,422,0.157809521326,1.54621861252
423,423,1.39713076404,0.318093577716
424,424,-0.0163610052094,-1.81429264104
425,425,-0.0941292958985,-1.71086643845
426,426,1.66214993765,0.559523191808
427,427,0.0851547064481,-1.56030256917
428,428,0.150855436899,-1.68705708303
429,429,0.498595191046,-1.4586829555
430,430,0.672814882749,-1.42846197402
431,431,0.486044595562,-1.42021515388
432,432,-0.193055750935,-1.76986184694
433,433,0.223716626299,-1.60097032687
434,434,0.138491803578,-1.60763390291
435,435,0.274516096388,-1.91852515836
436,436,0.449300512947,-1.51524452673
437,437,0.606219518989,-1.56487932069
438,438,0.0710224015461,-1.83783582368
439,439,0.727192082702,-1.4931810254
440,440,0.123270687012,-1.71319352969
441,441,0.575482273546,-1.27215267346
442,442,0.0573207261572,-1.75282860631
443,443,1.6977211687,0.185541056055
444,444,0.128056538918,-1.7389619911
445,445,0.0621499699083,-1.7904417068
446,446,0.323123520785,-1.54568179388
447,447,0.146334851409,-1.69716054116
448,448,0.331726914321,-1.54320497582
449,449,2.10426995733,-0.16779201997
450,450,1.8938642897,0.0295289551858
451,451,-0.170551130939,-1.80050110476
452,452,0.423855718176,-1.51991111232
453,453,0.0594680446473,-1.63993309498
454,454,0.447683928198,-1.70289586884
455,455,0.246357372226,-1.63674036693
456,456,0.0222322118666,-1.73930201796
457,457,-0.0119812393506,-1.74546326529
458,458,0.0308731656754,-1.78390452163
459,459,1.86299756235,0.0800379155886
460,460,0.115524073125,-1.74864936018
461,461,0.667560136846,-1.72086042794
462,462,2.10895200167,-0.0478688744858
463,463,0.00728513247634,-1.55335182379
464,464,-0.535307861121,-1.17794748882
465,465,0.379586317819,-1.7288700427
466,466,0.0637041362071,-1.836529895
467,467,0.390360532106,-1.61846616816
468,468,0.101224127713,-2.00433594269
469,469,0.0113851286019,-1.77638234409
470,470,-0.0961548023047,-0.291563141092
471,471,0.133280708925,1.70287914671
472,472,0.0357244311496,-1.70561049832
473,473,0.320935433951,-1.40974614712
474,474,-0.196620220098,1.39063521696
475,475,0.934723757498,1.22044005287
476,476,0.791371661131,1.0003803906
477,477,1.95912128157,0.217059963863
478,478,2.12642102139,0.0149690918155
479,479,0.24821973005,-1.78226013378
480,480,0.930006756632,-1.35024972418
481,481,-0.233807558657,1.54480171733
482,482,0.143609277122,-1.7481848334
483,483,-0.858480205281,0.955948122043
484,484,0.13073482079,0.0955118643188
485,485,1.88595851851,0.529058442844
486,486,1.95402047672,0.0177897706161
487,487,1.87507242866,-0.0222145517499
488,488,1.95153205465,0.0369195193475
489,489,0.403077666686,-1.81297894228
490,490,0.28181492741,-1.68709787357
491,491,-0.432890815235,1.76123896248
492,492,-0.131018649934,1.93594520736
493,493,0.523087791598,-1.56465006457
494,494,-0.00849469361609,1.86799095539
495,495,0.82406421179,-1.00377417629
496,496,1.46275315299,-0.342353081578
497,497,0.0323174657682,-1.86068340524
498,498,2.22246546532,0.161933921978
499,499,2.07108471818,0.0871806716672
500,500,0.0756465686941,-1.67454910635
501,501,-0.0379753538661,-1.84627709949
502,502,-0.000938392379896,1.61024885818
503,503,-0.0115204680667,1.62817064135
504,504,-0.098632734897,1.84127639528
505,505,-0.178134729277,1.79182721817
506,506,0.0231592961752,-1.64970932881
507,507,1.79285474211,0.176199978228
508,508,0.161862303838,1.69227525056
509,509,0.315771529391,-1.62285340316
510,510,1.18458348696,0.753741678952
511,511,0.287872392169,-2.00884507658
512,512,0.0199322302362,-1.70822053048
513,513,0.0821266582386,-1.84573220257
514,514,-0.00391199421551,1.85295673382
515,515,0.504485948697,-1.16465755723
516,516,1.94185980791,0.0693676586414
517,517,1.98996294425,-0.105345918319
518,518,0.208343947752,-1.79147197692
519,519,0.274385702028,-1.71879077584
520,520,0.0508219527997,-1.63533855494
521,521,0.210396210947,-1.94515773967
522,522,0.12132226316,-1.63783297542
523,523,0.0279223946486,1.61014715488
524,524,-0.0390109662863,1.78780303447
525,525,-0.127223583076,1.56731727985
526,526,0.0151575540201,1.55800161556
527,527,-0.0256308777611,1.61073263119
528,528,-0.391265708075,1.54002533751
529,529,0.0743663297792,-1.91785676709
530,530,-0.119450856468,-1.54613050891
531,531,0.102362762948,-1.86211856784
532,532,-0.0970872607365,1.73665383162
533,533,-0.801055683923,1.29136293275
534,534,-0.280258472268,1.85635170421
535,535,0.458336194057,-1.6694754477
536,536,-0.337895893164,1.62830325649
537,537,-0.277857959264,1.92982463144
538,538,-0.481946728868,1.67927993379
539,539,-0.466769249476,1.54590872916
540,540,-0.254055154789,1.51662395543
541,541,-0.0170856025437,1.88174575711
542,542,-0.188211196591,1.72258454822
543,543,0.57999054601,-1.62904520515
544,544,1.77228055645,0.15495471832
545,545,2.0658425644,-0.311337200886
546,546,2.01786557232,0.0273731251751
547,547,1.90945932608,0.0440974975162
548,548,1.97971037774,0.111536495208
549,549,0.0665440685787,-1.71831324629
550,550,0.162661716966,-1.67648772158
551,551,0.636969540933,-1.00137384222
552,552,0.0110252464857,1.89709357296
553,553,-0.309992452678,1.60238740936
554,554,0.583185421101,-1.40606558627
555,555,1.22752514742,-0.71256897917
556,556,-0.0133950669321,1.07822961793
557,557,-0.595095574616,0.28252130449
558,558,-0.583149109469,0.922520136027
559,559,0.318777792722,0.769290682921
560,560,-0.562398837284,1.14891944142
561,561,0.841638139487,-0.390805712263
562,562,1.56793778411,0.177250103002
563,563,2.03770901916,0.163844759075
564,564,2.10566208331,0.216767810909
565,565,0.968754730426,-1.02165626314
566,566,1.98158094004,0.168881215582
567,567,1.96698279697,-0.241750103679
568,568,2.07304242618,0.0606039588329
569,569,2.0576485916,0.112464422651
570,570,-0.105426355046,-1.79171773385
571,571,0.0720874470649,-1.73626407507
572,572,0.0604795590612,-1.6790779874
573,573,0.917847729009,0.121571438903
574,574,1.03840090938,-0.458428832516
575,575,0.0318437902923,-1.82108784699
576,576,-0.142450807389,1.80349115844
577,577,0.309529784992,-1.53411461671
578,578,1.41045445369,0.72673617963
579,579,0.14134212944,-1.86895718629
580,580,0.111269337626,-1.80987627491
581,581,0.0489468961373,1.82269163665
582,582,-0.130824199731,1.66843513193
583,583,-0.0209053312456,-1.58993324457
584,584,2.10610889138,-0.00768480234157
585,585,2.19628129787,0.064337699575
586,586,-0.0488276029928,-1.83188886859
587,587,1.86474046241,-0.0608381992792
588,588,0.0164363618733,-1.84877108877
589,589,0.589200137178,-0.893017532728
590,590,-0.305615880022,1.32860999074
591,591,-0.920272320362,1.01049522762
592,592,-1.12178830927,0.863460694004
593,593,-1.22648002534,-1.28240986557
594,594,-0.502031408847,1.29026161458
595,595,-0.165882936169,-1.65934544463
596,596,0.620892739649,-0.466334064824
597,597,1.77254290165,-0.0277363093735
598,598,0.936250180097,0.994425706115
599,599,0.350710599416,-1.81788460223
600,600,-0.174703794435,1.76333334667
601,601,-0.0727942790532,1.79216751214
602,602,1.8442771668,-0.167998164686
603,603,0.0271882169279,-1.83956736162
604,604,0.170692165749,-1.84331856278
605,605,1.39240973415,0.929955205336
606,606,0.462937482475,2.22444126786
607,607,0.448990224844,-1.40942959262
608,608,-0.687464186417,1.56960720321
609,609,0.629808557238,-1.79479498547
610,610,-0.297019088456,1.33168244361
611,611,1.20426029412,-1.57166178837
612,612,1.55753752059,0.387442658075
613,613,0.827836051136,0.613972337891
614,614,0.59912229263,1.64011595445
615,615,0.853189960558,0.499322125674
616,616,0.388272386209,0.807320545066
617,617,0.697894176971,0.758081840265
618,618,0.809577664788,0.834797462563
619,619,0.597263834897,-2.07386541792
620,620,0.706911196101,1.38255362398
621,621,1.72445121727,-0.18449268102
622,622,0.447480291549,-2.13131532233
623,623,1.53279741245,0.759584194892
624,624,0.680454132024,1.74849738404
625,625,-0.359670630896,-1.26345397257
626,626,-0.709197822374,-1.25101027128
627,627,0.385943599232,1.54820052915
628,628,1.2759482261,0.868492374637
629,629,1.18152730331,0.321315101875
630,630,-0.677525797199,-1.26432311271
631,631,-0.103368499334,-1.69676677366
632,632,-0.781476715505,1.10891427745
633,633,-0.754209746874,-1.20101920413
634,634,2.10160543736,-0.10174648849
635,635,-0.163435782666,-0.0233262259062
636,636,-0.956684325389,0.750376479099
637,637,-0.270180381547,0.599057598146
638,638,1.87849648036,-0.0102655660715
639,639,0.20889489561,0.168842197614
640,640,-0.441959687367,-1.7043089272
641,641,0.986703248401,0.736330908452
642,642,0.949036357553,1.21281252051
643,643,-0.437806291186,-1.48691746675
644,644,-0.0175886879439,2.40789166225
645,645,-0.125571287753,1.63656788544
646,646,0.68136857235,0.560586330357
647,647,1.18390902281,0.824791897674
648,648,1.17802996447,0.722872269801
649,649,0.190785135201,1.53992968215
650,650,1.07708191299,0.41248013978
651,651,-0.342345848398,-1.45300407735
652,652,-0.286985789851,-1.6351686243
653,653,1.9902172798,0.0352323235428
654,654,0.465045243928,1.69055357466
655,655,0.76278222753,0.712671177651
656,656,-0.63656486633,-1.64256773821
657,657,1.78867490716,0.733041239804
658,658,0.0629301783261,1.52623215819
659,659,1.30896695806,0.308516226597
660,660,1.09413517198,1.40700761658
661,661,1.15221492639,1.61979722913
662,662,0.957570796608,1.76109433265
663,663,0.542948905501,1.16044657392
664,664,0.841136045146,1.42772660949
665,665,0.625003313002,1.5228402199
666,666,1.04001696543,1.58199439105
667,667,0.19416544173,-2.51825585453
668,668,-0.344530047209,1.99466875961
669,669,1.2446960114,1.33765422438
670,670,-0.227839101536,-1.54315173435
671,671,0.81915098267,1.14718638151
672,672,2.11318606532,-0.176698386628
673,673,-0.0610294676537,1.35064902676
674,674,-1.01640741142,1.47960875579
675,675,0.90694433233,-0.867910022869
676,676,0.359071748335,2.01258939049
677,677,1.26320442694,1.10830211681
678,678,1.48956206277,1.13815967673
679,679,-0.155689053704,1.97455248778
680,680,1.33779779314,0.428156254767
681,681,1.57956798742,0.0722705750936
682,682,1.93063718884,-0.4786198087
683,683,1.28536998873,0.863007446489
684,684,0.792175760358,1.47902923941
685,685,0.166312458769,2.13402766617
686,686,0.289076347795,1.75202381822
687,687,0.0508875321528,1.7640401756
688,688,0.306168543128,1.49343465173
689,689,-0.0888067417408,1.95156844872
690,690,0.122076630139,1.79227091912
691,691,1.20263200222,0.756107627467
692,692,1.28189231867,1.02249464579
693,693,-0.107602798051,-1.49823042934
694,694,0.612967640543,1.38849259708
695,695,0.0151479286165,-1.80367058099
696,696,0.36136506374,1.24157191849
697,697,1.0805965277,1.94721915829
698,698,1.52383091341,0.305730547662
699,699,2.07879231017,-0.289660404827
700,700,-0.0535212894785,-1.56706484666
701,701,-0.266702965485,1.26728130537
702,702,0.0778962148164,2.03835327594
703,703,-0.0258298726751,2.05266977783
704,704,-0.489277574514,-1.29035255637
705,705,-0.0768725880042,1.95954044929
706,706,0.540140252504,1.23022395712
707,707,0.00374525433475,-2.1922754621
708,708,0.282035207992,1.58203640214
709,709,0.71005517311,1.12831644675
710,710,-0.23934890259,-1.82290715489
711,711,1.10946765759,0.562507628079
712,712,0.150839168765,-0.612852565841
713,713,-0.848370784761,-1.47813576102
714,714,-0.221394680061,-2.15867631186
715,715,-0.103964292231,1.66582677027
716,716,0.216846582887,1.99819625295
717,717,-0.372734903812,-2.42041568485
718,718,0.604686851409,0.951843212005
719,719,-0.151612580799,-1.65001150742
720,720,0.57085452225,1.4825029913
721,721,0.036102746874,-1.51395140247
722,722,-0.643142687998,-1.73755331092
723,723,1.08053144959,1.22528331206
724,724,0.566039781541,1.33917729761
725,725,0.943744432791,1.29515430088
726,726,0.0741048814277,-2.38130762079
727,727,-0.261684982994,-1.44992967532
728,728,1.08222492689,-0.690189126204
729,729,1.79837031622,0.439730779088
730,730,-0.26922963524,-1.63961522415
731,731,0.299971886781,-2.58164621993
732,732,-0.334653098696,-1.76672675297
733,733,1.53831064456,0.0699200013921
734,734,0.207324666573,-2.22347855556
735,735,-0.0076776551957,1.95358848475
736,736,-0.07919939766,-1.61556535655
737,737,-0.250325721089,1.5212256875
738,738,1.28410272696,-1.37295353275
739,739,-0.932349542126,2.02823743015
740,740,0.67670231002,-1.9682868437
741,741,-0.0728230007194,1.85085107627
742,742,-1.04370480458,1.62522153709
743,743,0.739496498744,-1.68492961578
744,744,0.493703685015,0.332116594664
745,745,-0.34772500101,-1.6879967408
746,746,0.472805046519,-1.66006283357
747,747,0.803230254205,-0.678903714116
748,748,1.0814104223,-0.797053815566
749,749,0.252099064477,-2.53829787699
750,750,-0.440510631764,-1.94396920884
751,751,-1.04995084886,-0.650422159249
752,752,0.273340998794,1.78111745087
753,753,2.06012055393,-0.372723895457
754,754,-0.309703338722,-2.15713057233
755,755,0.0918496556002,-1.79713643155
756,756,0.102297582828,-1.82076983029
757,757,-0.116435136669,-1.53543932968
758,758,-0.27197920251,-2.02469388752
759,759,0.00824833085015,-1.72252919745
760,760,-0.133505775415,-2.22541347578
761,761,-0.497550243617,-1.99071520272
762,762,0.266661720177,-2.42927881672
763,763,0.19214166619,2.32472419231
764,764,1.70507775473,0.193861400309
765,765,-0.122867461226,-1.75868124764
766,766,-0.928443166632,-1.24664738922
767,767,-0.491534686095,-2.07003455396
768,768,-0.388036870343,-2.08716656003
769,769,-0.831411316981,-0.851145467607
770,770,-0.434119508024,-1.63595997845
771,771,0.000323007949649,-1.74850263959
772,772,0.195875039674,-2.06174883124
773,773,0.918511227481,-1.58452047069
774,774,1.52847127997,1.09862973541
775,775,0.188660113882,-1.57998005507
776,776,0.459052767556,-1.65975677558
777,777,-0.156436420444,1.96722358923
778,778,0.562100725761,1.14187855629
779,779,-0.336610441725,2.07130169975
780,780,0.15867469737,-1.29758175165
781,781,0.155915977137,1.42977030315
782,782,-0.0923618848493,-1.90437430703
783,783,0.0800442853937,-1.94212000058
784,784,0.30019080629,-1.84436866662
785,785,-0.25032388392,1.65696439726
786,786,0.0210928297979,1.75868908043
787,787,-0.191531850209,1.73661722582
788,788,-0.216872138211,1.780147896
789,789,0.309049579049,-1.79700585451
790,790,-0.141488708924,-2.12992004446
791,791,-0.0367441767113,1.56554304352
792,792,0.115584697425,-1.68964904823
793,793,0.923302867224,-1.24161331295
794,794,-0.128517309626,1.87484870663
795,795,-0.024641199793,1.60643039063
796,796,0.163256020232,1.8844972496
797,797,0.531094276028,-1.86692423836
798,798,1.69066776757,0.306629382613
799,799,2.10330214268,0.00648090260655
800,800,2.01198742405,0.0175622908909
801,801,1.74576556,0.000756847096055
802,802,0.151003866031,-1.90033217354
803,803,0.141959822711,-1.80768513587
804,804,1.88408322209,0.0703000598075
805,805,-0.162090298764,1.82574485317
806,806,-0.106125208726,1.74447412019
807,807,-0.245548086561,1.8033620296
808,808,-0.0970207822459,1.70578647609
809,809,0.0868080422089,-1.65321525506
810,810,0.202060410303,-1.85130848855
811,811,0.0288579106836,-1.74416381869
812,812,-0.125212743525,1.64033671359
813,813,-0.0796171079143,1.7087077744
814,814,0.300565543297,-1.4432669476
815,815,1.85511060975,0.133630561416
816,816,-0.463356188853,1.78970798983
817,817,-0.191869659853,1.87402018653
818,818,0.348630984859,-1.64836080262
819,819,0.181195306436,-1.71435982076
820,820,-0.0176480059117,1.90876016972
821,821,0.278145645818,-1.75188764746
822,822,2.30982988717,-0.188481632677
823,823,2.00244300499,0.12166739496
824,824,-0.0252834090031,1.72978864051
825,825,-0.106534201709,1.8122293443
826,826,1.92223674293,0.0765563216869
827,827,-0.0614357201741,1.72512400461
828,828,0.0271892737942,-1.60340239891
829,829,0.1822294168,-1.83024643271
830,830,0.099530240953,-1.69348019654
831,831,2.13312094304,0.166640780791
832,832,0.00728318406972,1.55854875938
833,833,-0.13156633427,1.70353810577
834,834,-0.0337639461066,-1.57796890798
835,835,1.57902392434,0.399548137531
836,836,1.50360600726,0.410656899779
837,837,2.07247361772,-0.145773393171
838,838,1.62559553307,0.0770907500774
839,839,0.207254903563,-1.75683968019
840,840,0.194287109774,-1.74071891475
841,841,-0.0840865089197,1.67795786774
842,842,0.441210119151,-1.67011888335
843,843,0.196711188108,-1.73532814605
844,844,0.112374961971,-1.73372591539
845,845,-0.185420896767,1.41413614815
846,846,0.0572518053973,1.77530885815
847,847,-0.0566265720717,1.4965768469
848,848,-0.221855137748,1.70035892771
849,849,0.087979193099,1.8349399085
850,850,0.124832981712,-1.70839640545
851,851,-0.229694282989,1.79338264754
852,852,0.52540174738,-1.81165264618
853,853,-0.227450856803,1.99820607349
854,854,0.112130294866,-1.73216814138
855,855,0.112987806595,-2.07087829632
856,856,2.05958805067,-0.238458213516
857,857,0.177529766823,-1.76888888248
858,858,-2.15926416457,0.00795473308872
859,859,-1.03692948324,1.13001842571
860,860,-1.02683349101,0.867867060264
861,861,0.468884902251,-1.08686867328
862,862,-0.773180766761,-0.993995021096
863,863,-0.62444077176,1.45325443301
864,864,-0.0674096140084,-1.69167182309
865,865,1.5803689829,0.25816810198
866,866,1.90863023056,-0.0239667045569
867,867,2.08584443413,0.165478129524
868,868,0.138586077017,-1.9071718974
869,869,0.229015020916,-1.56492389682
870,870,0.601223782412,-0.960704468228
871,871,1.99454336356,0.299338569175
872,872,0.0887061080819,-1.87076198092
873,873,-0.549873421976,1.46342474774
874,874,-0.00633381863924,1.35827937535
875,875,2.03088384833,-0.000161132920991
876,876,-0.150754032075,-0.375694098043
877,877,-0.0574870863051,-1.11559359446
878,878,0.106573526505,-1.84079177018
879,879,-0.105586098768,-0.981134938769
880,880,-0.45451603888,1.41906256481
881,881,-0.0613255071784,1.74451400956
882,882,1.67676880821,0.032275270661
883,883,1.76617769586,0.173008198179
884,884,2.00852820436,0.176313845544
885,885,0.153387078133,-1.78461691945
886,886,0.139156186731,-1.62575941094
887,887,0.264264613753,-1.72978521856
888,888,2.00752909897,0.0426379678289
889,889,0.106918535613,-1.77887943442
890,890,0.254199994691,-1.80881157859
891,891,1.58403987011,0.444814866482
892,892,0.0151709294491,1.8507917689
893,893,0.233602762289,-1.80790774398
894,894,0.554697152685,-1.45390956956
895,895,0.331881400131,-1.66139375934
896,896,0.267671915439,-1.8239572497
897,897,-0.0321944742467,-1.82546951975
898,898,0.875795452675,0.77793615309
899,899,0.30785352446,-1.67081651889
900,900,1.16578215115,0.549225260298
901,901,0.0407717558073,1.80007361832
902,902,0.742261541489,-1.26946820589
903,903,0.12218509076,1.55018426542
904,904,-0.341896482254,1.41018615682
905,905,1.39922986702,0.393952124944
906,906,1.4189213763,0.374041920168
907,907,1.51145634298,0.527202611834
908,908,1.16979153762,-0.285636807586
909,909,1.68906302812,0.0559062114879
910,910,1.85225217417,0.123392187475
911,911,-0.277650105114,1.76047490188
912,912,1.9459679711,2.31236085192e-05
913,913,1.96022864245,0.237764653188
914,914,1.607293314,-0.430689308391
915,915,-0.135884691039,1.33799081499
916,916,-0.103391515605,1.58970254505
917,917,0.00611813678662,-1.69496350812
918,918,0.0261688564344,-1.5201704402
919,919,1.44936156712,-0.326825585581
920,920,0.58875146327,-1.53577835128
921,921,0.617756829856,-0.246586162948
922,922,0.0918053273916,-1.64618556798
923,923,0.315479480624,-1.58073462279
924,924,-0.445000400196,1.61250258647
925,925,-0.123188605331,1.40316784171
926,926,-0.484449571175,-1.37128703045
927,927,0.163350839898,-1.74122730782
928,928,-0.192151205042,1.12789219394
929,929,0.383640202357,1.3726784561
930,930,-0.194104646015,1.6805004236
931,931,2.06209167996,-0.0113731702726
932,932,0.944877879613,-0.850773427066
933,933,1.90496285118,0.0238407312936
934,934,2.05650555593,0.0674450092899
935,935,-0.815174974694,-1.10711318406
936,936,0.738486965643,0.528918980186
937,937,1.05530071743,-0.602058763889
938,938,0.147748359803,-1.56143624666
939,939,-0.777738097462,1.04576251429
940,940,-0.306003916505,1.30179326545
941,941,0.74452419476,1.06190479475
942,942,1.59202514308,0.361268446585
943,943,-1.07589696587,0.25375503459
944,944,0.0227925692293,0.7784567244
945,945,-0.209039069683,-1.37625178234
946,946,-0.866527597842,-0.9575969916
947,947,-0.251293934428,1.29845209748
948,948,-0.637675924316,-1.08654469994
949,949,-0.345195248601,-1.45549514744
950,950,0.389674162032,0.856689981051
951,951,0.235110683134,0.876842390898
952,952,0.191712103561,-1.62723995565
953,953,0.0583998009737,-1.68363893023
954,954,0.38409826195,0.867842990359
955,955,-0.156757936078,-0.827401490326
956,956,0.00441668610553,1.67996210228
957,957,0.359740773342,0.973934004558
958,958,0.169220588625,-1.50165593342
959,959,-0.0262915323631,-1.7085679956
960,960,-0.14965627858,-1.67611270506
961,961,0.248150355428,-1.7413707691
962,962,-0.0677980909889,1.97651936263
963,963,0.889614410758,-0.549982253692
964,964,0.148443047943,-1.85210148712
965,965,-0.12203900183,1.7546889498
966,966,0.957982659872,-0.22261162073
967,967,1.99027672424,0.207366186828
968,968,-0.62524318139,-1.26561122333
969,969,-0.823246559613,-1.0079226664
970,970,-0.622574126907,-1.26411449831
971,971,0.0842240521433,1.44461659766
972,972,-0.823239790432,-0.55071248697
973,973,-0.768500730557,-0.890394700938
974,974,-0.732152834583,-1.08173089505
975,975,-0.881752850572,-1.13184573993
976,976,-0.508553243601,-1.29093675069
977,977,-0.30086094178,-1.54755721356
978,978,-0.503609485969,-1.2814884559
979,979,-0.0232529149829,-1.63786533194
980,980,0.335019411411,-1.04828365138
981,981,1.96758454618,0.0853159464451
982,982,0.156427771074,-1.54011021528
983,983,-0.595450070426,-1.04367629004
984,984,-0.0127527315868,1.80031846891
985,985,-0.16303383361,-1.29059030792
986,986,-0.513725740339,-1.28029820387
987,987,-0.54956816211,-1.21118069304
988,988,-0.0508832126466,1.19793116933
989,989,-0.6357356772,-1.24865086432
990,990,-0.534051781461,-1.05418786091
991,991,-0.0281900865221,1.99178587239
992,992,0.153261019938,-1.512149114
993,993,0.116338171713,-1.76676944412
994,994,0.220827449851,-1.95305984989
995,995,1.51710620903,0.408686209583
996,996,0.0564581659118,-1.58727334727
997,997,-0.420695146484,-1.22554566687
998,998,-0.860585810673,-0.842207319279
999,999,0.15984660276,0.494514485227
1000,1000,-0.440275256805,0.932800244147
1001,1001,-0.554141640303,0.992816875004
1002,1002,-0.896717188941,-0.82311666781
1003,1003,-1.19926252037,-0.421864147626
1004,1004,-0.0847507907125,1.85682341987
1005,1005,-0.390620557402,1.74657782841
1006,1006,0.718730624582,-1.37757316828
1007,1007,0.31726765181,-0.350870401972
1008,1008,-0.233181527004,1.8548838915
1009,1009,0.619221331722,-1.35992277575
1010,1010,1.96781837144,0.0242690429492
1011,1011,1.66003994687,0.1425613741
1012,1012,1.97610368901,-0.0463220941803
1013,1013,0.530688932773,-1.35287264439
1014,1014,-0.0248977207414,1.80362166392
1015,1015,0.197472961392,-1.8328539121
1016,1016,-0.663837749043,-0.625313200165
1017,1017,-0.443702532756,1.6051483817
1018,1018,1.92716458457,0.0604042704393
1019,1019,-0.290818604509,1.55697496645
1020,1020,0.288809567075,-1.58576441342
1021,1021,0.690052585431,0.138429239398
1022,1022,0.185334381925,-1.45363543511
1023,1023,-0.411144494401,1.58875533084
1024,1024,-0.374170073908,1.02798111248
1025,1025,-0.143891226709,0.984731559417
1026,1026,0.520641542924,0.382531648679
1027,1027,-0.270480011465,-0.0834866770236
1028,1028,-1.14894912605,0.349073414044
1029,1029,1.83636743034,-0.110557161115
1030,1030,-0.388917936432,1.09090460875
1031,1031,0.357356991091,1.39684309697
1032,1032,-0.403705053332,1.08168443813
1033,1033,-0.764242540508,-0.385042066889
1034,1034,-0.234957535541,-1.35414926883
1035,1035,0.529422485924,-0.783397211288
1036,1036,-0.372869908178,-0.734558601785
1037,1037,-0.137100638923,1.95535071455
1038,1038,1.08248105645,-0.724610780357
1039,1039,1.83190845083,-0.210186704722
1040,1040,-0.0762211499462,-1.86399195259
1041,1041,1.94187845814,-0.0804565408545
1042,1042,-0.119335310271,-1.59984387756
1043,1043,0.0041826369897,-1.85416606382
1044,1044,-0.411217240567,1.33506307903
1045,1045,-0.370169110335,1.39467213448
1046,1046,-0.331239178649,1.67053672079
1047,1047,-0.150883186384,1.40010917765
1048,1048,0.586185520263,-1.37463842424
1049,1049,-0.107802920279,1.76376177375
1050,1050,0.725426705241,-1.28724082684
1051,1051,0.112516580269,-1.74926812498
1052,1052,-0.383881607435,1.55489360736
1053,1053,-0.349170629195,1.61294958001
1054,1054,-0.299773254021,1.64136168565
1055,1055,0.10168150815,1.65846910978
1056,1056,0.40566903524,-1.57692334173
1057,1057,0.247525650667,-1.53540766656
1058,1058,0.107803496671,-1.80727567774
1059,1059,0.117063739744,1.57270791839
1060,1060,0.0911065654001,1.65449687412
1061,1061,0.631107365621,-1.33853644407
1062,1062,-0.200626887024,-1.81740338102
1063,1063,0.180915844284,-1.52689065144
1064,1064,-0.0161724494905,1.69051571904
1065,1065,-0.288461348542,1.83424834723
1066,1066,0.0605466868781,1.87611147611
1067,1067,-0.249276499309,1.79710554239
1068,1068,0.436489924062,-1.70869443161
1069,1069,0.147612332642,1.75079538573
1070,1070,-0.177078908833,1.7981669304
1071,1071,0.212251719533,-1.67464398116
1072,1072,1.60512664615,0.375291434399
1073,1073,0.199227879417,-1.62883344463
1074,1074,2.07053153403,-0.00272477272424
1075,1075,-0.879911217369,-1.07224049633
1076,1076,0.566703664959,0.633061179088
1077,1077,-1.14528061732,-0.941251507911
1078,1078,-0.914015919498,-0.979261516745
1079,1079,-0.291696085543,1.44605298488
1080,1080,-0.932170996065,-0.897798455751
1081,1081,-1.00382388812,-0.853423173431
1082,1082,1.90310178536,-0.00149754142124
1083,1083,-0.746210274141,-0.96985058308
1084,1084,-0.233856251193,1.55824569183
1085,1085,0.318313116216,1.29246173579
1086,1086,-0.146653790319,0.424865491127
1087,1087,-1.16137083019,0.72456456683
1088,1088,0.420354985038,1.40283871348
1089,1089,-0.283775198731,1.13403051586
1090,1090,-0.356479908947,-0.903620773258
1091,1091,-0.926136289448,0.773248730707
1092,1092,0.208366456533,1.27309610048
1093,1093,-0.411598583774,-1.35953596248
1094,1094,-0.178434183456,-1.81112055104
1095,1095,-0.40229215528,1.64875617695
1096,1096,0.131457538214,-1.64005515679
1097,1097,-0.0350417188196,-1.93201296945
1098,1098,0.290607973538,-1.78942869168
1099,1099,-0.0257156638692,-1.59514398481
1100,1100,0.285514180155,-1.50362030383
1101,1101,-0.966699311739,-1.28420125518
1102,1102,-0.0565132239656,-1.56285332506
1103,1103,0.346915913316,-1.86297737575
1104,1104,-0.883890095429,-1.39811249864
1105,1105,-0.0178518327271,-1.71841188902
1106,1106,1.85450982193,-0.0351308539895
1107,1107,-0.292586380178,1.8176573765
1108,1108,-1.05385792236,-1.19703158233
1109,1109,-0.0405314678417,1.45820407107
1110,1110,0.34401207073,-1.21092532032
1111,1111,0.0551130982546,1.62753972969
1112,1112,0.541249935937,-1.57486174278
1113,1113,2.00694079594,-0.0592157773568
1114,1114,1.2124923026,0.275683388957
1115,1115,0.0465676451148,-1.81322411376
1116,1116,0.159857998252,-1.90661091102
1117,1117,-0.688292867575,1.24087985294
1118,1118,0.531039639515,-1.44871475534
1119,1119,1.00484664017,-0.843473766355
1120,1120,-0.292793698491,1.43306983895
1121,1121,-0.478750825725,1.83966779347
1122,1122,-0.282396615669,1.71195131504
1123,1123,1.12724985828,0.262219496489
1124,1124,-0.308889237289,-1.16064970652
1125,1125,0.669651490258,-1.46606749818
1126,1126,-0.167667592308,1.72305830582
1127,1127,0.29977224167,1.23899155752
1128,1128,1.12655849268,-0.614595925266
1129,1129,-0.323083373865,1.71442517693
1130,1130,0.722566717547,-1.39834136645
1131,1131,-0.509626051132,-1.03953058245
1132,1132,0.402047503945,-1.68876016899
1133,1133,0.0887561639699,-1.50484268863
1134,1134,-0.0589933234144,-1.85882532259
1135,1135,0.399950627944,-1.62326115266
1136,1136,-0.221536724979,1.84255060051
1137,1137,0.155472180548,-1.70045812034
1138,1138,0.0186959974036,-1.6446582211
1139,1139,0.0656450621958,-1.77537149247
1140,1140,-0.0972008883843,1.93412253423
1141,1141,0.289387997822,1.61318466988
1142,1142,-0.259552747678,1.85489537419
1143,1143,0.870025315873,-1.18885470979
1144,1144,1.20396231572,0.689317443564
1145,1145,2.09643369779,-0.110020008721
1146,1146,0.702748732613,1.23512362376
1147,1147,-0.0171330742451,1.67872722121
1148,1148,0.0961713613552,-1.8449565827
1149,1149,0.137969289388,-1.75402488759
1150,1150,1.99250301518,0.105780902636
1151,1151,-0.0297148870346,1.69247668802
1152,1152,-0.0851798006997,1.81672765293
1153,1153,1.80176569678,-0.0660877609581
1154,1154,0.077407985125,-1.9487379974
1155,1155,0.146539549107,-1.853467504
1156,1156,1.68804392493,0.110875904031
1157,1157,-0.182274244459,1.6963348171
1158,1158,1.7971265202,0.0293977447599
1159,1159,1.97343623366,-0.0978232734605
1160,1160,0.039426507897,1.72342779586
1161,1161,0.189156881864,-1.02583754873
1162,1162,-0.251723661908,1.77611974957
1163,1163,0.016349477292,1.60118683868
1164,1164,0.193558290934,-1.39530525144
1165,1165,1.37687101891,0.280929543656
1166,1166,0.311334949091,1.56972493406
1167,1167,1.91167633745,-0.0345207989963
1168,1168,0.65876762789,-1.25107897137
1169,1169,2.00268680201,-0.0703387125001
1170,1170,1.72320482697,0.0582453994325
1171,1171,0.0749696021792,-1.51824466236
1172,1172,0.147290867076,-1.82979660076
1173,1173,-0.168996228473,1.75257075674
1174,1174,-0.169384834342,1.86416861441
1175,1175,0.157967743606,1.68537092824
1176,1176,-0.117979671015,1.75781464203
1177,1177,0.0909592112428,-1.38186500918
1178,1178,1.38703466908,0.36013593762
1179,1179,0.0756120960468,-1.72907374376
1180,1180,-0.00136477671064,-1.76418753982
1181,1181,1.69409748171,-0.0849020322944
1182,1182,-0.0794332088607,-1.68011727998
1183,1183,-0.312264235964,1.81549336242
1184,1184,-0.0907498055626,1.8864257233
1185,1185,0.454589894446,-1.42966355931
1186,1186,0.0214342982571,-1.76922513969
1187,1187,-0.00149321179234,-1.57297374018
1188,1188,0.720435312719,-1.39356239833
1189,1189,0.0258689300735,-1.74245805919
1190,1190,0.145394382182,-1.7255049085
1191,1191,0.268758774642,-1.56175851817
1192,1192,-0.108136262599,-1.63424283171
1193,1193,-0.109017917832,-1.81720947442
1194,1194,0.00385280485205,-1.64265382277
1195,1195,-0.103833305646,1.58551099064
1196,1196,1.84785590844,0.0808928491237
1197,1197,1.84761554278,-0.0161256004459
1198,1198,1.96817893073,-0.100697684641
1199,1199,2.00445300126,-0.108420093505
1200,1200,0.225130765675,-1.66303865752
1201,1201,0.439140978081,-1.68386206666
1202,1202,-0.418709179665,1.65195858465
1203,1203,-0.285015144707,1.7378907338
1204,1204,-0.573468071822,1.63785390015
1205,1205,0.389171910181,-1.42250635951
1206,1206,-0.160669857507,1.77240772645
1207,1207,0.0933437421333,-2.04735887821
1208,1208,0.404367510306,-1.57905728445
1209,1209,1.91724068389,0.198866976968
1210,1210,2.04804354405,0.000329992557092
1211,1211,-0.313034507837,1.73176388442
1212,1212,0.550507266321,-1.53902519676
1213,1213,1.81891180585,-0.0248487840099
1214,1214,1.67472013218,0.587387833577
1215,1215,0.0863256138275,-1.86594691485
1216,1216,0.20992427839,-1.63855417163
1217,1217,0.012024441014,-1.56688847482
1218,1218,-0.0696739365622,-1.5626680352
1219,1219,1.99629601966,0.0554215737618
1220,1220,1.04975728427,-0.874365609638
1221,1221,1.07754285707,-0.932487518789
1222,1222,1.09846329813,0.563172659472
1223,1223,1.13722094097,-0.933048973708
1224,1224,2.14053380527,-0.0925973694408
1225,1225,2.0477303576,0.0125509594291
1226,1226,0.272709820371,-0.0946184313002
1227,1227,-0.124350489488,1.82619948069
1228,1228,0.493903836826,-0.0255291908088
1229,1229,-0.26950936002,1.81257371531
1230,1230,-0.0489336017924,-1.81418426402
1231,1231,0.336674908304,-1.70073229382
1232,1232,-0.159541629988,1.86762065662
1233,1233,0.715356213402,-1.59243342156
1234,1234,-0.0989999897124,1.87992674002
1235,1235,0.00651866553272,-1.55933930202
1236,1236,2.03258165409,-0.0923728929398
1237,1237,0.23620349625,-1.68248931829
1238,1238,-0.268648197368,1.63139847365
1239,1239,0.704972362463,-1.65207124191
1240,1240,0.0227026181292,-1.71147725139
1241,1241,1.89194514521,0.239461670048
1242,1242,0.0533935158826,-1.89376641792
1243,1243,0.0124339045453,-1.68180122326
1244,1244,0.183244680034,-1.88961611701
1245,1245,-0.160414802124,1.72029559155
1246,1246,0.120032721176,-1.99761005031
1247,1247,-0.00687660325355,1.72106565717
1248,1248,-0.194345117363,1.61290978211
1249,1249,0.111469430053,-1.79721357538
1250,1250,-0.0773123314636,1.85018586513
1251,1251,0.00318794791164,1.69429279887
1252,1252,-0.0224823803887,1.69677420978
1253,1253,0.273130380857,-1.49877753161
1254,1254,1.58714332062,0.218345040102
1255,1255,2.22571520964,-0.0638226737826
1256,1256,1.95347094589,-0.00716837385554
1257,1257,2.04197641905,0.104538916558
1258,1258,1.89123454869,0.298793126235
1259,1259,1.92405541683,0.0743187168765
1260,1260,1.99900940013,0.0138973858876
1261,1261,1.7052742714,-0.0462894308913
1262,1262,0.14395736511,-1.55469024604
1263,1263,0.228433735046,-1.63442863392
1264,1264,1.92363057278,-0.107666545201
1265,1265,0.0543825249321,1.89628889789
1266,1266,1.28020925643,-0.0313575772953
1267,1267,1.69533759771,-0.0954000008949
1268,1268,-0.0815780147958,-1.71315793109
1269,1269,0.171308517272,-1.63246015769
1270,1270,1.94836547261,-0.0909694988289
1271,1271,-0.0700618979242,1.62258208878
1272,1272,1.63846498103,0.418506168328
1273,1273,0.0584870097781,-1.76557853167
1274,1274,0.625580717927,-0.539721971726
1275,1275,-0.177726366282,1.85967124928
1276,1276,0.208969819507,-1.72483471154
1277,1277,0.248143124687,-1.55456735997
1278,1278,1.99189914782,-0.110185230278
1279,1279,1.90769350163,0.111291469675
1280,1280,0.674872511157,-0.150199989437
1281,1281,1.81490241843,0.143678330559
1282,1282,1.86690101916,0.0428167247097
1283,1283,1.77132796783,0.182802909435
1284,1284,-0.188632576288,-1.45220437314
1285,1285,0.623720602422,-1.27705127071
1286,1286,0.00916801302104,-0.573263014172
1287,1287,1.36775092049,0.472322434631
1288,1288,0.0916574775337,-1.76744444821
1289,1289,-0.0773463729216,-1.7266513134
1290,1290,0.101869995541,-1.82361894618
1291,1291,0.846968554989,-0.546313870158
1292,1292,0.298197336249,1.40392128942
1293,1293,1.90324894699,0.0934162522262
1294,1294,2.0813453215,-0.146550471598
1295,1295,0.671750403804,-0.550399153941
1296,1296,0.0206386414695,-1.71675030737
1297,1297,0.185467131431,-1.78587927571
1298,1298,1.25998889307,-0.672829529289
1299,1299,-0.106048930727,1.76772268716
1300,1300,0.451045401205,-1.67617966755
1301,1301,-0.0498548093329,1.93930521417
1302,1302,-0.2912337576,1.73231944505
1303,1303,0.633245805366,-1.61034033707
1304,1304,-0.229507121406,1.56584786405
1305,1305,0.0580471403787,1.68074239759
1306,1306,-0.225755694904,1.88723253659
1307,1307,-0.142892648964,1.9217914606
1308,1308,-0.150625691091,1.88818749218
1309,1309,-0.0575918060534,1.75931230969
1310,1310,0.156128394118,-1.69976876297
1311,1311,0.0900814352618,-1.70959095641
1312,1312,-0.421277729126,1.89363502954
1313,1313,0.201098510402,-1.74434053919
1314,1314,0.608716638763,-1.59097069759
1315,1315,0.249751606435,-1.74463425331
1316,1316,-0.33789273556,1.7895038259
1317,1317,-0.133928946672,1.87349794421
1318,1318,0.205206255787,-1.80105848502
1319,1319,-0.260718670003,1.65647523187
1320,1320,0.0941575994358,1.70586992457
1321,1321,-0.211874272849,1.657962437
1322,1322,0.0213094631964,1.73122361391
1323,1323,0.0183243733636,1.75360037536
1324,1324,0.350882420738,-1.51669409551
1325,1325,0.91137615321,0.817126921032
1326,1326,1.92525239933,-0.116609573316
1327,1327,0.112101357023,-1.87777897122
1328,1328,0.0593341132342,-1.88855165107
1329,1329,1.94311096463,0.01584959115
1330,1330,-0.218002070922,1.93697344378
1331,1331,0.654394330192,-1.53401011262
1332,1332,1.41311899773,0.458447281814
1333,1333,0.0965482127709,-1.78186642976
1334,1334,-0.27509277535,1.91168808477
1335,1335,0.345116795108,1.95303020294
1336,1336,0.332567632554,1.8914304148
1337,1337,0.0949866119709,2.0011856671
1338,1338,1.72737573984,1.11856123263
1339,1339,0.212708336153,1.852173869
1340,1340,0.799162119902,1.19131861502
1341,1341,0.80477917951,1.20288685919
1342,1342,1.36079782976,1.34797744685
1343,1343,0.0265526614174,-1.96068142221
1344,1344,0.0766833389606,-2.07388379386
1345,1345,1.51201721941,1.10770972414
1346,1346,0.389512918896,1.25777685468
1347,1347,1.62588337685,0.36869022654
1348,1348,1.02412530581,1.83341415917
1349,1349,-0.127603647642,1.38301117533
1350,1350,-0.581667121755,-1.45689022897
1351,1351,1.31831001279,0.377022232176
1352,1352,-0.812589942571,-0.821610890131
1353,1353,0.0502413027446,-1.33950303258
1354,1354,0.380752188507,1.48537602487
1355,1355,1.02730471209,1.11172978489
1356,1356,2.28877345038,1.16924581125
1357,1357,0.829214943852,1.13346248022
1358,1358,0.602796594021,1.72952594579
1359,1359,0.910886822295,0.613290857042
1360,1360,1.92466046664,-0.0855278659078
1361,1361,0.481470852227,0.513435039169
1362,1362,-0.736045704401,-1.05053766839
1363,1363,-0.445544612769,-1.4285036298
1364,1364,1.55350780504,0.354579065341
1365,1365,1.42545349297,-0.763306021103
1366,1366,2.29175654188,-0.0865212154814
1367,1367,-0.306226326287,1.14929764272
1368,1368,0.0483279260866,1.71879359059
1369,1369,0.585760546995,-2.02096983924
1370,1370,0.60730552327,1.83417451242
1371,1371,2.41719915624,0.193714366426
1372,1372,1.5210557497,0.327767133904
1373,1373,0.121340163989,1.84986208503
1374,1374,1.26953728593,0.331106760593
1375,1375,0.793981918567,0.818463787114
1376,1376,0.618596092988,1.05273191505
1377,1377,-0.880330397942,-1.27650431861
1378,1378,0.237966348677,-1.69023373548
1379,1379,1.2929631484,0.888170462492
1380,1380,0.176215497216,1.66156481899
1381,1381,0.719271214898,1.19933141979
1382,1382,0.036756858664,-1.98607155094
1383,1383,0.0782915995477,1.89339087552
1384,1384,1.56998071999,0.569040681173
1385,1385,1.81977796821,0.32220977386
1386,1386,0.859295657482,0.239704458431
1387,1387,0.785436446222,0.957661887392
1388,1388,2.44838032647,-0.171495849864
1389,1389,0.910249276822,1.10149640096
1390,1390,0.271561629388,1.79144301393
1391,1391,-0.13410968591,2.36099382913
1392,1392,0.356641340091,-1.41704417674
1393,1393,0.515557060791,0.59422887176
1394,1394,0.798864460065,-0.0982210120772
1395,1395,1.99796050207,0.121940131105
1396,1396,1.98529936538,0.261480579738
1397,1397,0.47803729679,-1.22152227427
1398,1398,0.0986999600439,1.36821675309
1399,1399,-0.360365236744,-2.11660388977
1400,1400,1.18357883605,0.514103801263
1401,1401,-1.30669297285,-1.04242696255
1402,1402,-0.00167745243034,1.92133237685
1403,1403,0.937210019509,0.0360018489683
1404,1404,0.0222922091654,2.35950662017
1405,1405,0.776350289283,1.51404442782
1406,1406,0.143901884508,1.55452089471
1407,1407,0.0744336984383,2.17687724022
1408,1408,0.27784937217,1.75798418819
1409,1409,0.268632524672,2.45049301797
1410,1410,0.420231436225,1.90767761244
1411,1411,-0.0532324634189,1.83005601355
1412,1412,0.568835703297,1.99622631375
1413,1413,0.188415235522,2.03401824927
1414,1414,0.171524600997,2.19609837425
1415,1415,0.220757510658,1.71370143086
1416,1416,0.0829060753423,2.36000114962
1417,1417,1.92110777515,0.54091606877
1418,1418,0.485090045092,2.24605240152
1419,1419,0.703769804203,0.338931695509
1420,1420,-0.973210073702,-1.07004071471
1421,1421,0.167995239103,0.00712679137713
1422,1422,0.920893384555,-0.155789312112
1423,1423,1.79707763353,0.0210415584483
1424,1424,0.083884900269,-1.9185183172
1425,1425,0.552588194187,2.20665355223
1426,1426,0.208717834083,1.01461958171
1427,1427,1.8382119474,-0.0144150048507
1428,1428,2.02082068061,-0.0479223993431
1429,1429,1.84699592698,0.115483159347
1430,1430,1.37025877388,0.416701605692
1431,1431,2.44047486664,0.46068909248
1432,1432,2.15403932586,-0.255502643358
1433,1433,1.28380894325,0.220778769681
1434,1434,0.610999537691,0.574549699295
1435,1435,0.962451235719,0.664357542233
1436,1436,-0.468960862505,-1.95585930952
1437,1437,1.56815374179,0.529999322543
1438,1438,-0.113986565051,1.79446149824
1439,1439,0.99880642101,2.05315554181
1440,1440,0.599296529323,1.51885263573
1441,1441,0.59547009375,0.864787739147
1442,1442,0.391859714843,1.51768890341
1443,1443,-0.0630958890698,-1.82563674584
1444,1444,1.15636403508,1.57131319347
1445,1445,0.917702305862,1.75282897793
