,vote,alpha,beta
0,0,-0.156177799922,2.491088658
1,1,-0.65069699813,-2.63420000844
2,2,2.75479060998,-0.154969618736
3,3,2.62638894792,-0.188943778956
4,4,0.798151828077,-1.53770496357
5,5,3.70164943412,-0.513352664437
6,6,2.4141577235,0.744714543506
7,7,2.40840436571,0.801083524438
8,8,0.184735442758,-1.75585205192
9,9,1.30557546676,-1.30923727052
10,10,2.5681170358,-0.185202062243
11,11,2.7402969101,-0.552090225854
12,12,2.64822840432,0.169993911391
13,13,2.66473840573,0.129439370124
14,14,3.21084590798,0.417208377836
15,15,2.28719409025,0.144529009085
16,16,0.285466117042,2.66222887253
17,17,0.510301681567,-0.55231164863
18,18,2.98394907703,0.366339732559
19,19,2.52919436152,-0.327232746154
20,20,1.46540220882,-0.549245000037
21,21,0.0987706199727,-2.93594450143
22,22,-0.0853412596402,-2.41756762984
23,23,3.32248276696,-0.217133048919
24,24,0.956229888286,-2.35855755508
25,25,1.5010822491,-0.185313295106
26,26,-0.643619272815,-0.0445712672998
27,27,0.0100095660825,2.72097742263
28,28,2.41484301643,-0.0891387423726
29,29,2.61627782677,0.45582666356
30,30,2.51276146127,-0.0684351988416
31,31,3.11049473954,0.14207058024
32,32,-0.0518373427657,-2.66635185687
33,33,-0.0402802162161,-3.61834346393
34,34,1.41871717292,-0.30409390674
35,35,-0.241458719062,2.44771207241
36,36,-0.635628495099,-2.84962847106
37,37,0.0813105343506,-2.45957124449
38,38,0.182890529929,-2.90310473102
39,39,-0.98104727902,-1.38294451666
40,40,1.95886634948,-1.40051406089
41,41,0.0570920188249,2.93979260361
42,42,-0.276361671329,-2.2529000749
43,43,2.47394984983,0.422570935066
44,44,3.00895104483,-0.0536366101955
45,45,3.27868518631,-0.233519860005
46,46,2.398314117,0.317570500447
47,47,2.37230201114,-0.446756876434
48,48,2.89243617958,0.260902695398
49,49,2.46754954707,1.9591645402
50,50,-0.0393018305669,-2.77849558249
51,51,-0.0298021399099,-2.51444259546
52,52,-0.410258877912,3.17682751303
53,53,-0.239268521315,-2.86972285055
54,54,0.0814516828326,-3.19194430842
55,55,0.327575551433,-2.53441779274
56,56,0.765009573002,-2.67901098908
57,57,-0.965969891336,2.07888508331
58,58,-0.0391545304421,3.26432652748
59,59,-0.139875827432,-2.00979286383
60,60,0.689249248626,-2.42252577427
61,61,1.92505066402,0.0382175232861
62,62,2.26139648453,0.143478280325
63,63,3.18642401703,0.222907248339
64,64,2.52086509607,-0.133319559803
65,65,2.5837613371,-0.326874776851
66,66,-0.105047439591,-2.66572360148
67,67,0.73542709794,-2.36814145384
68,68,1.15559648061,-2.15782048308
69,69,-0.467258594775,-1.70057156593
70,70,-1.3246353429,1.6518869471
71,71,-0.963682216024,2.16009766905
72,72,-0.759138222864,2.18348625295
73,73,-1.07067161884,2.33637144218
74,74,-0.838739667083,2.23030084424
75,75,-0.48992382054,2.22932504055
76,76,-0.556659508197,2.15314580795
77,77,-0.745693510334,1.47068328675
78,78,0.257257244489,2.55996338732
79,79,0.872237222579,-2.42398090535
80,80,-1.02316316068,-2.29184078958
81,81,-0.559939771285,-3.15998433654
82,82,0.173513440843,-3.19581538567
83,83,-0.0223125118767,2.43966668566
84,84,-0.397874761964,-2.04874189351
85,85,2.90199357386,0.457685819368
86,86,2.48230430529,-0.753134200912
87,87,0.0311836967662,-3.04255492659
88,88,-0.260004430547,-2.75952464464
89,89,-0.511002690549,-0.885051261419
90,90,0.279610919395,-0.525586613937
91,91,-0.321117022156,-1.99255820575
92,92,-0.787588608242,1.96118526179
93,93,-1.15117706842,-2.00540114807
94,94,0.476220291954,2.78462706211
95,95,2.35730971806,-0.267225778356
96,96,-1.28042805281,2.16391886953
97,97,-0.816637623496,2.02166006264
98,98,-0.348981379127,0.30358440911
99,99,-0.218907825279,1.95389551289
100,100,-0.275381483797,1.93842788995
101,101,-0.995850580876,0.47119364397
102,102,-0.370679352882,-1.82485807145
103,103,-0.876737492559,1.69142269387
104,104,-0.421476518618,-0.937995546877
105,105,-1.10223125681,-0.099134822714
106,106,0.889135074619,0.975113427292
107,107,0.218623646979,-1.3522270895
108,108,-0.557659657274,0.47230693342
109,109,-0.415461720721,0.609727166265
110,110,1.64734092246,1.67012609284
111,111,0.0335270567162,-1.77263284776
112,112,-0.309762088739,-1.42158433245
113,113,0.111457462356,-1.89286183803
114,114,0.624387150887,3.19131316783
115,115,0.444967251374,-1.19513967959
116,116,2.77762982607,0.0256805619566
117,117,2.57845136753,-0.236944033782
118,118,0.417645406949,-2.21454799106
119,119,2.04902998589,-0.376158118662
120,120,2.3556930434,-0.0496641121923
121,121,-0.328656402831,2.4495817751
122,122,1.32988431988,-1.32191536278
123,123,2.42032258359,0.0721989138406
124,124,0.969855474667,1.85340864543
125,125,0.311400076594,-2.83521458248
126,126,0.5588086823,-2.63951823392
127,127,-0.832361619933,0.636774691598
128,128,0.0961654154113,-2.22186661515
129,129,-0.198893454577,-1.22904009398
130,130,-1.09291324503,-1.66607145847
131,131,0.748184290452,0.780886284168
132,132,-0.230469463607,-1.45491954061
133,133,0.0675551745061,1.399969197
134,134,0.783721056829,-2.35346166782
135,135,1.40419649643,2.17848358715
136,136,-2.08205499759,1.32888421047
137,137,-0.648735845794,0.630398668843
138,138,-1.28613948052,0.705104399346
139,139,-0.0478182220236,1.92803566355
140,140,-0.568723449589,0.152516868652
141,141,-0.706856229537,0.516748144565
142,142,0.33076807814,-1.67849985383
143,143,-0.852872135731,2.12638387308
144,144,-1.57027487039,2.13351004066
145,145,-0.794561927818,1.18730002076
146,146,2.2705392723,0.999759870261
147,147,-0.158795412515,1.24928304281
148,148,2.85927288847,0.57029121509
149,149,2.95419143405,0.00828214754042
150,150,0.0607609493248,2.64240199617
151,151,0.775310415798,-0.719006775496
152,152,2.81416014289,0.158122304911
153,153,2.79353585591,0.0355896000199
154,154,3.07286810271,0.494935735823
155,155,0.285646039694,-2.75588312476
156,156,0.60247220448,-2.2570917239
157,157,3.15046876246,0.121429029683
158,158,-0.0599467125077,-2.24156957085
159,159,2.11722028431,0.908850023128
160,160,0.289423113187,-2.48943776663
161,161,0.492039951577,-1.87792874461
162,162,-0.335270331669,2.49629163333
163,163,0.208410328386,-0.485204220372
164,164,-1.2948513689,-1.1759740058
165,165,-0.47732610161,1.65077207742
166,166,0.230237869067,-3.0709774848
167,167,-0.959674859506,1.50121204398
168,168,1.18708252167,1.41075593041
169,169,-0.0760862875462,0.15607656563
170,170,-1.07398290369,-0.670726077016
171,171,-1.3767191664,-1.18363972253
172,172,-0.994501702892,1.20378041746
173,173,-1.3850536477,-0.738648106523
174,174,-1.10161108623,-2.11772083553
175,175,0.361711185201,1.53183247848
176,176,0.218247264626,0.807016006536
177,177,0.180120895711,-2.48853323288
178,178,-0.0409685754245,1.09449039609
179,179,-0.657933639799,-1.432757651
180,180,-1.23115889786,-1.6062038421
181,181,0.860638897223,-0.312326598522
182,182,-0.362900834653,-1.06763218013
183,183,-0.107075685991,1.05215024428
184,184,-0.0249173256462,0.447813877213
185,185,-0.237093811368,0.323315404581
186,186,0.443276225529,-0.341583820033
187,187,0.0621143136409,-0.450238023935
188,188,0.0144138935841,-0.840780052905
189,189,-0.0710655994912,-0.224295153146
190,190,0.0975983380248,0.35186140427
191,191,-1.42594617018,-2.17201090181
192,192,-0.332081896483,-2.68650091737
193,193,0.083934137158,2.76975191181
194,194,-0.25198503388,-0.794188847773
195,195,2.28664956667,0.027114804157
196,196,2.45836723844,0.335401153105
197,197,-0.233700100064,-2.95319523919
198,198,-1.027026291,1.39150561782
199,199,0.296114122935,-2.46775012955
200,200,0.0231743182678,1.46063415935
201,201,-0.361351561895,2.34818757558
202,202,1.00232576837,-2.12707347884
203,203,2.57599897154,-0.122722792286
204,204,-0.599645331161,2.41227838952
205,205,0.336425661327,-2.34264586797
206,206,0.380797018299,-1.44916508895
207,207,0.421335396701,-1.8608654294
208,208,-0.259389781821,1.94156719157
209,209,0.238070242201,-2.61965624992
210,210,0.527449771736,-0.702573591552
211,211,-0.575319607538,-2.40605007599
212,212,0.613627306218,1.90695659617
213,213,-0.830249488507,1.99205482694
214,214,-0.100512644763,2.84946881595
215,215,0.47270635188,-2.10536032502
216,216,2.44779349614,-1.12956297096
217,217,2.01434314536,-1.41938045679
218,218,2.6646218874,-0.126691488641
219,219,-0.0193559981368,-2.55244604436
220,220,0.659521996165,-2.00526721433
221,221,2.17955965637,0.890497869387
222,222,-0.12347939146,2.30767109256
223,223,-0.19806255353,1.85830493925
224,224,-0.859792385188,1.60713084337
225,225,-0.448173188605,0.223243077319
226,226,-1.8402947679,-2.31274612522
227,227,-0.98534966409,2.00352917277
228,228,-1.2768181902,-1.81100832792
229,229,0.121776869199,1.9174281581
230,230,-1.38316437353,-1.41284518787
231,231,1.47591673931,0.767736132594
232,232,-0.173338499217,1.65528197245
233,233,-0.588274137527,1.58948072744
234,234,-0.751279398373,1.87603440093
235,235,-0.963333801118,1.64083181096
236,236,-0.586840804123,1.44551825561
237,237,-1.17090045037,0.778824639003
238,238,-1.30671580177,1.74336969004
239,239,-1.21199957601,1.55895049367
240,240,-0.883377323506,1.57456470651
241,241,-1.32246786427,1.83537900226
242,242,0.553617428957,-2.60735895189
243,243,-1.27506569712,-1.95413144598
244,244,-0.564111835307,2.03905332522
245,245,0.0211758450866,0.960557348343
246,246,-1.10971023771,-0.634268709571
247,247,-0.280971413897,1.14157502191
248,248,-0.684358700186,0.320585898553
249,249,-0.506150091884,0.365359303996
250,250,-1.3065557072,0.847030923639
251,251,0.245858007426,1.1678334519
252,252,-1.61908442763,-1.33353373009
253,253,0.346933533115,-2.05021144016
254,254,0.12223553955,-2.15659668127
255,255,-0.643669998933,1.51269123093
256,256,-0.360077150744,0.683799542503
257,257,-1.0779028697,-1.32635153723
258,258,-0.273253197243,2.2162920398
259,259,-0.00538937669357,-1.7749635356
260,260,-0.00671694830184,-2.53559514054
261,261,-0.273582301392,-3.48327153934
262,262,-0.167995793691,2.00601449111
263,263,0.0358954338844,-2.72405377428
264,264,0.372812189608,-2.85266565826
265,265,-0.107772580026,3.07592224578
266,266,-0.223848184869,-1.95339091708
267,267,2.59103544601,-0.305711152691
268,268,3.25479389833,0.141521481773
269,269,3.4303688899,-0.108600920308
270,270,0.299913662716,-3.2076402269
271,271,0.727869689393,-2.72849858029
272,272,-1.09700118936,0.227849486866
273,273,-0.403363082508,2.98025884631
274,274,1.32959005915,-2.20117737865
275,275,-0.318250513105,2.21856894418
276,276,0.966786995605,-1.96745497986
277,277,0.295683660872,-2.31094589277
278,278,0.481461689984,-2.57414863814
279,279,1.06345886806,1.58333470399
280,280,0.775751477225,-2.51449200016
281,281,0.148922494225,-1.98433045047
282,282,0.397429371504,2.88563516643
283,283,-0.522624662247,-3.35860202114
284,284,-0.729090421706,2.10197561551
285,285,0.0879246997963,2.46126201788
286,286,-0.00640903967287,2.63134233048
287,287,-1.09257240532,-2.9892983165
288,288,2.44356628773,0.0535574290572
289,289,3.24211764716,0.406461306419
290,290,0.458286158657,-2.83516041149
291,291,-0.386169570116,-2.76358441132
292,292,-1.60020009952,0.751798566974
293,293,1.05993125955,-2.04522142052
294,294,-0.488971309071,1.61979376413
295,295,-0.736229531199,1.3034064458
296,296,-1.69122526224,0.664234324711
297,297,-1.39929676172,-1.1270621065
298,298,-0.487652145136,1.39314207238
299,299,-0.601095676,1.76975127624
300,300,-0.1588176575,-0.459736190133
301,301,0.362591733782,0.0906779996166
302,302,-0.134380058063,0.533973685983
303,303,0.267798292352,0.323644871127
304,304,1.41167645655,-0.772247574458
305,305,0.921317433219,0.263675304027
306,306,-0.28161049495,0.534494397428
307,307,0.70782139864,-1.77681923951
308,308,0.938739496028,-0.418203398636
309,309,0.545685501982,-2.12554222222
310,310,1.09135951184,0.725081243269
311,311,-1.46978616294,1.30540997704
312,312,-1.376623491,1.71489397275
313,313,-0.236433315324,-0.40965717152
314,314,-0.0861341710458,-2.91039593652
315,315,0.405189680735,-2.77221386209
316,316,2.66412853923,0.126129620054
317,317,0.902467567415,-2.75180634625
318,318,-0.230410364954,0.20408168462
319,319,0.631737206984,-1.8641389923
320,320,0.0928261060574,0.900883670582
321,321,-0.575600008952,-0.80806538409
322,322,0.96405682076,-2.50159214743
323,323,0.411888126885,0.387646896487
324,324,1.01971522992,1.19259889025
325,325,-0.402860639816,1.56939983932
326,326,-0.429563380132,1.5579789913
327,327,0.209612479069,-2.94581553889
328,328,-0.120590127364,0.946563122672
329,329,2.68911138746,-0.713119954445
330,330,-0.0169059812078,0.255024871361
331,331,-0.322602639829,2.21364979167
332,332,1.04149302551,-0.981644148182
333,333,-0.531156483443,2.72442260797
334,334,-0.683473672557,1.9000656273
335,335,0.286997862475,3.67455536285
336,336,1.05321841687,-1.7191550745
337,337,1.6321227691,1.3496277297
338,338,0.0578434731867,-2.43121449598
339,339,0.267941249206,0.692214773103
340,340,-0.135260847322,-0.428624094596
341,341,-0.464513880428,-0.998075504901
342,342,-0.685253288313,1.17157636778
343,343,-0.951089831334,0.93870783034
344,344,-0.980159941312,1.08313744075
345,345,1.49684827772,-0.452207484716
346,346,1.78260484511,-0.397739819539
347,347,-0.429247253061,2.46515944197
348,348,-0.357141254581,2.92163539725
349,349,-0.219349002738,-2.23261669858
350,350,0.572989673755,-1.88671176915
351,351,-0.0650601688517,2.79336403803
352,352,0.615133323082,-2.47864893844
353,353,0.290427267849,-2.78169237491
354,354,0.0238349134489,-2.34385485425
355,355,2.47800381566,0.111463610294
356,356,0.401940206615,-2.08682236695
357,357,0.832135001694,-2.81773055063
358,358,0.197298057929,-2.80577295524
359,359,1.4420453601,-2.20997534379
360,360,0.732853183068,-1.28553794454
361,361,-0.374856479203,2.23939369946
362,362,-0.489840411126,2.06166775383
363,363,-0.00728534896215,2.65851962113
364,364,-0.283041624362,2.83741186345
365,365,-0.432259472111,2.95857985579
366,366,0.494043267937,-2.21214048911
367,367,-0.410902914647,2.48954888596
368,368,0.185684601786,-2.42253360035
369,369,2.6088268074,1.34794927026
370,370,2.79956833224,-0.417809604383
371,371,2.18672787347,0.0917350858717
372,372,2.41143245267,0.362522208045
373,373,2.27650376427,0.713273785628
374,374,2.39765389244,0.0102534655163
375,375,2.49626603282,-0.0104342887414
376,376,2.78369562962,0.136513137527
377,377,2.21694935502,0.417151411104
378,378,0.00257086948438,-2.77636212122
379,379,-0.0211974239186,-2.48741429644
380,380,0.0143218900222,-3.05393589782
381,381,2.99106052092,0.203823179047
382,382,3.04139506909,0.783771708971
383,383,2.34394185226,1.09138206954
384,384,-0.041980534417,-2.76409294228
385,385,0.49156999803,-2.48590029547
386,386,1.88032974353,0.592438005235
387,387,-0.613688384401,2.40252018412
388,388,-0.503234041518,2.06965224145
389,389,-0.461174318475,2.56797411286
390,390,-0.503734366299,2.93828382499
391,391,3.31081019929,-0.0487502757197
392,392,-0.0709369247606,2.58058684353
393,393,0.363963666613,-2.05012931737
394,394,-0.0397120147451,-2.71509147839
395,395,0.451104973235,-2.82643298402
396,396,-0.175063827054,-2.37430672614
397,397,-0.00431127912449,2.45845877311
398,398,-0.831307459519,-2.51657031168
399,399,0.237363121829,3.10967669533
400,400,0.565816912588,-2.83981162638
401,401,-0.261767734559,-2.16788666194
402,402,0.559623735367,-1.96197446547
403,403,0.752391657184,-2.10367876731
404,404,-0.0591397123667,2.44615540156
405,405,0.936447260149,-2.30578741803
406,406,1.08416140196,-0.922092692123
407,407,2.76408857432,-0.0070190468958
408,408,3.27666366778,-0.210299933871
409,409,2.50459511405,-0.0922757058078
410,410,-0.292446485053,2.01731375728
411,411,2.2553638749,0.328941039322
412,412,0.451567268716,2.50371107182
413,413,3.04625352472,0.245530586891
414,414,2.6095036034,-0.0022315835872
415,415,-0.0295758204042,-2.38804922381
416,416,-0.0390535222232,-2.64619990607
417,417,0.141574871216,-2.80018035667
418,418,2.2580039726,0.281123139786
419,419,1.18757053593,-2.3522390313
420,420,-0.168555430309,-2.71267626114
421,421,2.67944686433,0.130920056282
422,422,0.369291928406,2.76469925356
423,423,1.52279197507,0.406503581446
424,424,-0.39654568541,-2.72176442297
425,425,-0.39578392173,-2.30758027107
426,426,2.42782313444,1.24027629985
427,427,0.0548667468304,-1.68224964312
428,428,-0.241789971179,-2.14458916371
429,429,1.34622360474,-2.11575794019
430,430,1.02520482726,-1.69560796834
431,431,0.658859534574,-2.06115593422
432,432,-0.109416219367,-2.26119150313
433,433,0.0500079435341,-2.3858994246
434,434,-0.211312731477,-3.15367012707
435,435,-0.0670206289647,-2.8493977551
436,436,1.05399826701,-2.2475352181
437,437,0.604497027774,-2.00710151998
438,438,0.243090432441,-3.14101625477
439,439,1.40086879496,-2.0434200727
440,440,-0.420705413269,-2.80614637559
441,441,1.2641349155,-2.03606499608
442,442,-0.168595503067,-2.70989295408
443,443,1.89574247493,0.354934743212
444,444,-0.150739266299,-2.74704551136
445,445,-0.0649604096777,-2.83551970211
446,446,1.04358626619,-2.51448162558
447,447,0.212771925886,-2.94025647477
448,448,1.1770816356,-2.55214821138
449,449,3.46406509096,0.19343146428
450,450,3.22441534847,-0.137416681804
451,451,-0.135299101091,-3.20626370992
452,452,0.980962057193,-1.97963882589
453,453,-0.389910791667,-2.65339350041
454,454,0.89596249757,-1.89021095733
455,455,-0.270812654485,-2.88476843626
456,456,0.00163331844985,-2.25749191333
457,457,0.00902498124084,-2.63562187287
458,458,-0.453201602392,-2.53492907009
459,459,3.21292836543,-0.585557526981
460,460,-0.121521909899,-2.47990477292
461,461,1.23276066529,-2.47428121315
462,462,2.88367536827,0.0867313666833
463,463,0.345662568584,-2.53192729847
464,464,-1.0021810008,-1.67585027736
465,465,0.787061934115,-1.96933118785
466,466,-0.300893823617,-3.05084793433
467,467,0.993902531726,-2.16739704976
468,468,0.351575079741,-2.39091845379
469,469,0.169163096169,-2.35298423517
470,470,-0.0304099362756,-0.384058487689
471,471,0.534631172063,2.23996513553
472,472,-0.108679499804,-3.17084920081
473,473,1.25387222884,-2.20690859919
474,474,-0.472771914048,1.6756607738
475,475,1.66377920324,2.02564642508
476,476,1.85558977144,2.18730533291
477,477,2.42313075861,-0.0349944803612
478,478,3.64400977044,-0.214977301066
479,479,0.236606743776,-2.38281722613
480,480,1.29707074067,-1.72510343018
481,481,-0.652174476208,2.19362090431
482,482,-0.203199155651,-2.00731190404
483,483,-0.86257546503,1.06021754479
484,484,0.161397522825,0.130205895792
485,485,1.68176447121,0.385455899686
486,486,2.44990147222,-0.0928839269244
487,487,2.68503676421,0.125637299344
488,488,2.43702827108,0.265598504436
489,489,-0.0949722775485,-3.09207882957
490,490,0.522390819084,-2.88078203542
491,491,-0.81070146511,2.14529660022
492,492,0.0272517228946,3.00238667568
493,493,1.1558623145,-2.01910371476
494,494,0.231381470699,2.87764189506
495,495,1.0996011205,-1.32129659466
496,496,2.78835376029,-1.2310003432
497,497,0.0998647136746,-2.27434964234
498,498,2.64406658907,0.436309368679
499,499,2.28879653812,0.0369039935238
500,500,-0.374004227975,-3.15963101969
501,501,-0.234646647123,-3.39471521381
502,502,0.355024142082,2.32848001404
503,503,-0.468741785982,2.43815468606
504,504,-0.452367767285,2.90144656497
505,505,0.430596123174,2.97262658382
506,506,-0.184276321856,-2.07028237568
507,507,3.19386554714,0.670600562667
508,508,0.0743826293406,2.94407154552
509,509,0.054795644217,-3.0763465698
510,510,2.75326773483,2.13136364716
511,511,0.517810543979,-3.68258476518
512,512,0.189264917095,-2.60663483243
513,513,0.502034519019,-3.10747527285
514,514,-0.457996498381,2.52253781729
515,515,0.722622379597,-1.63356122972
516,516,2.17566230998,-0.307175411811
517,517,3.04612721148,-0.278509804391
518,518,-0.280266442813,-3.01610137702
519,519,0.275360144632,-2.6675465489
520,520,0.143631188248,-3.14052033583
521,521,0.163455283664,-2.6122381249
522,522,0.253338587962,-2.14286657321
523,523,0.102344874652,2.59861943749
524,524,-0.28129323269,2.81417488616
525,525,0.0872281541915,2.27418673449
526,526,0.0218783357504,2.17399551942
527,527,0.105584814594,2.30826750993
528,528,-0.408152147639,2.67388547568
529,529,-0.18837292995,-2.66028669925
530,530,-0.193116628208,-1.50627967786
531,531,0.53096459034,-2.53622060638
532,532,-0.717090648426,2.46940489217
533,533,-1.20982578553,1.74854613701
534,534,-0.810698397867,2.35553788579
535,535,0.599051528131,-2.17130607471
536,536,-0.50352596147,2.35674225077
537,537,-0.715001983115,2.5049799996
538,538,-0.528161289468,2.10398032728
539,539,-0.97376351763,2.26597059039
540,540,-0.672179196736,2.30534243133
541,541,-0.459300956838,2.92833734935
542,542,-0.732521084311,2.90716033846
543,543,0.922531802955,-1.85876324948
544,544,2.52533083707,0.39131293195
545,545,2.61135372236,0.268197473097
546,546,2.97478907699,0.313149862017
547,547,2.98632785915,0.406128426419
548,548,2.54408950686,0.450353904014
549,549,-0.0400962757904,-2.4467661367
550,550,0.760460961667,-2.29644817008
551,551,0.551625144266,-1.07226558057
552,552,-0.417866736675,2.22856882566
553,553,-0.271795820329,1.73519146531
554,554,1.2258923387,-1.92024427035
555,555,1.2834191333,-0.748232686286
556,556,0.105839192107,1.14056037419
557,557,-0.585412248394,0.247075270692
558,558,-0.650273396458,1.00579090699
559,559,0.459380284766,0.704328121193
560,560,-0.679014158501,1.34421153672
561,561,0.745645219117,-0.231340716308
562,562,2.08442618047,0.615618939946
563,563,3.07935590552,0.103612000594
564,564,2.62999520799,-0.418914040457
565,565,1.8690472311,-1.72588726556
566,566,3.15652953186,0.125592925217
567,567,2.83272010074,-0.387801064835
568,568,2.54775591031,0.144214677976
569,569,2.57461657161,0.252903886676
570,570,0.176136077265,-2.42182144453
571,571,-0.21714331789,-3.33792693158
572,572,0.294602415875,-2.79068891717
573,573,0.868380716144,0.222300528748
574,574,0.942091911033,-0.301697447353
575,575,-0.00410404940398,-2.3792763913
576,576,0.353210666176,2.82706625692
577,577,0.459274573427,-1.92308940156
578,578,2.50985162741,1.82656379057
579,579,-0.175139953158,-2.64337911533
580,580,-0.028250022252,-2.77213665372
581,581,0.0858350433638,2.80917373115
582,582,-0.209450699954,2.31536890634
583,583,-0.174148685417,-1.82110691996
584,584,2.99989418016,0.0786865943335
585,585,2.06632965277,-0.049917179441
586,586,0.146930329229,-3.42569386074
587,587,2.88240649983,0.0826534628577
588,588,0.669846771607,-2.91914051336
589,589,0.734248754275,-0.973131491426
590,590,-1.86257545282,2.65921250035
591,591,-1.71238573817,1.62546374795
592,592,-1.57746272069,1.32459862535
593,593,-2.55403654978,-2.19670688892
594,594,-1.29819758136,2.11002450948
595,595,-0.456881555033,-2.49999103875
596,596,0.729480397669,-0.521097616746
597,597,2.24941271913,-0.0622134217569
598,598,1.87697041808,1.89047157135
599,599,0.395367844982,-2.19600113709
600,600,-0.567196797369,2.82528393064
601,601,-0.281297711626,2.97076960497
602,602,2.31509697173,-0.294437570447
603,603,0.307806756031,-3.0022910172
604,604,-0.035471527239,-3.03342896427
605,605,0.897920045996,0.419366505161
606,606,0.032357409882,2.28697708397
607,607,1.19634059948,-1.81351453591
608,608,-0.715277280673,1.26522980155
609,609,1.10042630724,-1.77122386053
610,610,-1.5149486238,2.7435294518
611,611,2.2291075354,-1.77812692956
612,612,1.98815214218,0.406143914272
613,613,0.911474499535,0.541652080743
614,614,0.715776874548,1.51080210923
615,615,0.826770609591,0.539415774802
616,616,0.709041093666,0.572666513433
617,617,0.757880077544,0.555786338796
618,618,0.582838245753,0.522526699472
619,619,1.29995255872,-2.11030287933
620,620,1.13885213477,1.41273458475
621,621,2.59678927559,0.581413154571
622,622,1.16598474925,-2.11512702496
623,623,1.57538846631,0.705326225471
624,624,0.341715399619,1.8338098563
625,625,-0.13869876298,-0.92452801406
626,626,-0.175476667642,-0.603533996815
627,627,0.640124048389,1.28203959793
628,628,1.39760638891,0.785539900415
629,629,1.63833037514,0.512654926269
630,630,-1.01175907954,-1.73384629472
631,631,-0.596724200227,-2.59357245519
632,632,-1.59353270669,1.16510764133
633,633,-0.961935990398,-1.44415382185
634,634,3.35232528872,-0.134769443329
635,635,-0.274393937849,-0.196386104511
636,636,-0.955275935968,0.74804676608
637,637,-0.237215676431,0.450569139649
638,638,2.73472703602,0.337429829233
639,639,0.356217526332,0.432490536583
640,640,-0.66973342591,-1.94771281121
641,641,1.03565515297,0.354607308037
642,642,1.24778428861,0.936705506354
643,643,-0.583073194545,-0.985825894421
644,644,-0.690266522147,2.55094312351
645,645,-0.0311239500938,1.63869177717
646,646,0.329682042242,0.615326183264
647,647,1.77149732113,1.43186098989
648,648,2.39804499342,1.64482654441
649,649,0.670886791318,1.86029675452
650,650,2.58652209367,1.19224742158
651,651,-0.273446388569,-1.62356852923
652,652,-0.977482008735,-1.56355284619
653,653,2.20893585805,0.615136448655
654,654,2.09835610386,2.70852176453
655,655,0.549904316565,0.574743932383
656,656,-1.38411235765,-2.13462096625
657,657,1.66171309709,0.593758631681
658,658,0.397496782317,1.38549915103
659,659,3.45968345162,0.813741859452
660,660,2.12681059098,1.94078429783
661,661,1.46244050606,1.92457998379
662,662,2.11500351522,2.15654236994
663,663,1.68065111107,1.66748120941
664,664,1.43454999928,1.85832229473
665,665,1.68426228909,2.02386414631
666,666,1.55032241769,2.33005380253
667,667,0.246124743713,-2.84292509108
668,668,-0.53398379461,1.96022469944
669,669,0.669955141272,0.688687931912
670,670,-0.35666709092,-1.54412853737
671,671,1.34224429568,1.36611034641
672,672,2.0847286849,-0.347993439113
673,673,-0.69047126437,1.90249499267
674,674,-1.97803013074,2.07117297224
675,675,1.42908887205,-0.59191595454
676,676,0.434144594879,1.89255713436
677,677,2.0130104821,1.59197534606
678,678,1.97077006212,1.31259227972
679,679,-0.237807616278,2.46195635566
680,680,1.58577941559,0.490476572256
681,681,2.10837912205,0.42048879674
682,682,2.38302151826,-0.041031886612
683,683,2.11384027312,1.3380481583
684,684,1.61552094003,1.88196078177
685,685,0.34791005589,2.70097712381
686,686,0.252662705027,2.25790097422
687,687,0.0232053348245,1.97333882845
688,688,0.328181799986,2.53084521423
689,689,-0.0213113210771,2.32344335489
690,690,-0.0987836792028,2.20737625466
691,691,2.34340166185,1.58952014757
692,692,2.51750783162,2.09475557605
693,693,-1.14508569656,-2.66260374743
694,694,1.18115579193,2.05961354122
695,695,0.0619029629099,-1.91395626369
696,696,1.38071463198,2.16712714494
697,697,1.42926456788,1.98878795674
698,698,2.33088210222,0.927945557602
699,699,2.54782598143,-0.0112891755999
700,700,0.0157465595599,-1.36373770828
701,701,-0.4034539436,1.21031620143
702,702,-0.674038964854,2.37338138833
703,703,-0.322115505778,2.27830931644
704,704,-0.550227717178,-1.42745799428
705,705,-0.397193835546,2.15382523313
706,706,1.06250989058,1.65612966157
707,707,-0.489981103912,-2.00999051987
708,708,1.78810465436,2.1417022859
709,709,1.16614762877,1.00019182054
710,710,-0.333336299448,-2.59098783286
711,711,1.00571583579,0.268869024853
712,712,-0.439699399351,-0.532240726476
713,713,-1.13221053244,-1.56452970403
714,714,0.710323323774,-2.77932108867
715,715,-0.869872390907,2.24884596717
716,716,0.200560036051,3.02635422829
717,717,-0.29196479319,-2.15889288916
718,718,0.900567551859,1.21925316894
719,719,-0.0415183356658,-1.61392818198
720,720,1.30016729952,1.74834859899
721,721,0.24758932511,-1.2657231133
722,722,-0.253904615422,-1.10324874963
723,723,1.16702798004,1.25275138708
724,724,0.472120476351,1.11561521225
725,725,1.15114077,1.10363307542
726,726,0.0303599376955,-2.37400819376
727,727,-0.507287484074,-1.2040561289
728,728,2.16992433953,-1.28946506322
729,729,2.0733273335,0.607896939766
730,730,-0.432414714068,-2.41986203473
731,731,-0.161006748965,-2.88419898319
732,732,0.0397873781143,-1.87442922034
733,733,3.09720518868,0.0573691622554
734,734,-0.055939845877,-3.06095255936
735,735,0.505288655778,3.06182468003
736,736,-0.390807933811,-1.49368866121
737,737,-1.05493446052,2.13964638376
738,738,1.71728559667,-1.50410006055
739,739,-2.31675456063,2.78784910861
740,740,1.28964128229,-2.37757091202
741,741,0.54464312115,2.35258600822
742,742,-1.2669930903,1.15805860156
743,743,0.795909884974,-1.5676795602
744,744,0.886094684509,0.566191666532
745,745,-1.18522775384,-2.06018402244
746,746,0.495315607076,-2.29577604025
747,747,0.845955645718,-0.670693753966
748,748,1.85892224929,-1.13391195154
749,749,-0.20585079765,-2.48206521922
750,750,-0.262898015404,-2.81433934055
751,751,-1.38897857765,-1.10424024869
752,752,0.296311111881,2.32836409193
753,753,2.74309373265,0.416105842123
754,754,-0.571647196613,-2.59239441699
755,755,-0.136584279262,-2.21420587399
756,756,0.122610999185,-1.98400855495
757,757,0.681452524995,-2.34669307469
758,758,-1.18403668785,-2.44070810329
759,759,-0.10631608704,-2.38698956482
760,760,-0.572087832287,-2.70036198834
761,761,-0.732507701747,-1.52201697024
762,762,0.0475045278656,-1.70932586256
763,763,0.134031604315,2.15095529684
764,764,1.29768764913,0.559702797209
765,765,0.480951776877,-2.63822949283
766,766,-1.25294611456,-1.03400290052
767,767,-0.362700490271,-3.14277109021
768,768,-0.429458451402,-1.85195212598
769,769,-1.6975484427,-1.41312946769
770,770,-0.35233823545,-1.45492235067
771,771,0.627500321982,-2.01108187068
772,772,-0.789575378898,-3.06705940558
773,773,1.18423795356,-1.37231230162
774,774,1.53091902935,1.32001682619
775,775,1.01345341262,-2.48594408026
776,776,0.816654634615,-2.35351331719
777,777,-0.183576644634,1.73127604321
778,778,0.686955540949,1.06987742995
779,779,0.421648841541,1.16876770406
780,780,0.575227782254,-1.76079085144
781,781,1.02989936421,2.04887165051
782,782,-0.00811836549999,-2.40831491083
783,783,0.121294403874,-2.92712430317
784,784,0.509792648173,-2.41046964139
785,785,-0.190019874725,2.12528459831
786,786,-0.112148110512,2.34550305794
787,787,-0.629177110894,2.53641100095
788,788,-0.326588692625,2.79106739564
789,789,0.371782669991,-2.05337328943
790,790,-0.219536919453,-2.76734449206
791,791,-0.786695760823,2.81746564412
792,792,0.0821460727666,-2.50291002153
793,793,1.80096052299,-1.73417125427
794,794,-0.0998880880084,1.92877473382
795,795,0.103458431229,2.29958443481
796,796,-0.0797773574165,2.4196063892
797,797,0.64001664377,-2.34840977305
798,798,2.08365676773,0.733607744126
799,799,2.82554096686,0.0809006126145
800,800,2.89635488698,-0.0594850289021
801,801,1.89205274732,0.101584037688
802,802,0.303173111634,-2.56972137411
803,803,0.575852885703,-2.68180920866
804,804,2.43944215758,0.169543499934
805,805,-0.245336724286,2.71450215758
806,806,0.146845431382,2.0550322973
807,807,-0.407941230868,2.85761331834
808,808,0.432893014871,2.58884060045
809,809,0.399398172949,-2.57664648375
810,810,0.366504642037,-3.2188120145
811,811,0.343749140269,-2.97076088576
812,812,-0.125637517822,2.58453570862
813,813,0.597158924791,3.18606534447
814,814,0.657620377734,-2.30836167297
815,815,2.15143013987,0.476401875763
816,816,-0.822141378471,2.51025617857
817,817,-0.101039445906,2.77873997305
818,818,1.03074809478,-2.88066565593
819,819,0.0565549310539,-2.90818743562
820,820,0.311869634044,3.00444134903
821,821,0.37200300587,-2.04754583807
822,822,3.15800372229,-0.012352378449
823,823,2.90985609517,-0.206086530619
824,824,-0.446662849078,2.97527388782
825,825,-0.0149054333031,1.96079823989
826,826,2.70004503028,0.299293437007
827,827,0.298419798991,3.31074456245
828,828,0.218611137647,-2.14346196545
829,829,0.245688276025,-2.58173593344
830,830,0.132076894579,-2.44282739204
831,831,2.85315588826,-0.0503172113965
832,832,0.385767639811,2.55314253478
833,833,0.271720196531,2.54461547771
834,834,-0.32134370863,-1.70883101461
835,835,1.76968409276,0.153801013248
836,836,1.6823564742,0.559766014224
837,837,2.20195596055,-0.0926081223657
838,838,2.02080583544,0.0140827528447
839,839,0.416864062301,-2.4102928602
840,840,0.632773899259,-2.58191857932
841,841,-0.548599224381,2.93144652253
842,842,1.35532844169,-2.7274848659
843,843,0.13279364967,-2.46908220039
844,844,-0.0521244906097,-2.40278854106
845,845,0.1152016969,1.9896158432
846,846,0.444904666977,2.37081084733
847,847,0.0388352940563,2.48096332868
848,848,-0.0829286126044,2.28272872383
849,849,0.416499025582,2.75290187677
850,850,0.468055585485,-2.45550940003
851,851,0.207801277154,2.93799175556
852,852,0.967159800876,-2.04991494401
853,853,0.078717030013,2.69119754692
854,854,0.263724905727,-2.92396639618
855,855,0.0723200693443,-2.52687160273
856,856,3.0596850812,-0.383216976498
857,857,0.0154897823132,-3.23595646521
858,858,-2.64795658529,-0.388820271995
859,859,-1.72584571435,1.78396859108
860,860,-1.84337518501,1.48357269292
861,861,0.381167608134,-0.884483732086
862,862,-2.24191290768,-2.2742023059
863,863,-1.51004030875,2.50699772383
864,864,-0.621288320257,-2.27065453802
865,865,1.76634910802,0.517039145725
866,866,2.52935658785,-0.132178768117
867,867,2.73112154961,0.334260375242
868,868,0.141296210862,-2.44874207498
869,869,0.93558168797,-2.2196831538
870,870,0.456907119947,-0.793799041565
871,871,1.93851727749,0.370083816056
872,872,0.106464516241,-2.81448802476
873,873,-0.576388225706,1.70767353889
874,874,-0.0698694961285,1.31254884437
875,875,2.71937080614,0.422456226248
876,876,-0.161169050892,-0.452648637956
877,877,-0.000727499711478,-1.22388775128
878,878,-0.70496860763,-3.05705711893
879,879,0.00906560756316,-1.15968125042
880,880,-0.462310381466,1.34250604685
881,881,0.368973641288,2.83297429467
882,882,1.76276276172,-0.0225479096979
883,883,2.53358224139,0.318854109635
884,884,2.59921158714,-0.247149343454
885,885,-0.532653268015,-3.28901657949
886,886,0.0583422009437,-2.8628446437
887,887,-0.220479009508,-3.50102248047
888,888,2.90282355149,0.120468300671
889,889,0.276565350954,-2.19319812472
890,890,0.433703337278,-2.69815464041
891,891,2.20129643858,1.04470377251
892,892,-0.111699735234,2.34740304661
893,893,0.634490625022,-2.79992964993
894,894,1.61579661159,-2.56561051511
895,895,0.655878417603,-2.11197008849
896,896,-0.562376082591,-3.06083816923
897,897,0.0933592752033,-2.85987619021
898,898,1.46584008022,1.3998119316
899,899,0.642277600366,-2.91799711221
900,900,1.4018243996,0.711597591067
901,901,0.041715044748,2.66194129602
902,902,1.01458007959,-1.25508350474
903,903,-0.122293482794,1.70190818102
904,904,-0.388363290643,1.72195318973
905,905,1.4888823329,0.617254621755
906,906,1.7355564496,0.671138929757
907,907,2.33957188052,1.32482874898
908,908,1.37392698034,-0.392415801928
909,909,2.12401355053,0.351061617779
910,910,3.16489507637,-0.0161295300517
911,911,-0.219932745854,2.61273285673
912,912,2.08014481544,0.0130014805996
913,913,2.56670084065,-0.134803896449
914,914,2.29621025623,-0.645428942845
915,915,-0.260028470435,1.46249000156
916,916,0.0986653894546,2.11533715948
917,917,-0.0214225216408,-1.86206158767
918,918,0.194756870231,-2.18730663322
919,919,1.93350405896,-0.810120106549
920,920,1.20720614882,-2.01136269585
921,921,0.616957662615,-0.281809536124
922,922,0.306940247438,-2.6486861969
923,923,0.713585105145,-1.89179153427
924,924,-0.516959245811,1.76919469122
925,925,-0.0304227533119,1.47338376753
926,926,-1.15492362156,-1.73608152098
927,927,0.2233052715,-2.11521327756
928,928,-0.0236734128833,1.15165582677
929,929,0.566375164569,1.67522445539
930,930,0.0165782963407,2.81598518317
931,931,2.64858723956,-0.22893115763
932,932,1.02469712385,-0.840557030974
933,933,2.38430093883,-0.246027588625
934,934,2.93631885871,0.0770718128703
935,935,-1.99082286227,-2.15383496852
936,936,0.882690156385,0.508457801063
937,937,1.16130145946,-0.627223952535
938,938,-0.208017501232,-1.83081897033
939,939,-1.39439118198,1.57541946844
940,940,-0.227172990282,1.47901955433
941,941,1.20213606257,1.59560543559
942,942,1.90108777761,0.620995845361
943,943,-1.02350215962,0.210592087665
944,944,0.00967408207553,0.80823282423
945,945,0.00454434704634,-1.57014794006
946,946,-2.25596614569,-2.23237605443
947,947,-0.500213335505,1.57102920415
948,948,-0.732760587282,-1.11175157207
949,949,-0.582948209637,-1.78825621314
950,950,0.464898143124,0.900261251345
951,951,0.339180939939,1.1317105302
952,952,-0.233405564789,-2.10099825255
953,953,-0.0163753447068,-2.81807844212
954,954,0.50178393592,0.816202766192
955,955,-0.280347029092,-0.873810190538
956,956,0.114258689106,2.20508229871
957,957,0.193822330036,0.951978019045
958,958,0.494387127981,-2.14956161591
959,959,-0.21687943659,-2.32964283629
960,960,-0.322765047122,-2.38276089824
961,961,0.345731772527,-2.42813925902
962,962,0.131680613935,2.93784140308
963,963,0.984300726017,-0.683706038025
964,964,0.346706738569,-2.90853059236
965,965,0.202063187924,2.7556405235
966,966,1.07754583153,-0.132728747861
967,967,2.90038591609,0.657687712417
968,968,-1.02985609265,-1.35904742158
969,969,-2.0269267439,-2.21636090905
970,970,-1.31032314187,-1.74779417821
971,971,-0.0371459621413,1.26071886968
972,972,-0.991091065593,-0.705600498829
973,973,-1.78471651294,-2.0570893773
974,974,-1.46586348738,-1.87038513218
975,975,-1.44847503819,-1.54782362091
976,976,-0.81717089603,-1.78689563112
977,977,-0.685783206248,-2.11045565438
978,978,-1.10755606054,-1.83646412814
979,979,-0.383006032729,-2.04939386307
980,980,0.283528530762,-0.86272691917
981,981,2.97957422682,0.177020362657
982,982,0.134978659093,-2.56012998516
983,983,-1.29070953209,-1.80743937922
984,984,0.581324104362,2.70902872996
985,985,-0.30761210875,-1.50677554942
986,986,-0.756064890533,-1.8323682831
987,987,-0.991382756585,-1.82694192961
988,988,0.156180594862,1.11395130549
989,989,-1.32286666435,-1.9651524191
990,990,-1.7783475246,-2.55783173706
991,991,-0.167005890272,2.89218559125
992,992,0.000694881748228,-1.48879184203
993,993,-0.373018805751,-2.34447638804
994,994,0.301293659604,-2.86695033121
995,995,1.86781061196,0.496072956446
996,996,0.217954557736,-2.45154481178
997,997,-0.812746722081,-1.61311557742
998,998,-1.54877106171,-1.56695393847
999,999,-0.109856730437,0.176757859896
1000,1000,-0.558089578095,0.992589149368
1001,1001,-0.627908077284,0.968879039022
1002,1002,-1.01407921328,-1.1615411474
1003,1003,-1.66900170802,-0.945701721762
1004,1004,0.0570526297886,2.30269704719
1005,1005,-0.416947132266,2.7415149737
1006,1006,1.46242228412,-1.83435008678
1007,1007,0.25250624014,-0.353252073305
1008,1008,-0.294440889968,2.14963116651
1009,1009,1.23798614169,-1.95476775265
1010,1010,2.28084788895,0.277558276838
1011,1011,2.77195235281,0.160567693321
1012,1012,2.80888864612,0.195862662905
1013,1013,0.831751871256,-1.66484400392
1014,1014,-0.0339535057435,2.08241604423
1015,1015,0.526527960042,-3.18704989569
1016,1016,-0.665522317237,-0.688081793332
1017,1017,-0.58005466334,1.76178239201
1018,1018,2.28791165996,-0.0078660809134
1019,1019,-0.259640945721,1.58560251903
1020,1020,0.38962930269,-1.62195608558
1021,1021,0.586034461211,0.103247607608
1022,1022,0.319796493174,-1.57220384466
1023,1023,-0.527559836302,1.57873318502
1024,1024,-0.304257891783,0.902233502089
1025,1025,0.0143632823087,1.16747923034
1026,1026,0.492682159152,0.196182769849
1027,1027,-0.201868863987,-0.109538578721
1028,1028,-1.10123981137,0.208255011038
1029,1029,2.59811890011,0.0741956327681
1030,1030,-0.570730855753,1.01411787108
1031,1031,1.05081467403,2.30354868103
1032,1032,-0.509106699401,0.999460218148
1033,1033,-0.865509163024,-0.391028918262
1034,1034,-0.45294075983,-1.73460595279
1035,1035,0.560868998247,-0.937121313023
1036,1036,-0.425197910212,-0.742092684003
1037,1037,0.434773554352,2.95193494584
1038,1038,1.58011486339,-0.859499919476
1039,1039,2.55663319833,-0.893915626555
1040,1040,-0.0643967029881,-2.95534514319
1041,1041,2.16454400564,0.179358504679
1042,1042,0.116221893109,-3.2453174959
1043,1043,0.216934328474,-2.87464813749
1044,1044,-0.916188342474,1.75890229284
1045,1045,-0.727285326857,1.9915414399
1046,1046,-0.842918911291,2.29826766643
1047,1047,-0.377650351291,1.71634295286
1048,1048,0.955744065941,-1.97601900916
1049,1049,0.156972655206,3.25690915291
1050,1050,1.77407922606,-2.3790808472
1051,1051,0.609940871886,-2.5055462905
1052,1052,-0.972091525245,2.43403900145
1053,1053,-1.06149639901,2.38431238177
1054,1054,-0.759163155209,2.39089698272
1055,1055,-0.255652208248,2.60751713794
1056,1056,1.00164758074,-2.83722728545
1057,1057,0.625742955504,-1.90170423631
1058,1058,0.32977099522,-2.47572767346
1059,1059,0.112247966483,1.87320672826
1060,1060,-0.126582465591,2.56772234749
1061,1061,1.20866239129,-1.82526278598
1062,1062,-0.258801188949,-2.28138633563
1063,1063,0.666031008039,-1.95528483237
1064,1064,-0.110991446515,2.31302271998
1065,1065,-0.122053978364,2.51211108305
1066,1066,0.10004875716,2.16290510948
1067,1067,-0.685730040338,2.15698961717
1068,1068,0.489050482147,-1.72776620254
1069,1069,0.203620544059,2.88211898983
1070,1070,-0.453763683855,2.19967763321
1071,1071,0.31459009213,-2.29385133845
1072,1072,2.53704972799,1.00052341423
1073,1073,0.341160820579,-2.82463991657
1074,1074,4.05034473902,1.12769887421
1075,1075,-0.95837737718,-1.0592637266
1076,1076,0.693840110664,0.615006994666
1077,1077,-1.27680880396,-0.983771612706
1078,1078,-1.30189967406,-1.15783833088
1079,1079,-0.660926503316,1.9082415118
1080,1080,-2.03862025118,-1.87529040557
1081,1081,-2.1963213987,-1.8395821841
1082,1082,2.28207126082,0.0245392619364
1083,1083,-1.56320384667,-1.64617889596
1084,1084,-0.650382519156,1.72155512589
1085,1085,0.462741984897,1.41988392567
1086,1086,-0.195852499561,0.340972486027
1087,1087,-1.15485034251,0.689733190885
1088,1088,0.457202826071,1.59514162981
1089,1089,-0.295872117431,1.08575672123
1090,1090,-0.397945104208,-1.00356340695
1091,1091,-1.14719723273,0.81399298879
1092,1092,0.505564715254,1.58212019035
1093,1093,-1.1046621129,-1.82549636677
1094,1094,0.20292770988,-2.56942678242
1095,1095,-1.01532687055,2.76546056106
1096,1096,0.458289082962,-2.77973296542
1097,1097,0.0724921832526,-2.61354206889
1098,1098,0.345890327566,-2.30809674884
1099,1099,-0.188301030132,-2.26297716396
1100,1100,0.420285904933,-1.91051696151
1101,1101,-1.76236766814,-2.01748652899
1102,1102,-0.455017345973,-2.0768734886
1103,1103,0.109104375121,-2.72730790921
1104,1104,-1.16198427792,-1.62233968814
1105,1105,0.229724094996,-2.50251990949
1106,1106,2.64931445828,0.205685342299
1107,1107,-0.252966607966,2.01475259814
1108,1108,-1.83533916148,-1.91510843104
1109,1109,0.0341934749235,2.24313018713
1110,1110,0.491467804184,-1.18159740811
1111,1111,-0.536054550274,2.48009878518
1112,1112,0.69791198105,-1.55910806318
1113,1113,3.10169968134,-0.653146432358
1114,1114,1.91981746031,0.938956823499
1115,1115,0.323743295658,-2.95869499249
1116,1116,0.88201602522,-2.37956100956
1117,1117,-0.458153497755,1.01234331544
1118,1118,1.39390965074,-2.02179844334
1119,1119,1.3816644407,-0.896838910601
1120,1120,-1.01108963362,1.89618899099
1121,1121,-0.74945753291,2.18819865736
1122,1122,-0.0761514463466,2.60855414232
1123,1123,1.24012934653,0.331726547258
1124,1124,-0.642043414846,-1.54023351074
1125,1125,1.73468054707,-1.93710496085
1126,1126,-0.471088052897,2.54174632935
1127,1127,0.36687911474,1.20411228017
1128,1128,1.56958520686,-1.01949839982
1129,1129,-0.600401770466,1.98883330586
1130,1130,1.02619231888,-1.73028408654
1131,1131,-1.56922991449,-2.35441196915
1132,1132,0.336954260677,-1.90467482314
1133,1133,-0.245481348984,-2.23440824124
1134,1134,0.391117619085,-3.33081384707
1135,1135,0.816685088248,-1.84211295023
1136,1136,-0.169193282755,2.56480621179
1137,1137,-0.043741807637,-2.07303403124
1138,1138,0.485049783042,-2.46804258786
1139,1139,0.637576912816,-2.48896373779
1140,1140,-0.225748680002,2.48312780449
1141,1141,0.586446920091,2.17299093908
1142,1142,-0.339134141079,2.28035587422
1143,1143,1.2289683192,-1.47732012393
1144,1144,2.24831586043,1.34547242624
1145,1145,3.03978854322,0.146105510303
1146,1146,1.33019319608,1.63686512088
1147,1147,0.253615902915,2.12276587771
1148,1148,0.222968488184,-2.81112463314
1149,1149,0.428025659984,-2.46437899328
1150,1150,3.15575312099,0.230312506863
1151,1151,0.046549016671,2.51401903729
1152,1152,0.794696474859,2.87426992532
1153,1153,3.16190524146,0.214795875988
1154,1154,-0.223243717451,-2.95902231709
1155,1155,-0.0636191617072,-3.15178622755
1156,1156,2.02151881676,0.50784056339
1157,1157,0.185548534354,2.6292271666
1158,1158,2.23267779703,0.308883345543
1159,1159,2.1926042428,0.108397282066
1160,1160,0.499009976986,2.6386673225
1161,1161,0.0473393427407,-1.06995539869
1162,1162,-0.0630371425814,2.32000049999
1163,1163,0.406053943586,2.17316613069
1164,1164,0.65546915569,-1.77061459814
1165,1165,1.59122453324,0.53051815342
1166,1166,0.655968798327,1.9040478801
1167,1167,2.8105498397,0.175217847497
1168,1168,0.977327627778,-1.7098881496
1169,1169,3.04186143062,0.155918126979
1170,1170,2.21142408576,0.324897482667
1171,1171,-0.407327426159,-3.01602034942
1172,1172,0.510653932482,-2.81484838322
1173,1173,-0.684805262318,3.19388466941
1174,1174,-0.487242948049,3.19499615332
1175,1175,0.573694013486,2.14599062896
1176,1176,0.275242101775,2.9568621035
1177,1177,0.226289662061,-1.72664189219
1178,1178,1.57358675228,0.33405670395
1179,1179,-0.574005688009,-2.96369247237
1180,1180,-0.231909740438,-2.91616700248
1181,1181,2.38878287833,0.571135136504
1182,1182,-0.348094270996,-2.55550534036
1183,1183,-0.131350599439,2.60574253609
1184,1184,-0.258522493423,2.52492721504
1185,1185,1.37771473099,-2.15052985163
1186,1186,-0.00865203512002,-2.47061182559
1187,1187,-0.647952831798,-2.46008318412
1188,1188,1.0083132496,-1.5603676967
1189,1189,-0.110503025585,-2.73758015983
1190,1190,-0.59711766211,-2.6191598473
1191,1191,-0.363299766376,-2.7041920563
1192,1192,-0.206682440244,-2.33601045944
1193,1193,-0.412194659513,-2.40113700411
1194,1194,-0.101739536639,-1.83999074404
1195,1195,-0.249937482937,2.61278332695
1196,1196,2.29272324445,-0.118896609113
1197,1197,2.8895457917,0.294323167236
1198,1198,2.94381800954,0.461230146197
1199,1199,2.8723799273,0.158996444086
1200,1200,0.737185828859,-3.01102264717
1201,1201,0.927099143503,-2.17599443359
1202,1202,-0.644429821639,1.61247467003
1203,1203,-0.628631702998,2.47794806797
1204,1204,-0.488303058197,2.30946323864
1205,1205,1.37739542413,-2.42290171301
1206,1206,-0.455640724631,2.33392193793
1207,1207,0.0393665714032,-2.39363792642
1208,1208,0.458527744957,-2.51010117621
1209,1209,2.82569200406,0.228466036378
1210,1210,3.24555018958,0.386769724203
1211,1211,-0.0425373809555,2.36070090918
1212,1212,1.03969337874,-2.17187478515
1213,1213,2.72948040163,0.0472204056737
1214,1214,1.54463317343,0.606323081821
1215,1215,0.045597435267,-2.95513886199
1216,1216,0.135792267197,-2.02179433865
1217,1217,-0.0327494076771,-2.84459685571
1218,1218,0.379537693799,-2.22459709313
1219,1219,2.23441593896,0.241300768271
1220,1220,1.80408655845,-1.49172164423
1221,1221,1.76083524659,-1.34394275625
1222,1222,1.43499024578,0.805465161168
1223,1223,1.38410109031,-1.08068768213
1224,1224,3.11792407322,-0.117695946116
1225,1225,2.80926403547,-0.104885882402
1226,1226,0.282955550421,-0.171573975061
1227,1227,-0.266706134219,3.54436066892
1228,1228,0.636094817881,-0.210807735542
1229,1229,0.0662291318716,2.55235163025
1230,1230,0.137617777317,-3.09174411539
1231,1231,0.297603835498,-2.81503393249
1232,1232,-0.161981672554,2.78954136492
1233,1233,1.38674756869,-2.33576600315
1234,1234,0.066631048075,2.20149747255
1235,1235,-0.0969883515167,-1.9426470915
1236,1236,2.96850069054,0.450532604522
1237,1237,0.332408193226,-2.46002859012
1238,1238,0.0456626499624,3.43352988659
1239,1239,1.15670558066,-1.95678418851
1240,1240,-0.135619964431,-1.86525238764
1241,1241,2.82697932947,0.0724045659472
1242,1242,0.051023348732,-2.64809840478
1243,1243,0.283946069213,-2.91737015068
1244,1244,0.673381315155,-2.69198602238
1245,1245,-0.174241875527,2.76371882515
1246,1246,0.187752646933,-2.4392273937
1247,1247,-0.188267410032,3.01679163431
1248,1248,-0.0560616160387,3.21909153753
1249,1249,0.993732904219,-2.7580607685
1250,1250,-0.257206332871,2.4811315311
1251,1251,0.153765645319,3.33809389144
1252,1252,0.0876728776915,2.83162494516
1253,1253,0.667880222279,-2.19634797912
1254,1254,2.49797537131,0.804286167211
1255,1255,2.97297776009,0.221657911236
1256,1256,2.58570034745,-0.149000530078
1257,1257,2.79647998664,0.28525142146
1258,1258,2.17391665734,0.373218145132
1259,1259,2.69771141573,-0.00774104496056
1260,1260,2.60218672648,-0.00939815493827
1261,1261,2.84358529839,0.449697080528
1262,1262,0.199502381491,-2.01495182101
1263,1263,0.0945838206303,-2.22898307354
1264,1264,2.45645982611,-0.342468277049
1265,1265,0.423726942989,3.3639465935
1266,1266,1.17174715806,0.0560738618051
1267,1267,1.90681625826,-0.192844129313
1268,1268,-0.0368246109105,-2.38653132894
1269,1269,0.252852070938,-2.50316120963
1270,1270,1.94465171526,-0.164576134244
1271,1271,0.329407729401,2.96535195397
1272,1272,1.83428449312,0.558529113133
1273,1273,-0.360088408391,-2.34587992317
1274,1274,0.604124363594,-0.596351095174
1275,1275,-0.27314537881,2.94245100198
1276,1276,0.212171424418,-2.6666205344
1277,1277,0.732454636284,-3.15925684385
1278,1278,2.43350894934,0.0579178635719
1279,1279,2.21634049082,0.371658989484
1280,1280,0.769281476993,-0.184863990782
1281,1281,2.81084614968,0.0534232988079
1282,1282,2.66742311184,-0.183596860162
1283,1283,2.54937556261,0.283348671528
1284,1284,-0.351228509097,-1.88180793044
1285,1285,1.43630283712,-1.9009299607
1286,1286,-0.0722680841427,-0.431690475437
1287,1287,1.64540467689,0.66143908653
1288,1288,-0.33861090871,-2.21622861058
1289,1289,-0.194118842818,-2.49377107048
1290,1290,0.283266927152,-2.67643749821
1291,1291,0.814551685769,-0.589462721972
1292,1292,0.410071198247,1.62625938352
1293,1293,2.53936709401,0.520658518408
1294,1294,2.85534574243,0.144969262317
1295,1295,0.828232786019,-0.731258802978
1296,1296,-0.0714485158172,-3.18923482301
1297,1297,0.416797498797,-2.46315644756
1298,1298,1.54999602202,-1.01238202071
1299,1299,-0.241393572045,2.88865423051
1300,1300,1.08949115705,-2.99829771837
1301,1301,0.107718366693,2.45842941856
1302,1302,-0.273127522873,1.70185918226
1303,1303,1.65215026499,-2.76234386202
1304,1304,-0.703044266851,2.63156002101
1305,1305,-0.320686971702,2.14285674462
1306,1306,-0.445204911952,1.98557647851
1307,1307,-0.777042281471,2.69798916615
1308,1308,-0.61406448315,2.62920723907
1309,1309,-0.0834298503241,2.65374008067
1310,1310,0.859594732285,-2.83176558953
1311,1311,-0.321071229157,-2.55556966141
1312,1312,0.531761084005,3.12481291878
1313,1313,0.121358803079,-2.73950828243
1314,1314,1.73257707324,-3.1390867033
1315,1315,0.356781128659,-2.43980370862
1316,1316,-0.711652301341,2.30015131804
1317,1317,0.480414954551,2.78268060361
1318,1318,1.0893220423,-2.66063808739
1319,1319,-0.0922717548962,2.70150795681
1320,1320,0.191849589914,2.87952732529
1321,1321,-0.568412007664,2.05612476056
1322,1322,-0.00305110759305,2.74117330095
1323,1323,-0.0193682211921,2.88687971633
1324,1324,0.687205270064,-2.05802566768
1325,1325,1.1379286043,0.774292642828
1326,1326,2.74526462439,0.0935275022378
1327,1327,-0.00563608068118,-2.49685765938
1328,1328,-0.0880004658736,-2.53610967632
1329,1329,3.00979273651,0.420474707035
1330,1330,0.128108085337,2.53764552986
1331,1331,1.15047330349,-2.37309722451
1332,1332,1.43752618078,0.298356670621
1333,1333,0.212754514818,-2.95221685148
1334,1334,-0.391732862572,1.98527141243
1335,1335,0.496671799759,1.31985198321
1336,1336,0.461021781189,1.77626342072
1337,1337,-0.226166328048,2.03019208422
1338,1338,1.56940101645,0.992021963343
1339,1339,0.106075457837,1.71307498458
1340,1340,1.56986786788,1.54799158748
1341,1341,2.02659730197,1.9711385386
1342,1342,1.42603477166,1.47340954945
1343,1343,0.617643253955,-2.46449308521
1344,1344,0.279711470852,-2.24338279176
1345,1345,1.6122607787,0.778689211884
1346,1346,1.15479803682,2.11028341032
1347,1347,1.69499081572,0.163534895538
1348,1348,0.993587280066,1.79802969777
1349,1349,0.0476929785038,3.13024140713
1350,1350,-1.12215874598,-1.5944815685
1351,1351,1.9850134263,0.905099589357
1352,1352,-0.795043925564,-0.615045250543
1353,1353,0.77040669701,-2.23207606306
1354,1354,0.289272128172,1.57742316131
1355,1355,0.99971419518,0.834142238231
1356,1356,1.82010276811,0.335178981889
1357,1357,1.62900800068,1.65787719695
1358,1358,0.707988558893,1.8395504092
1359,1359,0.932475140664,0.386008093156
1360,1360,1.80167672098,0.623138096262
1361,1361,0.655654620464,0.390442039761
1362,1362,-1.22310190246,-1.58217683005
1363,1363,-0.362951611055,-1.1424924296
1364,1364,2.00181985948,0.356079578117
1365,1365,1.71628493833,-0.415306585161
1366,1366,2.02092033306,-0.258197234473
1367,1367,-0.530897449686,0.856122781765
1368,1368,0.00335086651021,1.90019277444
1369,1369,1.17836857717,-1.93106543132
1370,1370,0.505567987414,1.9104142846
1371,1371,2.72715127544,0.0308130855322
1372,1372,2.34515052579,0.761956123267
1373,1373,0.293520039327,1.0843700893
1374,1374,1.79597586651,0.613816515493
1375,1375,1.3770019673,1.4659118032
1376,1376,0.856076215047,1.29871115757
1377,1377,-1.16242140584,-1.31181266532
1378,1378,0.164309349975,-1.59784553556
1379,1379,1.537015173,1.39070796773
1380,1380,-0.0325700968332,1.66803466915
1381,1381,0.869225060018,1.3568902345
1382,1382,0.0342630457455,-2.2415673493
1383,1383,-0.0121734852666,1.58321966485
1384,1384,1.92801492553,0.903522915711
1385,1385,2.57422981685,0.670478944854
1386,1386,1.52852524657,1.04268017031
1387,1387,2.05380808464,1.46133657108
1388,1388,2.60372156046,0.559600303199
1389,1389,1.82996865276,1.54896339491
1390,1390,-0.308292234096,3.07576946804
1391,1391,-0.337387561864,2.54812792339
1392,1392,1.26757364709,-2.35982726937
1393,1393,0.800605587271,0.488948433516
1394,1394,0.787060125487,0.141003056309
1395,1395,2.34516905261,0.176708459373
1396,1396,2.01739147508,0.184975333995
1397,1397,1.65126396339,-2.13473489342
1398,1398,0.552279906289,1.41403701304
1399,1399,0.156073470141,-2.40958083305
1400,1400,1.09580834097,0.375640682259
1401,1401,-1.27957930167,-0.977975536271
1402,1402,-0.0742949941089,1.68331510455
1403,1403,1.06863473653,0.14470324733
1404,1404,0.570765263742,2.40118923331
1405,1405,1.51379763364,1.14706234295
1406,1406,0.0413821762807,3.09031558131
1407,1407,0.669702625422,4.58437408725
1408,1408,-0.460444015552,3.11527647198
1409,1409,0.393206251442,2.86982881765
1410,1410,0.45666531301,1.83580030248
1411,1411,0.476839177824,2.12865074787
1412,1412,0.0465273047233,2.92306519058
1413,1413,0.332066175124,2.87186057586
1414,1414,0.182233240191,2.09533843251
1415,1415,0.52941986567,2.96667592044
1416,1416,0.417081217065,2.25039697997
1417,1417,2.0471067129,0.0283710245595
1418,1418,-0.293715485712,1.62668383368
1419,1419,0.939771080355,0.184920046612
1420,1420,-2.22764882515,-1.66349923476
1421,1421,0.165628606663,0.176471790739
1422,1422,0.791693994506,0.112120884856
1423,1423,3.04208146838,0.592379159573
1424,1424,-0.554931974203,-3.45228244849
1425,1425,0.557814200488,1.52183918951
1426,1426,0.18635324724,0.719938405015
1427,1427,2.4303198077,-0.0996353723961
1428,1428,3.85983454909,-0.92233831887
1429,1429,2.33886996031,-0.0842980675306
1430,1430,1.78573696464,0.727852959742
1431,1431,2.12603685053,0.276922180676
1432,1432,2.91764844826,-0.244396021641
1433,1433,2.09034788515,0.69561806427
1434,1434,0.885842437722,0.420901857043
1435,1435,1.72740695361,1.5101310996
1436,1436,-0.127520156131,-2.51212882985
1437,1437,2.25463481684,0.478724909126
1438,1438,-0.42844042241,1.80713942644
1439,1439,1.62963629971,1.79504621074
1440,1440,1.11604079983,1.78052156893
1441,1441,0.579318992739,0.650430217566
1442,1442,0.429288036492,1.98314476262
1443,1443,0.560321827409,-2.48910235698
1444,1444,2.08862955314,2.1865521613
1445,1445,1.42169587943,2.13955202763
