,vote,alpha,beta
0,0,-0.235633602628,2.34998190485
1,1,-0.239087735372,-2.38068283489
2,2,2.66820982076,0.0719968003815
3,3,2.42722279102,0.0635835252806
4,4,0.591804341878,-1.50312998124
5,5,2.59006441814,-0.321145359041
6,6,2.08800193691,0.480718893671
7,7,1.94017467026,0.249720471821
8,8,0.253886706218,-1.9469168338
9,9,1.37462374356,-1.515389022
10,10,2.69584461784,0.189882746556
11,11,2.95366267535,-0.264308869353
12,12,2.77509191117,0.632654195527
13,13,2.52198203196,-0.0713374063633
14,14,2.74455477248,0.108347226457
15,15,2.2227445489,0.21117844442
16,16,-0.0742703215424,2.43964936678
17,17,0.58472097248,-0.654223368043
18,18,2.55159541568,0.526320473027
19,19,2.92304339861,-0.129797050544
20,20,1.57073383327,-0.697986224372
21,21,0.215835624537,-2.67888783887
22,22,-0.167492450791,-2.3991342196
23,23,2.85467088887,-0.311422504765
24,24,0.683078166344,-2.0025648826
25,25,1.21726042768,-0.228357188665
26,26,-0.869797362969,-0.0218041986776
27,27,0.0529397688616,2.37192788922
28,28,2.51708487468,-0.0217547827237
29,29,2.71329707829,0.213912922718
30,30,2.39002390031,0.152246535775
31,31,2.47766664534,-0.209887668866
32,32,0.328461274306,-2.38387708569
33,33,0.131844765445,-2.60550149728
34,34,1.39368699691,-0.510890052127
35,35,-0.281635130525,2.34458470984
36,36,-0.257754870927,-2.2056931645
37,37,0.0204084426696,-2.07766974565
38,38,0.168220558863,-2.22849883503
39,39,-0.646914759115,-1.1829593352
40,40,1.72402550542,-1.41575473054
41,41,0.0725718933665,2.29578221387
42,42,-0.300539853826,-2.28361074679
43,43,2.4369599491,0.0103493315896
44,44,2.65219753834,-0.0847578412543
45,45,2.87402202348,0.0791114255197
46,46,2.34067661147,-0.0637351045036
47,47,2.0305773288,-0.113962412446
48,48,2.69476712601,0.560431013506
49,49,1.57420677171,1.25865314721
50,50,-0.129269172793,-2.37614918643
51,51,0.211240233726,-2.4926104681
52,52,-0.292773931281,2.40522211722
53,53,0.130995701742,-2.65812398817
54,54,0.0934814430368,-2.65814432093
55,55,0.377562589162,-1.98880561363
56,56,0.676383293862,-2.19308305732
57,57,-0.385887626092,2.01673070665
58,58,0.19498240325,3.02444117247
59,59,0.0541934184891,-1.83617640078
60,60,0.858895637219,-2.27314567608
61,61,2.20162131524,0.157813945468
62,62,2.70022753708,0.082554388815
63,63,2.53410234478,-0.196240357027
64,64,2.70597049741,-0.0264341944559
65,65,2.49066596351,-0.559238624493
66,66,0.209539233804,-2.31330192359
67,67,0.718336317929,-2.53142523408
68,68,0.74752023245,-1.9316243757
69,69,-0.457347232306,-1.76186532047
70,70,-1.1073293045,1.95884484173
71,71,-0.559233812315,2.02638355232
72,72,-0.750433538286,2.19789095493
73,73,-1.00004448839,2.25524871988
74,74,-0.75538965656,2.28922052951
75,75,-0.538428801019,2.28180399713
76,76,-0.49497275777,2.04968283581
77,77,-0.652927721791,1.35263166572
78,78,-0.202550356691,2.22225152429
79,79,0.893279386335,-2.11648717803
80,80,-0.721714753924,-2.0291468891
81,81,0.0170321927473,-2.40690361992
82,82,0.125644100465,-2.48170759945
83,83,0.164130855604,2.60473512245
84,84,0.101766096965,-1.85803996098
85,85,2.43343768423,-0.1033738507
86,86,2.26971017657,-0.484200550299
87,87,-0.168413018062,-2.57474768285
88,88,-0.220787791368,-2.36553109128
89,89,-0.563359313596,-0.9135397758
90,90,0.347564169099,-0.513623035839
91,91,-0.197662807264,-1.96153115821
92,92,-0.622055945182,1.82960920803
93,93,-0.882368334463,-1.86603416549
94,94,0.280831436242,2.22010310577
95,95,2.31926371116,-0.207661652561
96,96,-0.926550492404,2.057013959
97,97,-0.443529543712,2.00370183935
98,98,-0.418541872667,0.368382531109
99,99,-0.300148584422,1.85564442122
100,100,-0.171641582283,1.76195365258
101,101,-1.07835215807,0.552224129634
102,102,-0.339503872415,-1.96831753241
103,103,-0.892593765684,1.68223123812
104,104,-0.264161957917,-0.932618000343
105,105,-1.29300354269,-0.0773791584876
106,106,0.604527314793,0.885515933078
107,107,0.322694236986,-1.5742960521
108,108,-0.580530215996,0.563793841373
109,109,-0.570689744201,0.575007071637
110,110,1.19734317618,1.50551129946
111,111,-0.0560630617861,-2.32402271881
112,112,-0.44236532795,-1.46514051312
113,113,-0.357657575472,-1.99354490922
114,114,-0.00388349490524,2.41356961621
115,115,0.30112855007,-1.4223902976
116,116,2.64995986989,0.110561395101
117,117,2.49022872373,-0.326664020022
118,118,0.509922338913,-2.19752532951
119,119,1.98777118784,-0.472001802305
120,120,2.2696346996,-0.159055520532
121,121,-0.179298748746,2.26449061059
122,122,1.30924804565,-1.59553588583
123,123,2.30618222383,0.254583999104
124,124,0.553590244131,1.64765681919
125,125,0.554566018985,-2.61390110717
126,126,-0.0271142606958,-1.95463678646
127,127,-0.858079427052,0.671508850785
128,128,0.234684283076,-1.9580503224
129,129,-0.0986332108908,-1.33136385403
130,130,-0.819627063085,-1.52035925729
131,131,0.960747606339,0.850773229067
132,132,-0.631156406484,-2.0065687446
133,133,0.139835108499,1.60512379415
134,134,0.470644607321,-2.07677185545
135,135,1.03860133354,1.88042108165
136,136,-1.58133957819,0.942390133122
137,137,-0.623648462513,0.707258303978
138,138,-1.32633996036,0.687692994306
139,139,-0.272875423771,2.2484157058
140,140,-0.521089139814,0.136272775323
141,141,-0.748107200549,0.493631381976
142,142,0.355926284989,-1.78817690048
143,143,-0.770355828995,2.28051767171
144,144,-1.42719200927,1.99958622155
145,145,-0.739510671647,1.38504813638
146,146,1.87402499636,0.70556965126
147,147,-0.209351764485,1.21723562705
148,148,2.58715757929,0.331005830679
149,149,2.50639548861,-0.186015401412
150,150,-0.14542924867,2.2527123032
151,151,0.900033779506,-0.755993198149
152,152,2.79854259536,-0.192241256687
153,153,2.42852654308,-0.0738191964971
154,154,2.70624193974,0.00845729076244
155,155,0.0545846051677,-2.65925879684
156,156,0.039086894468,-2.26498966168
157,157,2.80960869414,0.177886974724
158,158,0.0215807595975,-2.13879720919
159,159,1.92963809257,0.661169998012
160,160,0.392779522509,-2.3551957394
161,161,0.311866268515,-1.83771758492
162,162,-0.302701358486,2.22573993927
163,163,0.365629443485,-0.413707806437
164,164,-1.2286003447,-1.10833668131
165,165,-0.408478405379,1.58070396033
166,166,0.308444863899,-2.67364849621
167,167,-0.526838014862,1.47024412116
168,168,0.979013971356,1.31879331193
169,169,-0.0214885475033,0.0513585624075
170,170,-0.94693884987,-0.68875197338
171,171,-1.12116988862,-0.963832466832
172,172,-0.834857152405,1.15994019849
173,173,-1.2345413965,-0.715961976993
174,174,-0.747426782554,-1.82191978938
175,175,0.447319094839,1.65289401824
176,176,0.232611884742,0.733871882696
177,177,0.137066815282,-2.07684945068
178,178,0.0152404051876,1.17744064722
179,179,-0.453112613921,-1.26975870303
180,180,-1.07823168685,-1.60475990597
181,181,0.941930767288,-0.303910607934
182,182,-0.387759509466,-1.15423585973
183,183,0.10307999208,1.084125994
184,184,0.102827330316,0.615407126904
185,185,-0.159182581493,0.331576035771
186,186,0.502371576587,-0.40921403683
187,187,0.165483609951,-0.468032414566
188,188,-4.39454351985e-05,-0.671152073848
189,189,-0.0590723933662,-0.257417272201
190,190,0.142038136998,0.234941679516
191,191,-1.11067640176,-1.97092648941
192,192,-0.150298112584,-2.13125138976
193,193,0.01415303068,2.7240976953
194,194,-0.283065907518,-0.861305667352
195,195,2.45700219856,0.280961995062
196,196,2.44947759858,0.279342977249
197,197,0.162477836688,-2.60269692863
198,198,-0.974644588074,1.39239361519
199,199,0.204937182238,-1.91470400426
200,200,0.288732164238,1.47536240603
201,201,-0.175101227175,2.43596103844
202,202,1.23023522774,-2.33411399671
203,203,2.63843246415,-0.357470589268
204,204,-0.613102163401,2.14651885817
205,205,0.47744746968,-1.96004718696
206,206,0.289208097299,-1.41115605093
207,207,0.370498896273,-1.8491535942
208,208,-0.276385384573,1.64884938417
209,209,0.317029491116,-2.36014450058
210,210,0.416363765522,-0.753498274765
211,211,-0.348284823719,-2.10940850704
212,212,0.606381773124,1.94836474242
213,213,-0.73699358829,2.04805661667
214,214,0.0906431548819,2.02891384553
215,215,0.240616073912,-1.64366727784
216,216,2.3363755087,-0.925373859869
217,217,1.59605834217,-1.1134803086
218,218,2.71150731449,0.354278105564
219,219,0.062039557131,-2.26183769303
220,220,0.233150802203,-2.27319398764
221,221,1.76463262649,0.636972936288
222,222,-0.683916062492,2.21790728285
223,223,0.092784298684,2.14712864633
224,224,-0.943979158678,1.55482026368
225,225,-0.363785336452,0.285559306001
226,226,-1.17330044018,-1.77726851798
227,227,-0.580363234692,1.66995977977
228,228,-1.15879302636,-1.80185872876
229,229,0.395786042808,2.06517864168
230,230,-1.32402534177,-1.30983316638
231,231,1.8092522479,1.06082627147
232,232,0.0950637945304,1.61549080355
233,233,-0.551809212761,1.8253861087
234,234,-0.748075895805,1.88779518741
235,235,-1.03162546959,1.75461335312
236,236,-0.815548926106,1.64253003297
237,237,-1.16868739381,0.852867099194
238,238,-1.13121578479,1.55486721341
239,239,-0.74417546149,1.37359593276
240,240,-1.01939168434,1.69078998833
241,241,-1.12513046338,1.7767922807
242,242,0.158330360526,-2.23693799514
243,243,-0.949474599726,-1.63908384563
244,244,-0.433624998498,2.02558209966
245,245,-0.152699151133,0.944491110255
246,246,-1.26392885309,-0.940933007017
247,247,-0.192637322349,1.16789615102
248,248,-0.57216622339,0.184047833301
249,249,-0.415851087683,0.291251427467
250,250,-1.26432160072,0.91116741733
251,251,0.255417567388,1.32755311404
252,252,-1.53966113207,-1.23586304905
253,253,0.238325315326,-2.20615830655
254,254,0.294928045285,-1.915750157
255,255,-0.673007519923,1.36094886237
256,256,-0.310556801293,0.721383402894
257,257,-1.2622370619,-1.70686717731
258,258,-0.239374071652,2.26287360135
259,259,0.0282358371543,-1.87886960772
260,260,-0.0738897021745,-2.51513028469
261,261,-0.227775366199,-2.54651849254
262,262,-0.00191825223281,2.22295089739
263,263,0.375063577112,-2.63112962437
264,264,0.236041201521,-2.53482648803
265,265,-0.265475915706,2.49351735483
266,266,-0.508273582414,-2.14734858918
267,267,2.43864546568,-0.301691908729
268,268,2.42853308561,-0.0834796534731
269,269,2.9119714398,-0.125280100426
270,270,-0.017697701643,-2.4464221939
271,271,0.426245569222,-2.38845559868
272,272,-0.932714905851,0.243581546303
273,273,-0.216328304894,2.64900027246
274,274,1.23221588429,-1.97570110972
275,275,-0.0688398225542,2.56755119825
276,276,0.664592477207,-2.00239346907
277,277,0.155028942261,-2.12120401181
278,278,-0.0241436548781,-2.41947021189
279,279,0.997572587435,1.53909456636
280,280,0.586193004203,-2.2611032626
281,281,0.106770354617,-2.01254146117
282,282,-0.278213682656,1.80416497007
283,283,-0.0257969363055,-2.46039911734
284,284,-0.272793946873,2.03234235216
285,285,-0.26195929098,1.97666924509
286,286,0.19005419499,2.82295720868
287,287,-0.395737383353,-1.89255026894
288,288,2.4371800011,0.0268251633401
289,289,2.84839038025,0.31979840997
290,290,-0.213841592409,-2.50589076842
291,291,-0.1189984408,-2.18416845795
292,292,-1.54679349968,0.604593004987
293,293,0.88980689865,-2.00075331613
294,294,-0.441590685538,1.43568933299
295,295,-0.986984605408,1.36109699066
296,296,-1.61812432738,0.840420805561
297,297,-0.945331540139,-0.825457778299
298,298,-0.187098155798,1.31959014304
299,299,-0.851646338733,1.78513672793
300,300,-0.21016045955,-0.455457552009
301,301,0.404548341087,0.139799400688
302,302,-0.104806685987,0.504719220479
303,303,0.205864239382,0.33483851077
304,304,1.23790167918,-0.723968981787
305,305,1.04975919646,0.444611422571
306,306,-0.333755761122,0.426426159354
307,307,0.909529075872,-1.72230942024
308,308,0.819343861826,-0.133397130697
309,309,0.423091846223,-2.38107402067
310,310,1.05330174822,0.825826970486
311,311,-1.14618039819,1.2362234605
312,312,-1.0562215213,1.74010576687
313,313,-0.392147542172,-0.317200908555
314,314,0.152079798145,-2.50124064943
315,315,0.0811206656091,-2.53356934205
316,316,2.55748063825,0.0642678136008
317,317,0.499145548778,-2.20314316451
318,318,-0.28104642828,0.32171744264
319,319,0.356521515449,-1.78771571087
320,320,0.234186572641,1.03896163765
321,321,-0.61220749854,-0.876625741316
322,322,0.715144697971,-2.05944983379
323,323,0.330379099281,0.394017376449
324,324,1.44082414656,1.57883911906
325,325,-0.581532613984,1.56200197132
326,326,-0.520177105055,1.77542763943
327,327,0.0381297793768,-2.78860815537
328,328,-0.158806855499,0.804521909205
329,329,2.49095633849,-0.972934192683
330,330,-0.00535252561567,0.237377678958
331,331,-0.56278277067,2.3804159829
332,332,1.230336319,-1.07214156367
333,333,-0.563705824964,2.22194643419
334,334,-0.704297574541,1.84284751446
335,335,-0.180298784743,2.73751398639
336,336,1.03676985176,-1.64774602475
337,337,1.51723035478,1.32649801918
338,338,-0.132446061288,-2.42540052789
339,339,0.358915947821,0.684306112747
340,340,-0.167343402915,-0.383275669402
341,341,-0.407602736588,-1.07119021936
342,342,-0.703303552803,1.2400870506
343,343,-0.796119656102,0.871945999417
344,344,-1.01900355315,1.05407790796
345,345,1.48377633347,-0.47924178427
346,346,1.79236229173,-0.479407063853
347,347,-0.387540899418,2.22987234669
348,348,-0.505796164321,2.25811723743
349,349,-0.0308544711633,-2.26522001196
350,350,0.413696330109,-1.83000720654
351,351,-0.0290242675908,2.14783511419
352,352,0.485516751868,-2.25391267002
353,353,0.284445808424,-2.13716049312
354,354,0.0667622758081,-2.31065418093
355,355,2.21589216959,0.031874320189
356,356,0.502724924196,-2.37199479457
357,357,0.849878937921,-2.26488938304
358,358,0.335755403167,-1.70831274959
359,359,1.04874408201,-2.09790045299
360,360,0.773309946213,-1.36886764075
361,361,-0.0669358726844,1.96381282733
362,362,-0.246915657833,1.88098306042
363,363,-0.214491094133,2.29884056198
364,364,-0.138360715689,2.21595885175
365,365,-0.156945123238,2.50123262721
366,366,0.256515576002,-2.22309635605
367,367,0.102566856272,2.41208126101
368,368,0.0975325200634,-2.25175905334
369,369,2.00673662582,0.99019915548
370,370,2.81021158323,0.137068951417
371,371,2.38299009667,0.167418793484
372,372,2.5360170567,0.552998466678
373,373,2.15386491432,0.466728113056
374,374,2.68745390579,0.194809006346
375,375,2.3277718263,0.23233495317
376,376,2.54669406623,0.040954381443
377,377,2.13206670686,0.242262516941
378,378,0.0423830206241,-2.51892710758
379,379,-0.0112996416483,-2.10149286389
380,380,0.387701042405,-2.81679948951
381,381,2.59383959879,0.0374806021478
382,382,2.9541692105,0.0973723402693
383,383,1.80655951442,0.597697664561
384,384,0.0382535544014,-2.35474258503
385,385,0.123770402368,-2.40753615642
386,386,1.78884393241,0.436510784828
387,387,-0.596309877169,2.23493261522
388,388,-0.227446624191,2.09186506236
389,389,-0.555195012206,2.44510763692
390,390,-0.170167775859,2.37990662442
391,391,3.02677544502,-0.23542221821
392,392,0.0624026515288,2.2716828833
393,393,0.451029463324,-1.79828983407
394,394,-0.121637567196,-2.53311655708
395,395,-0.299435560452,-2.68312385315
396,396,-0.370896116455,-2.33144720476
397,397,-0.220885684408,2.50785904866
398,398,-0.472347528361,-2.26417273734
399,399,-0.0684982511108,2.60314109327
400,400,0.0392413156392,-2.40495509214
401,401,-0.186554605423,-2.05359575447
402,402,0.39325308466,-2.0139349667
403,403,0.923444304546,-2.10438084101
404,404,0.0609866310074,2.46181514602
405,405,0.697667573747,-2.06135206355
406,406,0.917040489232,-0.861423445519
407,407,2.49222027446,0.00558734180271
408,408,2.96331298611,-0.33079697046
409,409,2.8732301665,-0.0167367107562
410,410,-0.470078480279,2.25938235554
411,411,2.29492617086,0.281210357526
412,412,0.19539397857,2.08005923905
413,413,2.39911677317,0.321149118079
414,414,2.80646905068,0.340548128249
415,415,-0.0104635207937,-2.08519746665
416,416,0.107171490769,-2.31696467281
417,417,0.348353505101,-2.01586689618
418,418,2.35689823081,0.152780302807
419,419,0.625994336865,-1.99492044923
420,420,-0.127200633549,-2.76112438025
421,421,2.70949143445,0.356423025228
422,422,-0.00900169175705,2.31402957654
423,423,1.35514447208,0.47210520174
424,424,0.188848497631,-2.606771124
425,425,-0.248125440517,-2.20778917257
426,426,2.00809396,0.857832207696
427,427,-0.126097406582,-1.78770559668
428,428,-0.113994399552,-2.00108533564
429,429,1.03352067857,-1.83380707609
430,430,1.06439957274,-1.71990029369
431,431,0.732602618924,-2.01656616267
432,432,-0.022975231982,-2.22591764232
433,433,0.236442979062,-2.29909101634
434,434,-0.0543804669065,-2.41991446928
435,435,-0.249884168348,-2.58988688638
436,436,0.671907231056,-1.64491009581
437,437,0.648197425683,-1.64996251958
438,438,0.274685274495,-2.9185133574
439,439,0.856885689476,-1.86817668588
440,440,-0.327022471504,-2.46625377803
441,441,1.13528679005,-1.89740607065
442,442,0.0891930335004,-2.45523980536
443,443,2.15679854526,0.253769598922
444,444,-0.107450352158,-2.29727235161
445,445,0.0769009618622,-2.51360539536
446,446,0.817292645125,-1.98249533528
447,447,-0.0531589214225,-2.72485075341
448,448,0.982697645164,-2.06779544089
449,449,2.70194385263,0.0655762370144
450,450,2.77312011564,-0.0388383364113
451,451,-0.219473263601,-2.70244083104
452,452,0.795882703239,-2.07554725925
453,453,0.0762218974549,-2.55584207923
454,454,0.726684801024,-1.83719372186
455,455,-0.306265601821,-2.63975850367
456,456,0.216124651009,-2.34417139113
457,457,-0.101686086836,-2.4649722287
458,458,-0.0758621956926,-2.17104111626
459,459,2.83572007565,0.112727749295
460,460,-0.0557574427375,-2.40394974988
461,461,0.488863310497,-1.68394096545
462,462,2.44260045077,-0.181952162626
463,463,0.0948109413602,-2.5256782008
464,464,-0.829821945558,-1.46198816473
465,465,0.916326763353,-2.23923650975
466,466,0.269109160272,-2.75510092795
467,467,0.815417351963,-1.89915016316
468,468,0.110548376994,-2.10209191046
469,469,0.189183192191,-2.20577348419
470,470,-0.102537289279,-0.244040014038
471,471,0.339632478697,2.02194154386
472,472,-0.0317112456896,-2.30703596667
473,473,0.918503329159,-2.26421821488
474,474,-0.591910021678,1.70711065193
475,475,1.50647717275,1.79793603035
476,476,1.42376408893,1.68117644571
477,477,2.41385763861,-0.0388947714269
478,478,2.57190433967,-0.0668052740689
479,479,-0.0257259322071,-2.75673377439
480,480,1.21341524169,-1.63272304703
481,481,-0.45248573103,2.10442657732
482,482,0.0436159413763,-2.01224557381
483,483,-0.705684321624,1.28960191035
484,484,0.193646014894,0.0593038970477
485,485,1.75300202624,0.674298951547
486,486,2.20756084806,-0.030640391825
487,487,2.29218903352,-0.293086350948
488,488,2.57404312871,0.502330430469
489,489,0.182346463878,-2.42970881243
490,490,0.359613708431,-2.26235604919
491,491,-0.847404924811,2.06548715838
492,492,-0.0756048620066,2.71867462996
493,493,1.02463359052,-1.84321118454
494,494,-0.0555672555984,2.54576856232
495,495,1.1480082606,-1.34618758393
496,496,2.29898030788,-1.00654987446
497,497,-0.19426944298,-2.10318422814
498,498,2.69657140891,0.0513771019118
499,499,2.11413999219,-0.0661341168725
500,500,-0.131694177615,-2.61403438409
501,501,-0.268097633405,-2.70895025366
502,502,-0.0386880273348,2.49794864203
503,503,-0.0507180089068,2.39227205093
504,504,-0.20389376702,2.33820551039
505,505,-0.0445773327714,2.25525961966
506,506,0.121612964505,-1.80389808674
507,507,2.47839225103,0.271941122158
508,508,-0.0411611289526,2.53337478365
509,509,0.229071944035,-2.33323960627
510,510,1.72324644089,1.35739417891
511,511,0.0509437477746,-2.65836718639
512,512,0.314648485967,-2.14622668415
513,513,0.106238033283,-2.93815707465
514,514,-0.325524953419,2.038728301
515,515,0.788083245939,-1.60612819844
516,516,2.5735207546,-0.154425665307
517,517,2.24179066604,0.206691054559
518,518,-0.310163637255,-2.75288353477
519,519,-0.187746212081,-2.59868794506
520,520,0.00131693253737,-2.52465460017
521,521,-0.272882109951,-2.33287040102
522,522,0.348077850748,-2.24703579281
523,523,-0.0498664848608,2.20337261161
524,524,-0.239193246382,2.28542800644
525,525,0.0518427914547,2.15276821619
526,526,0.193796655295,1.75126887518
527,527,-0.313890886341,1.92304618554
528,528,-0.528321036911,2.26807020926
529,529,0.0283840883501,-2.64556489933
530,530,-0.345641242643,-1.73204945919
531,531,0.372988163171,-2.48840008634
532,532,-0.199651871253,2.57616132963
533,533,-0.971569049707,1.54928246075
534,534,-0.482519153383,2.45615318375
535,535,0.652522798045,-2.19387570583
536,536,-0.469312731105,2.00530077743
537,537,-0.473948631516,2.34392355736
538,538,-0.340810338396,2.10671136475
539,539,-0.832655889494,2.12563381396
540,540,-0.573705291976,2.07235944451
541,541,0.057119803312,2.40297260953
542,542,-0.742844035039,2.22634582865
543,543,1.03956518732,-1.77085645704
544,544,2.39036845347,0.356532325869
545,545,2.74643370984,0.0488715394902
546,546,2.65166281151,0.30840080969
547,547,2.77958181907,-0.233493805463
548,548,2.37631905768,0.174655457099
549,549,-0.0743026456485,-2.32029775166
550,550,0.477836014309,-2.08313624065
551,551,0.54670663329,-1.08775102271
552,552,0.046091980425,2.55106267718
553,553,-0.666755163808,2.13577305694
554,554,0.854686294507,-1.88737185645
555,555,1.05636385457,-0.73355113872
556,556,0.0418923303888,1.36466779729
557,557,-0.495833244711,0.235248462792
558,558,-0.786273401314,0.929106534488
559,559,0.462002286455,0.701358808936
560,560,-0.532048554965,1.30512569291
561,561,0.928912110382,-0.422017952143
562,562,1.93932216567,0.536403709497
563,563,2.51615472501,0.0858728198513
564,564,2.5272347818,-0.363063468252
565,565,1.40085832364,-1.51806497606
566,566,2.58714009234,0.0232048628285
567,567,2.63648492031,-0.0407402982034
568,568,2.5654618788,-0.189341809955
569,569,2.64081807262,-0.191229021401
570,570,-0.229849085617,-2.39659031643
571,571,-0.185825761097,-2.55360952236
572,572,0.00482243766715,-2.46534141681
573,573,0.826531840859,0.222140989977
574,574,1.05656278777,-0.451930199165
575,575,0.305367701107,-2.17415403203
576,576,-0.123401052779,2.61033860213
577,577,0.547566482374,-2.02894061684
578,578,1.6989377515,1.09473313398
579,579,0.00988686304472,-2.70670283418
580,580,-0.00985587577474,-2.75051129178
581,581,-0.186684460222,2.2136071064
582,582,-0.439569434354,2.0336451258
583,583,-0.110538282078,-1.6992080135
584,584,2.24534313368,0.037735065235
585,585,2.7698011827,0.0947591087267
586,586,-0.145831003801,-2.7907713656
587,587,2.62332787789,-0.193723035477
588,588,-0.200064137848,-2.63990662513
589,589,0.646473301924,-1.05773703691
590,590,-1.33903056023,2.04221565725
591,591,-1.38555049887,1.3250211978
592,592,-1.81517928539,1.46301225093
593,593,-2.25046404095,-2.10182235404
594,594,-1.07619135238,2.22864482294
595,595,-0.295770001161,-2.13305614162
596,596,0.653046827634,-0.499030475844
597,597,1.9520795457,-0.147587969183
598,598,1.72773859567,1.77520144804
599,599,0.378746631419,-2.15856739288
600,600,-0.0944487236972,2.58703670249
601,601,0.022764663354,2.33989775062
602,602,2.20541386342,-0.378648264786
603,603,-0.0625235939265,-2.42606507176
604,604,0.145142715084,-2.81217279782
605,605,1.2051674661,0.730132404599
606,606,0.542103009945,2.93840226324
607,607,0.805090037637,-1.78543832
608,608,-1.16829838691,1.64347664153
609,609,0.836623203897,-1.95271523131
610,610,-0.881944985615,2.1189425031
611,611,1.5807322158,-1.62914660688
612,612,2.19739276221,0.862739427699
613,613,0.82170031982,0.856766306899
614,614,0.974174548348,1.36310589981
615,615,0.616402302453,0.457381725349
616,616,0.699372224104,0.733308776041
617,617,0.517397548843,0.691975774328
618,618,0.720417686063,0.477720020149
619,619,0.770934942629,-1.88348374343
620,620,1.1499671596,1.50160921465
621,621,1.73597633477,-0.0256362463825
622,622,0.731696503007,-2.05783363663
623,623,1.87161443789,0.958091335121
624,624,0.278676620815,2.23818352603
625,625,-0.329236542577,-1.45407428477
626,626,-0.25911196143,-1.00108510044
627,627,0.56348631685,1.42407204012
628,628,1.25944738221,0.577056568083
629,629,1.66546328953,0.669031035695
630,630,-1.26621807571,-2.26316813357
631,631,-0.526205888588,-2.28499316142
632,632,-1.80959624579,1.78549811188
633,633,-0.446512162459,-1.51190006923
634,634,2.57950210104,0.282563940308
635,635,-0.165808705273,-0.273581220178
636,636,-0.895243751703,0.636240712624
637,637,-0.150822526055,0.494134956514
638,638,3.71738514266,0.689748838828
639,639,0.237258822993,0.388473791641
640,640,-0.678569329794,-1.67729776395
641,641,0.80320520873,0.490254204197
642,642,1.2109670213,1.19028585287
643,643,-0.491800335898,-1.49368176246
644,644,-0.574224452985,2.67339551284
645,645,0.242309004618,1.60450441858
646,646,0.650952234762,1.20064584661
647,647,2.04934976139,1.72666952471
648,648,1.5393177478,1.02786456914
649,649,0.32301449805,2.07089928362
650,650,2.06631503275,0.890820331498
651,651,-0.0555847580403,-1.46750705122
652,652,-1.16261838092,-2.11384585988
653,653,2.73328177151,0.172879419258
654,654,1.17739276398,2.03898523174
655,655,0.933493381605,1.06282961922
656,656,-0.586241407348,-2.122329787
657,657,1.56991983257,0.670302267606
658,658,0.39329651295,1.70284867527
659,659,3.14922346371,0.160930289555
660,660,1.49904860709,2.00379020562
661,661,1.30784040025,2.00986970537
662,662,1.97196678396,2.23131830384
663,663,1.26949357958,2.01154827719
664,664,0.870120171141,1.35326418765
665,665,1.35409535112,2.15019708408
666,666,1.81851716416,2.43006037918
667,667,0.80339806047,-2.70388485213
668,668,0.126672229253,2.58444023971
669,669,1.3026420633,1.37841814155
670,670,-0.325871671154,-1.52838645848
671,671,1.3890822985,1.2848955557
672,672,2.37208059968,-0.0743083004012
673,673,-0.790964227119,2.11788496895
674,674,-1.70824166586,2.02412331911
675,675,1.320317622,-0.643645262398
676,676,0.759268816695,1.86264671203
677,677,1.08801418572,0.85752120117
678,678,1.96502917289,1.13522850144
679,679,0.0663449205304,2.38425788943
680,680,1.90696970911,0.426638418632
681,681,2.41411945097,0.343545967704
682,682,2.64088215396,-0.329126251196
683,683,1.6589793187,1.41630894309
684,684,1.39834389701,2.15706111474
685,685,0.388230929358,2.33116134992
686,686,-0.0395938779201,2.73657950846
687,687,-0.197627580009,2.63602392844
688,688,0.20625331567,2.37390209477
689,689,0.387279393542,3.17292803228
690,690,-0.10861398599,2.63458239205
691,691,1.29469714814,1.03739873656
692,692,2.04494875578,1.78140645466
693,693,-0.462621878717,-2.32935106114
694,694,0.670732196053,1.4858811147
695,695,-0.15858385118,-1.70038379586
696,696,0.901362222041,1.46185527094
697,697,1.09908088815,2.20363734333
698,698,2.57686752217,0.560347787258
699,699,2.05864922391,-0.298064441012
700,700,0.0755315999692,-1.61662700712
701,701,0.055983260936,1.23660302925
702,702,-0.345788346081,1.90877377039
703,703,-0.783536916395,2.88973617994
704,704,-0.764450088399,-1.30958803028
705,705,0.164433835237,2.0031082615
706,706,0.6522371149,1.41616782555
707,707,-0.228863598247,-1.99119776433
708,708,1.26326491642,1.88384556174
709,709,0.670834024943,1.18570925041
710,710,-0.287434993424,-2.14943766895
711,711,1.00810579483,0.214401118771
712,712,-0.33591397278,-0.683080955814
713,713,-1.53963002567,-2.23389442142
714,714,-0.0526439325319,-2.3663167241
715,715,-0.514571384495,2.38651922411
716,716,-0.491915818732,2.59744448852
717,717,0.150958292943,-2.65666934333
718,718,1.43208173252,2.01664944023
719,719,0.46706418421,-1.64522280719
720,720,0.964647270566,1.62538053121
721,721,-0.369130587351,-2.20497797589
722,722,-0.494770106104,-1.49855861634
723,723,0.676606730983,1.34161676438
724,724,0.63938553896,1.51768212312
725,725,1.01868211189,1.06755905458
726,726,0.13219151841,-2.75839997538
727,727,-0.253619534892,-1.50935372006
728,728,1.18169492721,-0.577775077999
729,729,2.20421803075,0.731145469541
730,730,0.24217523701,-2.71770189784
731,731,0.437751480087,-3.15561723475
732,732,0.058543729103,-1.98587991854
733,733,2.6820786966,0.182573445884
734,734,-0.195275903736,-2.81167184855
735,735,0.338727570967,1.51393302673
736,736,-0.421119917477,-2.19256906633
737,737,-0.656014073833,1.84374614533
738,738,0.993803256552,-1.4256454082
739,739,-1.26524667239,2.20960441498
740,740,0.659958535032,-1.90318392127
741,741,0.439762066327,1.77286553121
742,742,-1.15986025114,1.7076258427
743,743,1.81423700733,-2.23272724075
744,744,0.669234623743,0.878421206525
745,745,-1.32211225929,-2.39491832973
746,746,-0.00264331536256,-1.63238718196
747,747,0.669190470191,-0.325688990309
748,748,1.67127525536,-1.39393989506
749,749,-0.345544725501,-2.71186834933
750,750,0.243530540419,-2.87628557871
751,751,-1.94343567877,-1.4926026808
752,752,-0.0814594488455,2.14851061024
753,753,2.36858391635,0.104466076965
754,754,-0.0528178980877,-2.67016165238
755,755,-0.131367515935,-1.81399806024
756,756,0.239281730531,-2.10685045383
757,757,0.358659428155,-2.23067486086
758,758,-0.404965353494,-1.83524598742
759,759,-0.0306495125691,-2.15545344326
760,760,-0.748537417026,-2.81547597205
761,761,-0.40486119723,-1.59383063913
762,762,0.475424963944,-2.22733323267
763,763,0.281420570527,2.57963687821
764,764,1.59824474138,0.223862407756
765,765,0.361075945028,-1.95653193441
766,766,-1.22744691996,-1.4915915009
767,767,0.320544436039,-3.1809928111
768,768,0.24690133511,-2.38913821313
769,769,-1.30171283806,-1.09196686732
770,770,-0.711911695984,-1.33977613425
771,771,-0.0718259839676,-1.24169000726
772,772,-0.774779498513,-2.46096128269
773,773,1.08634315917,-2.14192457931
774,774,1.71142711864,1.34242778882
775,775,0.922559514258,-2.26908777881
776,776,0.663305461546,-2.55000428161
777,777,-0.555456369139,2.21594338506
778,778,0.518305273673,1.16763989464
779,779,-0.222069367038,1.8236515959
780,780,0.712054186578,-1.84878060811
781,781,0.298829828674,1.8356180001
782,782,0.286169226463,-2.1308132593
783,783,-0.140809813109,-2.22892077995
784,784,0.302662553816,-2.35089689588
785,785,-0.314944614798,2.15759675177
786,786,0.129128395601,2.25323062134
787,787,-0.329187097916,2.3063436626
788,788,-0.271444537119,2.1928755555
789,789,0.179791916296,-2.24049005992
790,790,-0.161045188102,-2.48040653586
791,791,-0.540552520647,2.01948454893
792,792,-0.121724007311,-2.50389957484
793,793,1.4959323616,-1.55298922424
794,794,-0.21475712654,2.06159143271
795,795,-0.0150322008776,2.05975223487
796,796,0.0514031944441,2.12392108218
797,797,0.38095851499,-2.49494084491
798,798,2.20240317078,0.924221704897
799,799,2.29270828438,0.121327837244
800,800,2.59092532093,-0.321783878566
801,801,2.2699477787,0.39316485152
802,802,0.304173237518,-2.6312199492
803,803,-0.0577962054681,-2.51060818857
804,804,2.66191423744,0.125894997463
805,805,-0.0745953101274,2.34636406604
806,806,0.133819308937,2.19989025721
807,807,-0.438710052141,2.40514553499
808,808,0.0134116447229,2.35312325492
809,809,0.226452524266,-2.2878335639
810,810,0.22532524538,-2.47990205786
811,811,0.126379709074,-2.44521087545
812,812,-0.166441858809,2.31416535947
813,813,-0.179273931657,2.6246278192
814,814,0.772805860671,-1.99059374238
815,815,2.39281249675,0.594167544989
816,816,-0.427248039703,2.01217839086
817,817,-0.388452158216,2.56136144613
818,818,0.661198279144,-2.02129499192
819,819,0.0582534467216,-2.55459489802
820,820,-0.0257006345058,2.47777795096
821,821,0.315519289928,-1.96885001787
822,822,2.84327403524,0.014446351255
823,823,2.49918028565,-0.0351152806131
824,824,-0.501255447293,2.5109824512
825,825,0.148465150951,2.31624730899
826,826,2.67230709715,-0.199800954344
827,827,0.309444404325,2.84329023224
828,828,0.320683078026,-1.76272488311
829,829,0.061625932208,-3.08524712026
830,830,0.156049498996,-2.12991388189
831,831,2.4093695251,-0.2593617031
832,832,0.134808366983,2.20251726264
833,833,-0.106806146322,2.38238940797
834,834,-0.303806469507,-2.29772302993
835,835,1.89652785505,0.35394802076
836,836,1.58144471653,0.656444798098
837,837,2.23429837921,-0.589947223747
838,838,1.98935394394,0.132332626944
839,839,-0.0350758627232,-2.19895512026
840,840,0.439569643028,-2.62621473058
841,841,-0.167627066543,2.6646615612
842,842,0.730210736284,-2.21019499789
843,843,0.187224687443,-2.42672489596
844,844,-0.0206372593371,-2.4061810202
845,845,-0.203050001655,2.04036328234
846,846,0.373637489925,2.18594086762
847,847,0.229662377699,2.30781601609
848,848,0.194405989733,2.25294231983
849,849,-0.198273084883,2.23512220122
850,850,0.415611071957,-2.3617212182
851,851,0.270729707121,2.71551018545
852,852,0.862054223668,-2.24655047939
853,853,-0.0881060586398,2.44008184434
854,854,0.369895795966,-2.43113422023
855,855,0.306387357142,-2.80164051534
856,856,2.65797432291,0.159050928136
857,857,-0.336192144068,-2.65084662263
858,858,-2.5403880855,0.0330269276622
859,859,-1.27481299474,1.3335586912
860,860,-1.84064467381,1.66088227766
861,861,0.432703491199,-0.871108248985
862,862,-1.82895342267,-1.94045045163
863,863,-1.1795396686,2.13617524601
864,864,-0.630993536305,-2.26440934007
865,865,1.61212658841,0.193850550953
866,866,2.60263545761,0.413057552984
867,867,2.66115793549,-0.234254563626
868,868,0.130644984734,-2.56853341413
869,869,0.58486460163,-2.16994509984
870,870,0.372106326846,-0.876063494024
871,871,2.13154100155,0.508547597952
872,872,0.362762794171,-2.4658366993
873,873,-0.631660480748,1.70832237912
874,874,-0.0498184506152,1.3560072512
875,875,2.85603257586,0.293614514315
876,876,-0.0929478093781,-0.406426125574
877,877,0.0353307999052,-1.10019048269
878,878,-0.143745460141,-2.52428827836
879,879,-0.0854136066632,-1.15659401227
880,880,-0.30859397316,1.30242611787
881,881,0.256871882587,2.40058565104
882,882,1.84583225717,0.0338631536629
883,883,2.43991889166,0.620339098613
884,884,2.30074297314,-0.0365918615279
885,885,-0.209376173082,-2.40031906822
886,886,-0.282027861652,-2.52170441133
887,887,0.17091158589,-2.65933485283
888,888,2.81870822727,0.24553278216
889,889,0.11591970272,-2.19970134512
890,890,0.29776871686,-2.50775209164
891,891,2.05383154355,0.977218974376
892,892,-0.0456986725951,2.42639129348
893,893,0.580210659644,-2.33564650742
894,894,1.12523364359,-2.15379975584
895,895,0.722262421479,-2.45204236915
896,896,0.0248861618909,-2.34217993227
897,897,0.0844465255324,-2.40915941265
898,898,1.32950357651,1.29515676657
899,899,0.235440372466,-2.44083766492
900,900,1.44284925343,0.788037181943
901,901,0.282872785916,2.57117795347
902,902,1.17707474885,-1.4401683467
903,903,0.186100627203,1.96463138245
904,904,-0.422692355207,1.55150820265
905,905,1.80653024518,0.811376498169
906,906,1.63423302959,0.584741316611
907,907,1.7636447545,0.923079680241
908,908,1.33336128671,-0.33573815593
909,909,2.24591521533,0.562451874868
910,910,2.43512150725,0.230787522719
911,911,-0.195457285642,2.46496096372
912,912,2.36241573555,0.275436950642
913,913,2.46355859714,0.0567073645275
914,914,2.0326327972,-0.663662401311
915,915,-0.106255430291,1.66571771363
916,916,-0.0699355839193,2.31397298725
917,917,-0.0558727233772,-2.05082927755
918,918,-0.014109192033,-1.7383520663
919,919,1.73581615258,-0.692828481498
920,920,0.937967135804,-1.85513118103
921,921,0.649362326899,-0.270071003433
922,922,0.0411631232936,-2.55120534923
923,923,0.850894684514,-2.33073976321
924,924,-0.593372207048,2.04747295736
925,925,-0.239493265123,1.42512353971
926,926,-0.892754464583,-1.58111807181
927,927,0.251628451199,-1.97559184214
928,928,-0.0294439880224,1.0539529174
929,929,0.903611503967,2.02267431213
930,930,-6.05389513077e-05,2.23674989389
931,931,2.11843048051,-0.112502704096
932,932,0.946175634217,-0.790676870513
933,933,2.38736903737,-0.0104992095472
934,934,2.95253584016,-0.0586278570621
935,935,-1.61127244944,-1.79137222936
936,936,0.676139422754,0.430618927903
937,937,1.20003537961,-0.629688688626
938,938,0.283677929322,-1.99117946882
939,939,-1.03650141598,1.32748031285
940,940,-0.429070917437,1.37806406987
941,941,1.21868952314,1.54046606091
942,942,1.76965622998,0.51670387152
943,943,-0.981843324319,0.235006000145
944,944,-0.00457781212162,0.774347856875
945,945,-0.207927603137,-1.62952409739
946,946,-1.35981454799,-1.45137897242
947,947,-0.329801407814,1.56376370202
948,948,-0.766766111382,-1.11729156575
949,949,-0.576773442559,-1.83799372353
950,950,0.35589857363,0.943066866123
951,951,0.231734395523,0.921656020912
952,952,0.416342268569,-2.1482253034
953,953,-0.0296768149421,-2.87226502291
954,954,0.590866988622,0.942685683882
955,955,-0.143217244349,-0.959640118871
956,956,0.265403628173,1.93344033219
957,957,0.176882950694,0.91232864483
958,958,0.544742815759,-2.36296232222
959,959,-0.066559937974,-2.04731181981
960,960,-0.211946722509,-2.15467298469
961,961,0.255009605174,-2.17939087098
962,962,-0.121215188976,2.52945669435
963,963,0.907657612314,-0.497404622359
964,964,0.204816812718,-2.28000888157
965,965,-0.487198059857,2.41115127523
966,966,1.04646317155,-0.253892144145
967,967,2.52436055876,0.267084159867
968,968,-0.704841795659,-1.37740629735
969,969,-1.60865193463,-1.66133042968
970,970,-0.846123428605,-1.47008004833
971,971,-0.120793636748,1.8010146531
972,972,-0.701741501227,-0.629574066418
973,973,-1.60778856522,-1.92376766974
974,974,-1.16575380963,-1.53042461536
975,975,-1.33686259741,-1.49769921526
976,976,-0.572438680652,-1.39221908187
977,977,-0.554141568056,-2.09110847479
978,978,-1.18940993277,-1.95831990038
979,979,-0.302269813879,-2.17052399568
980,980,0.411013776617,-0.847899814173
981,981,2.53701180656,-0.208815901886
982,982,0.064784236932,-2.226887087
983,983,-0.865612855954,-1.41444275446
984,984,-0.245938864805,2.96371864304
985,985,-0.206401752431,-1.44658319427
986,986,-0.704692618626,-1.60037260934
987,987,-0.957524880994,-2.012329283
988,988,0.190856422527,1.24002952031
989,989,-0.902213103201,-1.52237663758
990,990,-1.26363061204,-1.91891700386
991,991,-0.025261985126,2.81809312026
992,992,0.0272784240027,-1.50546831707
993,993,-0.131879310071,-2.39676332572
994,994,0.476005162914,-2.78011762884
995,995,1.92748897712,0.403567815083
996,996,0.506052972971,-2.32437872322
997,997,-0.633048572384,-1.50355680799
998,998,-1.13457587307,-1.32670123039
999,999,0.10935168944,0.190728933054
1000,1000,-0.447849323277,0.820876466238
1001,1001,-0.572397220408,0.830168199282
1002,1002,-0.946172640134,-1.00032315135
1003,1003,-1.5081830607,-1.03444870217
1004,1004,-0.144664016873,2.00903045364
1005,1005,-0.332047375402,2.55810487783
1006,1006,1.18179630633,-1.64790985928
1007,1007,0.349585360539,-0.39076312343
1008,1008,-0.170548570301,2.21622678513
1009,1009,1.21503219618,-1.87195599386
1010,1010,2.29572230942,0.0928832660621
1011,1011,2.32801179451,-0.0176405373936
1012,1012,2.51380497857,-0.203481452649
1013,1013,1.06261028641,-2.02340096911
1014,1014,0.0511456020568,2.22919954801
1015,1015,0.49257955206,-2.30181405623
1016,1016,-0.672549179942,-0.66013687041
1017,1017,-0.527870131209,1.85271744049
1018,1018,2.52814648024,-0.0586489809293
1019,1019,-0.437321721117,1.82573342334
1020,1020,0.422778706286,-1.71975850726
1021,1021,0.515051420678,0.0674234240141
1022,1022,0.123989530235,-1.75490826682
1023,1023,-0.667086698616,1.7365232227
1024,1024,-0.258716474567,1.04531656709
1025,1025,-0.198141725881,1.06705198703
1026,1026,0.558950039425,0.403454155491
1027,1027,-0.306905618631,-0.16321225721
1028,1028,-1.07088716164,0.338237701023
1029,1029,2.60974691986,0.34801096741
1030,1030,-0.335841953914,0.951759256998
1031,1031,0.562479206351,2.05865997403
1032,1032,-0.383450108312,0.938844097857
1033,1033,-0.909749816318,-0.302481761331
1034,1034,-0.527318712483,-1.8450667214
1035,1035,0.882912575186,-0.998445888214
1036,1036,-0.277529802565,-0.640165301776
1037,1037,0.297558590842,2.32599671547
1038,1038,1.28305460566,-0.877637262481
1039,1039,2.10085288329,-0.731390301649
1040,1040,0.0893580262054,-2.61693825102
1041,1041,2.46516293897,0.272780901643
1042,1042,0.278649085672,-2.37643910564
1043,1043,0.257361189369,-2.86224618345
1044,1044,-0.861080375759,1.74882335073
1045,1045,-0.770735303722,2.07604729803
1046,1046,-0.710783132524,2.17032559872
1047,1047,-0.520252524138,1.96551219938
1048,1048,1.12714933589,-2.04587009278
1049,1049,-0.227245890792,2.40628473947
1050,1050,1.46706668845,-2.07279019691
1051,1051,0.413107277936,-2.32462440997
1052,1052,-0.452411372302,2.2265034268
1053,1053,-0.66162142938,2.08248340658
1054,1054,-0.680407925598,2.55210501602
1055,1055,-0.292156664271,2.79725964111
1056,1056,0.894822454412,-2.12990396369
1057,1057,0.730699021592,-2.26360512808
1058,1058,0.296566361894,-2.27524375788
1059,1059,-0.123987365108,1.75128333135
1060,1060,-0.249251575291,2.14110143899
1061,1061,0.946901792278,-1.69975086849
1062,1062,0.128180279873,-2.22157914944
1063,1063,0.955210567718,-2.27532032939
1064,1064,-0.423896716073,2.02091399036
1065,1065,-0.299517987377,2.52763475628
1066,1066,-0.0219664509899,2.46027877784
1067,1067,-0.273713135409,2.57183007078
1068,1068,0.594989707757,-1.86688266742
1069,1069,0.0286492809576,2.32592564841
1070,1070,-0.933347347389,2.41292400062
1071,1071,0.0254257561488,-2.06977872198
1072,1072,2.07734409655,0.615104102183
1073,1073,-0.0920667408003,-2.72686039112
1074,1074,2.95993881055,0.16838478783
1075,1075,-0.894103912767,-1.11383694223
1076,1076,0.667270745801,0.635963760968
1077,1077,-1.18019633294,-1.06143959595
1078,1078,-1.17402441324,-1.05527362587
1079,1079,-0.560147037771,1.78474888582
1080,1080,-1.56121370178,-1.49766274429
1081,1081,-1.57858464315,-1.48707522713
1082,1082,2.3303337821,-0.0208562660082
1083,1083,-1.23726838987,-1.46692698025
1084,1084,-0.681313155172,1.98797006837
1085,1085,0.302809263699,1.33448599505
1086,1086,-0.15910961573,0.461870735471
1087,1087,-1.35938542033,0.88205178482
1088,1088,0.434887064305,1.76288037001
1089,1089,-0.214915215499,1.15527307513
1090,1090,-0.42093259304,-1.09579651317
1091,1091,-1.00849506915,0.797915922849
1092,1092,0.538050117998,1.52706841516
1093,1093,-0.794203383849,-1.69293746698
1094,1094,0.259810671638,-2.39023836402
1095,1095,-0.989907651572,2.57214837958
1096,1096,0.574539398185,-2.7993685004
1097,1097,0.145063185386,-2.4124594392
1098,1098,0.440897317837,-2.15793795893
1099,1099,0.128319256026,-2.40199663385
1100,1100,0.562101605822,-1.98956421578
1101,1101,-1.07293861415,-1.53516565028
1102,1102,-0.277679978333,-2.13635833674
1103,1103,0.320591715526,-2.52747747813
1104,1104,-1.28135474403,-1.76676493512
1105,1105,-0.0104730971598,-2.36578333023
1106,1106,2.44127659069,0.105285556144
1107,1107,-0.694843611342,2.34118388169
1108,1108,-1.57841440318,-1.81330786984
1109,1109,-0.189690387022,2.29604883365
1110,1110,0.524686683321,-1.31803440491
1111,1111,-0.359715425921,2.58248297669
1112,1112,0.632349592115,-1.72695494891
1113,1113,2.31998692474,-0.249167527322
1114,1114,1.39690349348,0.607576877461
1115,1115,0.370095840223,-2.76329804351
1116,1116,0.552250848374,-2.31019982
1117,1117,-0.519833202534,1.1460376697
1118,1118,0.834175942643,-1.72372776047
1119,1119,1.5342407747,-1.08242011497
1120,1120,-0.746182188851,1.78585535974
1121,1121,-0.5740024351,2.30278097591
1122,1122,-0.330176091332,2.45466827728
1123,1123,1.21951194722,0.389840529602
1124,1124,-0.884872327851,-1.82359445888
1125,1125,1.26476906983,-1.68342616724
1126,1126,-0.515381008058,2.39777287691
1127,1127,0.360147551741,1.22408909752
1128,1128,1.65102736573,-1.0942300884
1129,1129,-0.724674826793,2.18001331162
1130,1130,0.875772785179,-1.71912836234
1131,1131,-1.17367965503,-1.93382006594
1132,1132,0.279857023479,-1.85435048744
1133,1133,-0.0409287259389,-2.46586650114
1134,1134,0.487555303508,-2.65494640413
1135,1135,0.707775216481,-1.92134663466
1136,1136,-0.0174533261859,2.70037949156
1137,1137,0.00298723659351,-2.43216115644
1138,1138,0.318073459173,-2.42952342728
1139,1139,0.359750267897,-1.99787366066
1140,1140,-0.275944575932,2.09014662008
1141,1141,0.236638001786,2.3192305654
1142,1142,-0.324703980549,2.45853035554
1143,1143,1.09788439186,-1.53367718047
1144,1144,1.50692054797,0.808065694753
1145,1145,2.49597846455,-0.0390730848141
1146,1146,1.14152771431,1.62511124977
1147,1147,0.446332472472,2.17631759277
1148,1148,0.197622722495,-2.54964271844
1149,1149,0.5787104362,-2.55401405947
1150,1150,2.79304119821,0.110582450531
1151,1151,-0.186377984356,2.46233822254
1152,1152,0.442592852833,2.96269195371
1153,1153,2.50009177001,-0.376972293359
1154,1154,-0.216914518657,-2.46718769689
1155,1155,0.00367976340623,-2.6472185126
1156,1156,1.99548187516,0.487337583047
1157,1157,-0.217145405499,2.13851311173
1158,1158,1.951075646,0.541966069706
1159,1159,2.59240513454,0.0546509108226
1160,1160,-0.00103787047414,2.26005073051
1161,1161,0.125723382795,-1.18737773854
1162,1162,-0.160218369523,2.35938556343
1163,1163,0.449225028042,2.02708309526
1164,1164,0.743742821689,-1.88768841555
1165,1165,1.48806006904,0.397994281398
1166,1166,0.599115970725,1.98847360363
1167,1167,2.47293336131,0.000925967743956
1168,1168,1.0853777154,-1.65497695848
1169,1169,2.53376111731,-0.330895792663
1170,1170,2.03478049283,0.177933443907
1171,1171,-0.0967584850118,-2.59811752493
1172,1172,0.206839486761,-2.41684894721
1173,1173,-0.518712638551,2.36624991934
1174,1174,0.232080315676,2.68455559398
1175,1175,0.311217659122,2.26508915159
1176,1176,0.0871097388469,2.54667629396
1177,1177,0.131213879694,-2.03885793019
1178,1178,1.61821788721,0.597445709116
1179,1179,-0.176317507636,-2.6277788731
1180,1180,0.196083220431,-2.76864527034
1181,1181,2.26948557198,0.244253532076
1182,1182,-0.667917285604,-2.47936236609
1183,1183,-0.210926143626,2.65416632754
1184,1184,-0.254324963023,2.34874747761
1185,1185,1.23058119899,-1.98149549033
1186,1186,-0.209926931381,-2.72153630444
1187,1187,-0.389464126999,-2.31766758422
1188,1188,1.10736770054,-1.56319076904
1189,1189,-0.32339148267,-2.66019849295
1190,1190,-0.385843018005,-2.51998970102
1191,1191,0.198777734216,-2.23667984621
1192,1192,-0.247701386232,-2.12245600588
1193,1193,-0.147658578759,-2.04611877077
1194,1194,-0.0140131921289,-1.80108418373
1195,1195,-0.100792696764,2.08285365329
1196,1196,1.90181358393,-0.0301179239095
1197,1197,2.36648085661,-0.017090881887
1198,1198,2.36236082791,-0.114189123921
1199,1199,2.59547094744,-0.00611263438983
1200,1200,0.55377200067,-2.24163184942
1201,1201,0.819694300607,-1.87572811276
1202,1202,-0.767703100171,1.74592771845
1203,1203,-0.791904355626,2.35112057046
1204,1204,-0.277241267993,2.09434029574
1205,1205,1.03396446117,-1.9371259367
1206,1206,-0.320983889842,2.27242247773
1207,1207,-0.0563441191148,-2.56251320783
1208,1208,0.141259538709,-2.00311295341
1209,1209,2.21255221112,0.0791418904806
1210,1210,2.52129887628,0.0521028212712
1211,1211,0.0132091256354,2.42409915981
1212,1212,1.10798586191,-2.08724883211
1213,1213,2.78024608906,0.3615475465
1214,1214,1.60791217397,0.38354285913
1215,1215,-0.0381943509566,-2.70039289071
1216,1216,0.095261658198,-1.80314869013
1217,1217,0.122758510782,-2.52017969905
1218,1218,0.303262391255,-2.06708221505
1219,1219,2.23412959077,0.194625661217
1220,1220,1.37002407234,-1.3542810342
1221,1221,1.25983657301,-1.10551483455
1222,1222,1.15508834212,0.387306118076
1223,1223,1.2584778339,-1.01287970012
1224,1224,2.78428631352,-0.0289741016631
1225,1225,2.87909085725,0.0141191046772
1226,1226,0.476498647526,-0.245933142106
1227,1227,-0.135613807998,2.48018451121
1228,1228,0.605556243217,-0.0794975095947
1229,1229,-0.159739002827,2.31913213305
1230,1230,0.0336892116502,-2.4590168926
1231,1231,0.362258554204,-2.5565679501
1232,1232,-0.349577579704,2.75914219181
1233,1233,1.19820220696,-2.26883632715
1234,1234,0.0136633825728,2.54862652817
1235,1235,0.302553270803,-1.89187674192
1236,1236,2.40690768133,0.1935261654
1237,1237,0.34412355252,-2.27467296388
1238,1238,0.272056242558,2.4419100286
1239,1239,0.756372825682,-1.77929709999
1240,1240,0.00647163988004,-1.9544606724
1241,1241,2.39038743397,-0.256986114377
1242,1242,0.283861585046,-2.38051495267
1243,1243,0.143607167774,-2.52758511835
1244,1244,0.328579511489,-2.07539104306
1245,1245,-0.121901797176,2.65705995499
1246,1246,0.393198302932,-2.1761278581
1247,1247,0.0581832679134,2.06777385698
1248,1248,-0.31205636071,2.57980846743
1249,1249,0.596670026397,-2.50870167405
1250,1250,0.214847295771,2.25657753851
1251,1251,0.0698902612231,2.56716210344
1252,1252,0.00605597831323,2.58171251647
1253,1253,0.771231207706,-2.15832064164
1254,1254,2.31292427999,0.635419454756
1255,1255,2.55914429342,-0.262986635724
1256,1256,2.35205348361,0.0623297755606
1257,1257,2.60366252873,-0.0724433824236
1258,1258,2.37132073423,0.455246914167
1259,1259,2.31555401148,0.154111650161
1260,1260,2.71396038526,0.135619916415
1261,1261,2.39062151855,0.0578039893498
1262,1262,-0.0643619622249,-2.05692628255
1263,1263,0.160924191418,-1.96476353088
1264,1264,2.48288564672,-0.059388427567
1265,1265,0.0201199143996,2.97991316567
1266,1266,1.20230729236,-0.000309356169903
1267,1267,1.70772690013,-0.338694303205
1268,1268,0.0389466942617,-2.22484001588
1269,1269,-0.0834756293662,-2.22809225745
1270,1270,1.72531321476,-0.15723888859
1271,1271,0.00879091544398,2.6387297202
1272,1272,1.99768132253,0.551032369185
1273,1273,0.0604156570762,-1.98010624496
1274,1274,0.594014819935,-0.475451420325
1275,1275,0.00384248139006,2.42016160692
1276,1276,0.582430187216,-2.31186907428
1277,1277,0.374243275903,-2.25504039752
1278,1278,2.53953347866,0.118754369541
1279,1279,2.13330331235,0.155012271522
1280,1280,0.670641556977,-0.209472261437
1281,1281,2.7211528058,-0.150595818035
1282,1282,2.22072640966,0.00223796207196
1283,1283,2.26115864593,0.3648781648
1284,1284,-0.531776950883,-2.14794857465
1285,1285,1.34151535703,-1.85641750171
1286,1286,0.0763599871221,-0.553736700686
1287,1287,1.93140580176,0.951153821178
1288,1288,-0.124158003137,-2.21820920127
1289,1289,0.110713961942,-2.01272705217
1290,1290,0.226161298315,-2.17122054248
1291,1291,0.89970726285,-0.456551116318
1292,1292,0.53992549719,1.64046847743
1293,1293,2.30509814344,0.0125299262599
1294,1294,2.65551030116,0.0106576538332
1295,1295,0.711376741835,-0.681557955207
1296,1296,0.216399316748,-2.44862810185
1297,1297,0.259704541569,-2.34299015341
1298,1298,1.38054445238,-1.00288775536
1299,1299,-0.127881121159,2.52059179649
1300,1300,0.38235858022,-2.28948690274
1301,1301,0.0588369049084,2.60661620181
1302,1302,-0.485758138756,1.81543803369
1303,1303,1.11609826903,-2.31901942304
1304,1304,-0.405903699135,2.12145592004
1305,1305,-0.374842840411,2.17767935961
1306,1306,-0.277140888523,2.5740987909
1307,1307,-0.553962501231,2.5826613386
1308,1308,-0.259789806249,2.2781069522
1309,1309,-0.463041150783,2.42159704686
1310,1310,0.485037130713,-2.25760357873
1311,1311,0.242480887297,-2.82665077454
1312,1312,-0.321755735372,2.5352847642
1313,1313,0.060352816836,-2.54934415652
1314,1314,1.28980156533,-2.57872217127
1315,1315,0.310799916578,-2.39639880123
1316,1316,-0.90035590663,2.36002864029
1317,1317,0.231586787234,2.4957254164
1318,1318,0.336918210996,-2.2209116057
1319,1319,-0.647528300376,2.17804875226
1320,1320,0.213140058619,2.36095090696
1321,1321,-0.703278658238,2.12142922792
1322,1322,0.171759849863,2.27552732518
1323,1323,0.165802639638,2.30469023342
1324,1324,0.956627334424,-1.96266317695
1325,1325,1.02434253297,0.785302081362
1326,1326,2.36809424311,0.285547853131
1327,1327,0.131926802899,-2.47916396559
1328,1328,0.176964555957,-2.30990654369
1329,1329,2.4368741364,0.0135228500454
1330,1330,0.093921523229,2.83303091728
1331,1331,0.819257401595,-1.98774217081
1332,1332,1.63807009495,0.643812683917
1333,1333,0.344705093807,-2.24354781508
1334,1334,0.300509011405,1.84019099736
1335,1335,0.88432303804,2.20371218031
1336,1336,1.21679073567,2.0378649554
1337,1337,-0.0938787936105,2.09123337914
1338,1338,1.75365555163,1.21927677081
1339,1339,0.268797770724,2.63735768388
1340,1340,1.37156511232,1.35754190477
1341,1341,0.979655265483,1.16047933407
1342,1342,1.41455111566,1.36480547758
1343,1343,-0.158723343736,-2.48676026647
1344,1344,0.232708808855,-2.01734821939
1345,1345,1.32292838684,0.751472072328
1346,1346,-0.0524504644654,1.50056418132
1347,1347,1.74219693359,0.463271109711
1348,1348,0.859146001461,1.72290582125
1349,1349,-0.125408820618,2.66625381136
1350,1350,-1.2676248988,-2.05389472021
1351,1351,1.8428214991,1.00443355608
1352,1352,-0.892009846887,-1.06620482021
1353,1353,0.12039359639,-2.15436550675
1354,1354,0.302703225969,1.86353354978
1355,1355,1.41629841659,1.16805949217
1356,1356,2.26803000771,0.590404223836
1357,1357,0.981228295844,1.67017602906
1358,1358,0.681050410846,1.6421252143
1359,1359,0.876595781442,0.743008584219
1360,1360,1.98779235082,0.417490657595
1361,1361,0.240995784905,0.422385126187
1362,1362,-0.869223031895,-1.61392705776
1363,1363,-0.47786137532,-1.73842595322
1364,1364,1.51120069601,0.316912991231
1365,1365,1.65971776466,-0.40693145966
1366,1366,2.83219674071,0.681015007681
1367,1367,-0.365478070528,1.02788422331
1368,1368,0.0363117992392,2.34973419853
1369,1369,0.253740924477,-2.18764069037
1370,1370,0.817654984677,2.27226218313
1371,1371,2.92784395998,0.19487731346
1372,1372,1.75045306253,0.560467805964
1373,1373,-0.07489616389,1.78311357437
1374,1374,1.64333292077,0.760904130015
1375,1375,1.65615375484,1.75687508792
1376,1376,0.485273872143,1.38802813474
1377,1377,-0.887550034313,-1.18446692733
1378,1378,0.216267528529,-1.733023182
1379,1379,1.52698568036,1.09711578242
1380,1380,-0.223809712953,2.34537980828
1381,1381,0.863273929479,1.38258550471
1382,1382,0.265853365802,-3.43130982096
1383,1383,-0.350835592367,2.50058800476
1384,1384,2.08961250543,1.12899860524
1385,1385,2.44019588736,0.340988860608
1386,1386,1.57663495323,0.609892722266
1387,1387,1.83822000935,1.25908163869
1388,1388,2.93179079921,0.922557961763
1389,1389,1.74182686202,1.47903670226
1390,1390,0.0497708460604,2.60157677706
1391,1391,-0.0126167177089,2.37758325041
1392,1392,0.592157239366,-2.67460008407
1393,1393,0.580117283651,0.532918241097
1394,1394,0.804257201866,0.125119060848
1395,1395,2.60691013655,-0.287169189547
1396,1396,2.59585726807,0.656552722615
1397,1397,1.48087973408,-2.17093044059
1398,1398,0.606441064184,2.09909636689
1399,1399,-0.0298677475111,-2.04650603147
1400,1400,0.904255314079,0.00180386153941
1401,1401,-1.4205600225,-1.0382217554
1402,1402,-0.152880202436,2.1034135223
1403,1403,1.29130979431,0.212529109381
1404,1404,-0.035740859954,2.38918319132
1405,1405,1.09855853069,1.27087986811
1406,1406,-0.087326907349,3.21375733353
1407,1407,-0.325652357806,2.89768327613
1408,1408,-0.202737042068,2.23919650553
1409,1409,0.158334229854,2.97941239344
1410,1410,0.233259788589,2.13043212865
1411,1411,-0.237284364819,2.55613380897
1412,1412,-0.0367008212652,2.77237860384
1413,1413,0.0554336697986,2.00991588832
1414,1414,-0.230971431641,2.91378316305
1415,1415,0.818437890529,3.00475677472
1416,1416,0.0584522798741,3.0861646416
1417,1417,2.08424707816,0.394209132142
1418,1418,0.0728891782594,2.52865600073
1419,1419,0.940213758695,0.235482830364
1420,1420,-1.28687784639,-1.19446583925
1421,1421,0.201138284787,0.0336210687664
1422,1422,1.08501824972,-0.13575524342
1423,1423,2.15241008925,0.0795140926145
1424,1424,-0.106174941661,-2.97155361848
1425,1425,0.498092301925,1.64038764015
1426,1426,0.0380790654543,0.656513740687
1427,1427,3.20364598419,0.70192300918
1428,1428,3.97260996283,-1.0292242297
1429,1429,2.41683280011,-0.164850450346
1430,1430,1.73020260695,0.558112811578
1431,1431,2.18474146113,0.232209770816
1432,1432,2.44840352933,0.380699972356
1433,1433,1.93408459324,-0.0183641679754
1434,1434,0.743229439212,1.10366773723
1435,1435,1.39356961935,1.12427760694
1436,1436,0.198023261306,-2.82016285802
1437,1437,2.2111141535,0.421290512776
1438,1438,-0.213268608152,1.75481773597
1439,1439,1.39102538815,1.91425039577
1440,1440,1.0240860166,1.99783754357
1441,1441,0.218722247744,0.767911964731
1442,1442,0.307794501251,1.89996100859
1443,1443,0.453678287875,-2.18318399315
1444,1444,1.79811687974,2.29626127439
1445,1445,0.807468688471,1.99277683676
