,vote,alpha,beta
0,0,-0.00289605768579,2.439498465
1,1,-0.163542007114,-2.42431983824
2,2,2.70369355263,0.172169787465
3,3,2.28102596482,0.135945098827
4,4,0.583920582666,-1.46544234073
5,5,2.5684782416,-0.409984718803
6,6,2.13701976436,0.469745022262
7,7,2.18144934203,0.420425184858
8,8,-0.00745920735227,-2.0814032756
9,9,1.48944467062,-1.57059225002
10,10,2.43231538471,0.396859192401
11,11,2.94652586549,-0.182349122342
12,12,2.83172741387,0.579217620642
13,13,2.43964654231,-0.0370741071812
14,14,2.88783531334,0.0916056689757
15,15,2.11129958204,0.204552564309
16,16,-0.183146662703,2.35333146954
17,17,0.546797964356,-0.579202693069
18,18,2.4357434954,0.449016168753
19,19,2.97435089011,-0.279937382099
20,20,1.6296507613,-0.840272117053
21,21,0.444624066633,-2.72310328805
22,22,0.0243199097309,-2.41007001963
23,23,2.82047200345,-0.395397067812
24,24,0.624464400868,-2.07135841995
25,25,1.18768148812,-0.322140641865
26,26,-0.843554750269,-0.0751549387083
27,27,-0.288596413997,2.62536881167
28,28,2.50187516969,-0.124850315649
29,29,2.64351510277,0.198486367233
30,30,2.43301668853,0.291392829859
31,31,2.34326261755,-0.202267432076
32,32,0.256968430454,-2.33970929783
33,33,0.0609095606789,-2.90576650978
34,34,1.53785204806,-0.45910954107
35,35,-0.0919613057189,2.11545438742
36,36,-0.130560941616,-2.17428998477
37,37,0.0192785702222,-2.17735277034
38,38,0.071008239124,-2.12026694024
39,39,-0.76353508764,-1.24862145255
40,40,1.74818121676,-1.38719529965
41,41,0.161362712386,2.36266305454
42,42,-0.501532389291,-2.19710317019
43,43,2.80892092338,0.0630050218979
44,44,2.99178618367,-0.122940623574
45,45,2.88471447446,0.0467028423217
46,46,2.38450650687,-0.192650399438
47,47,2.13262533716,-0.153567310911
48,48,2.6096405427,0.496093501595
49,49,1.77030368845,1.49656856004
50,50,-0.103910710786,-2.57520233921
51,51,0.0660029815768,-2.69399097033
52,52,-0.222516838153,2.55487013942
53,53,0.189945096189,-2.85336539983
54,54,-0.11762114466,-2.85989638433
55,55,0.405175816004,-1.80397808477
56,56,0.702604027426,-2.35719400245
57,57,-0.583529897559,1.96431525125
58,58,0.378501593748,3.00204625918
59,59,-0.285505968078,-1.73531953006
60,60,1.01686058453,-2.41104500423
61,61,2.28564939428,-0.13569480539
62,62,2.76104943469,0.114557029583
63,63,2.56093614675,-0.177708792588
64,64,2.80795107124,-0.0664273640004
65,65,2.14361614375,-0.375846843887
66,66,0.21796517148,-2.42385481749
67,67,0.648395561872,-2.42771934477
68,68,0.813404444549,-2.03714098344
69,69,-0.448243002351,-1.90778750057
70,70,-1.18962292418,1.84672621816
71,71,-0.861332439829,2.09088695246
72,72,-0.637915545843,2.31851852574
73,73,-1.0056241165,2.1640131923
74,74,-0.896832335416,2.28712901164
75,75,-0.337110544806,2.30170941497
76,76,-0.294740503632,2.08210654567
77,77,-0.669638088323,1.37220322236
78,78,-0.0186576331911,2.46767248903
79,79,0.770362117647,-2.16361119655
80,80,-0.825938536035,-2.25271744116
81,81,0.0421732059608,-2.45537588294
82,82,0.0709276981481,-2.68363177945
83,83,0.0112024235956,2.56650708462
84,84,-0.103092911731,-1.80319811166
85,85,2.59104311321,-0.0686889630588
86,86,2.20034641919,-0.668453528638
87,87,-0.0861040562328,-2.57264978799
88,88,-0.090626696778,-2.4332171326
89,89,-0.603686879775,-1.05203531801
90,90,0.294606979083,-0.540146700162
91,91,-0.443951168058,-1.87430573903
92,92,-0.89149989345,1.84138809399
93,93,-0.812171755037,-1.97636650011
94,94,0.448776882023,2.30845338059
95,95,2.25398318183,-0.344077588631
96,96,-1.0083046468,1.92775912014
97,97,-0.462752354016,1.96474868645
98,98,-0.295811742553,0.232555081622
99,99,-0.302617865994,1.81781224593
100,100,-0.158609676852,1.71684259124
101,101,-1.01809901782,0.691454292122
102,102,-0.425659887592,-1.67084320312
103,103,-0.888555135685,1.68219364431
104,104,-0.374180402454,-0.979870201738
105,105,-1.24529501927,-0.0407355582246
106,106,0.617733589983,0.813379760563
107,107,0.271392086779,-1.5803247352
108,108,-0.512620861387,0.526889362516
109,109,-0.487307640829,0.659344730655
110,110,1.41043113096,1.55892451274
111,111,0.00858710339852,-2.41238796582
112,112,-0.486874427993,-1.48503764746
113,113,-0.167271002921,-1.95268200019
114,114,0.19626064874,2.66459827715
115,115,0.474166989176,-1.40136894789
116,116,2.69219045412,0.317087054464
117,117,2.55100525752,-0.233576866678
118,118,0.306836041025,-2.33589036536
119,119,2.17113628055,-0.400848035152
120,120,2.51132429287,-0.0959841461392
121,121,-0.0971780796411,1.99367883745
122,122,1.43868924546,-1.54762649881
123,123,2.36849151649,0.166500247358
124,124,0.637008935237,1.70227939776
125,125,0.558688469411,-2.75919064967
126,126,0.414175002717,-2.11849475883
127,127,-0.825402913384,0.783137379702
128,128,0.384002545255,-1.97346367589
129,129,-0.31772355928,-1.38565291239
130,130,-0.816419859141,-1.46958644329
131,131,0.966486796035,0.926432591101
132,132,-0.604304224927,-1.90430663538
133,133,0.0779742024559,1.38658137933
134,134,0.568362157747,-2.21761665587
135,135,1.00139391632,1.94208803304
136,136,-1.84525468826,1.12189134269
137,137,-0.616821291388,0.715450775503
138,138,-1.48804851833,0.808084898251
139,139,-0.0677369617921,2.24189144318
140,140,-0.525022112292,0.113206833144
141,141,-0.76438129558,0.545180435081
142,142,0.509815694853,-1.85582700503
143,143,-1.00779274873,2.24130595915
144,144,-1.37133232893,2.02191534781
145,145,-0.936967377522,1.29749266832
146,146,1.86468147346,0.634295415171
147,147,-0.190870462376,1.20716300581
148,148,2.7124343251,0.42228576316
149,149,2.70141140628,-0.051428298608
150,150,-0.191566158122,2.51689914476
151,151,0.889403426646,-0.706617291258
152,152,2.58815181195,-0.198652315762
153,153,2.7270103503,-0.0241425178942
154,154,2.56883195028,0.26763393211
155,155,0.19582793349,-2.74139352557
156,156,0.231727497708,-2.48170449904
157,157,2.72832137778,0.0543616740263
158,158,0.169207606326,-2.37058371668
159,159,1.8056575166,0.604520747369
160,160,0.439794601287,-2.37105810919
161,161,0.34650689119,-1.85139675545
162,162,-0.630806218481,2.20030343172
163,163,0.304071432125,-0.276301227819
164,164,-1.11682020549,-1.02003425758
165,165,-0.268883550384,1.57384991273
166,166,0.34710396828,-2.53683706207
167,167,-0.64799403896,1.35017183724
168,168,1.03838980026,1.3490029827
169,169,-0.124182343024,0.0989627327226
170,170,-0.843175034846,-0.708084921754
171,171,-1.13891933062,-0.882382743166
172,172,-0.861650588778,1.05492803321
173,173,-1.29808391452,-0.748507478972
174,174,-0.810657585923,-1.92216405695
175,175,0.386244990697,1.58764890721
176,176,0.10997371236,0.792159370976
177,177,0.0587853536605,-2.16974403781
178,178,0.0707042972168,1.06783594042
179,179,-0.399626916296,-1.36514992199
180,180,-1.11099077228,-1.47180091729
181,181,0.930232063344,-0.25313221694
182,182,-0.299041094428,-1.16069627142
183,183,0.0273038476443,0.858797241718
184,184,0.00831218721809,0.502191604186
185,185,-0.358370152202,0.256028842502
186,186,0.515726422705,-0.393303734243
187,187,0.0902219145967,-0.595851654815
188,188,-0.0697596246683,-0.615684048703
189,189,-0.0147256862489,-0.238884228673
190,190,0.176183749359,0.332685048197
191,191,-1.29593612498,-1.9570077446
192,192,-0.108912706714,-2.24134253309
193,193,0.176276309736,2.84042142009
194,194,-0.191673384288,-0.830749923797
195,195,2.29500712213,0.231395434008
196,196,2.75125893136,0.256413407397
197,197,0.167012515732,-2.43755904867
198,198,-0.79520087262,1.38480665754
199,199,0.232599296289,-1.9358797625
200,200,0.221905111206,1.50625428353
201,201,-0.0720946771713,2.52614534292
202,202,1.11513091871,-2.13409292286
203,203,2.8224141332,-0.515063133827
204,204,-0.453291970865,2.1879189928
205,205,0.35433654099,-2.20854523116
206,206,0.15911105549,-1.26613123594
207,207,0.407811157845,-2.04098954161
208,208,-0.3691388041,1.7404944215
209,209,0.13624542025,-2.51317303669
210,210,0.472319313436,-0.608078195505
211,211,-0.488439733132,-2.16440758105
212,212,0.708287784372,2.08717595727
213,213,-0.812628611584,2.24118727134
214,214,0.0194660115518,2.31836498552
215,215,-0.000766854834952,-1.74858298441
216,216,2.21043505874,-0.951919077547
217,217,1.71932081111,-1.23728096795
218,218,2.67861228899,0.13853194315
219,219,-0.024589115762,-2.41227653655
220,220,0.343435130302,-2.14830532097
221,221,1.82656431902,0.604347834575
222,222,-0.920617979054,2.41903004327
223,223,-0.280136164388,1.99173904178
224,224,-1.08070097582,1.58801087337
225,225,-0.475487964083,0.217872714284
226,226,-1.05080889694,-1.6564089109
227,227,-0.859820873829,1.73417016396
228,228,-1.17738341291,-1.87413663428
229,229,0.430767657402,1.90865413349
230,230,-1.47829871681,-1.46025753511
231,231,1.77271741005,0.99601586928
232,232,-0.118393920887,1.74218300911
233,233,-0.660767961197,1.77859287565
234,234,-0.822413929114,2.06753697911
235,235,-0.925843550322,1.95387003175
236,236,-0.686241913617,1.54288746398
237,237,-1.13493057895,0.81980890445
238,238,-0.987749038984,1.57359151281
239,239,-0.843827617604,1.33099710439
240,240,-0.862286846153,1.62000809396
241,241,-1.1905106682,1.79489563892
242,242,-0.0365920283035,-2.26161546181
243,243,-1.11611125313,-1.81403746327
244,244,-0.517836021506,2.0091627172
245,245,-0.093262017614,1.08967990451
246,246,-1.30937595738,-0.829507766294
247,247,-0.287070491163,1.18881720269
248,248,-0.602851195277,0.238134205203
249,249,-0.48279407226,0.349679360241
250,250,-1.34777690814,0.962603127536
251,251,0.383793497895,1.33922666296
252,252,-1.40932859152,-1.3018704169
253,253,0.140534727763,-2.28545119292
254,254,-0.0216995216023,-1.89537306001
255,255,-0.680941248129,1.53892227592
256,256,-0.225060011185,0.702213716289
257,257,-1.36646395141,-1.77569303048
258,258,-0.505911568787,2.38937336843
259,259,-0.00192757285391,-1.98835238209
260,260,0.0369123786692,-2.52873290382
261,261,-0.169065134106,-2.65915601467
262,262,0.140273194894,2.25661211034
263,263,0.501226164969,-2.71178608136
264,264,0.263227562882,-2.51394824246
265,265,0.054234766222,2.55153378339
266,266,-0.565129749793,-2.26788826525
267,267,2.47144886684,-0.154070351938
268,268,2.62235898216,-0.180277027048
269,269,2.95201689686,-0.175802899778
270,270,-0.0466543470576,-2.53918641501
271,271,0.238003223797,-2.47994816479
272,272,-0.866188175841,0.320823354551
273,273,-0.0286460358169,2.90491192156
274,274,1.15757204242,-2.06956312964
275,275,-0.074760108558,2.54379832174
276,276,0.659045892269,-1.80854115044
277,277,0.0678655697486,-2.05553942944
278,278,-0.104729409752,-2.42980572802
279,279,0.942968328708,1.51391807969
280,280,0.714623200783,-2.30808896559
281,281,0.291162236784,-2.07947935014
282,282,-0.183593922769,1.84100101032
283,283,-0.2124588372,-2.38910132656
284,284,-0.575286722184,1.95228048683
285,285,-0.259808666104,1.98189212684
286,286,0.194694283633,2.7669448039
287,287,-0.517102689148,-2.15772852098
288,288,2.24498629839,0.0129666731346
289,289,2.6816692298,0.334074795861
290,290,-0.208711085222,-2.43059352089
291,291,-0.174417445762,-2.35663020275
292,292,-1.46668417149,0.580247472671
293,293,1.00051017137,-2.04470283837
294,294,-0.347915401676,1.42793311874
295,295,-0.873758470873,1.47248420181
296,296,-1.59816918036,0.818424739431
297,297,-1.16975195434,-0.924406074258
298,298,-0.607237370371,1.4689230188
299,299,-0.50245552586,1.82903146782
300,300,-0.208694708306,-0.461838480918
301,301,0.545442614568,0.0848048401284
302,302,0.0026393886755,0.444674906897
303,303,0.299880373985,0.426627375322
304,304,1.357800274,-0.796268652569
305,305,0.992029186906,0.394829726267
306,306,-0.46516135236,0.456066430458
307,307,0.798317527577,-1.72805956571
308,308,0.855081286121,-0.322261933623
309,309,0.503836088013,-2.37601987355
310,310,1.06165213,0.741243384191
311,311,-1.0857101685,1.0666479933
312,312,-1.09375370919,1.61111656188
313,313,-0.244456835565,-0.493518710008
314,314,-0.0200570177041,-2.72352869106
315,315,0.109111521335,-2.56649612057
316,316,2.63124242362,0.0704784310427
317,317,0.71649228845,-2.33535814121
318,318,-0.246674644132,0.286874584344
319,319,0.568053823791,-1.78680970748
320,320,0.20506112085,1.01486332499
321,321,-0.73486253996,-0.801682648319
322,322,0.58240735816,-2.16520251534
323,323,0.32987904453,0.328084410839
324,324,1.45541348205,1.62064352988
325,325,-0.586658450569,1.60156105968
326,326,-0.465027200348,1.68154716577
327,327,0.177055261922,-2.71578047646
328,328,-0.211469395414,0.982634174771
329,329,2.7344992732,-0.964207586119
330,330,-0.139132309084,0.262240039138
331,331,-0.495662611429,2.20872288757
332,332,1.11380295048,-1.01149476679
333,333,-0.633991171688,2.59174110624
334,334,-0.597622961226,2.07083729048
335,335,-0.330815782947,3.01177320047
336,336,1.09436461027,-1.61242897201
337,337,1.73952940214,1.38491441956
338,338,-0.0480554658115,-2.63754865198
339,339,0.271711670556,0.691620919031
340,340,-0.149018579143,-0.464412295565
341,341,-0.401880537328,-0.816830207025
342,342,-0.603666149653,1.31698734847
343,343,-0.75506852622,0.857997105644
344,344,-1.03280260146,1.02103326564
345,345,1.25504351902,-0.310828174078
346,346,1.79945783899,-0.461734643117
347,347,-0.518299964982,2.32266699167
348,348,-0.449694033909,2.44907454201
349,349,0.186454421118,-2.47628305704
350,350,0.384595212816,-1.93289926756
351,351,-0.17822552293,2.02188323102
352,352,0.506882461204,-2.11812888189
353,353,0.365102511005,-2.32569887908
354,354,0.0163423947062,-2.1913648815
355,355,2.14582147677,-0.0466214520694
356,356,0.434378992573,-2.40705907014
357,357,0.755756645047,-2.30852400765
358,358,0.0102041770018,-1.85392475406
359,359,1.19110516522,-2.15604726029
360,360,0.514043826513,-1.38950138464
361,361,-0.181716929831,1.99699666105
362,362,-0.160691195936,1.98561389584
363,363,-0.237888263901,2.14177172784
364,364,0.0383745606174,2.41130656656
365,365,0.198256236082,2.46523667774
366,366,0.0771341574512,-2.13855696887
367,367,0.29803200158,2.48637058577
368,368,0.198273508171,-2.04088547719
369,369,1.93314132371,1.06990720898
370,370,2.87619900444,-0.0193504299075
371,371,2.53903324699,0.076341539155
372,372,2.66905623408,0.572307073584
373,373,2.04453393537,0.375496300366
374,374,2.79025483255,0.47635330993
375,375,2.50964380005,0.19554687471
376,376,2.43074392715,0.0839967129847
377,377,2.20945889651,0.17227843375
378,378,0.0132968903412,-2.83132607017
379,379,0.0731165826243,-2.14823043035
380,380,0.532431853949,-2.80812392965
381,381,2.3529864947,0.148800482475
382,382,3.01384054601,0.0176639421151
383,383,1.8713776046,0.709944073175
384,384,-0.00231820002987,-2.48575729403
385,385,0.0891213916404,-2.72376434575
386,386,2.08603469463,0.661910990213
387,387,-0.597273625275,2.40967887976
388,388,-0.225432636804,2.15916054088
389,389,-0.45820673844,2.1674329861
390,390,-0.295068974699,2.34956911473
391,391,3.24339154487,-0.350263529727
392,392,0.234774021464,2.24904917225
393,393,0.627177409206,-1.78270829874
394,394,-0.362177048007,-2.29425590519
395,395,-0.178360019989,-2.72357328473
396,396,-0.424920091327,-2.1345618126
397,397,-0.340666023311,2.63095480966
398,398,-0.484046917308,-2.30673107992
399,399,0.0981408372424,2.69987584414
400,400,0.139723461863,-2.50633700933
401,401,-0.171890997799,-2.06922153615
402,402,0.381514789829,-2.07079639273
403,403,1.03478114855,-2.12463983042
404,404,0.083523297245,2.55751751294
405,405,0.62143352642,-1.97174799727
406,406,1.01612515615,-0.742866986623
407,407,2.68690711838,-0.0621401850987
408,408,3.20162471135,-0.255268882167
409,409,3.01238430571,-0.108376343485
410,410,-0.437401259837,2.21772342748
411,411,2.5053392612,0.251266026116
412,412,0.3470323144,2.26179094872
413,413,2.42652877836,0.584110468054
414,414,2.82718490139,0.236418110877
415,415,-0.165387679941,-2.32549598026
416,416,0.089144675252,-2.48479032393
417,417,0.21160139424,-2.0630758577
418,418,2.28740043854,0.273556321564
419,419,0.48672216787,-2.10846661373
420,420,-0.0697975409866,-2.65381213831
421,421,2.62776852501,0.0974375481163
422,422,-0.0711547140562,2.2313068418
423,423,1.58194403072,0.5496344456
424,424,-0.0501003567227,-2.77497860623
425,425,-0.355182759324,-2.49640801481
426,426,2.01844001555,0.944436213528
427,427,-0.170585448302,-1.62731923105
428,428,-0.0933208416995,-1.98728493711
429,429,1.14367567685,-1.9501406299
430,430,0.84729934601,-1.77402761399
431,431,0.801704957539,-2.09631107819
432,432,0.0430377014571,-2.22462105503
433,433,0.191774723845,-2.24433369215
434,434,-0.0502437943101,-2.43554079424
435,435,-0.205563602827,-2.86515105193
436,436,0.726044271738,-1.80206002181
437,437,0.51048871473,-1.59519218706
438,438,0.383133866036,-2.94694783895
439,439,0.902418581876,-1.93998176065
440,440,-0.307693463207,-2.45808358988
441,441,1.241707278,-2.16253627062
442,442,0.291243252315,-2.61758310804
443,443,2.1582037967,0.386183780677
444,444,0.113154354552,-2.26073270794
445,445,0.203670309838,-2.50922766565
446,446,0.89288268293,-1.95626145276
447,447,-0.0881913093569,-2.90742227375
448,448,1.07222278412,-2.28495987031
449,449,2.74870329391,0.192434535162
450,450,2.77526061341,-0.193096652576
451,451,-0.0883708411895,-2.79584953637
452,452,0.794696042172,-1.96305985824
453,453,0.106165351977,-2.54346267687
454,454,0.71867327755,-1.8556430469
455,455,-0.127314877267,-2.72087250309
456,456,0.40739639153,-2.39710412133
457,457,-0.0606600536391,-2.5448411099
458,458,-0.238902053634,-2.21805604788
459,459,3.04564938394,0.00842020666021
460,460,0.0890609812091,-2.61535366044
461,461,0.58270236721,-1.898878979
462,462,2.29632273345,-0.0450891133478
463,463,0.278271372801,-2.66489298944
464,464,-0.868248906372,-1.43125222994
465,465,0.919951100741,-2.45418083067
466,466,0.459823423891,-2.61811076103
467,467,0.905585402669,-2.12531227757
468,468,0.251031976611,-2.17075674756
469,469,0.224536657751,-2.42031611496
470,470,-0.0598034357958,-0.415935478743
471,471,0.361419372001,2.05323104313
472,472,0.0187099820138,-2.46710988884
473,473,0.979228878634,-2.43539527368
474,474,-0.249568718856,1.72477177854
475,475,1.58780092539,1.82075926502
476,476,1.47947905111,1.79605511709
477,477,2.65024042996,0.0551369695666
478,478,2.60241338332,0.0927197954644
479,479,0.236137397762,-2.52430818755
480,480,1.01110740644,-1.64899586423
481,481,-0.693082174654,2.21745913911
482,482,-0.0904499236903,-1.92986993199
483,483,-0.819776504726,0.999110725719
484,484,0.216074846905,0.0486808737629
485,485,1.71490242933,0.650021079807
486,486,2.29704863531,0.0339783876108
487,487,2.50113995596,-0.271206797138
488,488,2.35014276056,0.434526589557
489,489,0.206634690312,-2.44880923008
490,490,0.466950573204,-2.22548884642
491,491,-0.822990936665,2.25650238465
492,492,-0.0053634762187,2.73388087944
493,493,1.13587267678,-1.93887149638
494,494,0.0682142255358,2.60079772871
495,495,0.995322901935,-1.29059721639
496,496,2.13630807303,-0.845755703794
497,497,-0.0494499310775,-2.28975181471
498,498,2.59587269853,0.143248200392
499,499,2.11290444261,-0.279816856511
500,500,-0.413333566545,-2.84102372639
501,501,0.0206510772914,-2.99010426065
502,502,0.112575817919,2.569418444
503,503,-0.264505884188,2.42549197281
504,504,-0.171562219084,2.5757940447
505,505,-0.231244702026,2.46128135291
506,506,-0.221795326892,-2.16874950823
507,507,2.62562822168,0.228161546766
508,508,0.205735424892,2.62157716531
509,509,0.366781890464,-2.45100774584
510,510,1.96192356534,1.40013138124
511,511,0.181429089026,-2.75214709705
512,512,0.239431557622,-2.21432335708
513,513,0.191266402005,-3.01104092018
514,514,-0.0918508500749,2.02609998437
515,515,0.765098606084,-1.59169483056
516,516,2.43332643011,-0.49041153644
517,517,2.44516505121,0.176303427276
518,518,-0.194063912206,-2.82584379035
519,519,-0.101597898427,-2.63771058371
520,520,-0.0347280485161,-2.435323114
521,521,-0.041862242854,-2.30934442091
522,522,0.312368256132,-2.37047062151
523,523,-0.00391915881488,2.18247953351
524,524,-0.196016718183,2.41923616857
525,525,-0.0722891769634,2.2502838822
526,526,0.155065606793,1.8791599413
527,527,-0.193469634252,1.89416808626
528,528,-0.587282383363,2.31814730975
529,529,-0.0510207696289,-2.92957309756
530,530,-0.266002420882,-1.65646895962
531,531,0.26575885418,-2.36711063998
532,532,0.00122720586491,2.68274660451
533,533,-0.970138534411,1.50644710488
534,534,-0.507186265498,2.63337097229
535,535,0.531188392629,-2.34364243048
536,536,-0.495665450631,2.0405454928
537,537,-0.479938614117,2.20607676533
538,538,-0.457923683199,2.42713528579
539,539,-0.855282334088,2.16114556126
540,540,-0.695068566877,2.13736289692
541,541,-0.0308242755773,2.58943758767
542,542,-0.700702567459,2.50832380801
543,543,0.996465187287,-1.9962076771
544,544,2.50131962556,0.146670387425
545,545,2.76041592067,0.184200445068
546,546,2.72675206223,0.365507045401
547,547,2.67326557018,-0.118521532921
548,548,2.26210810347,0.294465427314
549,549,-0.0808533203094,-2.20936427644
550,550,0.390625259867,-2.09773707405
551,551,0.44593097687,-1.16127402545
552,552,-0.249493788389,2.13585607789
553,553,-0.509646060103,2.3367993368
554,554,0.863016538006,-1.85770517613
555,555,1.28817215159,-0.626265339261
556,556,-0.12110571569,1.20990155046
557,557,-0.481422486171,0.232558345685
558,558,-0.534966191256,0.930459701925
559,559,0.603448764249,0.717069782957
560,560,-0.641681588089,1.3818131189
561,561,0.8675877309,-0.452222858962
562,562,1.8344445443,0.598300110415
563,563,2.38827856101,0.0442306951321
564,564,2.47024333802,-0.0431045329942
565,565,1.49988035725,-1.51510231207
566,566,2.49979775221,-0.114273259147
567,567,2.82000295455,-0.0626715635355
568,568,2.73006094293,-0.427074260585
569,569,2.68658139642,-0.241218222308
570,570,-0.120543627017,-2.41434946528
571,571,-0.148687360617,-2.74838852051
572,572,0.0845177932436,-2.6356991894
573,573,0.730785390783,0.178850724546
574,574,1.07233537252,-0.472245098129
575,575,0.513899224984,-2.19005438114
576,576,-0.110195595136,2.7942424739
577,577,0.615794448437,-2.06016539876
578,578,1.71036219972,1.09319049543
579,579,-0.057864024962,-2.64450085679
580,580,-0.161273252049,-2.89842455188
581,581,-0.0513990924631,2.09638070155
582,582,-0.349062236233,2.01370589445
583,583,-0.35910973606,-1.91457494423
584,584,2.46495872406,0.0149275845808
585,585,3.01725760152,-0.0154303559037
586,586,-0.282981205565,-2.75757281457
587,587,2.52946621173,0.111709240273
588,588,-0.176883378156,-2.55167058217
589,589,0.768359854306,-1.09762893049
590,590,-1.40929622956,2.14785256557
591,591,-1.37364648035,1.4102086143
592,592,-1.73912301634,1.48376464125
593,593,-2.68850171943,-2.44655190853
594,594,-1.42321038407,2.22043737216
595,595,-0.494332367654,-2.18801956914
596,596,0.83539524024,-0.62251995672
597,597,2.08354289145,-0.168007995647
598,598,1.7059069739,1.82694612243
599,599,0.310054989671,-2.17726537184
600,600,-0.200643053476,2.6910843251
601,601,-0.276900994741,2.24080840184
602,602,2.23712308629,-0.141986041063
603,603,-0.0641987129621,-2.42608921481
604,604,0.133510802804,-2.82445364611
605,605,1.38471759519,0.932473949773
606,606,-0.190243830609,3.08460130832
607,607,1.02469125978,-1.76132786131
608,608,-1.15522635998,1.52936456051
609,609,1.06605115987,-2.30123698128
610,610,-1.09438586576,2.33450410624
611,611,1.27753544574,-1.64804449073
612,612,2.43755964184,1.11397026724
613,613,1.17879418911,0.729208677213
614,614,0.481674933406,1.35826116489
615,615,0.741699073986,0.416189856589
616,616,0.586833694067,0.813050514816
617,617,0.622867350935,0.389768758331
618,618,0.658120676516,0.584441607089
619,619,0.762941538313,-1.77648535121
620,620,0.940767545192,1.67915861277
621,621,2.22577619474,-0.291886983494
622,622,0.804706871554,-1.97546570664
623,623,1.8942459133,0.94304846384
624,624,0.326301563017,1.97504355252
625,625,-0.126174793662,-1.31967446193
626,626,-0.347076974927,-0.564149343543
627,627,0.704032924538,1.32037467628
628,628,1.38563039861,0.727618068955
629,629,1.65828170779,0.648093764714
630,630,-1.25174191589,-2.10457001388
631,631,-0.361198347951,-1.81695894279
632,632,-1.95238950684,1.9522906129
633,633,-1.04015315151,-1.28486526307
634,634,2.95164626578,0.285966746063
635,635,-0.0471932314823,0.0158742396644
636,636,-0.859917864171,0.955793374242
637,637,0.20588423619,0.515842078346
638,638,3.69674027498,0.698195554482
639,639,0.434861876516,0.250265833561
640,640,-0.615665580192,-1.56287875301
641,641,0.707939988692,0.552788949145
642,642,1.34769592534,1.38632989157
643,643,-0.458103793367,-1.3641915284
644,644,-0.486765055177,2.72391527134
645,645,0.0721120142094,1.87214024179
646,646,0.67873145779,1.08209637142
647,647,2.2480215635,1.65719693271
648,648,1.65452977829,1.23697836282
649,649,0.806365436974,1.62187600368
650,650,2.34682668827,0.564903507358
651,651,-0.0483704481726,-1.75243663682
652,652,-0.755674429698,-1.74662325159
653,653,2.80197642917,0.146615961922
654,654,1.09260962733,2.32292699029
655,655,0.92742739323,0.944764160235
656,656,-0.863089565167,-2.30334436484
657,657,1.54640206701,0.667942272118
658,658,0.358406587685,1.37172674745
659,659,2.9316891256,0.342556692662
660,660,1.15196648336,1.55703836728
661,661,1.60907713389,2.03291620669
662,662,1.90557986873,1.98599672862
663,663,1.04482149203,1.36935648086
664,664,1.09429897645,1.44214563866
665,665,0.97369408925,1.75467717579
666,666,1.42421696437,2.00341895898
667,667,0.521451770291,-2.369854638
668,668,-0.344622867007,2.78656739913
669,669,1.42496159502,1.80311745452
670,670,-0.223719752426,-1.94472301187
671,671,1.38555173815,1.42398720564
672,672,2.12060039563,-0.425053115266
673,673,-0.866484390839,1.88771542568
674,674,-1.64419226535,1.99902465085
675,675,1.11218936532,-0.842432869561
676,676,0.50302528208,2.10212123719
677,677,1.23485053302,0.733918933781
678,678,1.61248371906,1.34251656087
679,679,0.15131105203,2.46084327568
680,680,1.59731536973,0.588717318389
681,681,1.95693270523,0.921201137698
682,682,2.88551649556,-0.73033970089
683,683,1.67142835176,1.6792989586
684,684,1.50824172902,1.86912446357
685,685,0.0370078920714,2.66814267234
686,686,0.164984523745,2.68715900424
687,687,0.379377989178,1.82599810761
688,688,0.0433347725145,2.04951382696
689,689,0.118617520777,3.05330766409
690,690,-0.550031375733,2.8255878194
691,691,0.976857540923,0.695812742269
692,692,2.15794419274,1.84063314685
693,693,-0.549973792143,-2.65164488202
694,694,0.572323387188,1.21817479947
695,695,-0.117345526634,-1.95030643577
696,696,1.12279894858,1.5961935023
697,697,1.22437858436,1.79513549714
698,698,1.88525347887,0.249310044191
699,699,2.16423473741,-0.135747593095
700,700,-0.20969377228,-1.4949128836
701,701,-0.155550015914,1.40566997401
702,702,-0.338297855785,2.06431221082
703,703,-0.607073150255,2.96682364467
704,704,-0.534457954646,-1.25481506742
705,705,-0.0283063272231,2.26025508798
706,706,0.735407910581,1.62693227141
707,707,-0.0444037287848,-2.24395459191
708,708,1.07854146536,2.16994039656
709,709,1.39881350919,1.30458631883
710,710,-0.304478274896,-2.11445756192
711,711,1.2673131069,0.340606274975
712,712,-0.225348250147,-0.61214753912
713,713,-1.43773403787,-2.1879356924
714,714,0.208393979755,-2.67641090595
715,715,-0.781815004547,2.25521523324
716,716,-0.0166739934583,2.76925113495
717,717,-0.109170217405,-2.50867993834
718,718,0.949646139431,1.74050300709
719,719,0.183370252286,-1.7538217646
720,720,1.08808081487,1.42827031587
721,721,-0.38612655733,-2.23304954562
722,722,-0.294872871362,-1.46547366402
723,723,0.901744491434,1.24808962382
724,724,0.844036967811,1.37755474471
725,725,0.775091008922,1.11864411278
726,726,0.20247963054,-2.58910975983
727,727,-0.848520580462,-1.54202513018
728,728,1.14232442356,-0.714486818907
729,729,2.1927994327,0.723981779041
730,730,0.344264714323,-2.34811285469
731,731,0.190431663426,-3.22260564723
732,732,-0.0246980876101,-1.69006889072
733,733,3.16096396735,-0.00814217203318
734,734,0.171646025554,-3.02220437017
735,735,0.290164817162,1.79198132962
736,736,-0.771385166583,-2.60049708451
737,737,-0.627568515664,2.06366068746
738,738,1.27238420864,-1.15397605776
739,739,-1.80632105984,2.53437498998
740,740,0.762233435694,-1.69107780694
741,741,-0.195046632825,1.71788205003
742,742,-1.10483417761,1.56418023202
743,743,1.80014341765,-2.36470152772
744,744,0.801671362008,0.54171486898
745,745,-1.32130231151,-2.16444524666
746,746,-0.140846579956,-1.47641975348
747,747,0.619450186698,-0.472485714143
748,748,1.84306087485,-1.11714183992
749,749,-0.0679343847495,-3.02229801595
750,750,0.0582784956252,-2.76400289761
751,751,-2.30373010111,-1.51704309514
752,752,-0.496491381818,2.3102859553
753,753,2.52726683627,0.238418556325
754,754,-0.00231588124821,-2.62941197001
755,755,-0.218658284953,-1.67171707491
756,756,0.0235369979487,-2.00742340617
757,757,-0.0185466940482,-2.19820280705
758,758,-0.854645940395,-2.57198092115
759,759,0.0680488215228,-1.83871179203
760,760,-0.973024031519,-3.02229507977
761,761,-0.317104754833,-1.85199099122
762,762,0.606639491551,-2.18705473458
763,763,0.378414156315,2.65925027057
764,764,1.48790877759,-0.00687054880891
765,765,0.289117205984,-2.06906201521
766,766,-1.44930131874,-1.45120283334
767,767,-0.183390037564,-3.39869397601
768,768,0.092316550013,-2.20019382306
769,769,-1.58345843589,-1.29036452053
770,770,-0.402216707738,-1.70229134506
771,771,0.198529928009,-1.31516317453
772,772,-0.678177745302,-2.51247026779
773,773,1.71311947879,-2.04627619037
774,774,1.64711756213,1.3769602155
775,775,0.982033174492,-2.39894411473
776,776,0.770376344538,-2.22271259801
777,777,-0.558828316333,2.67402803771
778,778,1.11589848012,1.432351551
779,779,0.218934739888,1.65921746968
780,780,0.435390441354,-1.50355457814
781,781,0.668860449936,1.94009210463
782,782,0.287785157719,-2.24577805109
783,783,-0.127827127312,-2.37527436455
784,784,0.377896521363,-2.47919974212
785,785,-0.372153708372,2.18670371586
786,786,-0.057930590398,2.26394073168
787,787,-0.244552321356,2.41816183491
788,788,-0.100731351316,2.54152274419
789,789,0.360198320774,-2.31663232508
790,790,0.210380279449,-2.76123470294
791,791,-0.463654821984,2.17855027357
792,792,-0.0506420704291,-2.4193799699
793,793,1.32070141922,-1.59831926633
794,794,-0.320444861613,2.11565538319
795,795,-0.135502436963,2.33263316328
796,796,-0.215306247544,2.11314178071
797,797,0.434728004306,-2.2819980765
798,798,2.32169645228,1.02114396412
799,799,2.45090751061,-0.00622752020503
800,800,2.49750451319,-0.160872297675
801,801,2.26580196657,0.331449323192
802,802,0.296529196699,-2.78801585001
803,803,-0.106311712846,-2.65544269595
804,804,2.72161497908,0.0175731903573
805,805,-0.0618376132408,2.33187820124
806,806,0.296443751358,2.12931407017
807,807,-0.379947864561,2.43938995228
808,808,-0.0650025992196,2.28908998413
809,809,-0.111697783971,-2.28147481223
810,810,0.0990978434166,-2.35801008108
811,811,0.0154509356187,-2.55438508201
812,812,-0.225256082951,2.4463367906
813,813,-0.050590269288,2.771676807
814,814,0.663173250704,-1.83293102503
815,815,2.30845534326,0.57734922426
816,816,-0.540363729884,2.24541664876
817,817,-0.162322210519,2.56385270698
818,818,0.774402175542,-2.2832888211
819,819,0.20112614528,-2.7406900508
820,820,-0.0972506132709,2.55807608157
821,821,0.340094000713,-2.07483758761
822,822,2.8380492145,0.0994938387914
823,823,2.71274109182,0.0259019298795
824,824,-0.402640798991,2.56462525469
825,825,-0.0305906052006,2.1703795911
826,826,2.85055009469,-0.109048120576
827,827,0.346544072531,2.98478675207
828,828,0.164574269386,-1.81757770696
829,829,0.181364667778,-3.10105941275
830,830,0.0469483676874,-2.03232267513
831,831,2.43439668991,-0.253461749178
832,832,0.159180434197,2.27568132379
833,833,-0.111464645263,2.49192255096
834,834,-0.140417485697,-2.16684838833
835,835,1.73600977999,0.281805854009
836,836,1.75040806121,0.613531108888
837,837,2.16057240809,-0.358193516306
838,838,1.96094524108,0.365465358752
839,839,-0.00296845110154,-2.12840120495
840,840,0.27973804419,-2.41593158202
841,841,-0.195947773463,2.57176349241
842,842,0.848601023558,-2.10761180714
843,843,0.212670908482,-2.40544078617
844,844,0.0180617500295,-2.46353557798
845,845,-0.17264607357,1.97964841
846,846,0.3512512201,1.91561481164
847,847,0.169048652892,2.37639955639
848,848,0.0323885758671,2.12722423282
849,849,-0.173969827379,2.21201524207
850,850,0.661129975561,-2.27842138366
851,851,0.146352125791,2.70609950951
852,852,0.85217113035,-2.09242182187
853,853,-0.335891545913,2.48548442644
854,854,0.239098588802,-2.52191978265
855,855,0.177023542821,-2.85239009737
856,856,2.76255311145,0.0643989003754
857,857,-0.268309118661,-2.82199538246
858,858,-2.63816962179,-0.0188502477841
859,859,-1.55162948745,1.62033443279
860,860,-1.65129686674,1.43667756538
861,861,0.280185109665,-0.92606201803
862,862,-1.83659698398,-2.00733914549
863,863,-1.16457973217,2.11332170308
864,864,-0.636906253066,-2.28097124265
865,865,1.83764495627,0.457706677768
866,866,2.68496144146,0.245289303987
867,867,2.69487165753,-0.000367576230063
868,868,0.269483193905,-2.580845299
869,869,0.614175289966,-2.2315931501
870,870,0.418665348906,-0.90532868274
871,871,2.13780058302,0.505417724048
872,872,0.383796843413,-2.51079051334
873,873,-0.736915199928,1.7979694897
874,874,-0.0487723174515,1.23085055427
875,875,3.00690982778,0.360236509576
876,876,-0.105734356056,-0.404028855826
877,877,-0.155850223332,-1.1846245613
878,878,-0.330962656339,-2.46680315187
879,879,-0.109815120408,-1.08883000346
880,880,-0.434813096973,1.26283255981
881,881,0.195263412314,2.33960215147
882,882,1.86749640832,0.127610060762
883,883,2.47074427568,0.558405583902
884,884,2.51002311361,-0.109447431692
885,885,-0.308876177248,-2.59287280095
886,886,-0.186684092212,-2.5472268826
887,887,0.146996355835,-2.65541915291
888,888,2.85619701211,0.0971513343017
889,889,0.378013567357,-2.11758261416
890,890,0.295802600422,-2.5863243745
891,891,1.97255150319,0.904354375745
892,892,0.115232877669,2.56296464915
893,893,0.505561927781,-2.50622282035
894,894,1.25604951441,-2.20029354682
895,895,0.674641700305,-2.3454202985
896,896,-0.00355711027805,-2.25854731295
897,897,0.0839030079004,-2.55615332452
898,898,1.42933436927,1.37736922945
899,899,0.42641479859,-2.26507542823
900,900,1.44716454339,0.806469965743
901,901,0.279966456987,2.45197541402
902,902,1.12332014077,-1.54398319898
903,903,0.0750690535072,1.9832045026
904,904,-0.322544280959,1.64800497938
905,905,2.04619084255,0.801800104627
906,906,1.73179485974,0.604200868403
907,907,1.55048490913,0.807767952859
908,908,1.29682131639,-0.316472830658
909,909,2.16890167588,0.473215509517
910,910,2.54649456983,0.0962244997231
911,911,-0.148461767258,2.54562133652
912,912,2.60310015659,0.283327604693
913,913,2.6133115713,0.134816098387
914,914,2.26099594967,-0.685671788358
915,915,0.0354184943754,1.59269651153
916,916,-0.171006676033,2.40044272828
917,917,0.213936194421,-1.99861717813
918,918,0.109953863489,-1.69271045469
919,919,1.79964676846,-0.639497778235
920,920,0.991574286172,-1.85231912044
921,921,0.568790868196,-0.190964186033
922,922,-0.147589048668,-2.64296934853
923,923,0.983068901852,-2.32971716427
924,924,-0.584083100805,2.01248494425
925,925,-0.186029815529,1.55619556482
926,926,-0.733293414384,-1.53999058534
927,927,0.337813907796,-2.16370410901
928,928,-0.0876598018685,1.22664092117
929,929,1.04280279097,2.16459734103
930,930,0.0383454047999,2.18821694575
931,931,2.28479689416,0.0188118482258
932,932,0.972507732157,-0.785749315667
933,933,2.50177647179,-0.138105690386
934,934,3.02317280589,-0.2417699985
935,935,-1.69039874444,-1.90204113277
936,936,0.70022093125,0.36841951065
937,937,1.1529279659,-0.658210739859
938,938,0.00669069590385,-1.71944396477
939,939,-0.961546264249,1.3051096821
940,940,-0.389781122338,1.51181154792
941,941,1.02223126216,1.46716279246
942,942,1.77849402645,0.586275943546
943,943,-0.950711161635,0.24562550157
944,944,-0.0302772588216,0.735837249368
945,945,-0.117573659892,-1.82033397398
946,946,-1.53495530649,-1.47767924734
947,947,-0.218139987201,1.52839681528
948,948,-0.763375629961,-1.25344033978
949,949,-0.594071265452,-1.87982506319
950,950,0.350059300705,1.00109110353
951,951,0.375434702533,1.10745219186
952,952,0.244507522952,-2.03363914131
953,953,-0.134462503842,-2.9645611495
954,954,0.552888473627,0.918293382599
955,955,-0.302514805656,-0.929363650656
956,956,0.157549806995,2.15898586291
957,957,0.340394786081,0.955413066319
958,958,0.713652197467,-2.2957460486
959,959,-0.198840049235,-2.10089284005
960,960,-0.321654272923,-2.25824566339
961,961,0.258024623376,-2.40640035034
962,962,0.014176696362,2.44724621351
963,963,0.953388186498,-0.441155964644
964,964,0.0904496257436,-2.40896725547
965,965,-0.219650712358,2.60136286813
966,966,1.08297270328,-0.170301676143
967,967,2.75216215756,0.440217470809
968,968,-0.843934975878,-1.40131755547
969,969,-1.6278392207,-1.86581330853
970,970,-0.870565881065,-1.56376568741
971,971,0.0577598218978,1.80070044642
972,972,-0.887818356773,-0.766592228281
973,973,-1.86754304187,-2.11209021977
974,974,-1.22217047793,-1.63444785335
975,975,-1.29376596996,-1.50242464896
976,976,-0.51302402318,-1.53040571678
977,977,-0.508307506723,-1.98666457557
978,978,-1.40391900421,-2.11106495114
979,979,-0.328095594192,-2.09907090614
980,980,0.373022438909,-0.896125015235
981,981,2.77565542217,-0.0779265924394
982,982,0.336748623781,-2.0648053624
983,983,-0.843045337373,-1.35598628852
984,984,-0.315672150099,3.04780262029
985,985,-0.134841522168,-1.53593747932
986,986,-0.619909064263,-1.53354080616
987,987,-0.944394243641,-1.9313008951
988,988,0.0375142818226,1.12675158391
989,989,-0.875916339039,-1.52012003275
990,990,-1.41755351933,-2.1645401688
991,991,-0.0590900794896,2.98163354001
992,992,0.216235128329,-1.51698959198
993,993,-0.0607697655013,-2.45061263786
994,994,0.587271307277,-2.82741686413
995,995,2.12637634999,0.546716450282
996,996,0.248483391832,-2.48442621143
997,997,-0.618610030671,-1.36169112175
998,998,-1.46684426139,-1.55995520243
999,999,0.18457089297,0.363715223086
1000,1000,-0.518172662305,1.04427135467
1001,1001,-0.586829124969,0.93024765797
1002,1002,-1.05870275905,-1.11419910081
1003,1003,-1.53584689055,-0.773813552721
1004,1004,-0.0722609329875,2.10104946336
1005,1005,-0.321668827726,2.43916728815
1006,1006,1.35855468185,-1.83029433181
1007,1007,0.397058699145,-0.307981744931
1008,1008,-0.0762113388076,2.4268662407
1009,1009,1.04806183889,-1.73608233911
1010,1010,2.32354421558,-0.0427060448567
1011,1011,2.23457448211,0.0756792397447
1012,1012,2.6271065993,-0.110444077373
1013,1013,0.894279993256,-2.07815541393
1014,1014,-0.0208500713297,2.1226660006
1015,1015,0.611477360736,-2.31993241049
1016,1016,-0.690765315114,-0.610824436648
1017,1017,-0.566580684546,1.89630881641
1018,1018,2.39861771555,0.0631735737884
1019,1019,-0.0731231972267,1.84061861327
1020,1020,0.503749636744,-1.79048082689
1021,1021,0.495894529317,0.135974513247
1022,1022,0.0781233472814,-1.62354924805
1023,1023,-0.627663863164,1.64891099875
1024,1024,-0.258811868503,1.13724390399
1025,1025,-0.257021791103,0.861288799141
1026,1026,0.583592115313,0.270961419614
1027,1027,-0.206307162541,-0.0358905916783
1028,1028,-1.01755482575,0.321315449435
1029,1029,2.68991938127,0.39417725003
1030,1030,-0.454785735838,1.11603284104
1031,1031,0.782502576928,2.11452138707
1032,1032,-0.469371170978,0.989200972233
1033,1033,-0.740088777271,-0.361946255148
1034,1034,-0.42423245012,-1.8997855667
1035,1035,0.519107419169,-0.969446252545
1036,1036,-0.405911536467,-0.790090015883
1037,1037,0.177852792071,2.43502569484
1038,1038,1.25590273322,-0.799409502075
1039,1039,2.27808756777,-0.580430154065
1040,1040,0.0221158152095,-2.80514461153
1041,1041,2.22710838574,0.244523230565
1042,1042,0.42938953728,-2.58171772663
1043,1043,0.251868382097,-3.09156328622
1044,1044,-0.796058728948,1.75648248735
1045,1045,-0.779189452172,2.04463527499
1046,1046,-0.750709848277,2.2405233312
1047,1047,-0.442919169884,1.76950261465
1048,1048,1.29598209083,-2.08042068874
1049,1049,-0.216232939641,2.48385519298
1050,1050,1.70429148358,-2.13595065102
1051,1051,0.376983180504,-2.38698494345
1052,1052,-0.445813782286,2.08405991071
1053,1053,-0.888819506111,2.33529451402
1054,1054,-0.517798506097,2.39714087449
1055,1055,-0.372741131077,2.82090843452
1056,1056,0.843731526835,-2.13196837897
1057,1057,0.814974852932,-2.3750160727
1058,1058,0.446576431412,-2.16311278856
1059,1059,0.0543433935483,1.66377010003
1060,1060,0.0717575286814,2.18857912455
1061,1061,0.91583878211,-1.52628459257
1062,1062,0.265155183655,-2.40868481892
1063,1063,0.838002516618,-2.26941845565
1064,1064,-0.389095578336,1.95196141166
1065,1065,-0.305007706398,2.55570951634
1066,1066,0.00505006608801,2.4693477417
1067,1067,-0.303507959928,2.46054313432
1068,1068,0.571627399099,-1.92400198791
1069,1069,0.178983213895,2.39734739179
1070,1070,-0.77284983675,2.65420686545
1071,1071,0.161690648797,-1.97650542279
1072,1072,2.17073473084,0.610990914963
1073,1073,-0.0292488966245,-2.82590692373
1074,1074,2.92315232834,0.49543154219
1075,1075,-1.02039249818,-1.14832029027
1076,1076,0.584697207993,0.561918147253
1077,1077,-1.537216099,-1.31498205161
1078,1078,-1.033679574,-1.04028416677
1079,1079,-0.702055644929,1.86950650923
1080,1080,-1.54981022965,-1.58812255572
1081,1081,-1.81153263583,-1.65764272632
1082,1082,2.32757794094,0.00740522833273
1083,1083,-1.29212559443,-1.49731027431
1084,1084,-0.554384546439,2.01902511846
1085,1085,0.177644479463,1.2956679178
1086,1086,-0.128430877313,0.447398662749
1087,1087,-1.38706878011,0.848281917471
1088,1088,0.409991617813,1.80421407858
1089,1089,-0.341503168512,1.21755946306
1090,1090,-0.334565740647,-0.979557743917
1091,1091,-1.07977356492,0.724664551498
1092,1092,0.393034074643,1.58367625206
1093,1093,-0.660182898616,-1.51847701084
1094,1094,0.320315962242,-2.61125627526
1095,1095,-1.07803084624,2.78293362888
1096,1096,0.589782731963,-2.82239369149
1097,1097,0.21593637326,-2.36057380205
1098,1098,0.544175368287,-2.26893258243
1099,1099,0.0163816017531,-2.71733870506
1100,1100,0.618031057822,-1.83810689501
1101,1101,-1.17795618121,-1.58899063648
1102,1102,-0.327288837484,-2.07715211038
1103,1103,0.4363489028,-2.75678873041
1104,1104,-1.18373114141,-1.68353545821
1105,1105,0.115119277929,-2.48025808948
1106,1106,2.59863806463,0.17544841797
1107,1107,-0.649427718802,2.42443922016
1108,1108,-1.6457678822,-1.86505836989
1109,1109,-0.219745324751,2.292391972
1110,1110,0.384552377241,-1.23922785142
1111,1111,-0.178492548199,2.63252746798
1112,1112,0.760219212218,-1.58333232565
1113,1113,2.38435927595,-0.269445965391
1114,1114,1.41902820569,0.62830954539
1115,1115,0.312089938868,-2.76968674979
1116,1116,0.711356579333,-2.25777238949
1117,1117,-0.614874214842,1.12614280421
1118,1118,0.879326692838,-1.70142814257
1119,1119,1.54978993607,-1.09374835474
1120,1120,-0.856308363363,1.92286671733
1121,1121,-0.602028126472,2.27806299354
1122,1122,-0.276954879836,2.39187694665
1123,1123,1.25794951017,0.462443323894
1124,1124,-0.899114991073,-1.79044732566
1125,1125,1.35175802584,-1.65905474079
1126,1126,-0.304696075406,2.40261155956
1127,1127,0.366513368875,1.37166210111
1128,1128,1.58417562016,-1.10874542634
1129,1129,-0.82166362823,2.07188173005
1130,1130,0.971067704261,-1.71046750723
1131,1131,-1.20721178415,-1.76912572278
1132,1132,0.4364755722,-1.78349225653
1133,1133,-0.158665386236,-2.33236156913
1134,1134,0.270300553531,-2.7376548061
1135,1135,0.561255135548,-2.07748810649
1136,1136,0.215987707177,2.74463825072
1137,1137,-0.116701344884,-2.24366860971
1138,1138,0.254254820106,-2.33509741341
1139,1139,0.497732889475,-2.2718437305
1140,1140,-0.364089970404,1.98908754406
1141,1141,0.406103117079,2.09686731133
1142,1142,-0.164796240734,2.27799036557
1143,1143,1.13260290007,-1.46836512613
1144,1144,1.67307098832,1.04864647775
1145,1145,2.61911218941,-0.0949005413503
1146,1146,1.31633642447,1.71396670072
1147,1147,0.668371342901,2.15107675611
1148,1148,0.230565004883,-2.56173539746
1149,1149,0.45273299282,-2.52518637631
1150,1150,3.04409812117,0.250942575226
1151,1151,-0.314331724208,2.54324784396
1152,1152,0.353221974557,2.75118386189
1153,1153,2.63384508333,-0.330088010634
1154,1154,-0.157550549007,-2.56611961648
1155,1155,0.0344967462863,-2.65662466709
1156,1156,1.96943999183,0.463940428779
1157,1157,-0.295177309017,2.16523879469
1158,1158,1.9971986061,0.418136770275
1159,1159,2.68352677377,-0.0162161350439
1160,1160,0.242631141647,2.16218071506
1161,1161,0.275773971736,-1.08408238735
1162,1162,-0.171059044232,2.18522803368
1163,1163,0.357273897285,2.0400286878
1164,1164,0.742836066012,-1.83651897453
1165,1165,1.32812709345,0.368754060347
1166,1166,0.582914009052,1.80835111079
1167,1167,2.34012909809,-0.195174980824
1168,1168,1.19684320978,-1.87505417192
1169,1169,2.56088534065,-0.29006283254
1170,1170,1.97215970484,0.414232088525
1171,1171,0.161309715761,-2.55677881013
1172,1172,0.338161901857,-2.67835643829
1173,1173,-0.606676599504,2.39181934403
1174,1174,0.247584328503,2.70067325366
1175,1175,0.306832963484,2.37895676568
1176,1176,-0.0309268200837,2.56371877599
1177,1177,0.371303242516,-1.84356764432
1178,1178,1.71285330644,0.547294465883
1179,1179,-0.242764953083,-2.37619551105
1180,1180,-0.106217140791,-3.00886309793
1181,1181,2.12438506264,0.270486039821
1182,1182,-0.745321111803,-2.55349637009
1183,1183,-0.260483215878,2.71258248893
1184,1184,-0.00571181431013,2.48809928196
1185,1185,1.25026757288,-2.12688225673
1186,1186,-0.249194329436,-2.54124649998
1187,1187,-0.533566199275,-2.36576891703
1188,1188,0.97608284181,-1.47891115349
1189,1189,-0.230795474303,-2.80606056059
1190,1190,-0.409884508946,-2.47622723548
1191,1191,-0.0247120503475,-2.50696042545
1192,1192,-0.219602304116,-2.15034031037
1193,1193,-0.0565824786815,-2.06066765274
1194,1194,-0.130842338038,-1.71270103408
1195,1195,-0.232912103608,2.29771538589
1196,1196,2.01962753253,0.0337360003643
1197,1197,2.4906133191,0.0391637440509
1198,1198,2.36473828156,-0.0262925054918
1199,1199,2.60447988026,-0.0685592534686
1200,1200,0.631532579577,-2.49451946472
1201,1201,0.746955849491,-1.85832481818
1202,1202,-0.789379827137,2.0036972072
1203,1203,-0.929987436364,2.665144392
1204,1204,-0.157249505778,2.30540867426
1205,1205,1.30169077087,-1.85890491859
1206,1206,-0.403592283142,2.51453678167
1207,1207,-0.151872126678,-2.70101631685
1208,1208,0.223971810173,-1.90597249852
1209,1209,2.25059814007,0.000309880719919
1210,1210,2.99798434852,0.153581267228
1211,1211,-0.0866314304175,2.44153352187
1212,1212,1.16592144394,-2.20448045536
1213,1213,2.72645667756,0.00984409277692
1214,1214,1.82656400009,0.506687135735
1215,1215,0.0068969353313,-2.73508345401
1216,1216,0.0894773418512,-1.94043556944
1217,1217,-0.05414238589,-2.41495984849
1218,1218,0.104250633264,-1.97977428825
1219,1219,2.21675310836,0.0875846937578
1220,1220,1.57172349177,-1.38806580158
1221,1221,1.37987915631,-1.27981010813
1222,1222,1.21321896558,0.738472440784
1223,1223,1.31253288093,-1.08165430313
1224,1224,2.84246748678,0.0344737679805
1225,1225,2.8668029591,0.196853518996
1226,1226,0.353055086967,-0.164978443528
1227,1227,-0.0558064294312,2.66286202229
1228,1228,0.472185037014,-0.00669422808216
1229,1229,-0.218912449495,2.4074238098
1230,1230,-0.12493645932,-2.50557917633
1231,1231,0.173370052604,-2.74746560228
1232,1232,-0.191479074985,2.7723109912
1233,1233,1.00543656022,-2.14257214561
1234,1234,0.0508628386812,2.38290062343
1235,1235,0.0643673294261,-2.13653020203
1236,1236,2.55507420935,0.221676220205
1237,1237,0.291116963441,-2.31947691206
1238,1238,0.172062615771,2.6465621972
1239,1239,0.987627504479,-1.84363571339
1240,1240,-0.191368501378,-2.08514452847
1241,1241,2.31230165267,-0.230230817743
1242,1242,0.187959444024,-2.55437367433
1243,1243,0.171565147012,-2.69947268715
1244,1244,0.52050370604,-2.20561699255
1245,1245,-0.0834036842187,2.53323817944
1246,1246,0.0403099477392,-2.37217128791
1247,1247,0.0153475514285,2.2700451271
1248,1248,-0.283640472647,2.54083884792
1249,1249,0.519827774891,-2.60962646836
1250,1250,0.0501264670588,2.39481754938
1251,1251,-0.0723787457523,2.82015766781
1252,1252,-0.119289334636,2.5195440102
1253,1253,0.670339655759,-2.21184045848
1254,1254,2.263628006,0.641359941033
1255,1255,2.60350548883,-0.157403333905
1256,1256,2.23492308253,-0.263850237205
1257,1257,2.53993145057,0.051416733487
1258,1258,2.28837849653,0.41598775806
1259,1259,2.41161571021,0.174919631781
1260,1260,2.90747501697,0.0483845253039
1261,1261,2.4967897211,0.1494680139
1262,1262,0.0919550063453,-2.16942699571
1263,1263,0.275906118051,-1.96412337269
1264,1264,2.68682043947,-0.189318065767
1265,1265,0.331540645574,3.11789020291
1266,1266,1.23029766794,0.0488966887178
1267,1267,1.79031076436,-0.260800901315
1268,1268,-0.129948986792,-2.24139217599
1269,1269,0.13194380875,-2.3908565133
1270,1270,1.697101048,-0.103844141929
1271,1271,0.030301155267,2.3991151723
1272,1272,2.01974578676,0.506992371352
1273,1273,-0.114035112733,-2.19133993895
1274,1274,0.66249087098,-0.52338239433
1275,1275,0.0197297943333,2.65874405425
1276,1276,0.395731038426,-2.34605321004
1277,1277,0.333040516389,-2.37491636629
1278,1278,2.56308161962,0.154067184705
1279,1279,2.17038257403,0.0251947297581
1280,1280,0.79830482366,-0.170735369285
1281,1281,2.79057626283,-0.127356864233
1282,1282,2.32873489932,0.0720382561786
1283,1283,2.28912874828,0.409882823053
1284,1284,-0.431254993161,-2.16057760444
1285,1285,1.42030725705,-1.98954127613
1286,1286,-0.073986205567,-0.537457455797
1287,1287,1.81496701244,0.800280625831
1288,1288,-0.329354274834,-2.1848624711
1289,1289,0.0421849206729,-2.21413081894
1290,1290,0.201620717511,-2.16322095694
1291,1291,0.819739349447,-0.512745964219
1292,1292,0.753242812605,1.82482791028
1293,1293,2.39304310835,-0.199693058945
1294,1294,2.54934489956,0.0601826780483
1295,1295,0.639594801604,-0.605313066456
1296,1296,0.251048964136,-2.54860538629
1297,1297,0.41185716354,-2.52942810683
1298,1298,1.41503284714,-0.875848144603
1299,1299,-0.189773520599,2.76094076324
1300,1300,0.52106403764,-2.41643970068
1301,1301,-0.0356754682401,2.63228201034
1302,1302,-0.511035073991,1.95986506178
1303,1303,1.15966403763,-2.3333873633
1304,1304,-0.142035659039,2.13178768661
1305,1305,-0.416183645288,2.22600597966
1306,1306,-0.375662098809,2.42697020496
1307,1307,-0.621596813738,2.50755613576
1308,1308,-0.246438538591,2.54498772046
1309,1309,-0.665347101531,2.38598739939
1310,1310,0.283042790451,-2.25972067435
1311,1311,0.148308117732,-2.89702807457
1312,1312,-0.398416580366,2.69731960876
1313,1313,-0.208498391404,-2.37205370588
1314,1314,1.57232562378,-2.64861208604
1315,1315,0.203813596102,-2.20667797393
1316,1316,-0.655676164681,2.28616293983
1317,1317,0.117405661771,2.48231867795
1318,1318,0.518610648311,-2.16933069544
1319,1319,-0.578289187038,2.52049040905
1320,1320,0.0982687994865,2.41068659548
1321,1321,-0.637044354049,2.21652951957
1322,1322,0.306154028232,2.27999443074
1323,1323,-0.224986280331,2.48749741911
1324,1324,0.747911672105,-1.93744662379
1325,1325,1.09392076391,0.88989424544
1326,1326,2.5169600658,0.309427771013
1327,1327,0.210451368374,-2.54745589761
1328,1328,0.0428363721006,-2.42567051974
1329,1329,2.59418149332,0.233640124348
1330,1330,0.183901145745,2.56781814677
1331,1331,0.765985795428,-1.81183957469
1332,1332,1.54449843214,0.585408338259
1333,1333,0.0451972584031,-2.50938777686
1334,1334,0.283454330336,1.97827280602
1335,1335,0.910160236139,2.51307139621
1336,1336,1.19591740275,2.15907286225
1337,1337,-0.0717573317538,2.2355622858
1338,1338,1.72738812231,1.08947605514
1339,1339,0.0891113332088,2.17088054772
1340,1340,1.36127536494,1.53328200495
1341,1341,1.35721350051,1.28680659233
1342,1342,1.61323922405,1.36148488526
1343,1343,-0.120578891653,-2.4819367674
1344,1344,0.0445899881818,-2.26298238046
1345,1345,1.72498612606,1.08734561857
1346,1346,-0.0316805231896,1.9869952338
1347,1347,1.87264798027,0.63304121316
1348,1348,0.881585754824,1.64191168611
1349,1349,-0.0292194851377,2.64332681405
1350,1350,-0.995567286903,-1.62043038761
1351,1351,1.92234615164,1.10382173635
1352,1352,-1.167154774,-0.912685399203
1353,1353,0.367321981641,-2.30844802626
1354,1354,0.101846704234,1.89958622517
1355,1355,1.1586804641,1.06204346101
1356,1356,2.38155597481,0.700910506747
1357,1357,1.30248761565,1.4784143224
1358,1358,0.494634339199,1.54458970633
1359,1359,0.846282666779,0.420960545702
1360,1360,2.01947861014,0.516585889759
1361,1361,0.508022707302,0.312380554488
1362,1362,-1.03691600034,-1.57004141002
1363,1363,-0.603427813314,-1.75177414796
1364,1364,1.73410373811,0.299829825434
1365,1365,1.61435895898,-0.663381534405
1366,1366,2.47986884984,0.418905650607
1367,1367,-0.592959627373,0.781060568087
1368,1368,-0.186243308742,2.13791400953
1369,1369,0.63244681174,-2.2192892239
1370,1370,0.727824244519,2.71992941826
1371,1371,2.06552419704,0.380856653493
1372,1372,1.54292536168,0.270214962277
1373,1373,0.119994874471,1.71864557608
1374,1374,1.92166745171,0.782946606122
1375,1375,1.62095824546,1.62363354193
1376,1376,0.740697496109,0.951570642515
1377,1377,-0.611468659122,-1.29252641949
1378,1378,0.320542922028,-1.92099230989
1379,1379,1.62076124074,1.35757013228
1380,1380,0.206646936118,2.69147834658
1381,1381,0.61859532437,1.16479115652
1382,1382,-0.00667377218637,-2.97130019115
1383,1383,-0.363023466705,2.33092426172
1384,1384,1.52780814393,0.61797802559
1385,1385,2.10308681481,0.70197009902
1386,1386,1.73635510954,0.906893752427
1387,1387,1.60717259208,1.23135328581
1388,1388,3.1168125288,0.620903409947
1389,1389,1.84927715848,1.61563234322
1390,1390,-0.0864504970761,2.60332648327
1391,1391,-0.486600230756,1.69266898459
1392,1392,0.811831770004,-2.33699280262
1393,1393,0.865713144725,0.724773681104
1394,1394,0.398530292364,0.205187532132
1395,1395,2.23951017928,0.0969822312193
1396,1396,2.37205198245,0.354868273926
1397,1397,1.49356147759,-2.1377333031
1398,1398,0.530985789417,1.60117751011
1399,1399,-0.149633856111,-2.22628429005
1400,1400,1.18606967475,0.297203091693
1401,1401,-1.27262906386,-0.919074234849
1402,1402,-0.0697449048733,2.39542711996
1403,1403,0.849950326277,0.218250023351
1404,1404,-0.278158643761,2.47465144837
1405,1405,1.02661499285,1.61640048833
1406,1406,-0.523785869621,3.07718039715
1407,1407,-0.493258684167,3.23885876782
1408,1408,-0.194907771702,2.34488994684
1409,1409,0.424974020664,2.84865020833
1410,1410,-0.109929412269,2.56288896465
1411,1411,-0.114156335321,2.32382825946
1412,1412,0.715240525299,2.30429513046
1413,1413,0.128654220776,2.61655002212
1414,1414,0.159512450162,3.14557664139
1415,1415,0.590653075457,2.90536009929
1416,1416,-0.446886332372,3.54101667815
1417,1417,1.6413928801,0.233728132266
1418,1418,-0.171259820117,2.65046827852
1419,1419,0.651414762565,0.0738761831561
1420,1420,-1.68675307294,-1.52864399734
1421,1421,0.0226787145773,-0.0612427330468
1422,1422,0.912298020624,0.207815081135
1423,1423,2.59287666405,0.254944201398
1424,1424,-0.109198861848,-2.9658610347
1425,1425,0.512554897632,1.44387866209
1426,1426,0.259791830773,0.578636196311
1427,1427,3.11266612464,0.763894988074
1428,1428,3.73390444189,-1.16214139741
1429,1429,2.69758837193,-0.179070274164
1430,1430,2.01421269902,0.881298017004
1431,1431,2.16094194812,0.668567157788
1432,1432,2.37942493038,0.30755779346
1433,1433,1.85766613419,0.271823782643
1434,1434,0.899319773884,0.582534721938
1435,1435,1.51862764433,1.12026720095
1436,1436,0.129769190833,-3.15778305126
1437,1437,2.04748155283,0.163028098552
1438,1438,-0.57245662634,1.68588148057
1439,1439,1.46756812923,1.99604589752
1440,1440,0.850353247671,1.4818863542
1441,1441,0.462755011005,0.840987105831
1442,1442,0.740921756561,2.13760397393
1443,1443,0.305347324602,-2.07721601651
1444,1444,1.89150047012,2.22757396243
1445,1445,0.806646147559,2.22694543081
