,vote,alpha,beta
0,0,-0.256652692756,2.49464068263
1,1,-0.165024429964,-2.08485774973
2,2,2.6975897197,0.132101342755
3,3,2.48035657567,0.045715713515
4,4,0.582439535409,-1.40493649413
5,5,2.83867820975,-0.296124660242
6,6,2.06409588707,0.569082487904
7,7,2.00146700467,0.355905070982
8,8,0.349726049882,-1.95688085577
9,9,1.31296222741,-1.56571814134
10,10,2.80769354415,0.0387332859223
11,11,2.77746229247,-0.127306472893
12,12,2.66770947391,0.599133740116
13,13,2.70041186278,-0.157505521823
14,14,2.45438628699,-0.0234223759476
15,15,1.89073992647,0.276988963374
16,16,-0.256741149694,2.37522346976
17,17,0.525096336428,-0.554079734926
18,18,2.3600394299,0.482547864491
19,19,2.81393161929,-0.271312836846
20,20,1.59981158373,-0.791748579339
21,21,0.329038827493,-2.48645340976
22,22,-0.312339735369,-2.12108930674
23,23,2.70783348285,-0.356380401137
24,24,0.678983036927,-2.07393130561
25,25,1.33217031892,-0.358208761594
26,26,-0.706394588153,-0.0498580933053
27,27,-0.273219816593,2.5945759993
28,28,2.5792071004,0.223597278239
29,29,2.34983247091,-0.0294063143168
30,30,2.32138303215,0.20372062092
31,31,2.39484653495,-0.180965000248
32,32,0.458697821559,-2.57050659474
33,33,0.105968644695,-2.45503700982
34,34,1.47517745556,-0.426995962007
35,35,-0.200042920266,2.15933448603
36,36,-0.13403202418,-2.12306822812
37,37,0.123103241756,-2.30534300836
38,38,0.237643420636,-2.23420404951
39,39,-0.772456164466,-1.37252101215
40,40,1.72553067676,-1.45187923722
41,41,-0.0305011247275,2.26629120389
42,42,-0.153129981892,-2.2357492634
43,43,2.34886505143,0.0503303454978
44,44,2.56383080409,-0.00727110810198
45,45,2.66661357115,0.173923916977
46,46,2.39422125562,-0.0292877671739
47,47,1.86680631125,-0.0740488974265
48,48,2.41391067803,0.314898374271
49,49,1.55226684692,1.38153885981
50,50,-0.0429339289167,-2.24771374719
51,51,0.532418226683,-2.48785017863
52,52,-0.1913501348,2.32159966339
53,53,0.0249748162392,-2.55682431578
54,54,-0.123763196568,-2.30751860824
55,55,0.161413011587,-2.03615634081
56,56,0.529646460287,-2.05623146169
57,57,-0.563945944717,2.02246441093
58,58,0.0870112009538,2.71616280098
59,59,-0.005890100449,-1.63016668118
60,60,0.621576886647,-2.11737816133
61,61,2.0284134574,-0.0969876593986
62,62,2.38835911999,0.147874501099
63,63,2.4697879625,-0.0955113676845
64,64,2.69507550026,0.251424052983
65,65,2.45280133025,-0.290155156287
66,66,0.133198125573,-2.29352390177
67,67,0.787386491372,-2.48371894991
68,68,0.780117837325,-1.85871472181
69,69,-0.294675813598,-1.65405795933
70,70,-1.16664390679,1.75606890723
71,71,-0.554267078504,1.73480178205
72,72,-0.579181885662,2.00557523817
73,73,-1.0180110085,2.30614824976
74,74,-1.16455078756,2.32772648148
75,75,-0.525942371902,2.08408951962
76,76,-0.26024933507,2.13058100016
77,77,-0.461172124044,1.48900510376
78,78,-0.263183226367,2.16187571806
79,79,0.546868308709,-1.91048999867
80,80,-0.383895048482,-1.96316790912
81,81,0.00701066589163,-2.22873055867
82,82,0.0900759572871,-2.36851345976
83,83,0.0606059734317,2.42736575475
84,84,-0.144298245408,-2.02953966484
85,85,2.35139723553,-0.183928446702
86,86,2.16341712676,-0.576956598801
87,87,-0.198540896793,-2.47415192854
88,88,0.108577935039,-2.44833195463
89,89,-0.728776891127,-1.11255295328
90,90,0.210474145765,-0.587638358331
91,91,-0.382563038216,-2.18032205778
92,92,-0.589616053322,1.86113570841
93,93,-0.648770833859,-1.71359303244
94,94,0.216841767179,2.08343489279
95,95,2.09426213007,-0.186682343694
96,96,-1.02146900348,2.1228769688
97,97,-0.503067043689,1.92274696426
98,98,-0.348780720139,0.410129202141
99,99,-0.138449830951,2.02279663945
100,100,-0.0209063948114,1.83026164155
101,101,-1.08763618246,0.685434088839
102,102,-0.38683631443,-1.89802146886
103,103,-0.814013435008,1.61067191888
104,104,-0.435063119762,-0.9309283106
105,105,-1.22482197139,-0.106706176183
106,106,0.675179895064,0.885518531156
107,107,0.198012338336,-1.32509282888
108,108,-0.428483248297,0.64928239022
109,109,-0.429885026819,0.382306060849
110,110,1.1989785319,1.39537097677
111,111,-0.165524764253,-2.1926139238
112,112,-0.418960542677,-1.42127249303
113,113,-0.370128868281,-2.23084547381
114,114,-0.141028309659,2.04745178649
115,115,0.294462572013,-1.49294979629
116,116,2.39243826914,0.0367638699485
117,117,2.51989419213,-0.185252766244
118,118,0.312106495193,-2.22653003297
119,119,2.04477340335,-0.451472530495
120,120,2.23278163502,-0.271677545419
121,121,-0.10022573026,2.07790161095
122,122,1.07304439859,-1.41851997357
123,123,2.41322827451,0.22063073767
124,124,0.476846303547,1.58137662591
125,125,0.46241442213,-2.40153407357
126,126,-0.0291663563634,-2.07041093033
127,127,-0.821990024249,0.809290588576
128,128,0.241203640517,-1.94380606018
129,129,-0.409534944383,-1.47570821797
130,130,-0.69681319031,-1.47397747699
131,131,0.864734342234,0.911471749953
132,132,-0.625819280115,-1.92007704566
133,133,0.273378447564,1.48722877785
134,134,0.379174203172,-2.00505502115
135,135,1.09844716929,1.93081740104
136,136,-1.49257209439,0.953412688951
137,137,-0.567933718083,0.667445332842
138,138,-1.38392222359,0.844164123381
139,139,-0.207413690968,1.99702730796
140,140,-0.490737519105,0.0775497347456
141,141,-0.716980758092,0.445926820087
142,142,0.2673472815,-1.71747872694
143,143,-0.589937644587,2.05161980277
144,144,-1.33623933011,2.0111185853
145,145,-0.820855773693,1.47783754446
146,146,1.77972835203,0.638419752012
147,147,-0.205622284558,1.43587034415
148,148,2.49746929129,0.337801694636
149,149,2.30700370218,-0.0783909375631
150,150,0.0093215887893,2.12291784744
151,151,0.94097920308,-0.76936784131
152,152,2.63529768364,-0.237118333926
153,153,2.39317938452,-0.153384577117
154,154,2.48471465881,0.0126538964209
155,155,0.00460111384756,-2.75743662976
156,156,-0.108381595384,-2.10273946643
157,157,2.62657913618,-0.00322612872411
158,158,0.0667550542124,-2.28970062549
159,159,1.87560782277,0.62667153744
160,160,0.524576403272,-2.39225673414
161,161,0.367215342742,-1.82662900486
162,162,-0.140767081542,2.22069230585
163,163,0.360219562576,-0.477443011951
164,164,-0.98433368771,-1.00408767679
165,165,-0.226026970806,1.58586675113
166,166,0.00726614367562,-2.52927547852
167,167,-0.663906745935,1.5900082162
168,168,1.05665008218,1.621597046
169,169,0.00813185244582,0.0859341712921
170,170,-0.989613177106,-0.776027375255
171,171,-1.33130541942,-1.02606574467
172,172,-0.878752056171,0.983232331327
173,173,-1.04550074303,-0.555440526482
174,174,-0.922155183817,-1.7939585577
175,175,0.143566096031,1.532513345
176,176,0.105355957534,0.709714504284
177,177,0.274340744922,-2.17323446722
178,178,0.128927312518,1.18757758643
179,179,-0.362903639684,-1.37848501931
180,180,-0.965003241044,-1.56187052584
181,181,0.960594483954,-0.48955667381
182,182,-0.327786978422,-1.12771588492
183,183,0.166857462059,1.1694840886
184,184,0.0864977016447,0.579832250569
185,185,-0.227282673653,0.305287096334
186,186,0.495634596831,-0.373123165717
187,187,0.171985969716,-0.479010140241
188,188,-0.0931305652032,-0.82681735778
189,189,-0.0869791947222,-0.303699766982
190,190,0.125537324124,0.336975493387
191,191,-0.980505920175,-1.68270720067
192,192,-0.149365337042,-2.20208235253
193,193,-0.132032592536,2.72568796749
194,194,-0.251104209827,-0.93203107325
195,195,2.23919555132,0.141691532934
196,196,2.31982631124,0.0363558831586
197,197,0.110182381221,-2.52195493919
198,198,-0.883113436104,1.42150209046
199,199,0.273614958195,-1.94799743276
200,200,0.0548717651715,1.46562747085
201,201,-0.201784317757,2.09126822763
202,202,1.28403696897,-2.26104257787
203,203,2.2428022329,-0.375108063128
204,204,-0.583873628637,2.21099226683
205,205,0.636005130008,-2.04937299419
206,206,0.289968824243,-1.46865703064
207,207,-0.043473897281,-1.83670310598
208,208,-0.285058786227,1.71106205104
209,209,0.290153303784,-2.22522040719
210,210,0.44351572605,-0.620099868104
211,211,-0.172119945054,-2.18906740116
212,212,0.589385214945,1.88521857211
213,213,-0.803545600894,2.18651722401
214,214,-0.0512983056193,2.02901057689
215,215,0.205701066887,-1.65531230547
216,216,2.1270773883,-0.895569114269
217,217,1.48222299621,-1.01238546156
218,218,2.47502294012,0.254639375725
219,219,0.107215447577,-2.19521449607
220,220,0.2968923438,-2.15648000433
221,221,1.64899422678,0.65211174894
222,222,-0.657190743795,2.27279265896
223,223,-0.0536469584591,2.01014630745
224,224,-0.96244238089,1.52585756803
225,225,-0.404140731585,0.235194060923
226,226,-0.897364633062,-1.61508447053
227,227,-0.770713321447,1.76208512792
228,228,-1.0084662868,-1.6948299835
229,229,0.125030071254,2.00851255222
230,230,-1.2276061641,-1.22118288024
231,231,1.83461890305,1.12103274865
232,232,-0.12922724639,1.73151790874
233,233,-0.496660012441,1.98731778806
234,234,-0.674678214513,1.76090699575
235,235,-1.05881092525,1.79947262467
236,236,-0.895329510753,1.63755768451
237,237,-1.16531308953,0.757382075983
238,238,-0.817223330071,1.41182346561
239,239,-0.886340376968,1.16029074005
240,240,-1.08672774699,1.68837718165
241,241,-1.19052009065,1.88009429251
242,242,0.270769139901,-2.21486586154
243,243,-0.946555441331,-1.72142717504
244,244,-0.709824922903,2.04929792329
245,245,-0.103565175243,1.05112391874
246,246,-1.4575279477,-0.995541391107
247,247,-0.419049809367,1.20376507741
248,248,-0.665123962161,0.225269835818
249,249,-0.50558831657,0.362675824359
250,250,-1.25784599644,0.926273808456
251,251,0.358497803612,1.32322965764
252,252,-1.68556790507,-1.47819624701
253,253,0.146803676408,-2.22871552538
254,254,0.15864730216,-1.94420256463
255,255,-0.653619869486,1.54694730158
256,256,-0.255778104041,0.773804487935
257,257,-1.19111065069,-1.55916716719
258,258,-0.200413397899,2.26409560612
259,259,-0.0358152484077,-1.7976975471
260,260,0.191096689507,-2.59945989269
261,261,0.0306580825673,-2.33845259078
262,262,-0.0981125680396,2.05425195644
263,263,0.374819822048,-2.58686554178
264,264,0.306497722455,-2.67761870636
265,265,-0.159834112941,2.4401110265
266,266,-0.461047033422,-2.21397484027
267,267,2.46737791496,-0.319512606059
268,268,2.41978928328,-0.16557862569
269,269,2.83141372164,-0.169202129213
270,270,-0.256096932252,-2.47932956887
271,271,0.284119601398,-2.2062827704
272,272,-0.953330909187,0.179669069891
273,273,-0.347102221124,2.52353338359
274,274,0.958044859052,-1.78067801313
275,275,0.0458852277833,2.64647911037
276,276,0.658602516566,-2.02876821451
277,277,0.0436612534981,-1.92023933421
278,278,0.108774943385,-2.36596600444
279,279,0.978451255625,1.58729223265
280,280,0.611518011071,-2.1540480162
281,281,0.358086018156,-1.99186213342
282,282,-0.0789963956712,1.85141937253
283,283,0.0860282969575,-2.35643019039
284,284,-0.049051994366,1.93033160145
285,285,-0.215687279305,1.95677423755
286,286,0.0690436542,2.7333428785
287,287,-0.3154468928,-2.04464059869
288,288,2.18082605123,0.325893445357
289,289,2.88828579325,0.115909216172
290,290,0.0619466164936,-2.1527893822
291,291,0.216037889163,-2.14518868479
292,292,-1.5413220793,0.765847025252
293,293,0.705540205477,-1.90369820141
294,294,-0.622457872442,1.67017216068
295,295,-0.830931713561,1.4004447466
296,296,-1.53162785016,0.586422167689
297,297,-0.952445105183,-0.807537438083
298,298,-0.478634282229,1.33422984634
299,299,-0.564774043102,1.69729866134
300,300,-0.196815186173,-0.30470321362
301,301,0.36757081905,0.0306720683598
302,302,-0.216316967596,0.563090689618
303,303,0.0704569475675,0.299213686576
304,304,1.09742029183,-0.54717350746
305,305,1.01808420927,0.463811455096
306,306,-0.418520711229,0.492445176178
307,307,0.517002156184,-1.60603619787
308,308,0.718221524047,-0.207028560336
309,309,0.28145757954,-2.39119097039
310,310,1.04424839082,0.789492816685
311,311,-1.02507052049,1.15464595228
312,312,-1.08733926431,1.60878049339
313,313,-0.157348729834,-0.381004625492
314,314,0.23813371821,-2.66720729877
315,315,0.237176868604,-2.5384380712
316,316,2.32610858403,-0.080242031082
317,317,0.531038870933,-2.1861648446
318,318,-0.173033348479,0.238117004336
319,319,0.288292247757,-1.91967393701
320,320,0.153308077149,1.18493263091
321,321,-0.690098210593,-0.786378372879
322,322,0.63391118478,-2.15177049964
323,323,0.377461476611,0.395270275399
324,324,0.989552484302,1.31264655461
325,325,-0.483566258999,1.66751194409
326,326,-0.0954700244844,1.72743113084
327,327,0.00313651908216,-2.5558207547
328,328,-0.238076606847,0.83964370861
329,329,2.39670077101,-0.81635415433
330,330,-0.050209665923,0.260210884036
331,331,-0.42727108359,2.22638303714
332,332,1.16270859816,-1.07909397429
333,333,-0.29216616992,2.17377533591
334,334,-0.584440281855,1.99910245999
335,335,-0.125057580883,2.59982935908
336,336,1.08783392331,-1.63198000959
337,337,1.36336338591,1.11670957728
338,338,-0.188973803288,-2.59050054261
339,339,0.289058694022,0.581681367424
340,340,-0.0725908960424,-0.557805482121
341,341,-0.401388462453,-0.984893553627
342,342,-0.666734332339,1.30512950507
343,343,-0.922934423927,0.939184790607
344,344,-0.820634743566,0.886583788223
345,345,1.5694489243,-0.440956065048
346,346,1.66903850493,-0.411779956862
347,347,-0.483741403876,2.19531471339
348,348,-0.592192251584,2.1822166001
349,349,0.0340916325327,-2.11645872795
350,350,0.411813291834,-1.93219119523
351,351,-0.150211031762,2.237752937
352,352,0.218897371618,-2.17263066879
353,353,0.178739905343,-2.04722125838
354,354,0.211433280526,-2.27446462439
355,355,2.27688609782,0.102365599086
356,356,0.433628142569,-2.08592744471
357,357,0.339685331339,-2.16939789689
358,358,0.165172469618,-1.91948611133
359,359,1.13120716831,-1.97661786411
360,360,0.657912265699,-1.30596232265
361,361,-0.253737094863,1.99397163502
362,362,-0.499011881639,2.07244113588
363,363,0.125682761183,2.5158602325
364,364,-0.318273685185,2.32002049632
365,365,-0.335207938045,2.44248647131
366,366,0.474870058609,-2.03552091668
367,367,0.0750998397369,2.3600632907
368,368,-0.0162082764697,-2.1838394151
369,369,1.90738807501,0.728179190864
370,370,2.87716272785,0.195076363952
371,371,2.19399919822,0.233831330008
372,372,2.25029943134,0.504003741457
373,373,2.07810079139,0.341807063791
374,374,2.71355443846,-0.0353893158007
375,375,2.28297447758,0.221396464349
376,376,2.32113429365,0.146169599054
377,377,1.9368303368,0.0780023520809
378,378,0.0224426565135,-2.57156642272
379,379,-0.114133000962,-2.00857861216
380,380,0.283747817514,-2.61380517326
381,381,2.31741172878,0.0498988266351
382,382,2.76449375403,0.205865598932
383,383,1.88293560604,0.696834064227
384,384,-0.0503286997792,-2.3782957621
385,385,0.20895045764,-2.22030182168
386,386,1.71875373268,0.156585859537
387,387,-0.422886872872,2.3815940339
388,388,-0.424508897856,1.92141579153
389,389,-0.543518224487,2.58609208598
390,390,-0.0518853758397,2.45810687716
391,391,2.85348273905,-0.211902897027
392,392,0.0628267801914,2.14613422023
393,393,0.718072440301,-1.92659201684
394,394,-0.136518780315,-2.37411479548
395,395,-0.26746483645,-2.6189950996
396,396,-0.258138865566,-2.48636400775
397,397,-0.156419506932,2.37996420392
398,398,-0.364420711997,-2.15378691772
399,399,0.0486734590699,2.46990938343
400,400,-0.0621009412712,-2.01107053325
401,401,-0.298155904421,-1.91825302289
402,402,0.394675289374,-1.74872876788
403,403,1.05578187583,-2.3490515518
404,404,-0.0940323852641,2.31155278959
405,405,0.641427797855,-2.00521796263
406,406,0.956338712807,-0.819266968652
407,407,2.42181915201,-0.17195203286
408,408,2.81535006972,-0.206687090759
409,409,2.71438236754,0.0734850326871
410,410,-0.185376776634,2.22052630295
411,411,2.18043087906,0.157824585331
412,412,0.176250638755,2.16039165511
413,413,2.44800023955,0.363948422174
414,414,2.61511903906,0.304358459907
415,415,0.0188131917502,-2.03624040926
416,416,0.366636857997,-2.30854273498
417,417,0.34477514033,-2.09670245724
418,418,2.37111103083,0.101774231782
419,419,0.696656834098,-1.85007305438
420,420,-0.199794090192,-2.54343063767
421,421,2.59331992379,0.147824777513
422,422,-0.195290881676,2.12303543441
423,423,1.4503721694,0.433963358302
424,424,0.0922892176455,-2.45536344219
425,425,-0.0853470751927,-2.21059007845
426,426,1.75051003243,0.862960135107
427,427,-0.12619465488,-2.00637649806
428,428,0.105587529582,-1.95133155233
429,429,0.953444124635,-1.83774717295
430,430,0.972643498766,-1.78961852469
431,431,0.687112481814,-2.1148509296
432,432,0.038259726473,-2.23085583905
433,433,0.218981114777,-2.26488405331
434,434,0.0169438084806,-2.39776007401
435,435,-0.504828725559,-2.66228662757
436,436,0.707318474013,-1.77038647073
437,437,0.802803452938,-1.81757437806
438,438,0.052233682088,-2.78874912349
439,439,0.793832978445,-1.74861262317
440,440,-0.028780969216,-2.20855536607
441,441,0.999807637387,-1.88413427797
442,442,0.0331543333864,-2.53593184545
443,443,2.11817758953,0.0882767907607
444,444,0.128857580633,-2.30240397679
445,445,0.0282646076875,-2.4029702768
446,446,0.715748219802,-1.79134007383
447,447,0.00884507007052,-2.55524327215
448,448,0.880172098295,-2.03739684744
449,449,2.93912237759,0.196103320489
450,450,2.58548729156,-0.10011189067
451,451,0.072569939728,-2.76732532602
452,452,1.00107849517,-2.05219561524
453,453,-0.271553593889,-2.45638929748
454,454,0.940465783912,-2.01771177477
455,455,-0.259010851053,-2.58190998926
456,456,0.0825036810585,-2.07616629514
457,457,0.0340636527675,-2.53383558422
458,458,-0.1200490607,-2.05268101977
459,459,2.70995684052,-0.054463467495
460,460,-0.0645041999727,-2.44571611537
461,461,0.598281923727,-1.54801300937
462,462,2.21776015046,-0.0677358919647
463,463,0.259062202422,-2.29716831686
464,464,-0.861606693289,-1.69385944877
465,465,0.960907618078,-2.14775514034
466,466,0.260798240335,-2.64487178043
467,467,0.885517307348,-1.94506042608
468,468,0.0168417551648,-1.97289949326
469,469,0.150701664962,-2.21319429101
470,470,0.0668144107544,-0.291674039894
471,471,0.247332232902,2.09910061834
472,472,-0.0409921977193,-2.20921899577
473,473,0.72162169259,-2.07500733734
474,474,-0.644940638156,1.71321912841
475,475,1.19996589723,1.4408133878
476,476,1.13267714255,1.40002456674
477,477,2.49899612718,-0.0317231340805
478,478,2.65747734308,0.0735997164329
479,479,0.381042298096,-2.57263892644
480,480,0.884565339373,-1.43119064986
481,481,-0.378172978295,2.12601553159
482,482,-0.128039876177,-2.17545667915
483,483,-0.828500508197,1.1415137162
484,484,0.199368449059,-0.0670119899125
485,485,1.72504242439,0.619462748935
486,486,2.22531396696,0.149244216087
487,487,2.40238937315,-0.302833413599
488,488,2.53259865622,0.437777109752
489,489,0.339851739797,-2.30639991386
490,490,0.397705682263,-2.09895983128
491,491,-0.790447456613,1.80817430148
492,492,0.100922916887,2.37728422298
493,493,0.901657203414,-1.80209068204
494,494,-0.197176044854,2.41522635264
495,495,1.14469121937,-1.56645793234
496,496,1.96098670555,-0.77436604223
497,497,-0.0772900415071,-2.14988601764
498,498,2.51605118834,0.212685825063
499,499,2.41677408365,0.00666711514281
500,500,-0.0544941049703,-2.27865106724
501,501,0.0282273324418,-2.57986002744
502,502,0.0692915968753,2.42213663095
503,503,-0.157805271896,2.39805926344
504,504,0.06618828563,2.37845733133
505,505,0.013126446184,2.12640493725
506,506,-0.0554653703596,-1.81130864715
507,507,2.47903234198,0.323530527889
508,508,0.0178956672965,2.21535943719
509,509,0.0985033882331,-2.43667741143
510,510,1.6144759465,1.09630870184
511,511,0.030904838175,-2.46125907137
512,512,0.166105704554,-2.16038740561
513,513,-0.0256486755079,-2.90680071854
514,514,-0.209556357597,2.2856160762
515,515,0.775847208134,-1.62528858966
516,516,2.44435562482,-0.111104148665
517,517,2.3538720494,0.326272481562
518,518,-0.0468517957909,-2.75146715086
519,519,-0.118781833383,-2.48304628814
520,520,-0.143611127319,-2.45920090165
521,521,-0.258314293181,-2.26318277277
522,522,-0.0551268428601,-2.3423680817
523,523,-0.146256227374,2.08220707069
524,524,-0.441885499734,2.25383505414
525,525,0.254674638091,2.19261763626
526,526,0.172379519529,1.95913157916
527,527,-0.183160505224,2.0874809821
528,528,-0.4235298306,2.29246987431
529,529,0.0720020166765,-2.50907602781
530,530,-0.487302985408,-1.86032426939
531,531,0.460544624775,-2.2536021237
532,532,-0.299992546898,2.19837286651
533,533,-1.09419424923,1.45085348255
534,534,-0.323510887555,2.2647604647
535,535,0.488371062747,-2.27655649622
536,536,-0.285636698543,1.91307803393
537,537,-0.326383249514,2.40826948059
538,538,-0.28418579308,2.08827716945
539,539,-0.983002689744,2.22891552781
540,540,-0.681685390905,2.14010095229
541,541,-0.0805515541432,2.18893294699
542,542,-0.570899486784,2.23599008934
543,543,0.61684814069,-2.06212038143
544,544,2.31351960394,0.304103579334
545,545,2.7784023021,-0.00381697797214
546,546,2.46040327373,0.278847418046
547,547,2.55734549955,-0.270066775295
548,548,2.29629803258,0.047612837249
549,549,-0.104895798145,-2.23202791454
550,550,0.292591925603,-2.24922199795
551,551,0.492317956652,-0.989123757041
552,552,-0.139728719992,2.52057797314
553,553,-0.483318675622,2.04809906984
554,554,0.910307375378,-1.82556748253
555,555,1.41352163715,-0.732830811679
556,556,-0.0732178694299,1.2102658168
557,557,-0.616322680911,0.333851602696
558,558,-0.620752286575,0.852833853406
559,559,0.457469437636,0.667259374222
560,560,-0.7608641315,1.33596988632
561,561,0.882487260576,-0.396606249476
562,562,2.03492087343,0.647917316246
563,563,2.56997248311,0.294155726316
564,564,2.52161479441,-0.154413083335
565,565,1.44922331086,-1.55133150276
566,566,2.33619336641,0.048699467291
567,567,2.48280447315,-0.116368990192
568,568,2.47420618763,0.159614789682
569,569,2.62512713716,-0.0515553387864
570,570,-0.0171123538699,-2.47414024843
571,571,0.174166157193,-2.42806726531
572,572,-0.0513509745473,-2.33424981652
573,573,0.87669147242,0.136910835486
574,574,1.11725763887,-0.531297102049
575,575,0.202828633426,-2.36100150049
576,576,-0.0709046344465,2.64531152485
577,577,0.350711529403,-1.79608913055
578,578,1.50488668734,1.11103868614
579,579,0.0458493925293,-2.60938954482
580,580,0.00548335464831,-2.63249022138
581,581,-0.110683621526,2.33671904485
582,582,-0.369724052584,1.95965384446
583,583,-0.191546348737,-1.63802106856
584,584,2.49073343837,0.19284000152
585,585,2.60368103593,0.205004618705
586,586,-0.262900768879,-2.55468761914
587,587,2.28528183421,-0.0375795782725
588,588,-0.101567076687,-2.52878455756
589,589,0.872927747813,-1.02076874261
590,590,-1.07782072942,1.89632102206
591,591,-1.33168715496,1.45074670275
592,592,-1.65437200127,1.49327229753
593,593,-2.09216968154,-2.02531173607
594,594,-0.951610384503,2.22164404689
595,595,-0.362900051862,-2.00988464717
596,596,0.696772877088,-0.500639109253
597,597,1.77928215239,-0.0786421178877
598,598,1.66037813004,1.70136193186
599,599,0.119576159238,-2.0828098241
600,600,-0.192778683727,2.52913556429
601,601,-0.0332253602119,2.36978045249
602,602,2.00564867943,-0.402822895005
603,603,0.206002574026,-2.46620917781
604,604,0.506114686989,-2.7317240802
605,605,1.25483610174,0.768523695886
606,606,0.626166036781,2.6866872971
607,607,0.857822464185,-2.15487308907
608,608,-1.18262461307,2.15575103895
609,609,0.537529935642,-1.97662915934
610,610,-0.822833146151,2.306628801
611,611,1.57142599684,-1.97387092245
612,612,2.47774207742,0.985731528194
613,613,1.11350208945,0.670426284246
614,614,0.878185012925,1.52538795235
615,615,0.970784185122,0.28735308834
616,616,0.3894729587,0.843593732493
617,617,0.540449985247,0.729480544921
618,618,0.628472017855,0.76883802477
619,619,0.804334730493,-1.60543032169
620,620,0.820654198454,1.55528611947
621,621,2.12727500783,-0.368482772632
622,622,0.59022612658,-2.02557408083
623,623,2.11573600029,0.870366866388
624,624,0.318140843561,2.49204761585
625,625,0.114303390686,-1.14167800787
626,626,-0.416173893265,-0.88165226913
627,627,0.674480504842,1.36164012939
628,628,0.983483197143,0.443241877154
629,629,2.01880213997,0.830032937383
630,630,-1.12686501286,-2.00099632825
631,631,-0.376703501744,-2.5920665134
632,632,-1.88028505845,1.61243916944
633,633,-1.11067654173,-1.89690926927
634,634,2.7216577597,0.0202821553942
635,635,-0.159857164339,-0.365424002587
636,636,-0.76188432316,0.882470699803
637,637,-0.0710510099284,0.672535604092
638,638,3.44077731424,1.11335130703
639,639,0.243832579469,0.34421211733
640,640,-0.207538546383,-1.54110589578
641,641,0.972937016487,0.536678218843
642,642,1.69762222138,1.42512143304
643,643,-0.330349942829,-1.22382069066
644,644,-0.361227474222,2.7536560133
645,645,0.383695483778,1.7000911118
646,646,0.716279646,1.26081705856
647,647,1.70775679486,1.51979527388
648,648,1.32226280815,1.09404997149
649,649,0.173433727467,2.40825541047
650,650,1.9922936396,1.10194967666
651,651,-0.607740734742,-1.88363265623
652,652,-1.18530139138,-1.95784583844
653,653,2.16169163786,-0.444801208285
654,654,0.758444938154,2.05521551149
655,655,0.966517287927,1.10730935145
656,656,-0.95488711871,-2.06745158596
657,657,2.29764786943,0.900119079798
658,658,0.311338657361,1.98086853454
659,659,3.06437824893,-0.0801423379431
660,660,1.44626039146,2.02141427275
661,661,1.23227415256,1.94509120062
662,662,1.92153637609,2.26350073705
663,663,1.31231051987,2.17292514084
664,664,1.08088422959,1.49896995611
665,665,1.41484600168,2.20698599824
666,666,1.60363653619,2.56704905751
667,667,0.777756147009,-2.81208725676
668,668,-0.204424953017,2.94564747552
669,669,1.14146101845,1.53344107808
670,670,-0.242009932157,-1.48404027532
671,671,0.733497657101,1.19908589554
672,672,2.33026116464,-0.345921633257
673,673,-1.01331424526,2.04016689678
674,674,-1.32462091141,1.56760545028
675,675,1.26840591082,-0.894770415541
676,676,-0.0122791711698,1.89703646004
677,677,1.06780484717,1.00322475401
678,678,2.11048622704,1.13887541499
679,679,-0.199480810201,2.68642726017
680,680,1.39103683893,0.420318115084
681,681,2.80506338619,0.401682025569
682,682,2.42682573627,-0.392749544469
683,683,1.70108892602,1.43421452603
684,684,1.40103747846,1.72236039424
685,685,0.648513400398,2.16145837014
686,686,0.0537028864476,2.1913790707
687,687,0.176955907033,2.23940875215
688,688,0.0652930171543,2.36306103819
689,689,-0.379277702957,2.90427154496
690,690,-0.241874802047,2.49492416385
691,691,1.4624103928,1.09723468097
692,692,2.14964138614,1.45554264335
693,693,-0.189554808299,-2.13894982058
694,694,0.656871333129,1.73356190593
695,695,-0.204509413744,-1.79328011129
696,696,1.17055945173,1.79020552664
697,697,1.08799785533,2.05970181294
698,698,2.16954058683,0.51593162513
699,699,2.46369593713,-0.532288453345
700,700,0.170486249239,-1.79276917548
701,701,-0.0835905569573,1.15981620359
702,702,-0.318549025633,2.16708888166
703,703,-0.59894515903,2.93836571784
704,704,-0.583654337291,-1.4008536523
705,705,-0.410271520847,2.27571710185
706,706,0.952840449426,1.65040347619
707,707,0.15067049193,-1.92680717339
708,708,0.990443984078,1.64272161143
709,709,1.09686654693,1.10033609776
710,710,-0.225978701929,-2.17563651927
711,711,1.2817759187,0.566070452468
712,712,-0.114006476511,-0.66929782906
713,713,-0.885733125178,-1.69797346006
714,714,-0.114564674326,-2.84154594345
715,715,-0.594973197909,1.96632152446
716,716,-0.200879684521,3.08385915175
717,717,-0.203164931551,-2.80955994339
718,718,1.07198822458,2.25828803626
719,719,0.547734073979,-1.77589763159
720,720,0.852766926766,2.17800849503
721,721,-0.168087741663,-1.78169153928
722,722,-0.559435245699,-2.03175726476
723,723,0.809048082779,1.35483553902
724,724,0.620973624681,1.45488971067
725,725,0.937939004264,0.941652030429
726,726,0.167169230417,-2.45815192867
727,727,-0.478003550456,-1.78449670616
728,728,1.1950341344,-1.11884276951
729,729,2.25804032641,0.6017399106
730,730,0.0342334033276,-3.07286146957
731,731,0.35973708645,-2.97215739929
732,732,0.116403566737,-2.37790311383
733,733,2.42510923924,0.589136591854
734,734,-0.26740580036,-2.40640250838
735,735,0.315119754294,1.90758082767
736,736,0.00460988810202,-1.86396443912
737,737,-0.364389391156,1.85848896445
738,738,1.01522552576,-1.17201793388
739,739,-0.811358538257,1.67207225869
740,740,0.601467544111,-2.18152596561
741,741,0.446605526625,2.43050864588
742,742,-1.07305929439,1.73683115001
743,743,1.44035680378,-2.08155481145
744,744,0.969401779168,0.516447558999
745,745,-1.09789432034,-2.29686567937
746,746,0.236275026194,-1.36902030782
747,747,0.643222356801,-0.656358415588
748,748,1.95419461513,-1.28228276199
749,749,-0.402390977266,-2.74794884236
750,750,-0.156267587856,-2.6717624491
751,751,-1.81321436644,-1.41443424529
752,752,0.00786185394087,2.22540807087
753,753,2.31942015062,0.111407436098
754,754,0.334251306138,-2.95262513454
755,755,-0.672962971627,-2.00153501517
756,756,0.830740162955,-2.31783913122
757,757,0.116750656136,-2.11385363722
758,758,-0.331119656329,-2.70232667051
759,759,0.281921641667,-1.86098708704
760,760,-1.00013344807,-2.94019594301
761,761,-0.380937503404,-2.22176279394
762,762,0.505028556127,-2.28335806712
763,763,0.0488991479424,2.37059549971
764,764,2.04901899223,0.73264746827
765,765,-0.208496714941,-2.32798735208
766,766,-0.907045971814,-1.40792731353
767,767,0.287469639205,-3.20199196596
768,768,0.0560375815979,-2.26068095199
769,769,-1.2664635354,-1.26058208169
770,770,-1.08039370739,-1.7079650352
771,771,0.556218885726,-1.99800895902
772,772,-0.461304972074,-2.27629393002
773,773,1.57193652764,-2.18111459931
774,774,1.48351333388,1.30014830494
775,775,0.579531953107,-2.5703701199
776,776,0.999905276742,-2.61170937594
777,777,-0.572158188814,2.32309476058
778,778,0.964700584972,0.924910247373
779,779,0.0265757459332,1.52503964269
780,780,0.0746638510345,-1.34869278
781,781,0.175174050981,2.15677939028
782,782,0.276491113316,-2.1324253832
783,783,-0.00223948338021,-2.04609308243
784,784,0.212973113372,-2.36637872176
785,785,-0.388583817324,2.14326110532
786,786,-0.035188503078,2.42238235017
787,787,-0.48085450523,2.17742917541
788,788,-0.0681237383567,2.27525111532
789,789,0.0507638177793,-2.16066259029
790,790,0.0187900609306,-2.33165975524
791,791,-0.436221458044,1.82882146484
792,792,-0.135916093875,-2.09660921004
793,793,1.16746309112,-1.38291973562
794,794,-0.133126631431,2.19497348954
795,795,-0.307023781256,2.14713956888
796,796,0.0292575717791,2.18844532012
797,797,0.467734284495,-2.32511530977
798,798,2.03931502289,0.922772884415
799,799,2.29108276011,-0.0814139568802
800,800,2.68218186795,-0.445458199654
801,801,2.24124638396,0.25740981092
802,802,0.223429213101,-2.39231476414
803,803,0.0356687451219,-1.97487880009
804,804,2.42115859089,-0.101023196313
805,805,0.0940488536039,2.29409436148
806,806,0.0388996015655,2.10654886132
807,807,-0.280424231725,2.16530392649
808,808,0.0510316095162,2.2478080923
809,809,0.31937444113,-2.08596671427
810,810,0.156621542386,-2.5833275441
811,811,0.259603094844,-2.22055494123
812,812,-0.0485331146134,2.13278372743
813,813,-0.136888198919,2.66673115812
814,814,0.587492275003,-1.7336953035
815,815,2.28273779403,0.545559729131
816,816,-0.450045356847,2.01837959461
817,817,0.0319890827457,2.52888139354
818,818,0.572266766308,-2.12483955012
819,819,0.120691529334,-2.64702823524
820,820,0.0933755888107,2.4698173649
821,821,0.477640387666,-1.93428123048
822,822,2.79446284474,0.0591121061447
823,823,2.78192023162,-0.121313317581
824,824,-0.375787075121,2.45044747101
825,825,0.0986930703131,2.03135914485
826,826,2.63707285279,-0.193375479851
827,827,0.124908042578,2.30355274418
828,828,0.189587666826,-1.85654915377
829,829,0.13531670173,-2.77503156333
830,830,0.127449792122,-2.13819815326
831,831,2.15937292774,-0.197952849875
832,832,0.0370406995103,2.11036664517
833,833,-0.227717259219,2.27644460432
834,834,-0.315538398366,-2.19424700042
835,835,1.87057339559,0.325497436198
836,836,1.65701456032,0.430374327353
837,837,2.22442746094,-0.345683636633
838,838,2.01119982863,0.331330527844
839,839,0.0935464060598,-2.28982766019
840,840,0.350888190439,-2.50016724614
841,841,-0.044666191387,2.47985657047
842,842,0.747319323098,-1.93096784894
843,843,-0.15108806516,-2.4259052422
844,844,0.0372256911389,-2.24411022926
845,845,-0.19021211364,2.03288330916
846,846,0.394830710163,1.94358265264
847,847,0.0703161857475,2.22168267716
848,848,0.304737562883,2.11016451436
849,849,-0.123054558257,2.13027450724
850,850,0.367572652946,-2.3193203831
851,851,0.0219562058942,2.54354504617
852,852,0.945634437422,-2.49530315871
853,853,-0.165640814551,2.50926118269
854,854,0.268316229206,-2.18015691713
855,855,0.104011396285,-2.75605747032
856,856,2.45310144979,0.12596595802
857,857,-0.174235198844,-2.74223443044
858,858,-2.51562909772,-0.0657130556581
859,859,-1.24887619826,1.28586031376
860,860,-1.53019380952,1.3506250064
861,861,0.411248085994,-0.832684148171
862,862,-1.61815726499,-1.74736865079
863,863,-0.828313124512,2.0593145996
864,864,-0.550525818294,-2.07783403476
865,865,1.68457888106,0.231226061788
866,866,2.56653727803,0.160213325308
867,867,2.64151160443,-0.237317742521
868,868,0.21348798931,-2.52933095607
869,869,0.46954178776,-2.13959652119
870,870,0.690957498621,-0.938823281017
871,871,2.17647837661,0.620723817079
872,872,0.0786652067425,-2.25990761994
873,873,-0.619883928837,1.54185655813
874,874,0.0962077075162,1.41646228009
875,875,2.87841111137,0.151852228744
876,876,-0.0255332307692,-0.316110225176
877,877,-0.0139564394816,-1.21613346695
878,878,0.131971657852,-2.51462636851
879,879,-0.165519321542,-1.25862183832
880,880,-0.321431312135,1.42547730428
881,881,0.289042957426,2.4493070502
882,882,1.96921206906,0.198504441259
883,883,2.37570064034,0.355331569389
884,884,2.29246916241,-0.183522469785
885,885,0.171207723682,-2.21113146401
886,886,-0.323722909076,-2.47781930586
887,887,0.389003099035,-2.55377379202
888,888,2.79302933807,0.288838943236
889,889,0.0654703113328,-2.30313922945
890,890,0.348398083388,-2.36262368407
891,891,1.91338542177,0.842598583294
892,892,-0.012532526341,2.71430579121
893,893,0.368524749643,-2.22154181163
894,894,1.0167558857,-2.04821475658
895,895,0.654818840069,-2.26501669589
896,896,-0.00469946567973,-2.31811663296
897,897,0.208245104213,-2.23593841208
898,898,1.31884346521,1.44541679312
899,899,0.273600213549,-2.49799583011
900,900,1.24450694522,0.629605403806
901,901,0.258859741014,2.43715786157
902,902,1.27842495432,-1.60769673222
903,903,0.244457231722,1.84967904755
904,904,-0.334497290177,1.88129050196
905,905,1.74299254465,0.566768202627
906,906,1.65243331578,0.461289159593
907,907,1.69758065111,0.874575160565
908,908,1.10787541726,-0.206448602795
909,909,2.33461489929,0.537218526699
910,910,2.25116013855,0.171085909486
911,911,-0.0840964813887,2.72517756845
912,912,2.29407397702,0.257715706856
913,913,2.31432579936,0.195173378112
914,914,2.10665919809,-0.777741588158
915,915,0.104820340372,1.62714718278
916,916,0.0404299506904,2.0615136778
917,917,-0.151204459073,-1.96739959126
918,918,0.199554197808,-1.67918441825
919,919,1.80827631451,-0.700565165027
920,920,0.910566672372,-1.8953507348
921,921,0.511070145944,-0.218243372806
922,922,0.114208288593,-2.0906290481
923,923,0.917910112429,-2.28344950665
924,924,-0.364324352012,1.84487065979
925,925,-0.239183367707,1.43436005678
926,926,-0.683572278173,-1.45414637229
927,927,0.201648718571,-1.91939805863
928,928,-0.0757290433277,1.16579596941
929,929,0.607430897663,1.74566161876
930,930,0.0512237391883,2.11334948904
931,931,2.11651538802,0.0441445110439
932,932,1.15615470952,-0.778260953275
933,933,2.30885192604,0.199832618467
934,934,2.60373294383,-0.109576539974
935,935,-1.71713306853,-1.88427153124
936,936,0.853134180574,0.428852190284
937,937,1.23561964859,-0.495504670932
938,938,0.195535634297,-1.85290875884
939,939,-0.893238175012,1.22138598192
940,940,-0.266624753323,1.58264867644
941,941,1.21336175869,1.69752884249
942,942,1.72143511123,0.587160695636
943,943,-1.01087819086,0.158084868222
944,944,0.0860078460489,0.713865390115
945,945,-0.384183792725,-1.62707628535
946,946,-1.29512582339,-1.39840329338
947,947,-0.432938200477,1.65120015555
948,948,-0.878899562179,-1.26634054085
949,949,-0.569131333606,-1.88501091957
950,950,0.38425307883,0.887426342265
951,951,0.357295991026,1.07156869002
952,952,0.1150351481,-2.01673222335
953,953,0.202404613778,-2.85861108604
954,954,0.409547728382,0.926884648216
955,955,-0.296867980403,-0.915819313076
956,956,0.284870071057,1.98776186646
957,957,0.117100198566,0.998035953576
958,958,0.56562205871,-1.98688940683
959,959,-0.246000065855,-2.27954744432
960,960,-0.28579335579,-2.07028275808
961,961,0.133385674261,-2.24202968198
962,962,0.00690140657702,2.53606735419
963,963,1.01482125029,-0.614670417671
964,964,-0.086839161577,-2.02538157894
965,965,-0.468495719655,2.48044838957
966,966,1.08410512462,-0.161412305103
967,967,2.63005582743,0.217480438317
968,968,-0.745626253817,-1.33895060059
969,969,-1.47034430567,-1.73481412089
970,970,-0.796117319241,-1.42419755627
971,971,0.1217760264,1.71139353032
972,972,-0.803053931907,-0.570704860715
973,973,-1.39435977824,-1.65457448059
974,974,-1.17270459452,-1.47535487379
975,975,-1.20746865776,-1.46408407194
976,976,-0.532065342691,-1.34692941961
977,977,-0.496724543065,-2.11637195067
978,978,-1.03768396548,-1.85878949349
979,979,-0.217842919979,-2.02542888773
980,980,0.477360732917,-0.954720120395
981,981,2.35962609181,-0.0915530879626
982,982,-0.0161241267329,-2.20542337803
983,983,-0.974818536136,-1.47215692172
984,984,-0.263203538327,2.78121137262
985,985,-0.206555198867,-1.37429320323
986,986,-0.640810301879,-1.3696063145
987,987,-0.843718959926,-1.82983974483
988,988,0.148639141031,1.34225769456
989,989,-0.897178690249,-1.53351764997
990,990,-1.24716935906,-1.92298462482
991,991,0.0537083840143,2.80334303421
992,992,0.0183239942961,-1.671694676
993,993,-0.191743648222,-2.3821855556
994,994,0.180020027443,-2.7068672337
995,995,1.65556450106,0.399038386796
996,996,0.417650798967,-2.18611624116
997,997,-0.700793175072,-1.4350944053
998,998,-1.03164997885,-1.1147678153
999,999,0.0932692120939,0.321215972317
1000,1000,-0.592724328182,0.991038674367
1001,1001,-0.490513777188,0.858955062375
1002,1002,-1.05625228383,-1.00692532418
1003,1003,-1.55822494124,-0.915499146287
1004,1004,-0.131898195447,1.92155246315
1005,1005,-0.297248309724,2.61157104427
1006,1006,0.94971297071,-1.4741129817
1007,1007,0.378917188989,-0.355972387261
1008,1008,-0.20207608464,2.42511546651
1009,1009,1.17521126505,-1.92853483415
1010,1010,2.08838757982,-0.194862647631
1011,1011,2.66972357858,0.0100906962342
1012,1012,2.47149840887,-0.0993595126262
1013,1013,0.856812393398,-1.87967138217
1014,1014,0.0320829564494,2.13160178196
1015,1015,0.485432226584,-2.37241704272
1016,1016,-0.730485125828,-0.659064994892
1017,1017,-0.404814369144,1.72560507102
1018,1018,2.36346171727,0.0892343098062
1019,1019,-0.372773444541,1.84591240266
1020,1020,0.404656507603,-1.81611253475
1021,1021,0.528731792865,0.042137298248
1022,1022,-0.0400245901401,-1.55366945771
1023,1023,-0.757093487479,1.89527973569
1024,1024,-0.448935488545,1.23496424374
1025,1025,-0.0977348951055,0.970932920004
1026,1026,0.581940208342,0.310954891138
1027,1027,-0.256005745804,-0.109215546475
1028,1028,-0.98793695124,0.348640360621
1029,1029,2.16717767395,0.191221510407
1030,1030,-0.417500135623,0.946478686393
1031,1031,0.577572659752,1.93319230511
1032,1032,-0.568050520831,1.03962810906
1033,1033,-0.834312689061,-0.270802046259
1034,1034,-0.433888412936,-1.7654656891
1035,1035,0.679892358214,-0.915725302866
1036,1036,-0.443739970567,-0.758175131202
1037,1037,0.28361464938,2.48343432331
1038,1038,1.27584412366,-0.791801092939
1039,1039,2.107471161,-0.548774520758
1040,1040,-0.0203304750075,-2.44393144247
1041,1041,2.25537260336,0.2535680957
1042,1042,0.0386428779442,-2.2652515071
1043,1043,0.111276252801,-2.49390209908
1044,1044,-0.922131474324,1.77995143121
1045,1045,-0.767342398786,1.83055251211
1046,1046,-0.71779137724,2.15516586331
1047,1047,-0.584980661322,1.79413394217
1048,1048,1.03011279045,-1.90609887733
1049,1049,-0.113171211601,2.08102183999
1050,1050,1.55537786611,-2.03560542295
1051,1051,0.523139357136,-2.25663404344
1052,1052,-0.254268926804,2.26716669371
1053,1053,-0.584171643027,2.09526482224
1054,1054,-0.64080394544,2.13632907254
1055,1055,-0.113529976462,2.60975545508
1056,1056,0.762502990667,-2.11950497161
1057,1057,0.739254389833,-2.17593575818
1058,1058,0.392276883637,-2.37707191639
1059,1059,-0.0156204742729,1.71565113133
1060,1060,-0.16647040818,2.18952140142
1061,1061,0.920677655222,-1.55508193722
1062,1062,0.173464128727,-2.4424350306
1063,1063,0.890963065795,-1.96070351538
1064,1064,-0.427859731739,2.21535029005
1065,1065,-0.0764365799213,2.21669985029
1066,1066,0.153650730517,2.32384753651
1067,1067,-0.353656965261,2.18515619898
1068,1068,0.522413139508,-1.87927984297
1069,1069,-0.0877392056414,2.30070581019
1070,1070,-0.563741213279,2.24010345514
1071,1071,0.147200672105,-1.93746733802
1072,1072,1.98637325601,0.707970048748
1073,1073,0.131742805762,-2.52484960474
1074,1074,2.71905110736,-0.0299858052562
1075,1075,-0.928068754362,-1.14501687137
1076,1076,0.577720308462,0.597256773873
1077,1077,-1.042913975,-1.11749116966
1078,1078,-1.17925043775,-1.1407415247
1079,1079,-0.543243121058,1.71534657657
1080,1080,-1.22137388602,-1.23282625196
1081,1081,-1.50409026105,-1.32849591656
1082,1082,2.16197300877,0.170199385607
1083,1083,-1.48597146617,-1.51990699713
1084,1084,-0.379235147217,1.97481200022
1085,1085,0.207962810522,1.3920789388
1086,1086,-0.223814205694,0.380853710593
1087,1087,-1.30908262757,0.812324632609
1088,1088,0.383057869219,1.83380405902
1089,1089,-0.255467284131,1.30637405821
1090,1090,-0.374207757847,-0.986779415619
1091,1091,-0.902590999656,0.792294354065
1092,1092,0.403910767879,1.37382749138
1093,1093,-0.796105315902,-1.62655780217
1094,1094,0.237654421781,-2.3726695472
1095,1095,-0.543421646643,2.50922441992
1096,1096,0.510785818051,-2.51584916445
1097,1097,0.0475324273431,-2.41907663717
1098,1098,0.356072040299,-2.225322429
1099,1099,-0.0532306810646,-2.19727681859
1100,1100,0.458035504674,-1.82293325265
1101,1101,-1.03359484809,-1.20238411446
1102,1102,-0.237653349756,-2.08748471551
1103,1103,0.199438757641,-2.50375504379
1104,1104,-1.28580256157,-1.69314502059
1105,1105,0.0666514126983,-2.10581945146
1106,1106,2.59617382097,0.21327624988
1107,1107,-0.589112045166,2.2379078716
1108,1108,-1.52543271164,-1.57557583143
1109,1109,-0.187911731326,2.22381857799
1110,1110,0.544692993072,-1.25869420178
1111,1111,-0.326556522418,2.38969543755
1112,1112,0.770727878738,-1.55846509328
1113,1113,2.62839933288,-0.153165295721
1114,1114,1.49740971325,0.763217957439
1115,1115,0.530777402809,-2.53861925897
1116,1116,0.285122577064,-2.20865688081
1117,1117,-0.453775287086,1.1155096571
1118,1118,0.767616700731,-1.59065192222
1119,1119,1.40719239154,-0.977186950091
1120,1120,-0.624455352201,1.93504365496
1121,1121,-0.602102335379,2.1464828902
1122,1122,-0.359863061305,2.29019203833
1123,1123,1.3482582496,0.496898734839
1124,1124,-0.794307581705,-1.74007013949
1125,1125,1.18920557375,-1.69315778217
1126,1126,-0.330286042582,2.11910065996
1127,1127,0.521677672833,1.45134384865
1128,1128,1.5295516508,-0.997742201478
1129,1129,-0.672774175745,2.31665254868
1130,1130,0.990291020068,-1.57715079151
1131,1131,-1.08084922733,-1.82533086526
1132,1132,0.580340159217,-1.8481826017
1133,1133,-0.120538984547,-2.34486546454
1134,1134,0.221895002309,-2.53402079885
1135,1135,0.556398384474,-2.11781242322
1136,1136,0.0346056677829,2.54335831525
1137,1137,0.207170812129,-2.20970634814
1138,1138,0.457451263902,-2.64397065965
1139,1139,0.410938002673,-2.15289488072
1140,1140,-0.0901991200925,2.01361281879
1141,1141,0.182367288894,1.95815692237
1142,1142,-0.368397288259,2.35530834822
1143,1143,1.0586399866,-1.47517543108
1144,1144,1.43908725276,0.807593868875
1145,1145,2.49471157259,-0.000882362205757
1146,1146,1.07395396813,1.49944098222
1147,1147,0.370183286821,1.83925518687
1148,1148,0.0275386310923,-2.52574518062
1149,1149,0.431650135711,-2.498057523
1150,1150,2.5317024327,-0.0444467269826
1151,1151,-0.35946453363,2.59785605645
1152,1152,0.357026172241,2.72336855167
1153,1153,2.39994398631,-0.224064907105
1154,1154,-0.185272324921,-2.43842793236
1155,1155,-0.0109732222166,-2.64703491734
1156,1156,1.88408957954,0.29727102753
1157,1157,-0.0970644323946,2.08935479888
1158,1158,2.05134715532,0.56341042709
1159,1159,2.29604420526,0.0406502078137
1160,1160,-0.0689405144849,2.14305648319
1161,1161,0.321971457553,-1.08447238446
1162,1162,0.0586952418791,2.23715274202
1163,1163,0.389129145046,1.89715184435
1164,1164,0.801953338321,-1.78374504749
1165,1165,1.41380303626,0.416918782594
1166,1166,0.560888846498,1.90309876129
1167,1167,2.54324432928,-0.130036749306
1168,1168,0.873986779763,-1.78335118016
1169,1169,2.41360880576,-0.350911358628
1170,1170,2.03256541923,0.0489872040629
1171,1171,-0.354759138555,-2.54824487169
1172,1172,0.194285807688,-2.1616697494
1173,1173,-0.399163519785,2.30679148814
1174,1174,-0.0144638838722,2.49694073895
1175,1175,0.216584864167,2.14493079724
1176,1176,0.0507384828641,2.47698079846
1177,1177,0.080737268672,-1.84756888694
1178,1178,1.51775163459,0.574814400799
1179,1179,-0.194061552481,-2.64966052064
1180,1180,-0.011021841337,-2.82312471912
1181,1181,2.3204464484,0.293645491377
1182,1182,-0.289280925892,-2.34644148695
1183,1183,-0.0936368460207,2.44519987025
1184,1184,-0.249056596878,2.32920541087
1185,1185,1.04987881378,-1.86744094632
1186,1186,-0.033744462771,-2.67575410174
1187,1187,-0.286950339677,-2.1368474335
1188,1188,1.03199702986,-1.5685580972
1189,1189,-0.407276442909,-2.61906693775
1190,1190,-0.348417744337,-2.4784377644
1191,1191,0.293994916833,-2.33701303064
1192,1192,-0.0618889737521,-1.79625795357
1193,1193,-0.298241455287,-2.11966832203
1194,1194,-0.144335203372,-1.83215567374
1195,1195,-0.265223427604,2.02307797791
1196,1196,1.88866133207,0.0869277741186
1197,1197,2.33410599289,-0.0157951217332
1198,1198,2.2791719946,-0.367200338714
1199,1199,2.16063678235,0.0412684015797
1200,1200,0.477039844492,-2.26974309211
1201,1201,0.66831879077,-1.98431061617
1202,1202,-0.502721495354,1.72286454414
1203,1203,-0.593600830651,2.25289167148
1204,1204,-0.207741730864,2.01824630025
1205,1205,1.17575758008,-1.92857083783
1206,1206,-0.0846817525472,2.13862783261
1207,1207,0.118054642877,-2.64321979994
1208,1208,0.446902721761,-2.31024884223
1209,1209,2.29626902449,0.126859276481
1210,1210,2.6946451225,0.00711537988861
1211,1211,-0.1313236111,2.1664896602
1212,1212,0.754232012453,-2.09919737288
1213,1213,2.78166304679,0.407318890368
1214,1214,1.59745356916,0.299517124426
1215,1215,-0.240885457513,-2.6217289252
1216,1216,0.194252172896,-1.58579345488
1217,1217,0.122455473231,-2.58284757509
1218,1218,0.261344929564,-2.23506498427
1219,1219,2.25637379541,0.106300113038
1220,1220,1.39463218489,-1.33034490378
1221,1221,1.47098930819,-1.30433746954
1222,1222,1.20728835221,0.654522959196
1223,1223,1.28422937748,-1.15583608538
1224,1224,2.8542260552,-0.0829053331661
1225,1225,2.64532634445,-0.00793048822996
1226,1226,0.417831169756,-0.0935380419215
1227,1227,-0.351802955025,2.54673592509
1228,1228,0.531079345077,-0.0695517922256
1229,1229,-0.172820753206,2.29251354439
1230,1230,-0.0665826529221,-2.40933915841
1231,1231,0.491744006743,-2.36373817434
1232,1232,-0.345980680894,2.65461408045
1233,1233,1.213325315,-2.26320830917
1234,1234,-0.0450538848102,2.45702468799
1235,1235,0.283412811964,-2.02151777872
1236,1236,2.31817471767,0.245492922673
1237,1237,0.380613728989,-2.45469524541
1238,1238,-0.0444857635055,2.31396434877
1239,1239,0.815717556258,-1.6074168924
1240,1240,-0.153094843794,-2.01665496419
1241,1241,2.44599058298,-0.290119318116
1242,1242,0.200295255018,-2.16432253095
1243,1243,0.12438183888,-2.46437115305
1244,1244,0.50180218341,-2.09667435084
1245,1245,-0.00951481275707,2.57950347793
1246,1246,0.146871699522,-2.45728685175
1247,1247,-0.0314469888478,2.32108513701
1248,1248,-0.255934437958,2.50281491121
1249,1249,0.530842679068,-2.48404181318
1250,1250,0.110934561305,2.43154417133
1251,1251,0.0287843156835,2.28642562973
1252,1252,-0.185614211558,2.51583587817
1253,1253,0.696922321885,-1.95143523121
1254,1254,2.09782647503,0.486344743547
1255,1255,2.77103452351,-0.173078074777
1256,1256,2.36183012946,-0.214029240566
1257,1257,2.43914435436,-0.0427975323611
1258,1258,2.18727295461,0.335983055128
1259,1259,2.18675834178,0.0453666606531
1260,1260,2.59908184031,0.239263591975
1261,1261,2.54923567026,0.0848085398406
1262,1262,-0.0980824208023,-1.86216902976
1263,1263,0.296890016238,-2.05555044567
1264,1264,2.41520742823,-0.0468977105135
1265,1265,0.0632629472569,2.6719886862
1266,1266,1.24638871032,-0.00219515205206
1267,1267,1.67462169327,-0.298945923256
1268,1268,0.0553133800485,-2.41097705295
1269,1269,0.185182224225,-2.32391523595
1270,1270,1.8001655862,-0.119001129421
1271,1271,-0.161670913921,2.41363222512
1272,1272,1.74331236162,0.600540619352
1273,1273,0.216605828393,-2.03109318015
1274,1274,0.65526322915,-0.50865372228
1275,1275,-0.116452212247,2.66985658114
1276,1276,0.551474832424,-2.30162732257
1277,1277,0.306045337319,-1.87996165675
1278,1278,2.31936513244,0.118988919995
1279,1279,1.99214097331,0.280197715102
1280,1280,0.692385189638,-0.154947926987
1281,1281,2.57755510764,-0.0119867438889
1282,1282,2.07633790201,0.119572655781
1283,1283,2.22549199462,0.244545249673
1284,1284,-0.611843867507,-2.25735532545
1285,1285,1.20609397227,-1.81520587741
1286,1286,0.0253345662577,-0.554096489922
1287,1287,1.77954156368,0.712211217275
1288,1288,-0.225404324827,-2.20526598575
1289,1289,0.0716127120664,-2.14637681857
1290,1290,0.19586147371,-2.18902971901
1291,1291,0.928567661517,-0.410319231176
1292,1292,0.394843518179,1.69140806054
1293,1293,2.36415813104,0.11430959192
1294,1294,2.66732417618,0.0342026549617
1295,1295,0.650587820351,-0.687598980584
1296,1296,0.107606047703,-2.26090217224
1297,1297,0.317023508487,-2.02331570309
1298,1298,1.56221068398,-0.800436952753
1299,1299,-0.200371957201,2.39597416209
1300,1300,0.553433411938,-1.89658315016
1301,1301,-0.0180071587802,2.75014824383
1302,1302,-0.320821262087,1.71376230051
1303,1303,0.987998370202,-2.1388598017
1304,1304,-0.066819562713,1.94355145384
1305,1305,-0.208133544891,1.90987629982
1306,1306,-0.537301076993,2.5143399499
1307,1307,-0.456316765493,2.40029428397
1308,1308,-0.447029144081,2.02796436779
1309,1309,-0.402009865742,2.32513264659
1310,1310,0.637191871737,-2.36656023643
1311,1311,0.154026791387,-2.8152039457
1312,1312,-0.270936667518,2.53781915571
1313,1313,0.0110482388268,-2.37151630584
1314,1314,1.13693844981,-2.42297909471
1315,1315,0.242891602376,-2.32489517101
1316,1316,-0.921892910317,2.33939091516
1317,1317,0.0973505629773,2.34058436228
1318,1318,0.312890224001,-2.34417682571
1319,1319,-0.267336044811,1.99541273263
1320,1320,0.435027453306,2.41658613454
1321,1321,-0.741645979371,2.02508700879
1322,1322,0.129725556581,2.09382751399
1323,1323,-0.141413060736,2.26799222772
1324,1324,0.838080833102,-1.97260578478
1325,1325,0.946602751163,0.702976699895
1326,1326,2.33041557708,0.0457704526319
1327,1327,0.0397516290109,-2.41663403813
1328,1328,0.105508662777,-2.24202752845
1329,1329,2.46106823477,-0.0524890049024
1330,1330,-0.0363727818826,2.5004143018
1331,1331,0.752563227298,-2.03673257507
1332,1332,1.6688003982,0.652665331174
1333,1333,0.194097973922,-2.41200092866
1334,1334,0.495154148162,1.8071122548
1335,1335,0.744318648399,2.00880225801
1336,1336,0.669170644257,1.85688344007
1337,1337,-0.486779155787,2.42153022709
1338,1338,1.99326191922,1.56006552464
1339,1339,0.123489997558,2.60760738961
1340,1340,1.16139686179,1.24829274239
1341,1341,0.877460112741,1.32138975291
1342,1342,1.39574001693,1.31382141212
1343,1343,-0.409899026979,-2.70509556718
1344,1344,0.0214677282577,-2.10176394333
1345,1345,1.5856016854,0.742378412968
1346,1346,0.400277425265,2.07305186146
1347,1347,1.87608101256,0.0807173407108
1348,1348,1.00456510148,2.1049442546
1349,1349,0.0719329380563,2.21391725268
1350,1350,-1.06758773965,-1.83996373174
1351,1351,1.97519152208,0.909605577395
1352,1352,-1.02319461283,-0.975053453794
1353,1353,0.185536618454,-1.87487330319
1354,1354,0.489350089321,2.06149997678
1355,1355,1.53753945616,1.27507704297
1356,1356,2.17634494843,0.623362710865
1357,1357,1.06193903629,1.43614106259
1358,1358,0.488282335262,1.88184539025
1359,1359,0.698077142617,0.648395621916
1360,1360,1.39668258265,0.332275425435
1361,1361,0.335673668668,0.436808664687
1362,1362,-0.851152443575,-1.86313476416
1363,1363,-0.610001417694,-1.93592172456
1364,1364,2.32948052336,0.164188385567
1365,1365,1.45120809864,-0.627764815315
1366,1366,2.29127773103,0.451966641236
1367,1367,-0.532940561507,1.14107208411
1368,1368,0.0477788132413,2.49466666789
1369,1369,0.238975488082,-1.84196201003
1370,1370,0.478982257618,2.42254842773
1371,1371,2.89673979985,0.236018767487
1372,1372,1.74081727741,0.640282027801
1373,1373,-0.324234172728,1.90293160763
1374,1374,1.84599221374,0.776370772151
1375,1375,1.33230104947,1.76936552359
1376,1376,0.834385079616,1.07310390424
1377,1377,-0.951113755688,-1.19289375623
1378,1378,0.0681740253387,-2.12221776045
1379,1379,1.51740319353,1.07970906901
1380,1380,0.282729213403,2.49263951326
1381,1381,0.891031732815,1.5904471727
1382,1382,-0.0446922031073,-2.95067327068
1383,1383,-0.0706244628163,2.14464042287
1384,1384,1.9333461234,0.906921872687
1385,1385,2.30611651196,0.455462033375
1386,1386,1.25775763039,0.748064275193
1387,1387,1.42770890406,1.39287238418
1388,1388,3.04115547502,0.470517107553
1389,1389,1.28255496869,1.51670028057
1390,1390,-0.148560365516,2.11909218684
1391,1391,-0.0827896685874,2.16070992099
1392,1392,0.850005678332,-2.33969109334
1393,1393,0.756620080026,0.542078710819
1394,1394,0.834306309677,0.469366592713
1395,1395,2.39468273638,0.114851747381
1396,1396,2.54191817873,0.337614408784
1397,1397,1.26206156454,-2.20450080973
1398,1398,0.525029829715,1.81107584954
1399,1399,-0.198019594268,-2.48630173719
1400,1400,0.789175262929,0.302498007185
1401,1401,-1.67790895541,-1.06949015057
1402,1402,-0.00545868025917,2.36820997699
1403,1403,1.18326149673,0.147330729964
1404,1404,-0.249966096418,2.18451550024
1405,1405,0.77408254593,1.7973234903
1406,1406,0.355672067811,2.58729567618
1407,1407,-0.547192672949,3.17898350638
1408,1408,0.185012924934,2.35218616625
1409,1409,0.642456554555,3.5991830158
1410,1410,0.323008387963,2.34390093225
1411,1411,-0.149972321621,2.43394464239
1412,1412,-0.300067427796,2.11460263235
1413,1413,0.0551698540014,1.86881386349
1414,1414,0.0428887974552,2.38076134346
1415,1415,0.672914618249,3.40049345277
1416,1416,0.300453286466,3.2828022073
1417,1417,2.25359231269,0.335775654841
1418,1418,-0.0686672605829,2.55189204713
1419,1419,0.954774609904,0.442754081443
1420,1420,-0.752606741175,-1.15806701795
1421,1421,0.274232440304,-0.0787626411436
1422,1422,0.996371540609,0.10381438031
1423,1423,2.01855217982,-0.0139043369487
1424,1424,-0.375471093574,-2.30993931467
1425,1425,0.456676690128,1.93015384806
1426,1426,-0.073500965848,0.707157478788
1427,1427,2.7850153725,0.657970597772
1428,1428,3.52439674776,-0.886055959285
1429,1429,2.36958554625,0.226095274805
1430,1430,1.780615079,0.872989993268
1431,1431,2.35964388806,0.180753106445
1432,1432,2.39943753481,-0.0907315925257
1433,1433,1.85327217553,0.0926590754276
1434,1434,0.955336953039,0.821715224446
1435,1435,1.00921788206,0.831535098173
1436,1436,0.313474829579,-2.36003746008
1437,1437,2.24754990967,0.665678187436
1438,1438,-0.425758509785,2.02631165261
1439,1439,1.13688699319,1.93242461496
1440,1440,1.22538021504,2.08910394879
1441,1441,0.362598769568,0.933071915616
1442,1442,0.843408053351,1.50574028338
1443,1443,0.637306038926,-2.66307531963
1444,1444,2.00670208673,2.14936720708
1445,1445,0.473647870768,1.94480113813
