,vote,alpha,beta
0,0,-0.270569943385,2.40217656272
1,1,-0.52524056979,-2.55360027531
2,2,2.8147116188,-0.0291322312498
3,3,2.41842673612,0.0452880001833
4,4,0.480159381878,-1.28957475857
5,5,3.04331731022,-0.48217943637
6,6,2.13230387207,0.451217740747
7,7,2.41568473216,0.717901112412
8,8,0.0184066373665,-1.80157210622
9,9,1.14502575261,-1.39943876188
10,10,2.52925014147,0.0995706251108
11,11,2.63974977018,-0.71454662702
12,12,2.63205447943,0.573359936133
13,13,2.56168064918,0.261034288025
14,14,2.87065752232,0.2835462635
15,15,2.18209758807,0.0603259643462
16,16,0.10029540122,2.32440876387
17,17,0.582283757587,-0.614590465056
18,18,2.63124627699,-0.0735560743018
19,19,2.51981004375,-0.0851803652431
20,20,1.54873991926,-0.799786385487
21,21,-0.178892336402,-2.8752176224
22,22,-0.194505844262,-2.67540779864
23,23,3.25542568613,-0.108823060768
24,24,0.764103720363,-2.00029291106
25,25,1.36815571325,-0.219134114816
26,26,-0.723429104243,0.00991942622418
27,27,-0.505107198538,2.62946011875
28,28,2.19330179537,0.0353698732747
29,29,2.64831792314,0.306382441853
30,30,2.34087509785,0.0433783185849
31,31,2.30429863753,-0.0122783561312
32,32,-0.117246843191,-2.49867977264
33,33,0.205469711975,-2.98716006825
34,34,1.36667829041,-0.460226318254
35,35,0.340127900352,2.36187256834
36,36,-0.486899811526,-2.75527272933
37,37,0.198356566462,-2.32908512469
38,38,0.418937668951,-2.73858363596
39,39,-0.903245296736,-1.55699189753
40,40,1.92485090679,-1.54145464792
41,41,0.212409898774,2.70165024273
42,42,-0.444033206344,-2.29176928932
43,43,2.93527112929,0.430534232399
44,44,2.88696918015,-0.0206417646669
45,45,3.53173603151,-0.185053972972
46,46,2.46764373871,-0.0192888710379
47,47,2.2228233027,-0.245206210754
48,48,2.76836594535,0.708441345117
49,49,2.09508202005,1.78350886157
50,50,0.0238892888907,-2.60569335702
51,51,0.26673054779,-2.51798238265
52,52,-0.401238014404,2.76030940382
53,53,-0.355043629539,-2.81737882755
54,54,0.0118173498305,-2.79714127459
55,55,0.054830050856,-2.4765422704
56,56,0.981494814244,-2.63232657992
57,57,-0.830952178293,2.1195064249
58,58,-0.289623923971,2.88835525446
59,59,-0.047699648067,-1.68650427231
60,60,1.1920800427,-2.43408153947
61,61,2.09463417359,0.194032431973
62,62,2.18963602122,0.219970528715
63,63,2.93117817955,-0.108329916681
64,64,2.79272692688,-0.308777685542
65,65,2.71818472969,-0.24289714208
66,66,0.00817369643196,-2.64490765936
67,67,0.624434329076,-2.76487540493
68,68,1.07080895505,-2.13714209916
69,69,-0.524692627053,-1.82802108424
70,70,-1.34522021027,1.85060648449
71,71,-0.833309247513,1.96861779411
72,72,-0.788957388095,2.08587235111
73,73,-1.0513528581,2.43409010213
74,74,-0.901290459278,2.32571070862
75,75,-0.777879668362,2.45995486172
76,76,-0.287716003842,2.23188571064
77,77,-0.847068801113,1.52223259967
78,78,0.301616755726,2.9901412605
79,79,0.823760757503,-2.23866821109
80,80,-1.024878868,-2.2965526116
81,81,-0.439924761897,-2.88539922089
82,82,0.00376194205055,-3.2777113698
83,83,-0.203572468855,2.48173089373
84,84,-0.0971178588416,-2.02375484713
85,85,2.69549143592,-0.143136375368
86,86,2.13054834485,-0.660120803944
87,87,-0.149254852186,-2.87648626197
88,88,0.134154466118,-2.59476655723
89,89,-0.655230006739,-1.07520333817
90,90,0.317573106193,-0.429059754686
91,91,-0.498638453052,-2.25279617066
92,92,-0.898164124358,2.03593834475
93,93,-0.666359553065,-1.87061790657
94,94,0.167405232931,2.55805749602
95,95,2.37369423604,-0.106578878882
96,96,-1.03485211309,2.14167951136
97,97,-0.701732759721,1.94269576675
98,98,-0.336116601994,0.293239324072
99,99,-0.349339378451,1.71843807765
100,100,-0.113481053476,1.74621339432
101,101,-0.972342561767,0.555540213114
102,102,-0.533749548195,-1.70102468294
103,103,-0.819056855108,1.65496208445
104,104,-0.369158067238,-0.791396721342
105,105,-1.22817760643,-0.163378889265
106,106,0.633611774623,0.787628883365
107,107,0.2162129265,-1.50883180056
108,108,-0.298072082479,0.537266391307
109,109,-0.613113749754,0.531336424969
110,110,1.33104511385,1.53778674117
111,111,-0.00561244644499,-2.14040797918
112,112,-0.236464273303,-1.40496858444
113,113,0.0457566859136,-1.989979377
114,114,0.265102115108,3.04090818525
115,115,0.365111536456,-1.4818583998
116,116,2.8949306256,-0.0337883667662
117,117,2.78106514803,-0.33168087266
118,118,0.40621362527,-2.43344985856
119,119,2.1257917321,-0.437178354418
120,120,2.50078405249,-0.198263062024
121,121,-0.23314761074,2.34994460334
122,122,1.41481034039,-1.55331905325
123,123,2.39345069339,-0.0180980569865
124,124,0.713977358281,1.61215563933
125,125,0.45302214446,-2.82149022997
126,126,0.5454131342,-2.35218119117
127,127,-0.809664860042,0.70869952548
128,128,0.07892589956,-2.05145492156
129,129,-0.294183647981,-1.2032547901
130,130,-0.803350469553,-1.49344988595
131,131,0.792682966597,0.892136142097
132,132,-0.237068891722,-1.54514332525
133,133,0.0342853375491,1.61921258441
134,134,0.558069524215,-2.28503300735
135,135,1.00749598377,1.86461611748
136,136,-2.09640506085,1.39632461603
137,137,-0.725868547025,0.707735514344
138,138,-1.45191587333,0.926980784542
139,139,-0.0542353913614,1.80413402739
140,140,-0.560213011134,0.100226532339
141,141,-0.639898440682,0.563301336962
142,142,0.212255895318,-2.08876945295
143,143,-1.02543446872,2.35971826704
144,144,-1.53538963037,2.12645976366
145,145,-0.883210670177,1.35219791085
146,146,1.81183417311,0.662709866359
147,147,-0.25345980842,1.20771536382
148,148,2.77750933123,0.321548552138
149,149,2.98887899197,-0.18872099073
150,150,0.0750980738139,2.49744424176
151,151,0.963123297053,-0.689036864338
152,152,3.1128233827,0.0250341964208
153,153,2.30433665358,-0.0475214050946
154,154,2.7790313871,0.55216718515
155,155,0.373766446154,-2.73183566522
156,156,0.314940932885,-2.130929432
157,157,2.88590093308,-0.347471541478
158,158,0.0248651170025,-2.2198359798
159,159,1.81867207892,0.556985382036
160,160,0.195541645736,-2.32632355406
161,161,0.649907637745,-1.97369144031
162,162,-0.57094790246,2.40238397722
163,163,0.37467337677,-0.372763331957
164,164,-1.29642521833,-1.14620870417
165,165,-0.369832903434,1.60988585359
166,166,0.206032058244,-3.10273440602
167,167,-0.72071560596,1.43575696897
168,168,0.921439728695,1.28063996345
169,169,-0.101402040847,0.0813484743495
170,170,-1.03573443454,-0.573652927453
171,171,-1.26382595606,-1.11243127395
172,172,-1.12861506667,1.17308490514
173,173,-1.30557784478,-0.850091147934
174,174,-0.676134706069,-1.89003914723
175,175,0.197921965071,1.57891028029
176,176,0.0966818805009,0.788617159172
177,177,0.508059435553,-2.23136969186
178,178,0.123214797748,1.09297412159
179,179,-0.514073268397,-1.44868857333
180,180,-0.859526717564,-1.31674648821
181,181,0.848973543439,-0.363324654363
182,182,-0.368944589735,-1.14947268104
183,183,0.000657570477527,1.00063233905
184,184,-0.0202027675751,0.535657316194
185,185,-0.216519696323,0.233934867038
186,186,0.516795622048,-0.523523227667
187,187,0.118370775523,-0.438406459147
188,188,0.0493589196543,-0.686484387621
189,189,0.0162908649801,-0.325695790883
190,190,0.16578511195,0.341698740359
191,191,-1.52647506214,-2.19474874182
192,192,-0.356348757206,-2.62849122159
193,193,0.138519885459,2.99774840613
194,194,-0.308087895259,-0.832958510777
195,195,2.16537712945,0.0846579436369
196,196,2.88336698277,0.38009434625
197,197,-0.189433549731,-2.85065481148
198,198,-0.871177605007,1.32465236492
199,199,0.438188847432,-2.1048683536
200,200,0.3238431249,1.726433917
201,201,-0.271992570341,2.35290385978
202,202,1.47758549034,-2.29947012956
203,203,3.03766811605,-0.0926524811896
204,204,-0.347191170773,2.29383466821
205,205,0.149971319932,-2.27441350402
206,206,0.353787017538,-1.38139327145
207,207,0.254607068898,-1.88277518942
208,208,-0.541966469323,1.81969509028
209,209,0.243269376972,-2.47376465993
210,210,0.537330631166,-0.591686722302
211,211,-0.143889254834,-2.3186830732
212,212,0.542506466008,2.059881561
213,213,-0.774358225075,2.00905584196
214,214,-0.0958602427202,2.56041712674
215,215,0.648708325716,-2.09183944958
216,216,2.06063340655,-0.871216887894
217,217,1.93303844534,-1.32315977033
218,218,2.1417891678,0.0202534798656
219,219,0.107690652638,-2.57156698707
220,220,0.567915375162,-1.96422744611
221,221,1.92155109947,0.549390124153
222,222,-0.505698472308,2.01320171599
223,223,-0.0473666853834,1.98400046559
224,224,-1.05422273884,1.58901549904
225,225,-0.504495110906,0.212724597481
226,226,-1.51671137853,-1.90142744596
227,227,-0.950119494669,1.77522377041
228,228,-1.45181897611,-1.96650514076
229,229,0.226596609887,1.73722325454
230,230,-1.48589425877,-1.52966513271
231,231,1.72810179751,0.875338786902
232,232,-0.170584586386,1.75231975563
233,233,-0.479356779018,1.44113560682
234,234,-0.818517244708,2.21258639891
235,235,-0.970628712626,1.86551282602
236,236,-0.734844936869,1.70789402334
237,237,-1.25878400622,0.777860759326
238,238,-0.957981633121,1.64193795567
239,239,-1.01813002512,1.5049622519
240,240,-0.911393544692,1.55949802306
241,241,-1.33354191446,1.87162717731
242,242,0.0905793207636,-2.71010886995
243,243,-1.11983155566,-1.80837335658
244,244,-0.640841384291,2.16981332907
245,245,-0.172963991296,0.868492210554
246,246,-1.32034510693,-0.888802951264
247,247,-0.20644312954,1.30809940588
248,248,-0.58872161777,0.304606847287
249,249,-0.419994980333,0.370415150616
250,250,-1.01299312081,0.665715777309
251,251,0.111758829269,1.17247448832
252,252,-1.44085319904,-1.27750636026
253,253,0.414547631462,-2.50625881753
254,254,0.277215530249,-2.10986961612
255,255,-0.704054413958,1.45553933217
256,256,-0.164932121624,0.64796346906
257,257,-1.0650674191,-1.40379816626
258,258,-0.183755239602,2.1655737409
259,259,-0.0335273066583,-1.85778045332
260,260,0.0589382778368,-2.4561198729
261,261,-0.400056324934,-3.05817230684
262,262,0.0490402978197,2.26394386399
263,263,0.201486181517,-2.73188486157
264,264,0.154061617195,-2.56082480143
265,265,-0.189352210849,2.85603639826
266,266,-0.466221964081,-1.97941948086
267,267,2.18708126052,-0.0185671496023
268,268,3.11639583349,-0.0173045755377
269,269,3.24908322236,0.0312524375862
270,270,0.136463007306,-3.24245233405
271,271,0.487592377122,-2.38268275485
272,272,-1.0087482957,0.296452897294
273,273,0.00252350106028,3.1874690927
274,274,1.31232761802,-2.19015176473
275,275,-0.438951387636,2.39045669069
276,276,0.716804941627,-1.87760221321
277,277,0.224351980413,-2.42553399366
278,278,0.135795477788,-2.64348019863
279,279,1.13951997126,1.64021637779
280,280,0.825142090483,-2.42037605273
281,281,0.342154166359,-2.01748935927
282,282,-0.0262838862424,2.53476045758
283,283,-0.0904538834304,-3.06745471327
284,284,-0.224728631978,1.86770650625
285,285,-0.155024466727,2.06653146841
286,286,0.170165240904,2.88648565345
287,287,-0.652817438184,-2.73966365389
288,288,2.09910455682,0.0483116268713
289,289,2.92651220068,-0.0434055912129
290,290,0.331241769732,-2.63572645362
291,291,-0.414458048839,-2.59130071988
292,292,-1.57506217603,0.623972589138
293,293,1.06124536222,-2.14608239996
294,294,-0.574322261598,1.46743026237
295,295,-0.768861503251,1.16583182513
296,296,-1.70348597663,0.783568473243
297,297,-1.16397438464,-0.83747963911
298,298,-0.657184380099,1.52881922343
299,299,-0.529628565819,1.80159874387
300,300,-0.110571087008,-0.443685915719
301,301,0.416397845904,0.0543212074403
302,302,-0.172136043635,0.522996418377
303,303,0.366757053764,0.410135433342
304,304,1.14972298096,-0.615421111067
305,305,1.04889260448,0.427954942253
306,306,-0.369584472946,0.471075487691
307,307,0.699862976175,-1.7234283768
308,308,0.876245794113,-0.248694018431
309,309,0.357550332436,-2.61429729495
310,310,1.01254957313,0.744386833321
311,311,-1.38338204826,1.20111194264
312,312,-1.39389815887,1.7311175355
313,313,-0.225859614888,-0.351599751073
314,314,-0.314409778496,-3.16216076617
315,315,0.168422390307,-2.69713326877
316,316,2.3900372585,0.242136065506
317,317,0.821683204132,-2.7497486599
318,318,-0.143015437667,0.272534766987
319,319,0.348451731846,-1.84577903176
320,320,0.0937817860589,1.03019231192
321,321,-0.724709834021,-0.799602229919
322,322,0.660265871281,-2.43740532689
323,323,0.379492252789,0.467932953938
324,324,0.966831862982,1.35552391625
325,325,-0.207248094026,1.4001705976
326,326,-0.397087623556,1.78237492819
327,327,0.284968596632,-3.0649224974
328,328,-0.137929290273,0.869536598206
329,329,2.58258979069,-0.682031557641
330,330,0.115077292388,0.152894223058
331,331,-0.443185131861,2.05703713581
332,332,1.13261620172,-1.16189337322
333,333,-0.531658785289,2.25313716984
334,334,-0.488162550617,2.10751978495
335,335,-0.160893486584,3.47569119395
336,336,1.18071258791,-1.77932730305
337,337,1.62720405281,1.1969719432
338,338,0.0356307431315,-2.29678514284
339,339,0.252229262528,0.603985343956
340,340,-0.202302608062,-0.421296786737
341,341,-0.485213898045,-1.00579601647
342,342,-0.607723089772,1.13596008305
343,343,-1.06332268719,0.954354507945
344,344,-0.821333333042,0.984348276333
345,345,1.71171820751,-0.526027128703
346,346,1.79765801542,-0.436366910074
347,347,-0.329277168386,2.49012359063
348,348,-0.196963778496,2.89581403706
349,349,0.0183259509782,-2.25240054396
350,350,0.261764723039,-1.64201686724
351,351,-0.19376717803,2.58270687131
352,352,0.504454528019,-2.11839731425
353,353,0.0291179439049,-2.44037778321
354,354,0.268147265834,-2.30996333064
355,355,2.37823990382,0.406668911616
356,356,0.327094426229,-2.36518564215
357,357,0.439566144096,-2.63553751534
358,358,0.0989031584854,-2.24044796351
359,359,1.58010113126,-2.25650376316
360,360,0.684110831892,-1.31697452622
361,361,-0.107256534362,2.32235189356
362,362,-0.705992980965,1.98127387371
363,363,0.0413753689325,2.40382409005
364,364,-0.146292904226,2.45326017425
365,365,0.0871890267468,2.83735172724
366,366,0.347994019244,-2.18093913174
367,367,-0.566064812931,2.41958386141
368,368,0.240740821134,-2.37951863003
369,369,2.57683155039,1.29398479511
370,370,3.20029085084,-0.0688114505256
371,371,2.53843184128,-0.0966907442619
372,372,2.20493698148,0.239846523455
373,373,2.00897974187,0.45278525256
374,374,2.55892641216,0.140043150737
375,375,2.55047786713,0.137006588242
376,376,2.6724004053,0.0596336654677
377,377,2.1420266824,0.187883284275
378,378,0.17884520955,-2.90784109
379,379,-0.280845413475,-2.52198822219
380,380,0.247436304876,-2.86961633816
381,381,2.66099732388,0.254919993021
382,382,3.08990666695,0.436289116741
383,383,2.3691132091,0.942398573237
384,384,0.117743765657,-2.49933906931
385,385,0.361050072284,-2.37707764575
386,386,1.92106422446,0.651590496367
387,387,-0.548136884313,2.27855678134
388,388,-0.330837780656,2.2422783974
389,389,-0.286804773535,2.1767436892
390,390,-0.75776407023,2.61631387677
391,391,3.30934826076,-0.0449641305496
392,392,0.210325254093,2.46873155355
393,393,0.518498910128,-2.0764403199
394,394,-0.285863794355,-2.74737459774
395,395,0.397393978911,-2.87702698429
396,396,0.0302158243976,-2.1735237051
397,397,-0.199112730421,2.59951837328
398,398,-0.701193333249,-2.44212171872
399,399,0.179690566902,3.08127394875
400,400,0.0684399441219,-2.86944013554
401,401,-0.457142810483,-2.0914854239
402,402,0.586187562477,-2.10427719466
403,403,0.661796540453,-2.16828448114
404,404,0.335007616526,2.56837767495
405,405,0.881400364974,-2.4242476591
406,406,1.02922257214,-0.852088807288
407,407,2.66374551569,0.155959159561
408,408,3.23193334741,-0.234970715883
409,409,2.4609949763,-0.098758586654
410,410,-0.294649801357,2.21099809087
411,411,2.43033564438,0.283002162082
412,412,0.408493897649,2.31259516844
413,413,3.0569585156,-0.0632717355644
414,414,2.68025497907,0.0898222435939
415,415,-0.0623834866792,-2.32616189384
416,416,-0.421853085566,-2.45889317676
417,417,0.01742712137,-2.59885364627
418,418,2.03428998929,0.0554547040552
419,419,0.891061571929,-2.50076868982
420,420,-0.122034442238,-2.42349852346
421,421,2.54524506299,0.238287084387
422,422,0.0902675590935,2.64212573531
423,423,1.50957197447,0.504036045413
424,424,-0.274856461153,-2.65450667056
425,425,-0.190148746697,-2.22236812554
426,426,2.30871226357,1.23030662335
427,427,-0.173608585935,-1.81489984272
428,428,-0.0135458850259,-2.12066245867
429,429,1.23157912668,-1.95597445057
430,430,0.802690676392,-1.41574272475
431,431,0.762919530705,-1.87521181574
432,432,-0.271269015908,-2.3667490939
433,433,0.0471569706477,-2.15502461046
434,434,-0.32348832691,-2.72251876802
435,435,-0.136051494632,-2.92564223958
436,436,0.934166488166,-2.13388716269
437,437,1.1075335348,-1.87240367214
438,438,0.481271112487,-3.26159521319
439,439,1.33385316316,-2.19750433329
440,440,-0.193043800251,-2.90943541671
441,441,1.17600384713,-2.07729565042
442,442,0.03686563929,-2.81092847201
443,443,2.27243860819,0.458389288727
444,444,-0.120389551585,-2.4258727892
445,445,-0.184216863705,-2.63925745341
446,446,1.19129949667,-2.30368904388
447,447,0.303898344614,-3.00587276322
448,448,1.14952194335,-2.29159988964
449,449,3.3036970205,0.00656951275903
450,450,3.38719736928,-0.325826539192
451,451,0.162644997083,-3.54658897203
452,452,0.882191810034,-2.07948373078
453,453,-0.221898066723,-2.84013990811
454,454,0.616609355943,-1.80407270922
455,455,-0.343976177757,-2.63975426438
456,456,0.134513892817,-2.47929954865
457,457,0.382672885002,-2.44684521821
458,458,-0.0728321285502,-2.40802512994
459,459,3.48844238626,-0.291131538916
460,460,0.270148861432,-2.61652566811
461,461,0.938308828221,-2.38488033377
462,462,2.45218202818,-0.0602181445212
463,463,0.566172355097,-2.68607523054
464,464,-0.871577037347,-1.49985976275
465,465,0.946791612925,-2.157297283
466,466,0.0604143726019,-2.84253372191
467,467,0.918091872049,-1.92203037492
468,468,0.489413719192,-2.44176337014
469,469,0.418425583254,-2.40699380989
470,470,-0.0472775378794,-0.288823412617
471,471,0.658027756926,2.22182979718
472,472,-0.0860535788856,-2.72571712782
473,473,1.13956671313,-2.45711621769
474,474,-0.473871132394,1.48520934778
475,475,1.84518640324,1.96428514617
476,476,1.59775404163,1.89748250162
477,477,2.58063119067,0.195728039777
478,478,3.08419106697,0.0130356290125
479,479,0.159388007654,-2.32740536515
480,480,1.16783950705,-1.73495822922
481,481,-0.486052023244,2.32200125601
482,482,0.185594053069,-1.97181229575
483,483,-0.829700248462,0.940265759516
484,484,0.128137272985,-0.0379608989841
485,485,1.51142160116,0.312133119048
486,486,2.17631463036,-0.0836222863769
487,487,2.75442991524,-0.0189199142824
488,488,2.65989303205,0.233094848813
489,489,-0.241877340053,-3.10800235855
490,490,0.510142669501,-2.50334468803
491,491,-1.09697289863,2.13848354012
492,492,-0.0675923986625,2.8635877932
493,493,1.1248930395,-1.95972537861
494,494,0.036766232886,2.8698045874
495,495,1.0802502629,-1.22491532199
496,496,2.57157945155,-1.1990979507
497,497,0.093074116205,-2.20906819876
498,498,2.87343101725,0.530464054382
499,499,2.34734011016,-0.117223664634
500,500,-0.297712362326,-2.85241206226
501,501,-0.303417641579,-3.34093190989
502,502,0.119439745836,2.20309478626
503,503,-0.202958254917,2.81698762882
504,504,-0.274841168634,2.79950743468
505,505,0.360410870006,3.21222178841
506,506,-0.0742540158027,-1.9697252704
507,507,2.65253553723,0.65781515581
508,508,0.221595027521,2.81443122586
509,509,-0.10876496711,-2.75078555744
510,510,2.66794146078,2.1172856681
511,511,0.568467360931,-3.17188816749
512,512,0.150676059618,-2.53517338691
513,513,0.387447687585,-3.12288825648
514,514,-0.172060689796,2.47386041485
515,515,0.876284698292,-1.38616242056
516,516,2.66518017977,-0.190304545341
517,517,3.04435977373,-0.0684642946852
518,518,-0.0788311373462,-2.72043899934
519,519,0.163111149805,-2.45947586184
520,520,0.221488632027,-2.66146490675
521,521,-0.0573618373834,-2.35375666474
522,522,0.0840712642175,-1.88964926978
523,523,-0.0301687316978,2.16991225252
524,524,-0.416565361391,2.82790104342
525,525,-0.131135726703,2.10073204743
526,526,-0.112202511457,1.9283722787
527,527,-0.142315930116,2.08915108168
528,528,-0.389623619888,2.610763584
529,529,-0.00615361564332,-2.80830346044
530,530,-0.129805276556,-1.78113439543
531,531,0.408057460642,-2.63244902772
532,532,-0.560676186617,2.68747071347
533,533,-1.19384500817,1.56185230223
534,534,-0.540723820525,2.30936993648
535,535,0.716890748695,-2.00082159957
536,536,-0.426604815898,2.12524927377
537,537,-0.307980888484,2.68599777771
538,538,-0.531595052514,2.2350191971
539,539,-0.789960160393,2.26036492076
540,540,-0.809084252697,2.21231256377
541,541,-0.271066873495,2.73846558496
542,542,-0.896058017722,2.47277756733
543,543,0.752249457768,-1.7002248626
544,544,2.33616646849,0.384850382312
545,545,2.42716471166,0.0646488753051
546,546,2.94517537496,-0.0843165764632
547,547,2.82071920185,0.225105005502
548,548,2.61653596972,0.434747853821
549,549,-0.188133120868,-2.47798543967
550,550,0.342872424132,-2.17561304637
551,551,0.4723975357,-1.03562965116
552,552,-0.380973269974,2.16774731874
553,553,-0.432651747796,1.98786052491
554,554,0.974996446769,-1.96406866619
555,555,1.23519689183,-0.784571728299
556,556,-0.0116928758335,1.12005193403
557,557,-0.556276329045,0.178362680196
558,558,-0.51475500635,0.954590987296
559,559,0.532957546995,0.673039885475
560,560,-0.688826760781,1.31607865001
561,561,0.834952955121,-0.241941239101
562,562,1.81787411133,0.455170174888
563,563,2.8287052112,-0.129749440372
564,564,2.57359105992,-0.277479918101
565,565,1.58798497193,-1.61449582423
566,566,2.93724113786,-0.286680426412
567,567,2.87357323804,-0.0940740485398
568,568,2.88420218608,0.158771321762
569,569,2.58528651006,-0.198817502538
570,570,0.0757488809082,-2.45752633454
571,571,-0.0788268206806,-3.12981015388
572,572,0.0493589924764,-2.48469873319
573,573,0.781759019769,0.147458288663
574,574,0.996209231563,-0.321974012763
575,575,0.11185306184,-2.5409606545
576,576,0.433115439994,2.65707032591
577,577,0.347480112717,-1.72084089415
578,578,1.87450050842,1.22723290864
579,579,0.005695600318,-2.59432900231
580,580,0.127591702924,-2.89259292453
581,581,-0.0113926329683,2.63561595424
582,582,-0.284318552567,2.07616370365
583,583,-0.23183400558,-1.75372037523
584,584,2.80179119497,-0.383971430894
585,585,2.54049243187,0.186040850271
586,586,0.0365390852827,-3.05739244341
587,587,3.11285889718,0.108552712378
588,588,0.715470457864,-2.66511281089
589,589,0.579272537453,-1.00614111984
590,590,-1.7088073819,2.46090893063
591,591,-1.49400370756,1.51645806269
592,592,-1.76290579789,1.23873185177
593,593,-3.35630525554,-2.89668027047
594,594,-1.4931789325,2.50800987074
595,595,-0.504892791974,-2.43586973591
596,596,0.757094505828,-0.51739153832
597,597,2.13159022248,-0.178827559424
598,598,1.9997948572,2.05040997283
599,599,0.287882819119,-2.33668918396
600,600,-0.55468583366,3.05706044401
601,601,-0.110093523092,2.85804245647
602,602,2.45282886124,-0.288372614498
603,603,-0.114883186648,-2.84348579942
604,604,0.0539271042558,-2.86109530926
605,605,1.15918708932,0.44257763803
606,606,-0.105744391065,2.37222409319
607,607,1.30426190924,-2.27761312788
608,608,-1.03007714517,1.35124097215
609,609,1.31888508181,-1.89732434719
610,610,-1.51494264631,2.53622932046
611,611,1.91803262123,-1.93580936044
612,612,1.95053738189,-0.050615161289
613,613,0.948011403903,0.734247068584
614,614,0.86615028241,1.42589836795
615,615,0.709293773963,0.427784871492
616,616,0.308334892111,0.649960706327
617,617,0.757445848576,0.628958834496
618,618,0.507433855418,0.619272970105
619,619,0.804694091494,-1.6197256087
620,620,1.39246446006,1.37801993906
621,621,2.3324534045,0.415367395938
622,622,0.983900654049,-2.07925185107
623,623,1.95796543979,0.949087081694
624,624,0.364363927575,1.33516172024
625,625,-0.133206920609,-1.08253686194
626,626,-0.403239885061,-0.914772529625
627,627,0.733536051722,1.23339162796
628,628,1.38328647636,0.765969541946
629,629,1.46945007485,0.649473709101
630,630,-0.887290791009,-1.4222896011
631,631,-0.708237741264,-2.55102415851
632,632,-1.82163559,1.52297197119
633,633,-0.635506619036,-1.20278877118
634,634,2.24005074296,0.265370195658
635,635,0.0486064916826,-0.195513633063
636,636,-1.33450427963,0.895384604599
637,637,-0.244914291286,0.393434682958
638,638,3.94072600275,0.215699852785
639,639,0.310545366012,0.122096001639
640,640,-0.311014918385,-2.33037040772
641,641,0.814189342057,0.362168000282
642,642,1.43891462141,1.15719122575
643,643,-0.469295058474,-1.2249910173
644,644,-0.503565078844,2.44237252347
645,645,-0.109217254129,2.09915507159
646,646,0.674623076669,0.883156484265
647,647,1.95175000839,1.24625556702
648,648,1.96129057432,1.14121351009
649,649,0.776789863632,2.06050502724
650,650,2.29172411448,0.825957263033
651,651,-0.431236152717,-1.732287041
652,652,-1.03663109615,-1.73061626922
653,653,2.41138753438,0.173378424031
654,654,1.71205872822,2.60811883537
655,655,0.464960742581,0.589110138929
656,656,-0.971058521564,-2.37232778129
657,657,1.8557140741,0.982479357409
658,658,0.436865097499,1.41063104703
659,659,3.34356983663,0.0328245855637
660,660,1.88099203094,1.94714503174
661,661,1.97453165153,2.35732934792
662,662,1.72093055089,1.93850129449
663,663,1.29602887869,1.69948551756
664,664,2.04495754732,2.14867802134
665,665,1.0779331008,1.60692677496
666,666,1.8656665779,2.00006054674
667,667,-0.0408799756633,-2.75034062948
668,668,-0.437612876257,2.30458557929
669,669,1.52991018059,1.51901311056
670,670,-0.982121230582,-1.81227892156
671,671,1.41670650406,1.3820250797
672,672,2.13934459683,-0.516301029395
673,673,-0.694156582276,2.04935438676
674,674,-1.69087488736,2.1106432017
675,675,1.02299093033,-0.850963335026
676,676,0.300350738148,1.7341786672
677,677,2.00625054171,1.52321516821
678,678,1.99297358293,1.20745264712
679,679,0.345749400177,2.92597330856
680,680,1.48335468988,0.474310697297
681,681,2.36764891991,0.35131374593
682,682,2.98673641422,0.241218475526
683,683,1.72162366196,1.37445791049
684,684,1.54900411563,1.8107600458
685,685,0.317884043954,3.05633943492
686,686,0.408887522478,2.16112860458
687,687,-0.263349280875,2.68904566466
688,688,0.177616158903,2.17916232288
689,689,-0.374880391236,2.62775411999
690,690,-0.0597789553158,2.79436813217
691,691,1.50941294866,1.04071031633
692,692,2.05886896837,1.36579831083
693,693,-0.878759008306,-2.98621518122
694,694,0.997811541247,2.145202864
695,695,-0.679284050044,-2.19781606323
696,696,1.26605842226,2.13643335466
697,697,1.05634736723,1.83374306111
698,698,1.92254342556,0.527229105355
699,699,2.46541671567,0.0323047210555
700,700,-0.398768800165,-1.72831715857
701,701,-0.398530674164,1.95610508168
702,702,-0.186162537059,1.89395113184
703,703,-0.385925303855,1.74313718631
704,704,-0.298777829495,-1.2901155913
705,705,-0.282029608335,2.50707505232
706,706,1.05522133735,1.54840923515
707,707,0.320466466146,-2.13403657439
708,708,1.63207427181,2.18465712696
709,709,0.973736516928,0.945912157936
710,710,0.0238455531326,-2.06875718777
711,711,1.06244715018,0.316823295805
712,712,-0.131481729439,-0.604731779906
713,713,-0.800774686395,-1.25297168331
714,714,0.29472625173,-2.43400702407
715,715,-0.595797963456,1.91591602853
716,716,-0.00806470030354,2.2188716421
717,717,-0.141268075065,-1.71726714725
718,718,1.12223708577,1.48332500149
719,719,-0.0127717135162,-1.36721903863
720,720,1.15324890924,1.89914924185
721,721,0.126931441285,-1.87885542384
722,722,-0.683660209088,-1.65065608091
723,723,1.13487574661,1.23074371924
724,724,0.686651085729,1.51748728205
725,725,0.958102733398,0.886818027554
726,726,0.0319617539988,-2.17832204919
727,727,-1.09476034505,-1.91113288497
728,728,1.48693906955,-0.661645138856
729,729,1.86583788154,0.452726294553
730,730,-0.738654866806,-2.4874406676
731,731,0.23678611676,-3.0738067225
732,732,-0.361606903042,-2.31119463609
733,733,3.29096014493,-0.273681059751
734,734,0.451379136048,-2.66297773031
735,735,0.213116978032,2.19447387015
736,736,-0.579824143827,-2.17382611311
737,737,-0.126735485449,2.04082782454
738,738,1.02245517256,-1.32773020109
739,739,-1.95971555484,2.26373305863
740,740,1.29742857871,-2.17960864659
741,741,0.405258491106,1.64248764346
742,742,-1.4434472865,1.7952179919
743,743,1.23520308074,-1.74101192745
744,744,0.878941425981,0.527510360252
745,745,-0.943449971834,-1.79425698008
746,746,0.293179841886,-2.32768393358
747,747,0.85778282758,-0.46888811846
748,748,1.22894592125,-1.02914540051
749,749,-0.185771409819,-2.89054204111
750,750,-0.219153903227,-3.05911857331
751,751,-1.95784475928,-1.57935185412
752,752,0.622230250706,2.21033769757
753,753,2.36120903671,0.14738944368
754,754,-0.501049800302,-2.27406834501
755,755,-0.0735957128249,-1.95655202052
756,756,0.49391312365,-1.97102908238
757,757,0.455932909707,-2.25740251179
758,758,-1.20759582152,-2.7439662986
759,759,0.261556624856,-2.24192319343
760,760,-0.949069098381,-2.92115157612
761,761,-0.198664731767,-1.67082176251
762,762,0.667399293797,-2.05048180669
763,763,-0.167933870126,2.66007422861
764,764,1.84189019197,0.233683520338
765,765,0.0427390853586,-2.36469326099
766,766,-1.79902776043,-1.63967943652
767,767,-0.227643916332,-2.80983333906
768,768,-0.0592745793225,-2.00586917076
769,769,-1.12896906334,-1.17953820124
770,770,-1.60562211427,-2.18848180348
771,771,0.257892539785,-1.48944670008
772,772,-0.259966990375,-2.78623638671
773,773,1.48638587547,-1.38399888648
774,774,1.95829869038,1.51078976488
775,775,1.92148692729,-2.88664050472
776,776,1.0898422487,-2.20570160742
777,777,-0.492265773973,2.30557172321
778,778,1.53842958126,1.63153990948
779,779,0.132820949655,1.44577387863
780,780,0.326579757008,-1.53112423623
781,781,0.183391030327,1.78621121518
782,782,0.0225484499508,-2.34107121887
783,783,0.165816871313,-2.70841619507
784,784,0.430840568979,-2.35824586758
785,785,-0.277284399909,2.31265372509
786,786,-0.00441130226743,2.44866760992
787,787,-0.667907894024,2.69548674407
788,788,-0.36383761446,2.58974338628
789,789,0.298057547692,-2.18969981746
790,790,0.313010263988,-2.99002185523
791,791,-0.402978709395,2.66931010358
792,792,-0.0797663294372,-2.40553544517
793,793,1.44974980301,-1.62875432533
794,794,-0.215569325998,2.06806208916
795,795,0.201256407979,2.15824958779
796,796,0.199949206562,2.29347311128
797,797,0.648738182627,-2.57691648338
798,798,2.30454300493,0.866012808941
799,799,2.66308762079,-0.172964722218
800,800,2.81995228266,-0.248141897274
801,801,2.17545967689,0.378279300052
802,802,0.220228803846,-2.90066220312
803,803,0.248948841362,-2.77065166688
804,804,2.72511006132,0.11431378776
805,805,-0.0534189398606,2.87313093572
806,806,0.214054052914,2.29326087201
807,807,-0.261632524467,2.40919443679
808,808,0.472083549679,2.49431652809
809,809,0.197406004345,-2.29886998551
810,810,0.334782262675,-2.86988646544
811,811,-0.128186050852,-2.82602427858
812,812,-0.159396907549,2.34933345264
813,813,0.218358709568,2.93808499271
814,814,0.640501454603,-2.07489051607
815,815,2.46698806646,0.385678929769
816,816,-0.199401016503,2.30925440557
817,817,-0.297003574115,2.87608307532
818,818,0.852660584017,-2.54065384164
819,819,0.0953861566195,-2.71574049072
820,820,-0.384989431232,2.67127731067
821,821,0.553382269764,-2.31513977513
822,822,3.04556130927,0.0889024306563
823,823,2.7420663053,0.214121053739
824,824,-0.0568170515391,2.43410584022
825,825,0.104058656284,1.8772308944
826,826,2.75552920042,0.304346386671
827,827,0.623775326718,2.64549461808
828,828,0.00678157274136,-1.86331574734
829,829,0.105636836083,-3.04890697307
830,830,-0.0123259484202,-2.43533349304
831,831,2.85383635687,-0.00473197830012
832,832,0.388980341738,2.42940626672
833,833,0.261869339441,2.57092210276
834,834,-0.193266563012,-2.16145656874
835,835,1.57799484805,0.281181358513
836,836,1.74438837001,0.61587433507
837,837,2.34459056412,-0.06713897009
838,838,1.73395450885,0.0127892248506
839,839,0.525570205816,-2.10927350222
840,840,0.537192652802,-2.57800856795
841,841,-0.352566073032,2.58283481749
842,842,0.901458820845,-2.50401134384
843,843,0.128554402149,-2.62864616836
844,844,0.0310451742233,-2.52339364028
845,845,0.114378978907,1.93025156259
846,846,0.158498016118,2.11579884554
847,847,0.275103474238,2.63738773532
848,848,0.0740593370513,2.20726512055
849,849,0.0174867833787,2.36383262691
850,850,0.333544067129,-2.33636602591
851,851,0.258196636538,2.99453346068
852,852,0.918133718121,-2.42001449914
853,853,0.227822294823,2.46427525195
854,854,0.651599535701,-2.47792733155
855,855,0.0212019491393,-2.9924989462
856,856,2.72946177909,-0.186826240508
857,857,-0.324299722152,-3.32428962768
858,858,-2.69899583763,-0.137344030581
859,859,-1.62255107223,1.56950225617
860,860,-1.83880819259,1.3984210048
861,861,0.306926064958,-0.912000453768
862,862,-2.05190140231,-2.16520307126
863,863,-1.76837479782,2.53720921021
864,864,-0.434317438185,-2.13290505112
865,865,1.87008750234,0.397415129278
866,866,2.66248360933,0.233420296062
867,867,2.89444097891,0.108256883469
868,868,-0.0114958456819,-2.65878824506
869,869,0.567254146831,-2.37219760182
870,870,0.488665977058,-0.979404353474
871,871,2.01726141479,0.441808596898
872,872,0.127932506924,-2.36220178015
873,873,-0.636751082059,1.8794683575
874,874,-0.0974637241914,1.42229723656
875,875,3.05257799364,0.618734068292
876,876,-0.147628574562,-0.312737558887
877,877,-0.0816127652293,-1.15919184601
878,878,-0.226519310248,-3.2042019309
879,879,-0.320162613655,-1.18685568759
880,880,-0.446728907266,1.31915116087
881,881,0.262567628326,2.67914549997
882,882,1.88439729247,0.174545089496
883,883,2.29568949592,0.321694544422
884,884,2.50429806726,-0.0663856958874
885,885,-0.448463744863,-2.73454221935
886,886,0.212284762839,-2.79548746505
887,887,-0.469046329377,-3.1276752542
888,888,2.77776269298,-0.0720595786598
889,889,0.285271194865,-2.33116831425
890,890,0.499972568095,-2.48977047303
891,891,1.81973184444,0.75766023556
892,892,0.150660135265,2.65782044527
893,893,0.579179109004,-2.49333912903
894,894,1.13620744269,-2.29799532448
895,895,0.306232039715,-2.05022104105
896,896,-0.0156638033831,-2.85039763283
897,897,-0.00466268098736,-2.86485597728
898,898,1.50323541674,1.56866421188
899,899,0.452800278523,-2.50113701736
900,900,1.34442228306,0.702989552563
901,901,0.0518288481937,2.49367516445
902,902,0.899006783779,-1.20517295497
903,903,-0.0793218721353,1.63326361972
904,904,-0.51485987014,1.84261736186
905,905,1.84418417881,0.807327725137
906,906,1.86322355699,0.538724065912
907,907,1.99595062708,1.06519863138
908,908,1.56866493451,-0.508818617084
909,909,2.1372703868,0.337530887089
910,910,3.04567074111,-0.0845714990483
911,911,-0.368328580445,2.55839583162
912,912,2.27155611595,0.404870608623
913,913,2.40884385177,-0.103615717843
914,914,2.57827990326,-0.603632457272
915,915,-0.0453805287977,1.53830262974
916,916,-0.131010178695,2.40814368359
917,917,-0.0941770920441,-1.84180892962
918,918,0.245592725561,-2.19960554338
919,919,1.85520716853,-0.791791903198
920,920,1.1817734468,-2.11665162163
921,921,0.620403328168,-0.127226137047
922,922,0.0600218148005,-2.5212472494
923,923,0.722701648011,-2.07232160873
924,924,-0.264699611318,1.94816862525
925,925,-0.0698968594308,1.42830670069
926,926,-0.861363166797,-1.60294984745
927,927,0.080232784794,-2.17387235537
928,928,-0.128175627055,1.13425996197
929,929,0.767565231456,1.84888739711
930,930,-0.191993916596,2.56008508714
931,931,2.4130670316,-0.117293275905
932,932,0.990189737193,-0.866143903155
933,933,2.43760073239,-0.171108144037
934,934,2.93366326658,0.307185195652
935,935,-1.95910366211,-2.13578106184
936,936,0.57923177438,0.499690744127
937,937,1.17937579937,-0.596071289666
938,938,-0.113526352092,-1.752783602
939,939,-1.17777267522,1.35960255683
940,940,-0.521619799398,1.37393052324
941,941,0.987578519137,1.4055796299
942,942,1.83645228319,0.670712026754
943,943,-1.01077523486,0.287776127375
944,944,-0.070081626071,0.773548158784
945,945,-0.305583753025,-1.87594241953
946,946,-1.84985402868,-1.89620376798
947,947,-0.401393682381,1.54155569439
948,948,-0.668183687905,-1.19331635853
949,949,-0.623917050904,-1.87898187402
950,950,0.319532352802,0.984870304296
951,951,0.350508694538,1.15299691463
952,952,-0.16333588125,-2.11110532298
953,953,-0.132734252749,-3.03437645187
954,954,0.468216860545,0.834384336044
955,955,-0.274918870023,-0.936943609864
956,956,0.484446193588,2.00992772796
957,957,0.302666046739,1.02434503946
958,958,0.571091065083,-2.28253621861
959,959,-0.120341901326,-2.42516229037
960,960,-0.285420773644,-2.10309727622
961,961,0.295306019226,-2.28567497438
962,962,0.355526312675,2.86968253465
963,963,0.937160187788,-0.547351349028
964,964,-0.00435004584046,-2.6007495031
965,965,0.0117886101727,2.63681792415
966,966,1.02303595517,-0.195434072379
967,967,2.80150918582,0.496077997535
968,968,-1.01628838475,-1.48399995004
969,969,-2.17218550186,-2.18634593107
970,970,-1.30265099144,-1.70087028833
971,971,0.244914269824,1.69317716236
972,972,-0.687942148176,-0.505499714041
973,973,-1.735511796,-1.96629629268
974,974,-1.45388174338,-1.71049492162
975,975,-1.47674177238,-1.70967168647
976,976,-0.857338453108,-1.59453804
977,977,-0.554336338483,-1.99514305619
978,978,-1.13062535148,-1.88414512423
979,979,-0.247770963958,-1.95942312413
980,980,0.336039595887,-0.863093033271
981,981,2.98384567506,-0.0165630534457
982,982,0.163171870953,-2.4782229288
983,983,-1.04720177353,-1.44793632481
984,984,0.393774046145,2.84469390915
985,985,-0.28238417623,-1.56014317476
986,986,-0.767821123099,-1.59291092293
987,987,-1.05582868507,-2.0180739274
988,988,-0.0769129153731,1.21996634937
989,989,-1.37668873489,-1.80699074116
990,990,-1.51976529587,-2.30189724816
991,991,0.119193176485,3.00225469903
992,992,-0.0450534295509,-1.56970892993
993,993,-0.0845187564737,-2.48184920787
994,994,0.316681261037,-2.8396773949
995,995,1.9066618107,0.383385391938
996,996,0.189223435746,-2.45010358447
997,997,-0.644394749333,-1.40435468251
998,998,-1.20489341277,-1.53132770994
999,999,0.264080926455,0.345127617132
1000,1000,-0.577866322879,0.90797480707
1001,1001,-0.527010351126,0.842750271681
1002,1002,-1.01125485505,-1.0184516635
1003,1003,-1.5523968587,-0.900438501578
1004,1004,0.0492287500763,2.10160312922
1005,1005,-0.329321023473,2.47777643798
1006,1006,1.28211590775,-1.70406046794
1007,1007,0.243449687745,-0.263365315317
1008,1008,-0.304431946882,2.45183764098
1009,1009,1.56992344139,-2.02955605796
1010,1010,2.49916846554,0.187630887146
1011,1011,2.53152628449,0.0922214643525
1012,1012,2.78654658307,0.315821516879
1013,1013,1.01226154971,-2.12612125894
1014,1014,-0.0656200072277,2.24842764347
1015,1015,0.582228016231,-2.75409499685
1016,1016,-0.700316691761,-0.590076991256
1017,1017,-0.507410560964,1.82553121566
1018,1018,2.27944893764,0.0171856533622
1019,1019,-0.290156106795,1.70849377984
1020,1020,0.324569968378,-1.66268427523
1021,1021,0.570186778456,0.0955494512035
1022,1022,0.122242558597,-1.772559161
1023,1023,-0.580537659808,1.78365200664
1024,1024,-0.303410934787,0.889922244382
1025,1025,-0.187807160608,0.988445081605
1026,1026,0.656968716311,0.297780601841
1027,1027,-0.238218930368,-0.0637599055758
1028,1028,-1.15235794373,0.481897924497
1029,1029,2.49683172418,0.150732152606
1030,1030,-0.593225230297,1.01314515968
1031,1031,1.01667720357,2.48253308513
1032,1032,-0.40259957079,1.001430075
1033,1033,-0.885694171104,-0.321250044172
1034,1034,-0.460897898739,-1.82865866955
1035,1035,0.659037253235,-0.981759682468
1036,1036,-0.537714855353,-0.777418477151
1037,1037,0.437576721309,2.84158262874
1038,1038,1.44103414165,-0.924678031347
1039,1039,2.16797788013,-0.508019443012
1040,1040,0.243354765688,-3.03857368064
1041,1041,2.33059679874,0.429182054632
1042,1042,0.433211034962,-2.61679334529
1043,1043,0.116986061926,-2.81408638823
1044,1044,-0.687153168995,1.4919686048
1045,1045,-0.962521127865,1.82215850073
1046,1046,-0.680384098788,2.18737176713
1047,1047,-0.408967208045,1.62658431102
1048,1048,1.06448775928,-1.79827377486
1049,1049,0.175915759395,2.98945848868
1050,1050,1.75138353329,-2.25530922731
1051,1051,0.525290817626,-2.39146907722
1052,1052,-0.56061608224,2.11085668231
1053,1053,-1.05344102992,2.14869177288
1054,1054,-0.928256750898,2.41939751912
1055,1055,-0.403909285265,2.69972815642
1056,1056,0.792361944432,-2.73789740073
1057,1057,0.656943648327,-1.9855920024
1058,1058,0.426573094222,-2.48915518297
1059,1059,0.0338337523727,1.79910391311
1060,1060,-0.0854515915024,2.48402562182
1061,1061,1.08866213113,-1.64711782387
1062,1062,0.0288344576234,-2.43919752276
1063,1063,0.983912121512,-2.17195066609
1064,1064,-0.174216264407,2.1568049168
1065,1065,-0.144077112411,2.47002689595
1066,1066,-0.124538100389,2.05548395659
1067,1067,-0.349479971266,2.5070022539
1068,1068,0.542080398708,-1.89391155674
1069,1069,0.0151448400712,3.11541015628
1070,1070,-0.848314157489,2.31568980501
1071,1071,0.0729435169877,-1.98849652939
1072,1072,2.25509648633,0.964366868177
1073,1073,0.0170396145608,-2.91956439985
1074,1074,3.39715253204,0.769314796383
1075,1075,-1.01199705896,-1.20028315275
1076,1076,0.617958676637,0.529750388469
1077,1077,-1.30545426355,-1.2340784368
1078,1078,-1.37531124407,-1.32207025511
1079,1079,-0.639616690937,1.63705200228
1080,1080,-1.77906732968,-1.69399440619
1081,1081,-2.06961364279,-1.69059387316
1082,1082,2.19973228705,0.0281928141199
1083,1083,-1.54544636346,-1.74391471885
1084,1084,-0.292955949156,1.60719209001
1085,1085,0.493804208072,1.39361606687
1086,1086,-0.0801730658167,0.362770645639
1087,1087,-1.24676232188,0.772227284931
1088,1088,0.530631238006,1.57196211684
1089,1089,-0.256634524072,1.13238941784
1090,1090,-0.279818765185,-0.792698009247
1091,1091,-1.21731848241,0.941222766709
1092,1092,0.409244873358,1.33180077313
1093,1093,-0.80181016369,-1.6570315713
1094,1094,-0.0306739702218,-2.84351604152
1095,1095,-1.17306240872,2.84167804124
1096,1096,0.606299519114,-2.94162241575
1097,1097,0.366747972626,-2.50480777854
1098,1098,0.61992650754,-2.64870750089
1099,1099,-0.129165572712,-2.48429304474
1100,1100,0.161904724898,-2.15518078981
1101,1101,-1.52060588342,-1.76182967541
1102,1102,-0.406101666303,-2.1499952386
1103,1103,0.282045876936,-2.40212436798
1104,1104,-1.12380443621,-1.54049204884
1105,1105,0.17948376936,-2.22694865869
1106,1106,2.96224392581,-0.176156797734
1107,1107,-0.084475444502,2.25286913858
1108,1108,-1.77516076967,-1.97263895292
1109,1109,-0.165603644366,1.95162474593
1110,1110,0.451697967727,-1.27289478815
1111,1111,-0.354867215113,2.66804480715
1112,1112,0.897216237874,-1.52845780038
1113,1113,2.91225794896,-0.310858268231
1114,1114,1.89708736994,0.859079853153
1115,1115,0.205304681305,-2.68119545087
1116,1116,0.83097475604,-2.3626901432
1117,1117,-0.561670263703,0.959234897154
1118,1118,1.23508659617,-1.88096489889
1119,1119,1.35911050436,-0.968855948228
1120,1120,-0.689397366188,1.70844483982
1121,1121,-0.538851888485,2.1251346811
1122,1122,0.00655885527733,2.5183195584
1123,1123,1.40099710759,0.380392798666
1124,1124,-0.892446327439,-1.78507587973
1125,1125,1.39971912099,-1.81194648517
1126,1126,-0.0945236261656,2.4408437245
1127,1127,0.368421597141,1.32971307046
1128,1128,1.49748716218,-0.941178522861
1129,1129,-0.847926764873,2.08047889904
1130,1130,1.00315050777,-1.69892878864
1131,1131,-1.41276267566,-2.01188279853
1132,1132,0.527361867595,-1.94256795867
1133,1133,-0.390217943902,-2.45102089646
1134,1134,0.325119136922,-2.96762830405
1135,1135,0.661626765894,-1.98603143291
1136,1136,-0.13380363395,2.90882625737
1137,1137,0.0806003945184,-2.04760130909
1138,1138,0.381665586253,-2.67003093141
1139,1139,0.735103094529,-2.60500543287
1140,1140,-0.360645184017,1.92558040571
1141,1141,0.478266500456,2.13318180005
1142,1142,-0.593986625594,2.42265673779
1143,1143,1.24869583867,-1.47046028814
1144,1144,2.20751400794,1.47764941326
1145,1145,2.47571796617,0.0203487153652
1146,1146,1.14798891087,1.48990009811
1147,1147,0.603357185446,2.30125056171
1148,1148,0.218071564266,-2.5928011557
1149,1149,0.371274080809,-2.5420462325
1150,1150,2.99168459954,0.476234980425
1151,1151,0.248584366957,2.59355416318
1152,1152,0.573454130065,2.86906963281
1153,1153,2.98644931897,-0.225749647774
1154,1154,-0.307932624287,-2.56103248788
1155,1155,0.0425907674592,-2.65280086923
1156,1156,2.20779312742,0.536798635956
1157,1157,0.244613622493,2.38411510524
1158,1158,2.21697340879,0.48046905985
1159,1159,2.43244700354,0.0241922925711
1160,1160,-0.0462397503801,2.74597755177
1161,1161,0.0073682887907,-1.13330545125
1162,1162,-0.0156156103635,2.48223452731
1163,1163,0.468576632993,2.16248653883
1164,1164,0.80622380899,-2.16913507148
1165,1165,1.37929895834,0.550761386622
1166,1166,0.399685732015,1.84440726054
1167,1167,2.63776503225,-0.0456705450906
1168,1168,1.28452412563,-1.92064666129
1169,1169,2.79693260551,0.0596973296444
1170,1170,2.27032640972,0.426379946234
1171,1171,0.0838492664763,-2.83996243679
1172,1172,0.655833674021,-2.77885305211
1173,1173,-0.39235511449,2.55468620951
1174,1174,-0.359967308164,2.95044830809
1175,1175,0.408317658986,2.42028295889
1176,1176,-0.00922294791803,2.81438903388
1177,1177,0.41009696871,-1.83393633842
1178,1178,1.80076365042,0.607804732303
1179,1179,-0.454563556416,-2.78160926563
1180,1180,-0.0797457870538,-2.94159730968
1181,1181,2.45585317584,0.488979246111
1182,1182,-0.658794710818,-2.7361120504
1183,1183,-0.235061111659,2.82581781035
1184,1184,-0.202741459351,2.74827542265
1185,1185,1.51445807766,-2.04100145335
1186,1186,-0.331394179005,-2.3820040926
1187,1187,-0.499764980101,-2.31723882557
1188,1188,1.16727297891,-1.49982678156
1189,1189,-0.0808184434191,-3.04263253711
1190,1190,-0.512320063835,-2.68828460908
1191,1191,-0.0541479642727,-2.33130605708
1192,1192,-0.484059150616,-2.35984625032
1193,1193,-0.301658345755,-2.29973008002
1194,1194,0.162423612552,-1.92973844916
1195,1195,-0.310917821701,2.62899650604
1196,1196,2.09828996571,0.0252755534014
1197,1197,2.71094947755,0.244924100734
1198,1198,2.97942290357,0.26429867024
1199,1199,2.58091695206,-0.09681994016
1200,1200,0.866346946312,-2.75589518116
1201,1201,0.861075273851,-2.14743622943
1202,1202,-0.558257773769,1.87344073332
1203,1203,-0.831612433742,2.84690626235
1204,1204,-0.417057408415,1.97669259222
1205,1205,1.61656363413,-2.49213706678
1206,1206,-0.232652163445,2.57849215649
1207,1207,-0.125681777421,-2.30189951062
1208,1208,0.386506911459,-2.28801446348
1209,1209,2.37919988034,0.153975174353
1210,1210,3.18533122602,0.428057915276
1211,1211,-0.0747489789733,2.44545889247
1212,1212,1.03006044957,-2.1624914771
1213,1213,2.40226555357,0.203583121296
1214,1214,1.83670734756,0.478917220878
1215,1215,0.0288586660012,-2.8803904339
1216,1216,0.133737300396,-1.94156165811
1217,1217,0.184167578354,-2.58157496434
1218,1218,0.274651774209,-1.88491265394
1219,1219,2.18167182428,0.0865197753939
1220,1220,1.6788821549,-1.49040909931
1221,1221,1.51529547797,-1.4169687986
1222,1222,1.35192069994,0.65794843606
1223,1223,1.56369810971,-1.17040621984
1224,1224,2.67945655032,-0.0975774022741
1225,1225,2.75295362801,-0.111413719971
1226,1226,0.387066650429,-0.185897501061
1227,1227,-0.225086773775,3.19675701998
1228,1228,0.598308318199,-0.0550189975903
1229,1229,0.032558943193,2.65863201315
1230,1230,0.051209151601,-2.89801735961
1231,1231,0.217575469763,-2.87128073333
1232,1232,-0.018352798644,2.80029949678
1233,1233,1.13926389002,-2.33804915339
1234,1234,0.0823382322174,2.64327800202
1235,1235,0.16783193686,-2.16485983007
1236,1236,2.78404436693,0.380029607044
1237,1237,0.155755793928,-2.21996167088
1238,1238,0.0113395183239,3.02321356826
1239,1239,0.827515183495,-1.75257137214
1240,1240,-0.235212697205,-2.09018551603
1241,1241,3.21309198633,0.0919101945432
1242,1242,0.365581198883,-2.37691996174
1243,1243,0.221000157153,-2.72920512605
1244,1244,0.591688045585,-2.35482066866
1245,1245,-0.0423244135756,2.78262008839
1246,1246,0.363502377393,-2.52464443399
1247,1247,-0.107752185065,2.57157911752
1248,1248,-0.053019794668,3.11932263391
1249,1249,1.06526344843,-2.66836462703
1250,1250,-0.00964280762984,2.26900599532
1251,1251,-0.137904137802,3.01328116792
1252,1252,0.0563268396585,3.14686641846
1253,1253,0.805336616164,-2.29731518551
1254,1254,2.37879241223,0.591569280594
1255,1255,2.54932900741,-0.041237425168
1256,1256,2.48894534849,-0.271991648978
1257,1257,2.57424166116,0.161263879553
1258,1258,2.35415784564,0.696250383623
1259,1259,2.60274341017,0.270531107985
1260,1260,2.74497274353,-0.0930451794261
1261,1261,2.67276413853,0.476053873866
1262,1262,0.263209042294,-2.17335621112
1263,1263,0.24359706674,-1.90327262504
1264,1264,2.52043674176,-0.112758142855
1265,1265,0.51775366787,3.13403453474
1266,1266,1.40079307103,-0.115330715087
1267,1267,1.73758371507,-0.277862582788
1268,1268,-0.0532854891063,-2.51056728278
1269,1269,0.288530548773,-2.39264344092
1270,1270,2.10036738142,-0.176592647851
1271,1271,0.47290186077,2.76626577609
1272,1272,1.69145829815,0.420064659184
1273,1273,-0.474820901692,-2.08825962761
1274,1274,0.636938023288,-0.501750253687
1275,1275,-0.100303093449,2.9531383035
1276,1276,0.192811094754,-2.37163102477
1277,1277,0.808466609626,-2.90513079591
1278,1278,2.54650968714,-0.129550197507
1279,1279,2.04568439591,0.0368894711553
1280,1280,0.729895514329,-0.135683483461
1281,1281,2.40632087956,-0.143262037259
1282,1282,2.71578868667,-0.16696745834
1283,1283,2.39301056879,0.359122541339
1284,1284,-0.567655097958,-1.97388170496
1285,1285,1.53445782058,-2.09490757245
1286,1286,0.00691872651331,-0.428360046072
1287,1287,1.67731557158,0.732423442414
1288,1288,0.0662696544999,-2.37508595666
1289,1289,-0.196863141642,-2.49557428348
1290,1290,0.099668291116,-2.65614292855
1291,1291,0.956761851725,-0.586537827376
1292,1292,0.675315014254,1.7830139357
1293,1293,2.27016277232,0.321005402726
1294,1294,2.40975482923,-0.187725898992
1295,1295,0.680760716636,-0.658436965868
1296,1296,-0.0607163956251,-2.78589879839
1297,1297,0.293373482725,-2.52248765795
1298,1298,1.46927984356,-0.889696742689
1299,1299,-0.341155915627,3.00602447641
1300,1300,0.860534213244,-2.41705437998
1301,1301,-0.0526877644058,2.63856310298
1302,1302,-0.297306895107,2.01499738983
1303,1303,1.17233938848,-2.48051272317
1304,1304,-0.817601077716,2.45980308783
1305,1305,-0.533993318776,2.11581202733
1306,1306,-0.587247289793,2.2727135389
1307,1307,-0.458233977929,2.63378873292
1308,1308,-0.452519610303,2.53640353255
1309,1309,-0.599678379887,2.51590724035
1310,1310,0.704999342936,-2.62444222549
1311,1311,-0.155648765831,-2.87800672956
1312,1312,-0.299856591744,2.98503409179
1313,1313,0.403139476317,-2.35162456013
1314,1314,1.61709907894,-3.07829121431
1315,1315,0.32249513299,-2.07413551404
1316,1316,-0.829507551502,2.71648085478
1317,1317,0.296108124239,2.59000605443
1318,1318,0.711437379523,-2.28678854777
1319,1319,-0.481512410409,2.67298585303
1320,1320,0.166357961356,2.77100963036
1321,1321,-0.593666076715,1.93573178912
1322,1322,0.324025856096,2.2781476695
1323,1323,-0.0883319877552,2.45969905925
1324,1324,0.648560088542,-2.01549551329
1325,1325,1.09882807085,0.809650085835
1326,1326,2.65712797625,0.0338647025707
1327,1327,0.128824520765,-2.69787999103
1328,1328,0.169520155261,-2.46806149511
1329,1329,3.16298648849,0.393864537296
1330,1330,0.0422788016525,2.76599165249
1331,1331,1.06164525129,-2.25006880145
1332,1332,1.54686457561,0.374126338193
1333,1333,-0.0273179921345,-2.70926458533
1334,1334,-0.178629107294,2.37105577516
1335,1335,0.622925568708,1.86670712462
1336,1336,0.851067904126,1.89366173426
1337,1337,-0.320838680072,1.3525243596
1338,1338,1.42452680136,0.706739248932
1339,1339,0.432460252986,2.15858753412
1340,1340,1.36266285275,1.85739526349
1341,1341,1.34401857925,1.67383668921
1342,1342,1.80940986262,1.43092847866
1343,1343,-0.0117836123885,-2.35428271299
1344,1344,-0.0783847990287,-2.1265316324
1345,1345,2.1531682765,1.2151577378
1346,1346,0.23121198028,1.87409618129
1347,1347,1.92519044169,0.200300675053
1348,1348,1.15050044187,1.58331898883
1349,1349,-0.158978588738,2.3788371022
1350,1350,-1.01343545128,-1.51599379544
1351,1351,2.33118959825,1.11806119704
1352,1352,-1.02089431864,-1.03214837262
1353,1353,0.305965411407,-1.98389068312
1354,1354,0.36881206324,1.75372840619
1355,1355,1.34218898825,0.902271083239
1356,1356,1.76221344861,0.36666027812
1357,1357,1.40339712564,1.85275757731
1358,1358,0.896175988804,1.79436932724
1359,1359,0.929609674815,0.59512432997
1360,1360,2.52661165053,0.685768722474
1361,1361,0.296097101875,0.543303273319
1362,1362,-1.00967232038,-1.4887125944
1363,1363,-0.475104978838,-1.68120151041
1364,1364,2.5040808697,0.727180621919
1365,1365,1.12412836385,-0.387895368649
1366,1366,2.503977816,-0.455523920905
1367,1367,-0.550553998147,1.10502503853
1368,1368,0.461155452273,1.64123035288
1369,1369,0.659317425001,-1.67138157054
1370,1370,0.835579723928,1.98184700143
1371,1371,2.42057474456,-0.433468102809
1372,1372,1.67295082019,0.31103361559
1373,1373,0.447152698075,1.69916859898
1374,1374,1.81044442145,0.729187146304
1375,1375,0.933473642587,0.994973097994
1376,1376,0.87433834168,0.965799285898
1377,1377,-1.19355840853,-1.41757450304
1378,1378,0.00681696621529,-2.05244121107
1379,1379,1.29193072008,0.86304563151
1380,1380,0.317354048175,2.53074493482
1381,1381,0.386910490821,1.0161826427
1382,1382,0.460421612007,-2.60751616606
1383,1383,0.102778234918,1.58891268873
1384,1384,1.40588788729,0.242379421802
1385,1385,1.99181325065,0.810516140095
1386,1386,1.99489329645,1.08026385604
1387,1387,1.76942192723,1.25075986108
1388,1388,3.23754562046,0.771290050215
1389,1389,1.93885182097,1.62216643838
1390,1390,-0.263325022924,2.49971557624
1391,1391,-0.34567741031,2.24308447671
1392,1392,0.459284800636,-2.56966338303
1393,1393,0.712193779437,0.345110765759
1394,1394,0.684910512512,0.164145308589
1395,1395,2.14741403697,0.265551954918
1396,1396,2.72523493108,0.00274996961101
1397,1397,2.09691795542,-2.32280385389
1398,1398,-0.10234707333,1.27750502618
1399,1399,0.287546905749,-2.53911909157
1400,1400,1.12211602543,0.430698556932
1401,1401,-1.07450133137,-0.97640656167
1402,1402,0.0726092980141,2.0295929233
1403,1403,1.14797335709,0.138098897519
1404,1404,0.739325522854,1.90021577752
1405,1405,1.33404513023,1.50422659185
1406,1406,-0.0354982809941,2.80093295698
1407,1407,-0.00335162795269,4.66860970134
1408,1408,-0.239260806048,3.26935499984
1409,1409,-0.172218677235,2.71303254684
1410,1410,0.17454875347,2.16804217046
1411,1411,-0.146258357714,2.41469464792
1412,1412,0.635394584136,2.74444970282
1413,1413,-0.010379306793,2.71533560904
1414,1414,-0.0500236996784,2.30749969136
1415,1415,0.486683583128,2.88567289601
1416,1416,-0.348247237945,2.72892528037
1417,1417,1.48294524772,-0.0379015451992
1418,1418,-0.200739566952,2.00115049791
1419,1419,1.03086465827,0.251134952183
1420,1420,-1.11621605296,-1.01980528754
1421,1421,0.118043669589,0.0945110892329
1422,1422,0.883327141164,0.0489432043516
1423,1423,2.84500879691,-0.0326512338404
1424,1424,-0.611200299276,-3.17645069309
1425,1425,0.000464573521699,1.53572397959
1426,1426,0.0147104184463,0.401884259385
1427,1427,2.47055809431,0.134099959288
1428,1428,3.68375498724,-1.26719900302
1429,1429,2.58008574033,-0.147418370249
1430,1430,1.93999209017,0.951490236193
1431,1431,2.58227853943,0.627172834309
1432,1432,3.39814806243,0.495364291069
1433,1433,2.19984240544,-0.0727476222328
1434,1434,0.647966018714,0.615348574318
1435,1435,2.02177251809,1.20498630918
1436,1436,-0.676903977809,-2.41505054146
1437,1437,2.03464810671,0.219812343475
1438,1438,-0.284587152239,2.04830308818
1439,1439,1.16719006727,1.72594366279
1440,1440,1.66300079064,2.21309510773
1441,1441,0.405893664845,0.702649816941
1442,1442,1.32122247752,2.2846172321
1443,1443,0.729126018797,-2.55892846791
1444,1444,2.35547365292,1.92332951237
1445,1445,0.938661676413,2.34072123962
