,vote,alpha,beta
0,0,-0.285302806972,0.795478881237
1,1,0.137693593394,-0.708005590924
2,2,1.01877570762,0.114680947795
3,3,1.44165659792,-0.0291655646249
4,4,0.230971074553,-0.636833031812
5,5,1.25576490109,0.103124409867
6,6,1.2205494937,-0.215543962022
7,7,1.04232393332,-0.0144317968366
8,8,0.132251414437,-0.805563728482
9,9,0.220559261376,-0.424118041172
10,10,1.39543650872,0.023897137967
11,11,1.12382087183,0.109857850432
12,12,1.19339881132,0.0245011810793
13,13,1.20747367788,-0.00909428116361
14,14,1.13580254127,-0.0886985755497
15,15,1.06495774043,0.114546460586
16,16,0.00423281126957,0.677738802357
17,17,0.420033475576,-0.531123247601
18,18,1.27231511565,0.00416353453902
19,19,0.966669406228,0.049558961685
20,20,0.750368846433,-0.0712797876992
21,21,0.0360189950116,-0.672139571473
22,22,0.0370869005218,-0.903817438789
23,23,1.20171451989,0.125680657691
24,24,0.211128411361,-0.825388194202
25,25,1.19978277359,-0.224657663859
26,26,-0.867946651877,0.0611021490197
27,27,-0.11593213326,0.865894266109
28,28,1.46773395789,0.564160401692
29,29,1.03380694404,-0.135146502998
30,30,1.10173306842,-0.0601761020164
31,31,1.32626860912,0.352179690196
32,32,0.291485691828,-0.771181121565
33,33,0.0365228608887,-0.635828818058
34,34,0.783990958641,-0.0386780034594
35,35,-0.113961183283,0.769411135781
36,36,-0.15448763943,-0.760802665702
37,37,0.0432987854358,-0.628378058507
38,38,0.221817786406,-0.755521946136
39,39,-0.22438742249,-0.589453108646
40,40,0.734844349395,-0.648987965693
41,41,-0.27008936453,0.870787551554
42,42,-0.0499228292277,-0.765254152889
43,43,1.47887167665,0.0629832674126
44,44,1.14562082997,-0.181014401648
45,45,1.14094392853,-0.0279389860145
46,46,1.05954927841,-0.0307812006991
47,47,1.17383118047,0.0370295879532
48,48,1.00143638205,-0.00637001936338
49,49,0.696489282866,0.456833060273
50,50,0.105664541951,-0.701865044539
51,51,-0.0891366953077,-0.735002187002
52,52,-0.0236011093467,0.707777701363
53,53,0.207019721624,-0.767008435737
54,54,0.266191513585,-0.898784898624
55,55,0.0918698656996,-0.607224667037
56,56,0.129285960517,-0.635354540083
57,57,-0.160259337181,0.693642299209
58,58,-0.03726622938,0.65302117495
59,59,0.0475133729603,-0.56943079968
60,60,0.113027515821,-0.701909627157
61,61,1.23152223856,0.0795815024942
62,62,1.03747265957,0.126629210675
63,63,1.01359392426,-0.0483639203268
64,64,1.23397861781,0.0948177799577
65,65,1.17530928987,-0.0993822653548
66,66,0.070669487078,-0.663087185551
67,67,0.211105800945,-0.576645360836
68,68,0.285753188129,-0.560319098786
69,69,-0.0940665140824,-0.59535447763
70,70,-0.25607822538,0.45676858519
71,71,-0.171186129737,0.53809707016
72,72,-0.391724689142,0.851382644962
73,73,-0.149723750338,0.909121182756
74,74,-0.216265009617,0.792118702109
75,75,-0.0465340935417,0.575844812784
76,76,-0.18990140191,0.486880856179
77,77,-0.180190832424,0.669621821366
78,78,0.00299684900148,0.572841189908
79,79,0.164613281468,-0.655622198914
80,80,0.00543657031857,-0.75480792893
81,81,0.0311840938018,-0.878631179352
82,82,0.0393170231454,-0.70294174497
83,83,0.0722409268215,0.877439293235
84,84,0.127569303418,-0.829699654183
85,85,1.0833567524,-0.0153014287491
86,86,1.05197087815,-0.242715938708
87,87,0.225713003496,-0.790487499228
88,88,0.179783778128,-1.15129888794
89,89,-0.287582363694,-0.317559182714
90,90,0.0410460468846,-0.408786050039
91,91,0.0314479874422,-0.569190697155
92,92,-0.137004277983,0.820623475647
93,93,-0.108623824336,-0.557449955789
94,94,0.190128247527,0.728383685864
95,95,1.44141990718,0.0866932805879
96,96,-0.304712970313,0.458464841768
97,97,-0.215208169532,0.54763094396
98,98,-0.361271375909,0.204444689773
99,99,-0.154880910795,0.627151579105
100,100,-0.0953292683865,0.654612659521
101,101,-0.847872028603,0.186746261746
102,102,0.0358683249384,-0.829794486358
103,103,-0.218416356945,0.915540421505
104,104,-0.239334349195,-0.420626906942
105,105,-0.922955015441,0.0112368584206
106,106,0.156080322974,0.384952510199
107,107,0.0559125770554,-0.778231239737
108,108,-0.346706786357,0.297044589199
109,109,-0.275856789317,0.512786198046
110,110,0.385879172784,0.475514651958
111,111,0.060191679778,-0.760190301356
112,112,-0.218361976355,-0.573021815896
113,113,-0.0355581421991,-0.685375531927
114,114,-0.17336751051,0.783818216161
115,115,0.0512971293409,-0.875382848111
116,116,1.11383122455,-0.151096837171
117,117,1.27188968175,0.101296321996
118,118,0.085980345426,-0.549134824395
119,119,1.18691090339,-0.388613740762
120,120,1.35397626858,0.133529965454
121,121,0.0364609531072,0.793584146372
122,122,0.416663805156,-0.355891360987
123,123,1.45357380036,-0.242394023668
124,124,0.153360222458,0.902311726259
125,125,0.0695537888716,-0.835720651591
126,126,0.303110394199,-0.677508868262
127,127,-0.623995285558,0.455914465791
128,128,0.0781411227839,-0.577301381516
129,129,0.0542393199395,-0.60385244351
130,130,-0.195541511625,-0.455912923069
131,131,0.696932127395,0.296728697385
132,132,-0.0402219262609,-0.53919968647
133,133,0.0558928605122,0.755473216007
134,134,0.335274456509,-0.870148718575
135,135,-0.00529824568785,0.627592927974
136,136,-0.677213504693,0.587740613365
137,137,-0.311470475518,0.282975175356
138,138,-0.504627222178,0.295277512604
139,139,-0.131908913309,0.792619856007
140,140,-0.404221709785,0.146272861794
141,141,-0.665000093469,0.374892480528
142,142,0.117458504612,-0.845490941854
143,143,-0.196770639648,0.631057840595
144,144,-0.26725944582,0.687336293317
145,145,-0.531107710476,0.608507580077
146,146,0.981639825468,0.0859420183502
147,147,-0.193324988717,0.504520120503
148,148,1.10513080804,-0.197525426947
149,149,1.05984621691,-0.0526799666428
150,150,-0.045558724225,0.780429349262
151,151,0.493868332062,-0.270636594788
152,152,1.16089333423,0.122877022169
153,153,1.08149929376,-0.208128286818
154,154,1.07777187912,-0.111097837875
155,155,-0.0153917519203,-0.683405248803
156,156,-0.0959634345352,-0.797035478431
157,157,1.07032188866,-0.150862370526
158,158,-0.0524255652192,-0.805793229902
159,159,1.28228030712,-0.235558585801
160,160,0.110491395819,-0.57250985847
161,161,0.236615922067,-0.621662244656
162,162,-0.0174627031676,0.67586708571
163,163,0.320699917174,-0.304422486177
164,164,-0.423655461334,-0.102755209465
165,165,-0.126153358719,0.817492319122
166,166,0.198118952872,-0.80817687471
167,167,-0.257662662,0.424578043678
168,168,0.261401891786,0.433461830649
169,169,-0.00182176707663,0.202144564169
170,170,-0.649723966459,-0.394975964431
171,171,-0.970746397337,-0.714074283111
172,172,-0.427224910452,0.567983893453
173,173,-0.535359282298,-0.150027051622
174,174,-0.104054341504,-0.484803000357
175,175,0.0993110908015,0.841646550384
176,176,0.278136001057,0.427702703261
177,177,0.28602035604,-0.753715072901
178,178,-0.000271312975486,0.625754737651
179,179,-0.247314893547,-0.753076498542
180,180,-0.393350544939,-0.520144421794
181,181,0.653125960378,-0.108102941623
182,182,-0.0127302169987,-0.451332601662
183,183,0.0264696449159,0.50135889767
184,184,0.155801351992,0.243879285096
185,185,-0.215228732865,0.168119509335
186,186,0.570522911985,-0.160397697793
187,187,0.121073228052,-0.366825952379
188,188,-0.00329847055794,-0.459552206576
189,189,-0.194697163398,-0.317021327623
190,190,0.1556548493,0.181713701475
191,191,-0.321554884639,-0.40205558106
192,192,0.0658929229905,-0.706328371146
193,193,0.0249401361901,0.670365798206
194,194,-0.131071271387,-0.585082685555
195,195,1.36517001045,-0.311115903391
196,196,1.06212614771,0.104986424967
197,197,0.159990182435,-0.783820446528
198,198,-0.366976734296,0.663946190777
199,199,0.203069096659,-0.781322845317
200,200,0.0953773568086,0.740423993746
201,201,-0.145709329336,0.912090256231
202,202,0.154616435774,-0.728863320092
203,203,1.03342775053,-0.0507494221703
204,204,0.0728512823183,1.03100741401
205,205,0.0476139864822,-0.823315691575
206,206,-0.0223318611104,-0.628895146498
207,207,0.133376491986,-0.77063373036
208,208,-0.0909153662968,0.665823998967
209,209,-0.0384834341629,-0.675332187205
210,210,0.218234717672,-0.540163941635
211,211,-0.134686046249,-0.759565140035
212,212,-0.0680066071217,0.643249783094
213,213,-0.0632152682934,0.808654166882
214,214,0.129244843988,0.905657306259
215,215,-0.177888732462,-0.876968513107
216,216,0.961384651166,-0.0138823137512
217,217,0.951768521477,-0.111215428191
218,218,1.12225927872,0.164651122379
219,219,0.176335035732,-0.827467135905
220,220,-0.00534688376912,-0.561956411259
221,221,1.00142977119,0.162141892886
222,222,-0.466562608297,0.782570667278
223,223,-0.203310967733,0.878065014596
224,224,-0.18110255377,0.547658380303
225,225,-0.379968226997,0.00741817668022
226,226,-0.242889433455,-0.439019948254
227,227,-0.165143144427,0.952558875833
228,228,-0.140924038592,-0.446059037176
229,229,-0.0336344695404,0.801065613098
230,230,-0.484145526991,-0.269235611366
231,231,0.867573510948,0.0719031808972
232,232,-0.00939717434852,0.755173615106
233,233,-0.272884478606,0.932890534596
234,234,-0.358801083647,0.840805381966
235,235,-0.117115922452,0.642616776014
236,236,-0.0250642079322,0.677738717003
237,237,-0.737483476629,0.0521638332729
238,238,-0.206097598542,0.46573693856
239,239,-0.284146592512,0.539602499338
240,240,-0.194937382072,0.64364151128
241,241,-0.334482578762,0.539358621429
242,242,0.165768332821,-0.7201495487
243,243,-0.262950166992,-0.67301666609
244,244,-0.172932857121,0.707438621989
245,245,-0.125129698384,0.562432927939
246,246,-0.828518327054,-0.276849281726
247,247,-0.13891245928,0.648239975444
248,248,-0.359977723297,0.0644325907323
249,249,-0.437591392704,0.0589143770209
250,250,-0.838214514524,0.370396324379
251,251,0.0453002726729,0.546570382694
252,252,-0.543859740843,-0.397594205727
253,253,0.0175186842638,-0.758479602272
254,254,0.0781552379693,-0.685361381967
255,255,-0.317793234903,0.559185651626
256,256,-0.13206409601,0.285523005653
257,257,-0.318751215674,-0.417426158733
258,258,-0.0614747424583,0.782385132698
259,259,0.123907373336,-0.865671993737
260,260,-0.0349960464651,-0.800482849524
261,261,0.0359003436986,-0.671168340766
262,262,-0.179069019559,0.814535676711
263,263,-0.0426832169595,-0.704673060885
264,264,0.0819983824444,-0.723343317486
265,265,-0.0538154141453,0.630596906672
266,266,-0.00634011507668,-0.839403086432
267,267,1.17626707638,-0.0222732047418
268,268,1.25106732178,0.0291026901671
269,269,1.04836961517,0.0172527184365
270,270,0.0972674945568,-0.712883334391
271,271,0.216083795491,-0.595261493064
272,272,-0.794090429041,-0.100758525232
273,273,-0.0845040802546,0.552816056906
274,274,0.267888029673,-0.583928832799
275,275,-0.132997963017,0.731075722219
276,276,0.254409635626,-0.715196129926
277,277,-0.0749869958483,-0.773153049946
278,278,-0.0406460360206,-0.763276321869
279,279,0.394689969329,0.619864768504
280,280,-0.0563957560135,-0.702886348063
281,281,0.100375802297,-0.816574175334
282,282,-0.0831712165818,0.860579709873
283,283,0.164750358416,-0.527359051454
284,284,-0.136002031188,0.847420538209
285,285,-0.0411482462075,1.00373167358
286,286,0.042741599568,0.876670592642
287,287,0.132370312813,-0.856075603868
288,288,1.1251912677,0.0699031059097
289,289,1.04417876501,0.0604359862124
290,290,-0.0764184537027,-0.653920844545
291,291,-0.0845386053934,-0.79900388974
292,292,-0.950223194309,0.0578791949944
293,293,0.157129364377,-0.679122916025
294,294,-0.269797953987,0.707116437609
295,295,-0.394645470244,0.50694887841
296,296,-0.753027573536,0.0939198994755
297,297,-0.957390873391,-0.692749983487
298,298,-0.305801749089,0.568243902711
299,299,-0.145524105565,0.707513082498
300,300,-0.0916784331649,-0.118578556385
301,301,0.356485797414,0.0454761706362
302,302,-0.187269595219,0.252991309593
303,303,0.215105442955,0.119079019168
304,304,0.961105740569,-0.486827854594
305,305,0.706609099072,0.192592550823
306,306,-0.591975595559,0.188827466162
307,307,0.133959782009,-0.664154007495
308,308,0.638655854803,-0.00482352931121
309,309,0.0252219297309,-0.672046934276
310,310,0.577144204705,0.188172072747
311,311,-0.733266940686,0.714966144674
312,312,-0.281170864026,0.466241652076
313,313,-0.164187613186,-0.165185170983
314,314,0.142383244021,-0.890827081972
315,315,-0.0248912319083,-0.878225403358
316,316,1.15866960476,-0.177004691886
317,317,0.138372381224,-0.615449651247
318,318,-0.115104456035,0.18381759311
319,319,-0.099483040067,-0.54571670838
320,320,0.0414829839235,0.544784499186
321,321,-0.307200510738,-0.391480156549
322,322,0.0599634339806,-0.725546444641
323,323,0.28954731205,0.0422810388013
324,324,0.259410407338,0.365495909793
325,325,-0.0649892922468,0.646801086247
326,326,0.115378381771,0.830861933385
327,327,0.020967269276,-0.69964587809
328,328,-0.0381109706056,0.569184965242
329,329,1.05761156986,-0.286131331391
330,330,0.0552904780352,0.000330841564807
331,331,0.00213827615236,0.714885808895
332,332,0.372590634189,-0.435498371588
333,333,-0.0154557445758,0.92854934741
334,334,-0.10430577957,0.771623446329
335,335,-0.079554151596,0.716074253387
336,336,0.276545415609,-0.559781783835
337,337,0.546926314184,0.377019919697
338,338,0.112980186205,-0.74482540989
339,339,0.0680018584747,0.32453361847
340,340,-0.0740936773642,-0.301188257698
341,341,-0.285888361838,-0.48657476333
342,342,-0.223404676428,0.582674913593
343,343,-0.450093313493,0.461254968456
344,344,-0.377604314723,0.379869682538
345,345,1.15615021184,-0.181080897627
346,346,1.20456690064,0.0755495878234
347,347,-0.0935322275625,0.563714604087
348,348,-0.19783778329,0.615936822883
349,349,0.0146183810486,-0.76172153491
350,350,0.0658951337315,-0.791207180367
351,351,-0.00600300329702,0.693483380926
352,352,0.0711375603059,-0.704000726896
353,353,0.053835237716,-0.624260871546
354,354,-0.190347877927,-0.779481242889
355,355,1.18974620363,-0.125763857736
356,356,0.182323776973,-0.599702823523
357,357,0.0625312935205,-0.709950193954
358,358,0.0633047465204,-0.618327394034
359,359,0.321888860772,-0.509036184686
360,360,0.310788098535,-0.595754465054
361,361,-0.107865854417,0.76208347226
362,362,-0.0521237529206,0.854184850438
363,363,-0.0702841691752,0.799865168383
364,364,-0.0716306706507,0.67007488346
365,365,-0.107134702082,0.734525578018
366,366,-0.0201159837407,-0.691007126372
367,367,-0.147578648545,0.718807722769
368,368,0.218206393382,-0.64171604583
369,369,0.864065662635,0.138010105881
370,370,1.10757582723,-0.0584796574009
371,371,1.03701766715,-0.00427756501621
372,372,0.974568282825,-0.068232467233
373,373,1.25884782312,-0.0678944274421
374,374,1.31493307763,0.228181556148
375,375,1.20152720864,-0.141297909405
376,376,1.26799101634,-0.164083808967
377,377,0.917955980512,0.102151871223
378,378,0.310484626831,-0.902550479015
379,379,0.0129228218451,-0.705384946152
380,380,-0.00586364498603,-0.682047989056
381,381,1.18637109668,-0.152014105671
382,382,1.3903444134,0.0228594809174
383,383,1.02878970342,0.0402914298654
384,384,0.177320070581,-0.75714248155
385,385,0.0915940287949,-0.702682570143
386,386,0.912282821841,0.0562834112558
387,387,-0.0832608128469,0.832505747996
388,388,-0.137490944927,0.92557988906
389,389,-0.158433718226,0.835856201375
390,390,-0.25150525281,0.732910950663
391,391,1.11115901637,0.0934147090692
392,392,-0.0116499414413,0.695431082221
393,393,0.216631557443,-0.75321229078
394,394,0.0076004777822,-0.675677381537
395,395,-0.0147404059091,-0.828021085495
396,396,0.0502219648293,-0.750077359193
397,397,-0.00626456167511,0.846618510008
398,398,-0.0438395916033,-0.606363615726
399,399,0.0964471533523,0.850364673106
400,400,-0.0262322031235,-0.752214293884
401,401,0.0666610704932,-0.746980971514
402,402,-0.0134692160224,-0.849967839882
403,403,0.114950164867,-0.708910528415
404,404,-0.0895136704832,0.58799844088
405,405,0.192962206525,-0.994815580251
406,406,0.393215083893,-0.36327014187
407,407,1.31897229697,-0.208758825232
408,408,1.55853924354,-0.131500437786
409,409,1.24981493258,0.00374071954285
410,410,-0.0406574398144,0.864968270539
411,411,1.01944894375,-0.109280445937
412,412,0.0709165307786,0.820789578063
413,413,1.15994887591,-0.225784383729
414,414,1.19179984914,0.022343992875
415,415,-0.00534737261361,-0.637018826151
416,416,-0.142816058061,-0.909242477579
417,417,0.0551744637331,-0.72864475219
418,418,1.18785212842,-0.0581351451938
419,419,0.372658671708,-0.640459854769
420,420,0.0944562166798,-0.840204937154
421,421,1.32346228087,-0.0522655286138
422,422,-0.0581264740869,0.513457487676
423,423,1.28585375701,-0.180805659885
424,424,0.192196493306,-0.746098953967
425,425,-0.0395318226191,-0.808371560748
426,426,1.24389976732,0.238066687111
427,427,0.096246934429,-0.786495106477
428,428,0.128358533622,-0.692402703432
429,429,0.34989063852,-0.664008707822
430,430,0.420075914252,-0.580629217561
431,431,0.276071399365,-0.565845804532
432,432,-0.0838779686179,-0.740473798164
433,433,0.125912861222,-0.81263198593
434,434,0.153880151875,-0.754478047377
435,435,0.156847690217,-0.624682989456
436,436,0.228395353752,-0.717495792815
437,437,0.325406270484,-0.678556549703
438,438,0.0410850845242,-1.03794612058
439,439,0.492526187121,-1.02213945561
440,440,-0.140933177731,-0.864927169791
441,441,0.236461391454,-0.585673606125
442,442,-0.0275617752671,-0.77654873716
443,443,1.0372359071,-0.0875452091729
444,444,0.105422462025,-0.748861261443
445,445,0.0661257878336,-0.491537244614
446,446,0.102120638411,-0.849259499721
447,447,-0.144239078014,-0.836884773705
448,448,-0.0119108227828,-0.574748986842
449,449,1.36802491038,-0.421012360091
450,450,1.12952586,0.0112830230908
451,451,-0.0307215134944,-0.907130700841
452,452,-0.0296333355688,-0.50781573322
453,453,-0.034623155933,-0.598324918283
454,454,0.243689449518,-0.55118197911
455,455,0.094446459801,-0.622953777719
456,456,0.271525571109,-0.875736694751
457,457,0.100939975597,-0.66051264234
458,458,0.143870274577,-0.623310452006
459,459,1.04000045059,0.0843435978077
460,460,-0.0737888544234,-0.66379204945
461,461,0.219862332658,-0.696705595129
462,462,1.0893839603,-0.0922971300327
463,463,-0.0487228768029,-0.706357806329
464,464,-0.105080334751,-0.362425487566
465,465,0.206441062118,-0.705582441447
466,466,0.165554811494,-0.706219141656
467,467,0.283396973879,-0.525235719
468,468,-0.0372845642351,-0.991291781936
469,469,0.0245694769711,-0.840354946985
470,470,-0.0374487355187,-0.463609243777
471,471,-0.174519782613,0.890929668242
472,472,0.115254278764,-0.659551030012
473,473,0.143634885438,-0.661161555931
474,474,-0.19017694804,0.538956633232
475,475,0.449627300274,0.547030686944
476,476,0.262898449488,0.407756074593
477,477,1.34449520107,0.0333047915365
478,478,1.12619854149,-0.0191534195241
479,479,0.00471701553768,-0.656183748128
480,480,0.15641270749,-0.711435778011
481,481,0.0168129525468,0.759234610698
482,482,0.0555125704573,-0.769501986038
483,483,-0.286991719686,0.300635366883
484,484,0.244291042849,0.179610893238
485,485,0.968688868045,0.1489842315
486,486,1.0932733791,0.00934706715258
487,487,1.46708301087,0.320632335857
488,488,1.23625369098,-0.236057545542
489,489,0.0322452431673,-0.667632835834
490,490,0.153657356121,-0.984680128832
491,491,-0.0159989441702,0.992821671746
492,492,-0.108529371885,0.87854744039
493,493,0.256182729491,-0.593494459338
494,494,-0.0149383897436,0.740201644766
495,495,0.320057582048,-0.569770113619
496,496,0.846216904969,-0.17511046873
497,497,-0.0247436696895,-0.950544770806
498,498,1.13135424562,0.0869673261436
499,499,0.977516912523,0.0780644740991
500,500,-0.0483802898967,-0.768283224111
501,501,0.128196712903,-0.625418158139
502,502,-0.138222585453,0.599852592746
503,503,-0.0620638869625,0.718237304991
504,504,0.0464689007561,0.875357520893
505,505,-0.00602822856973,0.777823967164
506,506,0.0103909754106,-0.610035313936
507,507,1.0278480428,0.162134317902
508,508,0.0982519031811,0.604074016738
509,509,0.238802126271,-0.756965144061
510,510,0.65445128041,0.216407610582
511,511,0.0549909026386,-0.996157880827
512,512,-0.0617568061482,-0.753955873259
513,513,0.16811704151,-0.781322007988
514,514,-0.0948988262681,0.653407665823
515,515,0.228315543708,-0.782129506082
516,516,1.07235836173,0.0553860609356
517,517,1.16861303569,-0.167099571289
518,518,0.063046536933,-0.716073160787
519,519,-0.032885382283,-0.64365979297
520,520,0.198562460203,-0.877305998092
521,521,-0.0612815062474,-0.724757749675
522,522,0.0759857131862,-0.56930190454
523,523,-0.156354220791,0.797019189973
524,524,-0.20014624481,0.89426632881
525,525,-0.0659289415853,0.738560063769
526,526,0.237328327432,0.767239096961
527,527,0.0199672546173,0.681849774678
528,528,-0.0457106624466,0.804853797532
529,529,0.0560314883638,-0.866031103441
530,530,0.123013803235,-0.707009315749
531,531,0.162450842289,-0.839754673604
532,532,-0.14480829926,0.748733953192
533,533,-0.321985078242,0.606614843814
534,534,-0.359937696026,0.717176270879
535,535,0.0175712552783,-0.491551843636
536,536,-0.0728607409295,0.684058427488
537,537,-0.132023316037,0.863055422157
538,538,-0.155790874745,0.645548768497
539,539,-0.24292539583,0.667303467165
540,540,-0.145225401289,0.705145502753
541,541,-0.107967487229,0.687102286078
542,542,-0.180910286948,0.801027977725
543,543,0.177938105256,-0.49002923878
544,544,1.09903225466,0.0857486351918
545,545,1.40167267338,-0.307679160303
546,546,1.50646870262,0.0137061265858
547,547,0.987469335254,-0.166725723072
548,548,0.996374107091,0.0659707446589
549,549,0.00962182499134,-0.642851060696
550,550,0.291875500879,-1.02881634781
551,551,0.448481737684,-0.523340953551
552,552,-0.117017037397,0.658974726728
553,553,-0.213288897977,0.866854385311
554,554,0.10900589593,-0.519764919043
555,555,0.831796533199,-0.376962293125
556,556,-0.00115581486895,0.684935131158
557,557,-0.569282222203,0.403023433206
558,558,-0.187716931079,0.496378155919
559,559,0.208355237791,0.300717990868
560,560,-0.209330989998,0.497625568228
561,561,0.705183838518,-0.183914166831
562,562,1.07952989685,-0.17541073755
563,563,1.00942740871,0.0464003878854
564,564,1.52892813032,0.212454730945
565,565,0.512784121272,-0.56061564227
566,566,1.14049569942,-0.123906339533
567,567,1.29909983334,-0.337883519578
568,568,1.40386455716,0.335389802801
569,569,0.974044941283,0.112437040415
570,570,0.117576025707,-0.912101424907
571,571,0.0759858010939,-0.881677605473
572,572,0.0620951363779,-0.584941814394
573,573,0.744837287974,0.0180805767003
574,574,0.784809971731,0.0467219993811
575,575,0.0280632225289,-0.739119589788
576,576,-0.117882145467,0.837780622019
577,577,0.146396712127,-0.67347813389
578,578,0.921910147627,0.107113594608
579,579,0.0252260394174,-0.84674608377
580,580,0.0186946034229,-0.750575548485
581,581,-0.0626098343375,0.696280642967
582,582,-0.302301217105,0.99365563351
583,583,0.110814764844,-0.583360272469
584,584,1.04798027539,-0.138838176374
585,585,1.37308750199,0.302558722102
586,586,0.0330291405743,-0.914551582205
587,587,1.22310424739,-0.143692840315
588,588,-0.0258200357385,-0.773144497365
589,589,0.234709675145,-0.517362886599
590,590,-0.14307689176,0.569263133565
591,591,-0.515718344755,0.45681874343
592,592,-0.53029364121,0.359943362779
593,593,-0.383990505204,-0.22475479652
594,594,-0.0956693861909,0.54523622903
595,595,-0.0569494897077,-0.70382802671
596,596,0.643847110255,-0.598035732454
597,597,1.00902232454,-0.115107906743
598,598,0.469630521476,0.344544887737
599,599,0.107659259641,-0.791992089727
600,600,-0.0827537880179,0.773953128877
601,601,-0.176891284654,0.640762225886
602,602,0.964682850245,-0.0975450337327
603,603,-0.0615783231654,-0.807594301259
604,604,0.239773389786,-0.838401522787
605,605,0.426638994053,0.0295398572533
606,606,0.230587899913,0.703634742796
607,607,0.0562946466979,-0.545702381697
608,608,-0.151711183835,0.629982133171
609,609,0.152086276417,-0.575987002022
610,610,-0.0595111013607,0.793812889424
611,611,0.637737425795,-0.775301567856
612,612,0.891816423869,-0.146960204859
613,613,0.432597009863,0.400764229018
614,614,0.260554676915,0.540800198287
615,615,0.626038440621,0.030993695991
616,616,0.301948991098,-0.00483170427007
617,617,0.454004066086,0.184050456057
618,618,0.219888556327,0.364504289573
619,619,0.0827481842032,-0.481968840284
620,620,0.580640234555,0.471661709466
621,621,1.71958298799,-0.126305286175
622,622,0.06262466674,-0.997382914218
623,623,0.740304375788,0.181979225444
624,624,-0.0294306575972,1.36770953629
625,625,-0.104779804997,-0.217422183553
626,626,-0.268940559984,-0.336266385826
627,627,0.254121138087,0.300271464486
628,628,0.737394116158,0.0890266951555
629,629,0.766766622226,0.21934625984
630,630,-0.259376818364,-0.801981417192
631,631,-0.0428236543346,-0.565020398389
632,632,-0.657069382089,0.514939883723
633,633,-0.204706929241,-0.559916285906
634,634,1.14101103455,0.261504411792
635,635,0.151959838192,-0.265241359111
636,636,-0.435026160104,0.106005072841
637,637,-0.0156569083712,0.313312224393
638,638,1.50880727501,0.0683043124525
639,639,0.46312732977,0.121766277594
640,640,-0.339388016814,-0.876884555686
641,641,0.702756655017,0.211593203638
642,642,0.70107673524,0.574320267819
643,643,-0.497839546762,-0.979353028037
644,644,-0.0975962027151,0.740739529214
645,645,0.0961062303663,0.818725501658
646,646,0.356591234523,0.18115768999
647,647,0.838027264956,0.0503339597754
648,648,0.714200752784,0.21281539744
649,649,0.0781569288509,0.65910715311
650,650,1.10190986337,0.458424841908
651,651,-0.024324743748,-0.91363134231
652,652,-0.442965882637,-0.636315064793
653,653,0.867812620098,0.211588554086
654,654,0.458304123451,0.671252195913
655,655,0.696733552815,0.400462789439
656,656,-0.241650393816,-0.661477656651
657,657,1.086621585,0.539308171725
658,658,-0.0310958418322,1.19092621861
659,659,1.02600479715,0.105304402764
660,660,0.331771853648,0.304993851673
661,661,0.407636451123,0.325392269944
662,662,0.634813770228,0.0972651457931
663,663,0.201644931248,0.288107525354
664,664,0.395921018691,0.589752548969
665,665,0.568206445124,0.696540565649
666,666,0.303187404451,0.386157517973
667,667,-0.160320483849,-0.885772390873
668,668,-0.160019092423,0.886939899073
669,669,0.14863284632,0.44346732573
670,670,-0.115204039237,-0.707079179491
671,671,0.544855727892,0.516328890028
672,672,1.22981416,0.0864440750916
673,673,-0.0585453123184,0.415498913137
674,674,-0.476186212536,0.987390034459
675,675,0.697910089619,-0.674361510259
676,676,-0.0272702914033,0.367119850452
677,677,0.619106144764,-0.143608877466
678,678,0.815978352592,-0.153859600644
679,679,0.0437801375433,1.02323206319
680,680,0.833147406093,-0.0192397280217
681,681,1.58358793803,-0.348086610635
682,682,0.971796608174,0.140080012057
683,683,0.788139634382,-0.172559971798
684,684,0.0669986984745,0.465588576302
685,685,0.2146592267,1.14414331241
686,686,0.0204667991019,0.832422584828
687,687,0.0610464196163,0.671839736436
688,688,0.125789123907,0.854181442048
689,689,0.202660175717,0.957445557978
690,690,-0.184704510716,0.601987019449
691,691,0.895506761186,0.256370527336
692,692,0.395591826489,0.106490980387
693,693,-0.0402505107627,-0.755861953233
694,694,0.206497722382,0.684132045507
695,695,0.0395188521155,-0.918150299039
696,696,0.366051859743,0.575417338335
697,697,0.667355026663,0.453157966643
698,698,1.08405300165,0.168061765303
699,699,1.40274588738,-0.0506991679213
700,700,-0.0327680598422,-0.686751087345
701,701,-0.0007826613722,0.861893158202
702,702,0.396664675318,0.664261568612
703,703,0.167438815834,0.845952627809
704,704,-0.0770212159491,-0.515209340639
705,705,-0.0137887422491,0.764601396808
706,706,0.122458594383,0.793631138608
707,707,-0.223503494172,-1.02965298739
708,708,0.258806383585,0.544154121813
709,709,0.462507024888,0.817994079283
710,710,0.0848869941684,-1.03131564791
711,711,0.558275388803,-0.0841854975157
712,712,0.0829422553689,-0.0405873767637
713,713,0.0278721078881,-0.351759558417
714,714,-0.134258031678,-0.997416890207
715,715,-0.149145638633,0.455626109831
716,716,0.238913519017,0.87555462715
717,717,-0.190988448206,-0.97955226287
718,718,0.464001302856,0.480860807373
719,719,-0.235279618931,-0.72543056405
720,720,0.0493264530395,0.676144514346
721,721,-0.0258203741406,-0.823422835123
722,722,-0.0154105992152,-0.958090619905
723,723,0.910869105898,0.618421876646
724,724,0.291331443202,0.786532927082
725,725,0.336549437747,0.592816061485
726,726,0.205899773886,-1.08942760833
727,727,-0.118677578362,-0.499384988022
728,728,0.485213966101,0.0344924009715
729,729,1.0951522125,0.224657081412
730,730,0.100827567632,-0.585013218082
731,731,-0.321799250519,-0.860471968786
732,732,-0.126268882348,-0.832820682613
733,733,0.906160097531,-0.0558223339148
734,734,-0.315943390579,-1.03185907997
735,735,-0.0461667037672,0.930252502139
736,736,-0.343235607365,-0.628493871542
737,737,0.147481901286,0.621671153058
738,738,0.613153765908,-0.71285280823
739,739,-0.143374500999,0.919400839792
740,740,0.429968182783,-0.881997951297
741,741,-0.0902970577029,1.17308797399
742,742,-0.0271340382955,0.68656993194
743,743,0.54583321369,-0.655248337226
744,744,0.654886890845,0.4682340484
745,745,-0.124650683763,-0.924725129149
746,746,0.0203530584922,-0.450048944829
747,747,0.755676274172,-0.773494295365
748,748,0.565198129274,-0.359873400382
749,749,-0.197496153602,-0.598889857489
750,750,-0.0423695288942,-0.827577661707
751,751,-0.536893242884,-0.292430037068
752,752,0.0875681423674,0.922817916692
753,753,0.982121352529,0.0107215978255
754,754,-0.0702163093277,-0.721815599466
755,755,-0.150589982868,-1.12793377513
756,756,-0.0214530735577,-0.346732611488
757,757,-0.375141851994,-0.7442210467
758,758,0.187904995343,-0.919056238969
759,759,-0.0956400249751,-0.43542356851
760,760,0.132200766484,-1.20325921237
761,761,-0.25536597982,-0.660272917089
762,762,-0.139445812143,-0.770707834945
763,763,0.0426755122781,0.959786930217
764,764,0.963941412329,0.289267641417
765,765,0.148110786709,-0.955911987557
766,766,-0.61081584825,-0.494065789163
767,767,-0.361959555799,-0.820435776399
768,768,-0.107731465932,-0.745605885735
769,769,-0.745618282102,0.100272496345
770,770,-0.336281047401,-0.511235120592
771,771,-0.144259683197,-0.987518445722
772,772,-0.239033041445,-0.829577897216
773,773,0.0946102697287,-0.776927183289
774,774,0.81338711806,-0.0292673368927
775,775,-0.00704520592185,-0.61039775353
776,776,0.307373889308,-0.78037588973
777,777,-0.0792455428076,0.965653017639
778,778,0.412909968906,0.271394067342
779,779,-0.121259894012,0.517780321627
780,780,-0.125498653436,-0.860640892697
781,781,0.172871958454,0.879954761014
782,782,0.110111713499,-0.655997166827
783,783,0.00203056831817,-0.61817899572
784,784,0.331027553888,-1.02372570355
785,785,-0.119769118478,0.732817155005
786,786,-0.157422336486,0.741909232456
787,787,-0.124975870347,0.824806620893
788,788,-0.0231532935323,0.709309416053
789,789,-0.058188817882,-0.8034423522
790,790,0.0587410258783,-0.947421067642
791,791,-0.187142418206,0.570715979041
792,792,0.237120360444,-0.555713897367
793,793,0.438779546317,-0.79404690685
794,794,-0.0121817790755,0.839625350123
795,795,-0.110968908995,0.622039336937
796,796,-0.202786691315,0.72910421341
797,797,0.155340156735,-0.837223602192
798,798,0.868924438219,-0.0619405253853
799,799,1.2011120195,0.0707554451173
800,800,1.07027225278,-0.0638437784365
801,801,1.02982226233,-0.194427646538
802,802,0.0989034563718,-0.751584355554
803,803,0.135396655851,-0.703116459452
804,804,1.20545899684,-0.0205005902869
805,805,0.00763594625213,0.968134406197
806,806,-0.111871472132,0.566207925432
807,807,-0.0132953362953,0.873662017242
808,808,-0.0271365015953,0.803257624545
809,809,0.171559086365,-0.617953998372
810,810,0.188436997811,-0.854992267586
811,811,0.205244540996,-0.879363312447
812,812,0.0834357069619,0.792370424636
813,813,-0.0811354931761,0.986360210767
814,814,0.00729141668099,-0.554874043182
815,815,1.11804411171,-0.0256774358793
816,816,-0.149176804509,0.639870709041
817,817,-0.0494823244589,0.841700898407
818,818,0.0907645757717,-0.916643404045
819,819,-0.0566180573305,-0.98248814775
820,820,-0.0817374584481,0.836478612616
821,821,0.183605934356,-0.688680283727
822,822,1.08797919302,0.0643536872474
823,823,1.21371918615,-0.299909245366
824,824,-0.0236120048682,0.71426576817
825,825,-0.180129318189,0.78618772098
826,826,0.927952998058,-0.13009558975
827,827,-0.000786648260412,0.670894328134
828,828,0.055246327882,-0.783780055398
829,829,0.210380918333,-0.849281587089
830,830,0.16372538253,-0.619752272421
831,831,1.1742986456,0.0807238634565
832,832,-0.0851972211892,0.703023538093
833,833,-0.081683150432,0.73767930505
834,834,-0.0722049326022,-0.582173185364
835,835,0.916382723783,0.169223118567
836,836,0.966587465501,0.163073591109
837,837,1.29767549045,-0.0859940696268
838,838,0.910718918052,0.103668783254
839,839,0.00517364959439,-0.720688783647
840,840,0.152350157472,-0.806214686139
841,841,-0.0101913366702,0.698143729512
842,842,0.0701199125298,-0.71986078101
843,843,0.190339089529,-0.558641492674
844,844,0.0377905032427,-0.778115344208
845,845,0.021471984353,0.70103235188
846,846,-0.150680439418,0.812830383852
847,847,0.0892423240904,0.731798845283
848,848,-0.17220086492,0.612417419514
849,849,-0.0832883547465,0.605148866599
850,850,0.29974916076,-0.91158005559
851,851,-0.0486887074819,0.415900443842
852,852,0.099835005803,-0.665567407653
853,853,-0.0946748315391,0.839095632602
854,854,-0.0106976318563,-0.944783161457
855,855,0.0362724107594,-0.787697305124
856,856,1.33581985792,-0.210585574882
857,857,-0.0210146306923,-0.614238169976
858,858,-1.10094209207,0.16988833323
859,859,-0.337171482236,0.551458582843
860,860,-0.570853300064,0.29475733748
861,861,0.311255577389,-0.509237394321
862,862,-0.339110232988,-0.640221767599
863,863,-0.322895614087,0.746757154182
864,864,0.0949580783767,-0.714414701919
865,865,0.868700194529,-0.16171492737
866,866,1.24682798587,0.118866018487
867,867,1.0029346046,-0.162398159834
868,868,-0.0147551484476,-0.744522753165
869,869,0.219795476083,-0.735352549863
870,870,0.290693887843,-0.559135744598
871,871,1.3063530549,0.251007108344
872,872,0.140028081414,-0.778659587924
873,873,-0.241962215101,0.633431628437
874,874,-0.121415539775,0.924348748682
875,875,1.14569699293,0.0916963141811
876,876,-0.0689741968096,-0.143264185602
877,877,0.0344941779871,-0.402297606327
878,878,0.172880056743,-0.766493999748
879,879,-0.29630246126,-0.736430057788
880,880,-0.0832284547006,0.583167359738
881,881,0.0157775986499,0.669220400588
882,882,1.00823444882,0.0993926283644
883,883,1.25363410253,0.17006665541
884,884,1.38157378862,0.254569161323
885,885,-0.0489056694069,-0.823817803858
886,886,0.0836498506884,-0.653777002145
887,887,0.0981401667843,-0.706880104819
888,888,0.994281755498,-0.0351991748803
889,889,0.115363099588,-0.661052495263
890,890,0.262921412494,-0.892746189593
891,891,1.24286724344,0.361782390088
892,892,0.111440034261,0.909543705805
893,893,0.0879757256095,-0.593621849922
894,894,0.375835388366,-0.694513764958
895,895,0.0926978336732,-0.474279893126
896,896,0.275410138255,-0.796319307105
897,897,0.159257813044,-0.693345557696
898,898,0.653682693151,0.619586060048
899,899,0.0676029567363,-0.757036371967
900,900,0.687007761533,0.0668884969298
901,901,0.0294462527439,0.705142351924
902,902,0.323222250868,-0.568599076828
903,903,-0.123151703279,0.685839506285
904,904,-0.163237564706,0.588956046508
905,905,0.918948667926,0.00877890043823
906,906,1.06678282758,-0.164026475326
907,907,1.02248261176,0.0995495008503
908,908,0.770850995237,-0.252537366571
909,909,0.970298583971,0.120203818149
910,910,0.944916667477,-0.00810336403871
911,911,-0.10417140872,0.668040387112
912,912,1.18771522428,-0.106364435167
913,913,1.59070110802,0.124419848764
914,914,0.963942947001,-0.242177050707
915,915,-0.140807456767,0.52989967067
916,916,0.0547475866858,0.480064831215
917,917,0.0570373104317,-0.739948878592
918,918,-0.0655505795848,-0.662445118769
919,919,0.946468301681,0.166676025691
920,920,0.345068594839,-0.512421557789
921,921,0.444769016993,-0.216068032443
922,922,0.0249277269133,-0.751340288943
923,923,0.0288806833861,-0.740842921795
924,924,-0.193715675699,0.621945980538
925,925,0.0458986406767,1.04967781675
926,926,-0.118982035581,-0.51599959064
927,927,0.189128516649,-0.775605671922
928,928,-0.190525622006,0.706602187329
929,929,-0.0882307804805,0.628003616066
930,930,-0.0944193942781,0.803873267084
931,931,1.12525493864,-0.00109955419539
932,932,0.743524412274,-0.468469762028
933,933,1.22093220725,0.184773218553
934,934,1.26006732496,-0.164783106172
935,935,-0.458782798997,-0.399255366976
936,936,0.523044105318,0.148241188886
937,937,0.847977942109,-0.268213811908
938,938,0.0427870065844,-0.718701230688
939,939,-0.431037916115,0.590710080101
940,940,-0.205068371178,0.845219734271
941,941,0.385797800271,0.45908441958
942,942,0.968566715079,0.10994816233
943,943,-0.716400822616,0.0797306776898
944,944,-0.012229413444,0.665377313515
945,945,-0.0266447434559,-0.626974192798
946,946,-0.428491227782,-0.429899706066
947,947,-0.202081659212,0.702268688543
948,948,-0.3427591249,-0.635884258721
949,949,-0.143337570472,-0.692076418827
950,950,0.318853439245,0.535592221552
951,951,0.0564122610493,0.629738886243
952,952,-0.0844302168263,-0.666688563322
953,953,0.0640735405109,-0.926991837293
954,954,0.234489424712,0.504657666338
955,955,-0.0277402715542,-0.609308885933
956,956,0.144928053146,0.622223596381
957,957,0.0127980505555,0.494821668858
958,958,0.269002229718,-0.860364968777
959,959,0.0828637613264,-0.782914438891
960,960,0.0790068552918,-0.758806226316
961,961,0.0414112994651,-0.750621918715
962,962,-0.107053356865,0.66194538615
963,963,0.35748195377,-0.217599114733
964,964,0.250518583277,-0.683622654758
965,965,-0.00318777821045,0.610359944196
966,966,0.61337064617,-0.23725048421
967,967,1.00850848283,0.133079278838
968,968,-0.0583623379893,-0.357508572236
969,969,-0.626343389036,-0.373145694224
970,970,-0.457517893584,-0.507739797463
971,971,-0.202898444606,0.870522394026
972,972,-0.418886976209,-0.294075477238
973,973,-0.364076348837,-0.524245295323
974,974,-0.3403073167,-0.499694048997
975,975,-0.433416905597,-0.383771412775
976,976,-0.305724045911,-0.487649370114
977,977,0.0930285430178,-0.551762528816
978,978,-0.15829452931,-0.550698198396
979,979,0.104617182036,-0.893645934352
980,980,0.334315368522,-0.61606865567
981,981,0.973945195886,0.0420943455931
982,982,0.0240020572453,-0.710773419159
983,983,-0.217756075347,-0.595198127619
984,984,0.0420336602631,0.589635249465
985,985,0.0814490171728,-0.468971160516
986,986,-0.0995576623878,-0.760475361843
987,987,-0.393449733516,-0.56284324327
988,988,-0.0982773887541,0.663421039014
989,989,-0.329325371582,-0.483956160799
990,990,-0.372440405002,-0.638440481506
991,991,-0.0102474284927,0.815151013828
992,992,0.117934622895,-0.794812847685
993,993,-0.122690226573,-0.600642791339
994,994,0.123263500041,-0.708014051888
995,995,0.853571260012,0.160189468342
996,996,0.188632123569,-0.802933162768
997,997,-0.14197290745,-0.696817836007
998,998,-0.476466584554,-0.539338146949
999,999,0.101906050075,0.259925819971
1000,1000,-0.213952522057,0.472574430139
1001,1001,-0.230185881996,0.405593084498
1002,1002,-0.380754125408,-0.481744491708
1003,1003,-0.971707397448,-0.184722216499
1004,1004,-0.0193373499449,0.628033990129
1005,1005,-0.0639289694506,0.64291753592
1006,1006,0.241693857955,-0.47008306229
1007,1007,0.405577581055,-0.156089128157
1008,1008,0.0108461244658,0.785082038053
1009,1009,0.157265312546,-0.550617430446
1010,1010,1.05102643517,0.125602968549
1011,1011,0.994259366354,0.0762170872807
1012,1012,1.15837912898,0.0861752611886
1013,1013,0.116938765714,-0.816860672971
1014,1014,-0.203695184646,0.849567125633
1015,1015,-0.0512769022936,-1.06898295254
1016,1016,-0.577324516278,-0.220097953116
1017,1017,-0.33046437413,0.697348138515
1018,1018,1.49433967401,-0.180223401513
1019,1019,-0.0313908363752,0.602304916605
1020,1020,0.0286262034515,-0.549825542021
1021,1021,0.587571957245,0.226121147127
1022,1022,0.131813863509,-0.61281071508
1023,1023,-0.24649919117,0.643200384596
1024,1024,-0.253102162083,0.572740372931
1025,1025,-0.182494509579,0.426987106445
1026,1026,0.61482143613,0.193060477383
1027,1027,-0.202702583724,0.0994643291221
1028,1028,-0.759264343524,0.0672162899246
1029,1029,1.13843661812,0.116294970512
1030,1030,-0.182679055987,0.372016689219
1031,1031,0.20459624796,0.722442158515
1032,1032,-0.102088448895,0.42471501477
1033,1033,-0.51885474929,0.0688921162037
1034,1034,0.000111455171914,-0.686138229817
1035,1035,0.53318027023,-0.304685553639
1036,1036,-0.347643858912,-0.154438216666
1037,1037,-0.0029982024874,0.847016550587
1038,1038,0.563316729676,-0.255412985957
1039,1039,1.17078606865,0.306822672492
1040,1040,0.0554204115861,-0.855495736988
1041,1041,1.3994665754,0.0465701799021
1042,1042,0.0847344042638,-0.672588708488
1043,1043,0.0908427410549,-0.553915827651
1044,1044,-0.193193663014,0.68548210477
1045,1045,0.0143701314953,0.801714205422
1046,1046,-0.202616626367,0.694031067945
1047,1047,-0.294018433988,0.67921237521
1048,1048,0.299533261399,-0.6110639926
1049,1049,-0.116284804377,0.681364733699
1050,1050,0.395199830428,-0.543863918576
1051,1051,0.0175017348976,-0.765923100917
1052,1052,-0.0188904482191,0.837386530958
1053,1053,-0.176097723988,0.909879640563
1054,1054,-0.345801802449,0.653390602867
1055,1055,-0.0428777108395,0.749285436384
1056,1056,0.196091869342,-0.700055962822
1057,1057,0.192104759296,-0.800881557373
1058,1058,-0.0576764967943,-0.658956202305
1059,1059,0.0296782469163,0.663860553694
1060,1060,0.0219462775143,0.734484413179
1061,1061,0.10441184309,-0.687522121631
1062,1062,-0.119976795265,-0.639904776918
1063,1063,0.17264619967,-0.705377494304
1064,1064,-0.0796058829531,0.722324523228
1065,1065,-0.113288445999,0.707875072216
1066,1066,0.119592097402,0.678635673895
1067,1067,-0.100474954315,0.994167980972
1068,1068,0.250451685983,-0.675073521265
1069,1069,-0.179792739537,1.06238706854
1070,1070,-0.148598259421,0.933824424023
1071,1071,0.0555561286989,-0.718507053128
1072,1072,1.16404961676,0.0337622373004
1073,1073,0.137364744982,-0.854795761954
1074,1074,1.20170594212,-0.145980978229
1075,1075,-0.322512317346,-0.452767773217
1076,1076,0.557917130186,0.496659892197
1077,1077,-0.707661273294,-0.369404013428
1078,1078,-0.588196221726,-0.280427465935
1079,1079,-0.169330035809,0.516685641564
1080,1080,-0.70785700525,-0.512985488892
1081,1081,-0.77826697191,-0.456532782208
1082,1082,1.04003294976,-0.0751082897776
1083,1083,-0.378794826011,-0.413895808785
1084,1084,-0.0828660140527,0.573616137903
1085,1085,0.109643679219,0.587831221427
1086,1086,-0.130495486374,0.410380998415
1087,1087,-0.703271266347,0.361777017683
1088,1088,-0.0322307412575,0.466885744283
1089,1089,-0.158102401383,0.565576186683
1090,1090,-0.303197747483,-0.585111708396
1091,1091,-0.50338673644,0.548743397881
1092,1092,-0.0956103257335,0.594727589526
1093,1093,-0.187249847271,-0.483011229773
1094,1094,-0.0460787008739,-0.813110838043
1095,1095,-0.247671164211,0.523708566565
1096,1096,-0.0710832909051,-0.646905266811
1097,1097,0.0292268487746,-0.758223013642
1098,1098,0.0727750288822,-1.00214315073
1099,1099,0.0746541224768,-0.554720801281
1100,1100,0.065302959087,-0.58016553392
1101,1101,-0.498784196283,-0.494779961766
1102,1102,0.0767609723625,-0.894484569189
1103,1103,0.0351561999732,-0.696397798677
1104,1104,-0.29092107614,-0.431680214484
1105,1105,0.226901442043,-0.937581214963
1106,1106,1.05453214615,0.0133243943715
1107,1107,-0.216268417982,0.762187790665
1108,1108,-0.539983249814,-0.301647630984
1109,1109,-0.090330309094,0.593763557016
1110,1110,0.21961644954,-0.692466566069
1111,1111,-0.0516425685704,0.76694645323
1112,1112,0.411206870872,-0.920889935827
1113,1113,1.11108542364,0.0713748234497
1114,1114,1.04678362713,-0.121794572377
1115,1115,0.241475104447,-0.702579659617
1116,1116,0.0396958596656,-0.793445496116
1117,1117,-0.241610153473,0.530088346741
1118,1118,0.277405232434,-0.521174110011
1119,1119,0.743258962719,-0.417020031435
1120,1120,-0.218010810885,0.66532125379
1121,1121,-0.282953201353,0.807350356395
1122,1122,0.116844400494,0.688571788794
1123,1123,1.06906506079,-0.128239340502
1124,1124,-0.0343882332258,-0.55350950421
1125,1125,0.182945400555,-0.57224604093
1126,1126,0.0730419637164,1.0155710351
1127,1127,0.245243203686,0.379329524054
1128,1128,0.726004006366,-0.271996311406
1129,1129,0.121535399132,0.63158596899
1130,1130,0.286769299072,-0.606936588847
1131,1131,-0.23534788608,-0.740362438047
1132,1132,0.0940996694949,-0.95835798244
1133,1133,0.0412886820545,-0.86708231398
1134,1134,-0.0207564825403,-0.621414863259
1135,1135,0.132518116434,-0.518966873873
1136,1136,-0.114227389311,0.907322321745
1137,1137,-0.0363085938187,-0.581708233751
1138,1138,-0.0976111773348,-0.741522429949
1139,1139,0.143640959776,-0.707380571537
1140,1140,-0.0584076387273,0.876456164412
1141,1141,-0.0900344870535,0.871314384065
1142,1142,-0.114808804543,0.820605370885
1143,1143,0.37676933333,-0.59153082021
1144,1144,0.774377933958,0.0644849900084
1145,1145,1.28966513064,-0.16417458512
1146,1146,0.453174959934,0.579159659777
1147,1147,-0.0638455156836,0.840374281071
1148,1148,0.074420702671,-0.667955257782
1149,1149,0.140721555825,-0.607983971457
1150,1150,1.15338610889,-0.0414189661174
1151,1151,0.164322060308,0.843560650367
1152,1152,-0.00645641278637,0.690010375611
1153,1153,1.32581387066,-0.198837157162
1154,1154,0.0574382865698,-0.650383253703
1155,1155,0.067966999035,-0.853330684181
1156,1156,0.930406250293,0.149173780937
1157,1157,-0.240049587487,0.779553313922
1158,1158,1.33682647712,-0.169202833434
1159,1159,1.17780213086,0.0785772978611
1160,1160,0.0733163814383,0.803834051249
1161,1161,0.129046520254,-0.686799980379
1162,1162,-0.0374286788894,0.861202206664
1163,1163,0.0489604021008,0.571659733839
1164,1164,0.170558612398,-0.610273617145
1165,1165,0.943760532211,0.36677371569
1166,1166,-0.0810215020159,0.643645935557
1167,1167,1.22391196791,-0.138648419058
1168,1168,0.391454533856,-0.466887306204
1169,1169,1.01937038592,-0.157255025349
1170,1170,1.23023751436,-0.147950097854
1171,1171,0.312501721496,-0.699684724896
1172,1172,0.0234416615221,-0.60323348709
1173,1173,-0.0491321906884,0.580927774946
1174,1174,-0.13268600757,0.979504459405
1175,1175,0.264398234125,0.837542253941
1176,1176,-0.208247413296,0.939241902919
1177,1177,0.164300271184,-0.70329120117
1178,1178,0.810786766068,0.0184437507515
1179,1179,0.170432661011,-0.695308556327
1180,1180,-0.0238484173242,-0.632618971635
1181,1181,0.955842404521,0.0550824369229
1182,1182,0.0834213613339,-0.706389471793
1183,1183,-0.170577523059,0.648508784008
1184,1184,-0.139793617612,0.877146721087
1185,1185,0.0539122603943,-0.666072153599
1186,1186,-0.111831836534,-0.867421484615
1187,1187,-0.175792533822,-0.715405283222
1188,1188,0.360386888776,-0.427891936268
1189,1189,0.20471571087,-0.846768338344
1190,1190,0.076084726464,-0.738496603157
1191,1191,0.00831360438981,-0.686085340011
1192,1192,0.00740725889516,-0.653801285329
1193,1193,0.0251066917331,-0.661994970437
1194,1194,0.107870975807,-0.622242196596
1195,1195,-0.095566653799,0.643184756131
1196,1196,0.999955312708,-0.0378304867592
1197,1197,1.09310307117,-0.139307968863
1198,1198,1.01627375061,-0.0847746640215
1199,1199,1.37722787481,0.00455952029409
1200,1200,0.168472229198,-0.800117087493
1201,1201,0.156756045202,-0.761806052065
1202,1202,0.026960072437,0.619688919993
1203,1203,-0.0114635917109,0.790543354728
1204,1204,0.0419109038511,0.748365156829
1205,1205,0.400900939048,-0.773961407078
1206,1206,-0.203049835231,0.77504463044
1207,1207,-0.0430601549631,-0.893889790585
1208,1208,0.24899188501,-0.856909961976
1209,1209,1.07654699955,0.0786592214496
1210,1210,1.13895213361,0.0218382169471
1211,1211,-0.296252321035,0.638819322118
1212,1212,0.155838460312,-0.648699828615
1213,1213,0.965060508777,-0.147787729512
1214,1214,0.966904724541,-0.184209334414
1215,1215,0.00279753046564,-0.776402567516
1216,1216,0.174595580636,-0.713870140653
1217,1217,-0.0530725510486,-0.845404603413
1218,1218,0.0798308357832,-0.697535086617
1219,1219,1.07428522779,-0.0405684753083
1220,1220,0.640538923242,-0.484771106846
1221,1221,0.709963758771,-0.524032404486
1222,1222,0.838449193103,-0.151104991681
1223,1223,0.545070445246,-0.425125114589
1224,1224,1.20794134138,-0.127218483815
1225,1225,1.17681260253,0.00444025468753
1226,1226,0.0658848966721,-0.120213029256
1227,1227,-0.0647048077667,1.02738888973
1228,1228,0.451124390692,-0.0412853536408
1229,1229,-0.0487797605119,0.892213023466
1230,1230,-0.00486096516274,-0.85428301678
1231,1231,-0.136618268491,-0.652772507823
1232,1232,-0.0816217181955,0.854270131061
1233,1233,0.2147765039,-0.634684246417
1234,1234,-0.211416791751,0.752399400715
1235,1235,0.143327482076,-0.591548498591
1236,1236,0.991002276755,-0.217635297894
1237,1237,0.0432612916239,-0.808574737321
1238,1238,-0.0399140496919,0.636889085582
1239,1239,0.21025155735,-0.908778770925
1240,1240,0.111714044599,-0.887648703186
1241,1241,0.920552451308,0.100115475595
1242,1242,0.115134892586,-0.580321556415
1243,1243,-0.0361657639996,-0.600114328188
1244,1244,0.0177471609258,-0.653515434778
1245,1245,-0.0697209547931,0.792687747867
1246,1246,0.241220722576,-0.996882747902
1247,1247,0.137859040562,0.782334429141
1248,1248,-0.261270811487,0.801791464598
1249,1249,0.180158549696,-0.89684938394
1250,1250,-0.0194519245343,0.799340281592
1251,1251,-0.0483778473939,0.76781123179
1252,1252,0.193151891107,0.80311813268
1253,1253,0.225911024023,-0.600682814965
1254,1254,1.17766773399,0.151058680721
1255,1255,1.42150686446,0.01232448698
1256,1256,1.26492099987,0.169738958883
1257,1257,1.03465802343,-0.0940670845068
1258,1258,1.22643744757,-0.0836644104153
1259,1259,1.13759270459,0.285889664758
1260,1260,1.21268605618,0.172000603463
1261,1261,1.1772728614,-0.131465548709
1262,1262,0.0655117732176,-0.636988348513
1263,1263,-0.0598509328589,-0.720361305045
1264,1264,1.44305936907,-0.269700665699
1265,1265,-0.0660428296876,0.912730463061
1266,1266,0.75340182661,0.0596088537256
1267,1267,1.37863053307,0.284934996235
1268,1268,0.295063373011,-0.687788344496
1269,1269,0.0590945288886,-0.835013868552
1270,1270,1.20230082588,-0.189982689393
1271,1271,-0.0198922319261,0.588952086397
1272,1272,1.10741797645,-0.0925172939559
1273,1273,0.183294214212,-0.861106047638
1274,1274,0.518669962204,-0.365405704896
1275,1275,-0.179337837045,0.979165197441
1276,1276,0.233382235404,-0.876700520846
1277,1277,0.163502105014,-0.875488894872
1278,1278,0.993897733958,-0.16585431131
1279,1279,1.25417147832,-0.117516835547
1280,1280,0.579267130665,0.028929298836
1281,1281,1.23231737791,-0.214034042369
1282,1282,1.02712639615,0.0334207862994
1283,1283,1.04979643344,-0.0215364742958
1284,1284,0.0995291348365,-0.659780615401
1285,1285,0.175906180377,-0.725608667931
1286,1286,0.07850159316,-0.242802979504
1287,1287,0.993239855032,-0.0547831451478
1288,1288,0.0504953209092,-0.884539583234
1289,1289,0.032802670289,-0.70458691912
1290,1290,0.202709268091,-0.664508093419
1291,1291,0.770161811703,-0.148999547108
1292,1292,0.00704120166639,0.699340526286
1293,1293,1.32198852589,-0.0404281580789
1294,1294,0.943039456143,-0.0201982492079
1295,1295,0.449966192246,-0.454153207867
1296,1296,0.137064400619,-0.937420083265
1297,1297,-0.0317482384291,-0.738455855852
1298,1298,0.828407184774,-0.27775459211
1299,1299,-0.02279317502,0.835868560403
1300,1300,0.265300754582,-0.659937400035
1301,1301,0.0448730757835,0.771909540591
1302,1302,-0.0474761299415,0.588499567306
1303,1303,0.235607963601,-0.73218123362
1304,1304,-0.180631294342,0.653929186088
1305,1305,0.116943882373,0.67514754768
1306,1306,0.020351909136,0.701372853893
1307,1307,-0.0848282595633,0.615981692511
1308,1308,-0.173872939384,0.652172316903
1309,1309,0.0228267301918,0.604031958251
1310,1310,-0.0392439586026,-0.766066795126
1311,1311,-0.0527719695082,-0.539845443515
1312,1312,-0.0979459993657,0.834140975238
1313,1313,0.154908776562,-0.785262039102
1314,1314,0.224395044137,-0.752790662067
1315,1315,0.269960046762,-0.960559257656
1316,1316,-0.0292451764357,0.97164170747
1317,1317,-0.123136267609,0.781111402118
1318,1318,0.148420021811,-0.687082092051
1319,1319,-0.141155443407,0.877522157067
1320,1320,0.07512756082,0.809042448341
1321,1321,0.0330025834572,0.742497937647
1322,1322,0.0423522725276,0.648510100898
1323,1323,-0.148224183155,0.890963571171
1324,1324,0.313130943568,-0.818442390623
1325,1325,0.517023662586,0.480201893821
1326,1326,0.950565764606,0.000491366679621
1327,1327,-0.0165511080729,-0.876555069924
1328,1328,-0.0753380226889,-0.873801656416
1329,1329,1.41780413355,-0.314693078904
1330,1330,-0.0719643759198,0.837861052895
1331,1331,0.365915442416,-0.751685588757
1332,1332,0.852032473058,0.00615339465763
1333,1333,-0.120623633358,-0.886529013505
1334,1334,0.0920875585391,0.974194418998
1335,1335,-0.00497669672136,1.07977402486
1336,1336,0.357222807789,0.396578434159
1337,1337,0.123120181331,0.829716235772
1338,1338,0.891493148118,0.225230582425
1339,1339,0.00695694607359,0.829475419578
1340,1340,0.435614195985,0.554140179054
1341,1341,0.518777491326,0.272497359534
1342,1342,0.871220207522,0.384623548656
1343,1343,0.163879285848,-0.628353771639
1344,1344,-0.0665714821292,-1.0772030289
1345,1345,0.840042991063,0.0220372253527
1346,1346,0.297281486774,0.817620651457
1347,1347,1.07854360063,0.248624861283
1348,1348,0.381840890669,0.721294898502
1349,1349,0.1616320657,0.710251893944
1350,1350,-0.152614377884,-0.87977312756
1351,1351,0.868164854032,0.181416925547
1352,1352,-0.767696056757,-0.25379347269
1353,1353,0.0587082762082,-0.752330976588
1354,1354,0.129347033402,0.930481593467
1355,1355,0.812275476699,0.217982085492
1356,1356,1.37238622581,0.394816194757
1357,1357,0.145039609633,0.523015741986
1358,1358,0.372426344261,0.507736956733
1359,1359,0.793456878742,-0.0268946274253
1360,1360,0.917667984697,-0.316261297158
1361,1361,0.322622759894,0.041308821359
1362,1362,-0.349653423671,-0.987785731359
1363,1363,-0.255415814838,-0.50829892974
1364,1364,1.45403090786,0.325187229101
1365,1365,0.822935654968,-0.535907814323
1366,1366,1.12169043968,0.233733887408
1367,1367,-0.249650920183,0.600368653524
1368,1368,0.346149512808,0.785571655039
1369,1369,0.262317378119,-0.958799502396
1370,1370,0.308980729493,0.697244262346
1371,1371,1.52920921962,0.134604850374
1372,1372,0.972898383637,-0.00729768080411
1373,1373,0.311495028482,0.757560614047
1374,1374,0.735195909716,0.132248945241
1375,1375,0.216658207366,0.619731356118
1376,1376,0.467717856215,0.463129090464
1377,1377,-0.427842165996,-0.30147136152
1378,1378,0.0508603421164,-0.886228238031
1379,1379,0.901069511547,0.152907639332
1380,1380,0.105356011416,0.61821854209
1381,1381,0.456380948844,0.61754971163
1382,1382,0.126528687973,-1.24321121764
1383,1383,0.0136498855558,0.831460689017
1384,1384,0.946204464496,0.181919647424
1385,1385,1.36477351143,0.199097828247
1386,1386,0.76740219774,-0.221961633684
1387,1387,0.499002224676,0.532215053574
1388,1388,1.45918407189,-0.401428496318
1389,1389,0.279189864017,0.286651241259
1390,1390,0.146186164431,0.876795459223
1391,1391,-0.0377087023224,1.15850056789
1392,1392,0.0672741978899,-1.0118728861
1393,1393,0.695819047695,-0.0511357917688
1394,1394,0.601647452923,0.0429565343541
1395,1395,1.51017759764,-0.59187505115
1396,1396,1.38891693758,0.294639974286
1397,1397,0.319330853111,-1.16571650335
1398,1398,0.142458430332,0.608652448692
1399,1399,-0.306758802506,-0.908755151745
1400,1400,1.07482977777,-0.248844741478
1401,1401,-0.557512314314,0.0544599808168
1402,1402,0.0252642973133,0.80863973493
1403,1403,0.929175002028,-0.431519915307
1404,1404,0.0802658455408,0.891240232556
1405,1405,0.000771967673522,0.873793023567
1406,1406,0.023938870524,0.742931205239
1407,1407,-0.192344423994,0.826233322535
1408,1408,0.0378654021492,1.04069462608
1409,1409,0.0403285805629,0.83193256527
1410,1410,-0.16748661004,0.923399242975
1411,1411,0.167936834402,0.686175472757
1412,1412,0.0170533422319,0.875093896443
1413,1413,0.128972019496,0.964283917009
1414,1414,0.521193255236,0.828325703915
1415,1415,0.0478614705703,0.407411577538
1416,1416,0.323252595997,0.916818611999
1417,1417,1.03055379234,0.00111594916117
1418,1418,0.256351599249,1.18132785217
1419,1419,0.421945910515,0.130886857409
1420,1420,-0.74146669501,-0.437282540787
1421,1421,0.097756430267,-0.00241361682149
1422,1422,0.800398051653,-0.0826551359119
1423,1423,1.29669198383,0.0550284850176
1424,1424,-0.215932406877,-0.890971209683
1425,1425,0.30334978037,0.735090123243
1426,1426,0.0476578379158,0.554052740507
1427,1427,1.05045538704,-0.154368983219
1428,1428,1.12796263696,0.342723336094
1429,1429,1.21191538598,-0.247943179367
1430,1430,0.793651890035,0.529927724035
1431,1431,1.59879881961,0.0067834847489
1432,1432,1.30493563118,0.224183522879
1433,1433,1.13259711726,0.041454741917
1434,1434,0.453944987482,0.342885101309
1435,1435,0.628535479671,0.173539847317
1436,1436,-0.0548371389454,-0.59750183845
1437,1437,1.00437607892,-0.154972535033
1438,1438,-0.0755007618481,0.764757806091
1439,1439,0.224464985879,0.728789745718
1440,1440,0.173375766152,0.574409116343
1441,1441,0.67899062286,0.0117753340987
1442,1442,0.218204215672,0.686023103472
1443,1443,0.207494487183,-0.607131081761
1444,1444,0.460571956563,0.455336488781
1445,1445,0.00735430345198,0.800436187708
