,vote,alpha,beta
0,0,-0.0881941061524,2.48676567038
1,1,-0.480655417014,-2.61619705874
2,2,2.5973152575,0.050284501428
3,3,2.31479539512,0.0219249745456
4,4,0.50655574723,-1.36001827367
5,5,2.98984414994,-0.552011240568
6,6,2.27962913925,0.564254632647
7,7,2.34679705192,0.81820806384
8,8,0.0710587352102,-2.05904271795
9,9,1.16573181244,-1.31784939785
10,10,2.71617560696,0.0232916902949
11,11,2.78051502731,-0.603227407453
12,12,2.61519991805,0.733750482478
13,13,2.42750909331,0.321167196531
14,14,2.93953475944,0.190167409224
15,15,2.2012263614,0.0630580827142
16,16,0.102110022737,2.40706761365
17,17,0.676881303493,-0.670152233653
18,18,2.47650859739,0.0409648886581
19,19,2.5202123485,-0.0531185131143
20,20,1.73563689085,-0.765187693536
21,21,0.0265389019445,-2.86510687571
22,22,-0.0485900401234,-2.72797611311
23,23,3.02752719243,-0.109556944606
24,24,0.606898478037,-1.97422609285
25,25,1.34282710351,-0.228411143552
26,26,-0.745125144567,0.0543147455973
27,27,-0.438764871132,2.72595307077
28,28,2.53766188951,0.0707933253338
29,29,2.44168770343,0.371478856814
30,30,2.27649643375,-0.0128057203997
31,31,2.32143540459,-0.0574349392207
32,32,0.110005917402,-2.48392886883
33,33,0.25711067109,-2.99737154759
34,34,1.32586909801,-0.426179748738
35,35,0.135762699472,2.35528318587
36,36,-0.371574659841,-2.81719341536
37,37,-0.0588777511987,-2.37384133106
38,38,0.328549157434,-2.72205290578
39,39,-1.09732736959,-1.46293553524
40,40,1.89519494667,-1.45544281074
41,41,0.310610840226,2.59873513052
42,42,-0.37039355317,-2.48803535854
43,43,2.93631224461,0.409715988811
44,44,2.88295226985,0.0408449134578
45,45,3.50269553449,-0.0175225624441
46,46,2.36074081359,0.0153718418768
47,47,2.23598217172,-0.242302008467
48,48,2.78407106477,0.720594282308
49,49,2.03733557468,1.74990105654
50,50,0.00711908956909,-2.62044984126
51,51,0.203514566561,-2.29385216092
52,52,-0.585534260046,2.80210482551
53,53,-0.184518645528,-2.71722407076
54,54,0.0664585818986,-2.65878948887
55,55,0.0257563140631,-2.36363818969
56,56,1.0056192724,-2.65029659353
57,57,-0.817618975057,2.1306127794
58,58,-0.186455913397,2.82347788207
59,59,0.149054945433,-1.68301241553
60,60,1.09235556269,-2.49572866535
61,61,1.95141472945,0.163270456698
62,62,2.25567382338,0.156772562251
63,63,2.90705423938,-0.135347962082
64,64,2.79409199158,-0.31533149926
65,65,2.93987770917,-0.24032205663
66,66,0.145673723116,-2.5846125514
67,67,0.77749803795,-2.79047358237
68,68,1.12483687969,-2.14137718785
69,69,-0.608270758162,-1.79245468072
70,70,-1.34087076564,1.8088797238
71,71,-0.824152506023,2.03217238168
72,72,-0.775217989102,2.11870937131
73,73,-0.806258241027,2.49305488092
74,74,-1.0023641644,2.281583186
75,75,-0.78792468273,2.34791076959
76,76,-0.417422423607,2.22138849233
77,77,-0.713448197105,1.64572093675
78,78,0.113655958228,2.89024594931
79,79,0.804805716015,-2.30642989215
80,80,-1.02953571122,-2.2676921285
81,81,-0.563480296731,-2.69955129767
82,82,0.107132752216,-3.23236874722
83,83,-0.236656246027,2.50729931698
84,84,-0.109888287419,-2.02083399624
85,85,2.87973157347,-0.0833532651496
86,86,2.24444578685,-0.673472012015
87,87,-0.307117364147,-2.95466489683
88,88,0.115129758245,-2.53870864129
89,89,-0.66486456193,-0.8914845619
90,90,0.336477340164,-0.564712533589
91,91,-0.293883339501,-2.05470411097
92,92,-1.04695548816,2.07049115631
93,93,-0.849111701412,-1.80685312193
94,94,0.144065153461,2.53563040635
95,95,2.16195507424,-0.0990521796702
96,96,-1.11507084278,2.17140290959
97,97,-0.866447128589,2.12865892522
98,98,-0.3225106194,0.224160415102
99,99,-0.0884781187162,1.71076267112
100,100,-0.0253519549336,1.80625250727
101,101,-1.04442628936,0.600772564472
102,102,-0.459107411591,-1.58512193834
103,103,-0.999055076589,1.71720124147
104,104,-0.283676036196,-0.89976538943
105,105,-1.04178536493,-0.0182063008578
106,106,0.657727859661,0.875617224634
107,107,0.189477992943,-1.58288749149
108,108,-0.367077442589,0.631998085074
109,109,-0.382412434412,0.643715408271
110,110,1.45552385806,1.55065817024
111,111,-0.0306128364978,-2.10868665059
112,112,-0.44887810949,-1.54984277659
113,113,-0.0508908599499,-1.95532766232
114,114,0.225424369304,3.06606892482
115,115,0.314283896636,-1.3268336619
116,116,2.81204927063,0.153154308952
117,117,2.71306810313,-0.33207695777
118,118,0.350334625695,-2.47367488561
119,119,1.98335136741,-0.408299930098
120,120,2.5840404349,-0.14495286994
121,121,-0.173944177376,2.21618967235
122,122,1.38006742355,-1.57717010678
123,123,2.46773165942,0.0593352789302
124,124,0.601617603499,1.57756166914
125,125,0.329505789024,-2.86461618656
126,126,0.464071927597,-2.26636434501
127,127,-0.904443934151,0.656070846929
128,128,0.207568596347,-1.91009644717
129,129,-0.252022562624,-1.42708534452
130,130,-0.849932762008,-1.47524966988
131,131,0.743728037041,0.86437748487
132,132,-0.291839731469,-1.5978757055
133,133,0.023079872211,1.49069537601
134,134,0.389903676729,-2.13945382174
135,135,1.0257729713,1.9793108503
136,136,-2.23171832837,1.40231896035
137,137,-0.632375036602,0.781148934663
138,138,-1.37142051334,0.868351197521
139,139,-0.0434174224199,2.02241475968
140,140,-0.523165266839,0.146850439763
141,141,-0.727238632659,0.462556260686
142,142,0.225744726999,-1.87295625551
143,143,-0.94781031796,2.2633378237
144,144,-1.4830161064,1.97393995079
145,145,-0.907354888117,1.36386717868
146,146,1.75570032069,0.630444722597
147,147,-0.142066454318,1.41584792362
148,148,2.67791264659,0.271329368392
149,149,2.92911800998,-0.0409142065062
150,150,0.0326153185105,2.32531181436
151,151,0.933993240799,-0.734734466121
152,152,2.96874869157,-0.0096452529309
153,153,2.21177927003,-0.192717391099
154,154,2.71974516492,0.376579057257
155,155,0.154362835033,-2.79861405274
156,156,0.366200876564,-2.11306466311
157,157,2.88177177658,-0.228463410704
158,158,0.133369986561,-2.08211378838
159,159,1.75058837643,0.597926613748
160,160,0.0436769486422,-2.30277046268
161,161,0.442909792862,-1.81612923361
162,162,-0.664236420312,2.56009178211
163,163,0.399459585033,-0.413389948897
164,164,-1.17718655226,-1.10028950116
165,165,-0.124679930085,1.53839608415
166,166,0.128014812585,-3.02696628116
167,167,-0.844956622974,1.48308932205
168,168,0.90452206653,1.4096673059
169,169,-0.0344686037074,0.136587421633
170,170,-0.910608139348,-0.616696246532
171,171,-1.30989738918,-0.994280754559
172,172,-1.04971895889,1.11418155994
173,173,-1.39779942167,-0.8886053821
174,174,-0.649794777215,-1.94889487704
175,175,0.163918822029,1.68151324657
176,176,0.264982205025,0.75712349573
177,177,0.432579235673,-2.25171344585
178,178,0.188283125789,1.08515959137
179,179,-0.498895990933,-1.4302695245
180,180,-0.928490580307,-1.36847443923
181,181,0.908100211947,-0.421295881867
182,182,-0.316087505157,-1.17169070488
183,183,0.0882442416161,1.04759976529
184,184,0.0453367735691,0.34875477246
185,185,-0.125961823262,0.291581380275
186,186,0.453733230981,-0.483419543387
187,187,0.122029701938,-0.368774324159
188,188,0.0390068330607,-0.630548455459
189,189,-0.049844694715,-0.389024852059
190,190,0.086610408085,0.350104024417
191,191,-1.43385264147,-2.11984396457
192,192,-0.262112185231,-2.61554999328
193,193,0.242836436316,3.08681473324
194,194,-0.31941740285,-0.851313880687
195,195,2.43812452126,0.165038454262
196,196,2.77915516919,0.484013116908
197,197,0.043070141855,-2.69321393791
198,198,-0.624888070862,1.32564857656
199,199,0.42211661222,-1.94830346012
200,200,0.411065213712,1.80593472478
201,201,-0.0337100741559,2.40477021158
202,202,1.20896243524,-2.32281946867
203,203,3.14743084814,-0.187665756882
204,204,-0.227923647609,2.38999905635
205,205,0.110149510063,-2.2467150567
206,206,0.304611181531,-1.40312242015
207,207,0.179875983381,-1.74124998794
208,208,-0.653600386804,1.93906824509
209,209,0.0750153912272,-2.5630276446
210,210,0.512079295242,-0.600709118766
211,211,-0.359150109122,-2.27463684481
212,212,0.443649105359,2.20457308012
213,213,-0.733486402605,2.07726225202
214,214,-0.0383318665727,2.64506649593
215,215,0.756884899579,-1.98793379358
216,216,2.03716797504,-0.748357033762
217,217,1.82766474691,-1.29402392164
218,218,2.19028886873,0.158578015584
219,219,0.0599307004642,-2.32356141948
220,220,0.536757430871,-2.06305878704
221,221,1.88210087577,0.580009449753
222,222,-0.579540700123,2.18293238173
223,223,0.10489819378,1.92360782228
224,224,-1.06602928358,1.69214291287
225,225,-0.447721373856,0.274213103761
226,226,-1.29965667935,-1.87786731766
227,227,-0.875570613361,1.71128080866
228,228,-1.35531500711,-2.00090634975
229,229,0.234520545598,1.79830661674
230,230,-1.37652237268,-1.49125496032
231,231,1.6594835244,0.905943424249
232,232,-0.125893612129,1.6681049045
233,233,-0.478119065306,1.5620433902
234,234,-0.866294498569,2.2252270623
235,235,-0.945041309969,1.87871209596
236,236,-0.649783492709,1.51551631157
237,237,-1.15635881021,0.621042159131
238,238,-1.01353147561,1.48792618394
239,239,-0.95555779433,1.35819046686
240,240,-0.814675436526,1.60979773767
241,241,-1.27215010264,1.79977335257
242,242,0.0652679306528,-2.64388815888
243,243,-1.20311844291,-1.83853115639
244,244,-0.72472137346,2.2174308216
245,245,-0.0297066043665,0.99091352916
246,246,-1.37992526622,-0.996076497697
247,247,-0.365412236843,1.24328433586
248,248,-0.697303346909,0.279404190524
249,249,-0.434984037692,0.281103250882
250,250,-0.986599637118,0.653750430413
251,251,0.221979384241,1.38074221686
252,252,-1.40456031527,-1.23777620812
253,253,0.258559822156,-2.18793781772
254,254,0.0643042051685,-2.15399048193
255,255,-0.596661352741,1.49058686192
256,256,-0.349607444251,0.661688105426
257,257,-1.14379711739,-1.41833507609
258,258,-0.290180312626,2.22251350145
259,259,-0.00250327392681,-1.98331977067
260,260,0.113520020432,-2.43553141738
261,261,-0.416236565892,-2.90987581792
262,262,0.0270412465431,2.18286804155
263,263,0.378383198126,-2.65840670604
264,264,0.060824455367,-2.46009738688
265,265,-0.213888379351,2.8270447975
266,266,-0.415350628291,-2.11090708465
267,267,2.12318994653,-0.0457328609488
268,268,3.16556481391,-0.172543718724
269,269,3.12236091207,0.0321788737901
270,270,0.0466644227596,-3.26287248885
271,271,0.490976908201,-2.55628438483
272,272,-0.950294559827,0.24286188572
273,273,0.0675032982993,3.35169527801
274,274,1.12210107958,-2.23098069079
275,275,-0.47392525486,2.39775915512
276,276,0.704161410882,-1.93852094459
277,277,0.15062959648,-2.32506562984
278,278,0.0505608191481,-2.39413586188
279,279,0.998950885338,1.71156479127
280,280,0.737695370035,-2.42635885552
281,281,0.428914031091,-1.97720083714
282,282,-0.175365493385,2.54405609869
283,283,-0.0382282499438,-2.9883613189
284,284,-0.251908104771,1.93962041485
285,285,-0.197991483451,1.94621640501
286,286,0.21690789048,2.87395992451
287,287,-0.488123757905,-2.5304425265
288,288,2.25767261473,-0.0340988806205
289,289,2.82928008533,-0.0250887587022
290,290,0.174013274134,-2.68545495606
291,291,-0.33704173086,-2.53861595829
292,292,-1.33820164365,0.543648452322
293,293,1.09550162546,-1.9887071646
294,294,-0.522015469483,1.42009419482
295,295,-0.843619289862,1.17248372237
296,296,-1.66717613962,0.841750346394
297,297,-1.30722519315,-0.89307001246
298,298,-0.706284099969,1.52564892015
299,299,-0.46406320311,1.82465207487
300,300,-0.259896958458,-0.319022112564
301,301,0.367171612582,0.180390795529
302,302,-0.171710494773,0.537682555989
303,303,0.278188748061,0.339962046679
304,304,1.15489979838,-0.641328487937
305,305,0.903735703714,0.426724509673
306,306,-0.505813982563,0.498393718551
307,307,0.890417625484,-1.86725219351
308,308,0.751962389551,-0.34837172531
309,309,0.424489807668,-2.41769398209
310,310,1.08827773623,0.738503078833
311,311,-1.3187835342,1.18130661284
312,312,-1.27739362382,1.66945538978
313,313,-0.261548221516,-0.485827784291
314,314,-0.320154513998,-3.08947427236
315,315,0.267614779533,-2.61237346408
316,316,2.42909751289,0.167143847273
317,317,0.548503969727,-2.73674986398
318,318,-0.170365322035,0.191809950674
319,319,0.485271648788,-1.86286440778
320,320,0.20965120248,1.06607201712
321,321,-0.7481568379,-0.88546954436
322,322,0.632138220316,-2.44260628693
323,323,0.482753673053,0.440602767969
324,324,1.11180760293,1.35093806565
325,325,-0.173191316216,1.40560456902
326,326,-0.337807789585,1.77125234495
327,327,0.338955299664,-2.91532754239
328,328,-0.145609525698,0.916237030334
329,329,2.37378438658,-0.666087672262
330,330,-0.103069846781,0.171281495137
331,331,-0.363863103664,2.0893236071
332,332,1.05666293031,-0.935376011923
333,333,-0.468375904703,2.33215154971
334,334,-0.547233638401,2.09969818667
335,335,-0.00157553640241,3.40147447889
336,336,1.20763135191,-1.84045821063
337,337,1.4832913836,1.30876253414
338,338,-0.193527033187,-2.32502674815
339,339,0.251995870567,0.634376372676
340,340,-0.0808374668962,-0.427948205561
341,341,-0.430546485727,-0.909825569719
342,342,-0.557014488706,1.21858787204
343,343,-0.998814772229,0.982664509765
344,344,-1.04400190804,1.04489361189
345,345,1.58913007725,-0.413290301442
346,346,1.8822543835,-0.444603923845
347,347,-0.342707478962,2.56435375233
348,348,-0.263496036677,2.780104523
349,349,0.1824843294,-2.39732988396
350,350,0.279082190145,-1.69400728065
351,351,-0.223492896804,2.26003150239
352,352,0.503995044007,-2.03365794088
353,353,-0.0172926229294,-2.42486897424
354,354,0.27111583237,-2.31424492406
355,355,2.28205126845,0.249920883336
356,356,0.4724456894,-2.33858822836
357,357,0.536906927918,-2.64527494456
358,358,0.185465743953,-2.3477257156
359,359,1.49187898582,-2.17464404759
360,360,0.595859670334,-1.34261067612
361,361,0.0479173390061,2.09512354503
362,362,-0.682039669407,1.91599410917
363,363,-0.104008202085,2.39926788909
364,364,-0.138499291013,2.30044241759
365,365,0.207859757695,2.85412020881
366,366,0.435741647053,-2.020529681
367,367,-0.397452162166,2.33575759734
368,368,0.225090377918,-2.27714790464
369,369,2.3186608925,1.15599186919
370,370,3.20312303121,-0.188483366212
371,371,2.40498665558,-0.0904944915641
372,372,2.23665329368,0.312805857521
373,373,2.02099691936,0.285858937025
374,374,2.6916296846,0.17395520105
375,375,2.74806208881,0.0744025209245
376,376,2.55330743809,0.0248714741788
377,377,2.19789362378,0.229020945901
378,378,0.163562876745,-2.90407987793
379,379,-0.15557661332,-2.66872980531
380,380,0.355387946236,-2.88662669409
381,381,2.67799235939,0.162197794842
382,382,3.07379063191,0.460677031629
383,383,2.37341690086,0.969525037779
384,384,0.221005806344,-2.52618829259
385,385,0.463897178476,-2.52084860056
386,386,2.07741377348,0.490147851898
387,387,-0.613710865771,2.20191578055
388,388,-0.641655224839,2.2919689933
389,389,-0.284590251412,2.21385773681
390,390,-0.854637646812,2.67485760401
391,391,3.39704016425,-0.133135343664
392,392,0.187840142511,2.4928266438
393,393,0.391823067013,-2.09376860076
394,394,-0.268761216593,-2.58148607598
395,395,0.300478933703,-2.80675105847
396,396,-0.0554374478913,-2.05969812204
397,397,-0.24774659465,2.47122847293
398,398,-0.696384463216,-2.35250898356
399,399,0.184713797391,3.03741940532
400,400,0.0788208068626,-2.91676494655
401,401,-0.30011863731,-1.9320981826
402,402,0.702179886002,-2.12940250311
403,403,0.735580161855,-2.16313309823
404,404,0.18011546977,2.46744413671
405,405,0.912717376086,-2.43447496048
406,406,1.04395701206,-0.870378997525
407,407,2.49480939104,0.130780986151
408,408,3.21198856998,-0.381755767991
409,409,2.52704307449,-0.201431206548
410,410,-0.0836251358682,2.28941141832
411,411,2.66946957919,0.395481519334
412,412,0.425204456079,2.31521089627
413,413,3.01631044797,0.290929011715
414,414,2.85996642333,0.00614857925725
415,415,0.00389629661587,-2.07386687949
416,416,-0.389457643403,-2.406561023
417,417,-0.0959180599086,-2.38321975537
418,418,2.12946445903,0.13754283019
419,419,1.04822365981,-2.51875605801
420,420,-0.368921413777,-2.5310574751
421,421,2.50662444106,0.279844644485
422,422,0.111649392078,2.62639000077
423,423,1.52172504413,0.483381610003
424,424,-0.035273514657,-2.65276053148
425,425,-0.164820884096,-2.22331613728
426,426,2.27092135709,1.14583843214
427,427,-0.126860820307,-1.80753306889
428,428,0.10768643772,-2.13392625983
429,429,1.03370525095,-1.88610675468
430,430,0.714493478717,-1.5180277349
431,431,0.809918716942,-1.93298860593
432,432,-0.0290050889027,-2.43227390438
433,433,-0.061241410575,-2.05805534908
434,434,-0.346504003759,-2.68185952592
435,435,-0.287660949014,-2.84079341764
436,436,0.847846218723,-2.02565241586
437,437,0.847542959479,-1.80030354514
438,438,0.406236998959,-3.06516972451
439,439,1.31619371879,-2.1706245116
440,440,-0.011251093642,-2.9109375081
441,441,1.23617730762,-2.03818471171
442,442,0.292967337592,-2.65913029651
443,443,2.31034133008,0.434385495428
444,444,-0.15115598741,-2.25899923494
445,445,-0.137628575095,-2.5667744962
446,446,1.21745861752,-2.18705167432
447,447,0.20644010656,-3.04136100779
448,448,1.224246228,-2.39325303392
449,449,3.34884920802,-0.0789053165826
450,450,3.40060063653,-0.220002204232
451,451,0.0368204298577,-3.53868512886
452,452,0.791120751724,-2.1107994043
453,453,-0.286092328553,-2.82274803446
454,454,0.585131245133,-1.79310054073
455,455,-0.168590378258,-2.62065970339
456,456,0.150029499374,-2.53406295253
457,457,0.439102290218,-2.2393049293
458,458,-0.138997336006,-2.22371840553
459,459,3.4685457416,-0.283726173875
460,460,0.446720755346,-2.55893894643
461,461,0.831464375572,-2.49557891789
462,462,2.56720828846,-0.209552611429
463,463,0.453372135765,-2.87280660613
464,464,-0.964902034466,-1.58853882961
465,465,0.868684393992,-2.1910904668
466,466,-0.0167270299161,-2.68509386362
467,467,0.997171444353,-2.20619892344
468,468,0.434463854956,-2.26928307876
469,469,0.493129178439,-2.44029925318
470,470,-0.168429794484,-0.285708067868
471,471,0.652657927628,2.3114331513
472,472,0.0516369962114,-2.70245627597
473,473,1.16002199572,-2.31103215474
474,474,-0.398244234079,1.52089393941
475,475,1.73929449812,2.08593193451
476,476,1.7123227704,2.04713944136
477,477,2.53859721223,0.0866974038101
478,478,3.0013174127,-0.0416635372827
479,479,0.236938080742,-2.50145074555
480,480,1.16133428971,-1.72356409663
481,481,-0.542175084439,2.39259008429
482,482,0.211932067404,-1.90140587048
483,483,-0.723351804165,1.07546341866
484,484,0.234116347287,0.0422110615338
485,485,1.7045478533,0.552740514376
486,486,2.28564719557,-0.159867176602
487,487,2.7431149812,-0.00814319751473
488,488,2.42170908332,0.27224786226
489,489,-0.223318746022,-3.0038420636
490,490,0.506451950849,-2.43505041155
491,491,-1.17797066004,2.19840546451
492,492,-0.158304835763,2.86314928349
493,493,1.43415231197,-2.08650231313
494,494,0.056689760157,2.8403305932
495,495,1.07628888497,-1.34096850692
496,496,2.50157916191,-1.07807247909
497,497,0.0299990832464,-2.1143076264
498,498,2.8915336138,0.416423738436
499,499,2.41129431714,-0.111858607731
500,500,-0.191141877398,-2.76344632742
501,501,-0.0751232806767,-3.24049539078
502,502,-0.0287315450662,2.41833615299
503,503,-0.258700664459,2.75661552637
504,504,-0.191183110906,2.88435611436
505,505,0.0380467402815,3.13228486951
506,506,-0.0474684281071,-2.15523934019
507,507,2.55171389149,0.574722315169
508,508,0.29428590688,2.83448140122
509,509,-0.159342370376,-2.75316885673
510,510,2.56198885072,2.07151040755
511,511,0.426321383029,-3.09451118582
512,512,0.284920676045,-2.60526617169
513,513,0.264680983618,-3.04580279896
514,514,-0.1493792993,2.48084200237
515,515,0.680745534876,-1.41301151948
516,516,2.69524338183,-0.19889624608
517,517,2.81903592614,0.232415917636
518,518,0.0652170259252,-2.71044527443
519,519,0.103913137965,-2.30072197515
520,520,0.181367761484,-2.6701603366
521,521,-0.126270136497,-2.34240588337
522,522,0.256137844641,-1.99935688065
523,523,-0.287955794284,2.01372056702
524,524,-0.378126857618,2.7807758776
525,525,-0.0831539962233,2.11669439608
526,526,0.0229476776757,1.83253277495
527,527,0.0520030533864,1.90232937564
528,528,-0.568189353061,2.53183622032
529,529,-0.0143315010219,-2.77166180662
530,530,-0.3438082596,-1.6985048696
531,531,0.519749598382,-2.46337578837
532,532,-0.339897455851,2.59735841888
533,533,-1.07668115231,1.64535763587
534,534,-0.438339747146,2.3236279128
535,535,0.739457879576,-2.09925775383
536,536,-0.525302499101,2.21316155205
537,537,-0.198968079417,2.61831502588
538,538,-0.520474755171,2.02309041823
539,539,-0.979294146628,2.28250869091
540,540,-0.648701214506,2.38704881208
541,541,-0.251303260459,2.7782655943
542,542,-0.807680419199,2.37157383278
543,543,0.837698518772,-1.79049956297
544,544,2.37430600874,0.36499130963
545,545,2.43898943353,0.0520807650119
546,546,2.87283636564,-0.0691062122544
547,547,2.7733270775,-0.0434730902525
548,548,2.61568441125,0.546668471335
549,549,-0.221641821018,-2.34997048858
550,550,0.295871609212,-2.24334769818
551,551,0.441870390037,-1.0485310836
552,552,-0.267020104791,2.11862322386
553,553,-0.432313798597,1.915527107
554,554,1.08592650686,-2.11820115358
555,555,1.24637986743,-0.780016936295
556,556,-0.0687789783543,1.19880614216
557,557,-0.59607914505,0.255860546663
558,558,-0.577708062463,1.00621095199
559,559,0.45529254131,0.672574124041
560,560,-0.730353621968,1.25427068919
561,561,0.831741413556,-0.227150531235
562,562,2.02878342798,0.574582986278
563,563,2.73104746374,-0.0649788092955
564,564,2.69561895276,-0.23222223328
565,565,1.6400767518,-1.53671628996
566,566,2.90345544173,-0.278499360548
567,567,3.13858813233,-0.121653864187
568,568,2.77793586227,0.00459721186678
569,569,2.43032713088,-0.292887017059
570,570,-0.0157709694224,-2.57956468754
571,571,0.127802844935,-3.02775843418
572,572,0.280492025567,-2.47527218364
573,573,0.83626436454,0.082309249325
574,574,0.915367617966,-0.321358692774
575,575,0.313956906628,-2.56141019131
576,576,0.310731331942,2.73576278587
577,577,0.202782179009,-1.84480967964
578,578,1.94503415874,1.35146818857
579,579,0.103965759289,-2.50981473964
580,580,0.0523190608423,-2.96918976258
581,581,0.0707991659449,2.54070454576
582,582,-0.262335750839,2.110860232
583,583,0.0103081371154,-1.7569134199
584,584,2.75515133967,-0.303696208965
585,585,2.49337825074,0.067666980918
586,586,-0.0847000567162,-3.1782372521
587,587,3.02577392198,0.194519476224
588,588,0.467837894955,-2.53779877801
589,589,0.696097619914,-0.965587041657
590,590,-1.57942987252,2.30168925141
591,591,-1.59036010652,1.48828134946
592,592,-1.75175815593,1.37459402892
593,593,-2.90351765213,-2.68317283116
594,594,-1.32525371994,2.47279168101
595,595,-0.551339773429,-2.37542808284
596,596,0.721870125171,-0.423090653596
597,597,2.13023196393,-0.089581733899
598,598,1.94522515662,2.04513158901
599,599,0.384629846816,-2.34386823727
600,600,-0.460203877374,3.06636394559
601,601,-0.062600215877,2.88058231352
602,602,2.36236331312,-0.237056822479
603,603,-0.244180741349,-2.81821006314
604,604,0.0997982722598,-2.83652100462
605,605,1.36188220982,0.899202692781
606,606,0.00307812542509,2.5834015864
607,607,1.29161107689,-2.17328650773
608,608,-0.93918268289,1.35893994547
609,609,1.2054727662,-1.89196260061
610,610,-1.69027757035,2.59790782228
611,611,1.93135658637,-2.07085415009
612,612,1.94006651533,-0.0378234103904
613,613,1.00127136314,0.650348438866
614,614,1.09316097916,1.59484921674
615,615,0.58163034414,0.0710062912909
616,616,0.591829397806,0.626364817608
617,617,0.718847598349,0.400433667317
618,618,1.09756412747,0.917161281472
619,619,1.14255396299,-1.66926672865
620,620,1.32215479832,1.19665362171
621,621,2.70879623795,0.588682860533
622,622,0.861581354643,-1.88351889032
623,623,2.30849556919,1.0598529025
624,624,0.352551840244,1.45942494311
625,625,0.117568316888,-1.21804727596
626,626,-0.621799413699,-0.966860685115
627,627,0.617658080518,1.48788496254
628,628,1.39054662143,0.661664606472
629,629,1.36091418147,0.532168829172
630,630,-1.2617121321,-1.40231375098
631,631,-0.960227069149,-2.40159430441
632,632,-1.66687114228,1.45396945216
633,633,-0.467387873539,-1.12064526089
634,634,2.3464014536,0.393309244209
635,635,-0.0455645563846,-0.127620287386
636,636,-0.954099538943,0.7385453869
637,637,-0.321001940419,0.454066123269
638,638,4.11861477336,0.202960321988
639,639,0.501575489393,0.493168179693
640,640,-0.337626714804,-2.26838927248
641,641,0.717015461828,0.378603342075
642,642,1.77458378732,1.23307113966
643,643,-0.632299145154,-1.21906415143
644,644,-0.808075173566,2.48713897327
645,645,0.0802587275486,1.97008698596
646,646,0.684468369601,0.795053204259
647,647,1.61051629371,1.1804575969
648,648,1.84380395622,1.13502353922
649,649,1.21648576214,2.13012078065
650,650,2.61883388601,0.994719963911
651,651,-0.651935264847,-1.50862770068
652,652,-0.751350008608,-1.81116830587
653,653,2.18493932557,-0.0742006058757
654,654,1.89916264022,2.53263288032
655,655,0.804671135955,0.664590768979
656,656,-1.23068219022,-2.56751135701
657,657,1.7200867316,0.752653630132
658,658,0.304238031614,1.55100488513
659,659,3.43695384146,-0.111633905014
660,660,1.83115266171,1.97415430783
661,661,1.84606842041,2.06659165468
662,662,1.54827436127,1.8706150654
663,663,1.55542722137,1.83800760785
664,664,1.52155769604,2.09396725974
665,665,1.20626294214,1.57781449302
666,666,1.52672076149,1.81910015427
667,667,-0.120565520005,-2.86143785793
668,668,-0.564091895215,2.24536541384
669,669,1.4618283756,1.77111423179
670,670,-0.410969279785,-1.55259715015
671,671,1.34205861856,1.15587975223
672,672,2.14393176167,-0.580908809111
673,673,-0.709953228341,2.02226497706
674,674,-2.01807700457,2.29257330576
675,675,1.3695665388,-0.775084905887
676,676,0.577781652855,1.66111092153
677,677,1.51038140131,1.31998453891
678,678,2.16539391123,1.37806114094
679,679,0.0237383583496,2.66037910381
680,680,1.47558235203,0.598557128515
681,681,2.23519386965,0.163117398018
682,682,2.98884244253,0.0344048717994
683,683,1.97626671702,1.25837320429
684,684,1.5800771286,1.47771107333
685,685,-0.0232294077334,2.7400310377
686,686,0.172327049523,2.1467252322
687,687,-0.136286459839,2.73333121144
688,688,-0.0091224889953,2.1219140733
689,689,0.0415976116223,2.97018938354
690,690,0.134156656115,2.63328110905
691,691,1.59377073907,1.26136089171
692,692,2.13724374053,1.64037805975
693,693,-0.990866283163,-2.9605097289
694,694,1.04241144145,1.87162468417
695,695,-0.515953840434,-2.24125302741
696,696,1.26573956986,2.08451029925
697,697,1.37823418679,1.60239473713
698,698,1.83800992035,0.225706816638
699,699,2.48526864059,-0.155338194168
700,700,-0.145385779815,-1.68038908155
701,701,-0.492168411329,1.60679726078
702,702,-0.360453145149,1.92882248638
703,703,-0.696317125531,1.7154589224
704,704,-0.449701044599,-1.07100008694
705,705,-0.465467788985,2.36687525552
706,706,1.33875349101,1.89661927559
707,707,0.350546567811,-2.23430867369
708,708,1.59663750512,2.18967749806
709,709,1.01351175546,1.12051033515
710,710,0.0214853150337,-2.2011780311
711,711,1.0066137183,0.546542487627
712,712,-0.221344569107,-0.465314933863
713,713,-1.10556413087,-1.45281183964
714,714,0.468514779488,-2.5876301595
715,715,-0.877357080624,2.02054032536
716,716,-0.131889825494,2.21642963147
717,717,-0.161474912189,-1.53972390064
718,718,1.24671017924,1.61360458432
719,719,0.116679407147,-1.49996149865
720,720,1.1072493515,2.04362107574
721,721,0.165326003393,-1.99499702092
722,722,-0.68655044556,-1.55864695029
723,723,0.93173971213,1.10021082204
724,724,0.989820119177,1.48895972892
725,725,0.987187019897,1.0521546324
726,726,0.256044212238,-2.12375101911
727,727,-1.13430671949,-1.86088055191
728,728,1.22466171245,-0.756053101776
729,729,2.07467402034,0.663285186183
730,730,-0.391790636117,-2.49981604429
731,731,0.323118961326,-2.94777318287
732,732,-0.407925624609,-2.43812479379
733,733,2.84977467681,-0.327254779138
734,734,0.574257544877,-2.77225987685
735,735,0.319809687375,2.1735888956
736,736,-0.793021464506,-2.41096629262
737,737,-0.340036751523,1.81134041453
738,738,1.5252653021,-1.48316947379
739,739,-2.04595232795,2.09291986381
740,740,0.868011899835,-2.24864589304
741,741,0.427742250071,1.52340982034
742,742,-0.8948039425,1.34924316824
743,743,1.64783300218,-2.00055974748
744,744,0.835359374244,0.623086093377
745,745,-0.574975394046,-1.85928049776
746,746,0.305190313285,-2.24338094396
747,747,0.45020561516,-0.511700394803
748,748,1.55006202532,-0.86922667048
749,749,0.0725378309136,-2.92434532391
750,750,-0.195936357851,-3.0611280321
751,751,-2.22668063187,-1.29848011043
752,752,0.221416350963,2.26346509728
753,753,2.74232130105,-0.106219334315
754,754,-0.0550048202841,-2.57893845053
755,755,0.313743698576,-2.06543817899
756,756,0.449038050791,-2.04356166406
757,757,0.599649362746,-2.13657659557
758,758,-1.06712748333,-2.71703446826
759,759,0.286525773271,-1.98971378206
760,760,-0.806275450164,-3.01448786098
761,761,-0.191622386969,-1.57520946111
762,762,0.816134147611,-2.29852053179
763,763,0.207976632811,2.63698370446
764,764,1.48649514074,0.292099204558
765,765,0.246210076481,-2.48061877399
766,766,-1.35694693077,-1.64273624037
767,767,-0.451121193359,-2.89436852043
768,768,-0.0687537111073,-2.00566495213
769,769,-1.32595479525,-1.39261945984
770,770,-1.28965991819,-2.12545995027
771,771,0.200358068353,-1.78666713902
772,772,-0.15798827718,-2.83617280751
773,773,1.00065995808,-1.45021825108
774,774,1.99207292566,1.51955026518
775,775,1.56458153201,-2.89107455441
776,776,1.04951961001,-2.21271934166
777,777,-0.47500870981,2.33609327825
778,778,1.62488995585,1.58435747615
779,779,-0.201637120536,1.70375958076
780,780,0.263701831793,-1.36920729853
781,781,0.305364164253,1.92873923161
782,782,0.0996218692185,-2.30801888794
783,783,0.00391183737052,-2.69409810321
784,784,0.505631034813,-2.37294313342
785,785,-0.281714307769,2.27806162112
786,786,0.0151777507324,2.45742108091
787,787,-0.539169936397,2.71835319262
788,788,-0.307204586619,2.51256919027
789,789,0.520843255135,-2.11416019957
790,790,0.359124031822,-2.95146459686
791,791,-0.338102145087,2.64838964129
792,792,-0.108755600577,-2.43733496358
793,793,1.57013409809,-1.69007452483
794,794,-0.311095461278,2.10126091261
795,795,0.20554199522,2.24844005571
796,796,0.0599807762633,2.20893423601
797,797,0.856295266181,-2.6184020024
798,798,2.49512543588,1.02818393956
799,799,2.53895248746,-0.323519577732
800,800,2.6057138527,-0.246234659247
801,801,2.30336376106,0.317445222635
802,802,0.185224204166,-2.87315477973
803,803,0.344112058583,-2.63286268963
804,804,2.95225185756,-0.00810998150871
805,805,-0.107492997903,2.85354367297
806,806,0.349551806479,2.29928862656
807,807,-0.102639175543,2.51541675363
808,808,0.322861320391,2.59835105271
809,809,0.222837937766,-2.21882545294
810,810,0.280018068818,-2.81318382425
811,811,-0.12467941684,-2.74042646664
812,812,-0.0686031661063,2.3586733199
813,813,0.198818831196,2.74599491773
814,814,0.559789055399,-2.08601779015
815,815,2.46567153108,0.460721074545
816,816,-0.201242332898,2.34955198217
817,817,-0.334105776379,2.83660527892
818,818,0.823453534323,-2.64439452771
819,819,0.141533452302,-2.62955768657
820,820,-0.153526619312,2.77643561033
821,821,0.461275100841,-2.23972721473
822,822,2.91103029256,0.0750229387391
823,823,2.74115876111,0.0918837354356
824,824,-0.24209582542,2.52013360293
825,825,0.0972601379895,2.14077754595
826,826,2.83303200331,0.17584013673
827,827,0.605597288314,2.71779235384
828,828,0.00141979851984,-1.93812739582
829,829,0.354343465126,-2.98959209588
830,830,0.0630697460475,-2.41823587826
831,831,2.59364922582,-0.0111908418374
832,832,0.188139279872,2.52487021347
833,833,0.17330960145,2.74126380819
834,834,-0.188485928667,-2.08570243786
835,835,1.67257432124,0.299097051728
836,836,1.73458955229,0.657567082685
837,837,2.37254463165,-0.23489766692
838,838,1.96461232303,-0.0488877005963
839,839,0.403400406784,-2.18638149355
840,840,0.54030134116,-2.4903018246
841,841,-0.132884256058,2.64524196084
842,842,0.945974708752,-2.45568324143
843,843,-0.00131473340832,-2.63310033337
844,844,0.00747233773059,-2.64863338324
845,845,0.0146189458016,2.03902887013
846,846,0.105470837068,2.1534974901
847,847,0.167881682593,2.61488032722
848,848,0.147567563915,2.26897275528
849,849,-0.0770264574522,2.34879898826
850,850,0.32962753365,-2.34033760423
851,851,0.196065093928,2.80790996741
852,852,1.09995961044,-2.40440525202
853,853,0.0844119174682,2.44501701637
854,854,0.575416488872,-2.87806923458
855,855,0.113230122894,-3.10981677499
856,856,2.52320880038,-0.0979794022633
857,857,-0.241956069706,-3.28092068056
858,858,-2.8773013828,0.0081968790209
859,859,-1.77917922006,1.76570830762
860,860,-1.69143622626,1.45561537911
861,861,0.369619063507,-0.807763175024
862,862,-2.07862155506,-2.28432575094
863,863,-1.70579095742,2.31649181264
864,864,-0.367055522878,-2.11231278117
865,865,1.85092373799,0.300453764366
866,866,2.62651351861,0.199042486833
867,867,2.77673114634,-0.0165788583856
868,868,0.0471409502813,-2.56347258607
869,869,0.641725321294,-2.30285976558
870,870,0.545596634676,-1.01448756992
871,871,2.08511159036,0.368231608481
872,872,0.00318016874665,-2.25614613089
873,873,-0.776776184984,1.98641972913
874,874,-0.0854552865285,1.29517609561
875,875,3.17215216937,0.590469587783
876,876,-0.114256715942,-0.451019845253
877,877,0.00758741468981,-1.07675025196
878,878,-0.208528443601,-3.11332705586
879,879,-0.205920935326,-1.1831036447
880,880,-0.359352403849,1.33131186766
881,881,0.181805498845,2.67807034128
882,882,2.00070517538,0.0876591706221
883,883,2.3840315845,0.306192944161
884,884,2.57685567642,-0.11521840773
885,885,-0.556106515271,-2.69852204068
886,886,0.212892066109,-2.71729418161
887,887,-0.222507447185,-3.00839171558
888,888,2.82122033882,0.0889856108257
889,889,0.158807698951,-2.36580402641
890,890,0.437462898185,-2.55650123019
891,891,1.85394402437,0.80032359034
892,892,0.273479412148,2.68343268939
893,893,0.512095427402,-2.40644492358
894,894,1.16681235391,-2.3537090285
895,895,0.251008512219,-2.09199473926
896,896,0.0951453073976,-2.714186967
897,897,0.167055468547,-2.86854167345
898,898,1.51375901147,1.5540329885
899,899,0.337734762956,-2.59997116208
900,900,1.40099626286,0.845738869455
901,901,0.116913549141,2.34214243707
902,902,0.991833605516,-1.3135787079
903,903,-0.0759807661406,1.66714105728
904,904,-0.460145171833,1.60315811185
905,905,1.85802237184,0.826290751931
906,906,1.97759821414,0.729297409639
907,907,1.88809949289,0.999339965539
908,908,1.44200773884,-0.485390601641
909,909,1.93536546235,0.266906550922
910,910,3.09883968511,-0.138964148937
911,911,-0.494726987171,2.49129716927
912,912,2.42224512791,0.38052636552
913,913,2.33375051994,0.00625164112632
914,914,2.23873572772,-0.854109603757
915,915,-0.107144369817,1.48710725753
916,916,-0.0116142968197,2.41597638476
917,917,0.0153782826503,-1.82674972812
918,918,0.119224766511,-2.18378721115
919,919,1.76813696517,-0.777676388711
920,920,1.18972501055,-2.15657524337
921,921,0.553554997899,-0.127555194802
922,922,0.115313712311,-2.58516170599
923,923,0.951199733565,-2.29615449213
924,924,-0.401308058371,1.86930386008
925,925,-0.115394886403,1.41678022733
926,926,-0.989877665991,-1.59904466558
927,927,0.165165916731,-2.12996402984
928,928,-0.103404107844,1.18702583621
929,929,0.668740184585,1.74385933313
930,930,0.0139118599645,2.59797537813
931,931,2.47918033423,-0.0718447672778
932,932,0.885479589009,-0.611089645733
933,933,2.39197494941,-0.0924890640555
934,934,2.95602206388,0.227767465741
935,935,-1.9766972061,-2.05926414474
936,936,0.842621199139,0.403304074717
937,937,1.0078492143,-0.57485696298
938,938,-0.112266637932,-1.90370101836
939,939,-1.15910211254,1.20807899941
940,940,-0.335967829949,1.36064856289
941,941,1.01832899436,1.45485730869
942,942,1.99667000836,0.729689231643
943,943,-0.911586652378,0.217748935772
944,944,-0.0339451084734,0.925270544462
945,945,-0.437474167367,-1.83016352455
946,946,-1.77780948521,-1.87631203922
947,947,-0.34347513843,1.51956699384
948,948,-0.780048790099,-1.17423483059
949,949,-0.684361359868,-1.80589561716
950,950,0.336313838006,0.831168315375
951,951,0.31132263353,1.13158879826
952,952,-0.0215410073618,-1.94738394628
953,953,-0.120049837168,-2.80903894231
954,954,0.431323879718,0.815570456844
955,955,-0.164941322079,-0.926945851128
956,956,0.346225789627,1.77909908918
957,957,0.407343759084,0.970330285501
958,958,0.668584223058,-2.24647530868
959,959,-0.242205246555,-2.40263678633
960,960,-0.439950574572,-2.15327354659
961,961,0.326121668305,-2.19924051879
962,962,0.309361932452,2.78987891159
963,963,1.02639129684,-0.675430937423
964,964,-0.0936776326465,-2.55888453197
965,965,0.0972738503579,2.61655695564
966,966,1.09746602489,-0.228677820971
967,967,2.82301535464,0.538187501218
968,968,-0.939651125428,-1.41115190724
969,969,-2.10899503168,-2.11933137189
970,970,-1.32548567215,-1.73641940946
971,971,0.0428321453984,1.74095454866
972,972,-0.716307742222,-0.470557997131
973,973,-1.81194576567,-2.02731489152
974,974,-1.38745330798,-1.72963405428
975,975,-1.48533320963,-1.62281869645
976,976,-0.756520162844,-1.57586793263
977,977,-0.462904950208,-1.92493071432
978,978,-1.06105732774,-1.99015420796
979,979,-0.173100417592,-1.99832990667
980,980,0.475441169978,-0.937086969024
981,981,2.8543533376,0.00897345753876
982,982,0.179681598457,-2.62450188453
983,983,-1.14678004416,-1.72352893897
984,984,0.227953206156,2.78619736117
985,985,-0.20403273211,-1.5787633256
986,986,-0.866031396983,-1.65900905932
987,987,-1.1668159302,-1.87535262488
988,988,0.0542872677435,1.25323128667
989,989,-1.19999231613,-1.8880857895
990,990,-1.60195969279,-2.14633383241
991,991,0.0970648878224,3.01687440313
992,992,0.0306619746915,-1.41326691871
993,993,-0.202415108938,-2.49129569395
994,994,0.474522712428,-2.85712955176
995,995,1.95796801101,0.387368954933
996,996,0.112485526552,-2.39032056012
997,997,-0.462712989622,-1.44260610305
998,998,-1.30994634312,-1.23748422108
999,999,0.151511365236,0.42590197461
1000,1000,-0.496092794441,0.943892384598
1001,1001,-0.455815704065,0.850305448545
1002,1002,-1.01889663616,-0.97192368574
1003,1003,-1.82397554491,-1.04254842128
1004,1004,-0.00220212923305,2.16128763872
1005,1005,-0.446838548993,2.61800711818
1006,1006,1.35084523321,-1.70010206907
1007,1007,0.206421443748,-0.362938559992
1008,1008,-0.342298268893,2.47674941017
1009,1009,1.34934912949,-2.15404013664
1010,1010,2.37376233945,0.231796344509
1011,1011,2.56293087498,0.0913930702788
1012,1012,2.75021147659,0.134620884819
1013,1013,0.934483917389,-2.05558284769
1014,1014,-0.128957337668,2.28823860372
1015,1015,0.400123131203,-2.69303983855
1016,1016,-0.693946613011,-0.686350245727
1017,1017,-0.596729835728,1.68669379076
1018,1018,2.26890146331,-0.0127843173721
1019,1019,-0.207624973514,1.86550538446
1020,1020,0.392876665471,-1.57133651333
1021,1021,0.605338051952,0.0640629699664
1022,1022,0.0855812040269,-1.74645743508
1023,1023,-0.635641827351,1.8039932182
1024,1024,-0.322248130967,1.07588825181
1025,1025,-0.162381943971,1.13779351296
1026,1026,0.613067574333,0.505070588237
1027,1027,-0.128348635026,-0.062076642173
1028,1028,-1.16702106675,0.330435860617
1029,1029,2.55760656518,0.122297228797
1030,1030,-0.55215110047,1.09142020004
1031,1031,1.08004931252,2.49131723001
1032,1032,-0.463224948988,1.09196267971
1033,1033,-0.785254070722,-0.418237766032
1034,1034,-0.474284369421,-1.7874605474
1035,1035,0.629039714966,-0.920769534208
1036,1036,-0.451810051649,-0.79037295052
1037,1037,0.536701768236,2.79992038538
1038,1038,1.25888811662,-0.916357114103
1039,1039,2.14539231773,-0.486964932665
1040,1040,0.237928182415,-3.22842128178
1041,1041,2.34776458651,0.276234388617
1042,1042,0.332341720571,-2.61217461118
1043,1043,0.155219813933,-2.77481563431
1044,1044,-0.701507706075,1.57263040233
1045,1045,-1.00862794468,1.98170561188
1046,1046,-0.847793709928,2.10331355148
1047,1047,-0.376145931897,1.73284672795
1048,1048,1.1651892779,-1.94336339129
1049,1049,0.12517970116,2.87845255256
1050,1050,1.65887774814,-2.19407605122
1051,1051,0.557981195766,-2.45720902499
1052,1052,-0.570367947229,2.19396692826
1053,1053,-0.869756640948,2.20892688227
1054,1054,-0.836418955752,2.41616254355
1055,1055,-0.282858571741,2.74386427674
1056,1056,0.57091204124,-2.64901722707
1057,1057,0.632047982848,-2.0344075279
1058,1058,0.306075591596,-2.30701194748
1059,1059,-0.024084046162,1.81909668337
1060,1060,-0.0136779971108,2.37604381306
1061,1061,1.04156567302,-1.6950454719
1062,1062,-0.183462867586,-2.49612963042
1063,1063,0.811221334385,-2.10401588199
1064,1064,-0.221062612648,2.21973054247
1065,1065,-0.0809971500738,2.67518864602
1066,1066,-0.172458659915,2.18884840123
1067,1067,-0.429854934387,2.41095305979
1068,1068,0.339822752056,-1.85820009359
1069,1069,-0.0176695192344,2.93037859666
1070,1070,-0.921484842741,2.32458311857
1071,1071,0.0755819837758,-2.07604294881
1072,1072,2.17876969018,0.907278311889
1073,1073,0.153639254208,-2.81108364733
1074,1074,3.39829069825,0.744683536279
1075,1075,-1.02243465717,-1.03288032269
1076,1076,0.647187268204,0.524066665764
1077,1077,-1.365308547,-1.21548738526
1078,1078,-1.26404351576,-1.19531585929
1079,1079,-0.513191001552,1.51630816447
1080,1080,-1.7807103189,-1.68126525527
1081,1081,-1.87805351895,-1.76711637154
1082,1082,2.28326569695,0.120758458968
1083,1083,-1.59499209556,-1.68168739516
1084,1084,-0.451759951789,1.83297588597
1085,1085,0.338541889425,1.44380416587
1086,1086,-0.0886120810986,0.268834754191
1087,1087,-1.32779814968,0.839505973778
1088,1088,0.638988571034,1.67563938117
1089,1089,-0.120567290989,1.08590505335
1090,1090,-0.364104726724,-0.934428850262
1091,1091,-1.18073501622,0.950960359529
1092,1092,0.276777195415,1.30766242997
1093,1093,-0.787652320017,-1.72586892029
1094,1094,0.104312938352,-2.81780012691
1095,1095,-1.09012801727,2.8216501165
1096,1096,0.559414448598,-2.80836236725
1097,1097,0.357801152679,-2.47924122949
1098,1098,0.614757786963,-2.43722499186
1099,1099,-0.187430824841,-2.37043444202
1100,1100,0.338181367662,-2.0708002206
1101,1101,-1.52681804413,-1.84299541424
1102,1102,-0.344100506903,-2.25826887024
1103,1103,0.500119917894,-2.43017473713
1104,1104,-1.06410989252,-1.40799040897
1105,1105,0.171394918903,-2.24864256086
1106,1106,2.9313611326,-0.129286369765
1107,1107,-0.11134880635,2.54045312198
1108,1108,-1.74561596225,-1.98726642014
1109,1109,-0.1856034967,1.93663817955
1110,1110,0.404104666225,-1.28543016176
1111,1111,-0.311943815375,2.74312378227
1112,1112,0.79255717531,-1.54566557399
1113,1113,2.97517501151,-0.175406565643
1114,1114,1.9008490686,0.775947241334
1115,1115,0.245851000345,-2.52675817027
1116,1116,0.739643237342,-2.22490621981
1117,1117,-0.499364923233,1.14716356619
1118,1118,1.06849645004,-1.97679572101
1119,1119,1.42147357016,-0.881932397851
1120,1120,-0.639842631484,1.70164396209
1121,1121,-0.445762813634,2.10669899985
1122,1122,0.0567632674462,2.67011873096
1123,1123,1.25035726303,0.407733620779
1124,1124,-0.822402725658,-1.74514193725
1125,1125,1.21158004091,-1.7043401052
1126,1126,0.0629421615058,2.27345484019
1127,1127,0.54159648552,1.37467684824
1128,1128,1.44638298262,-1.04200571588
1129,1129,-0.636318803821,2.10285251492
1130,1130,0.887222826551,-1.48617252144
1131,1131,-1.27010829983,-2.0332052239
1132,1132,0.539531991088,-1.86740702108
1133,1133,-0.183784537263,-2.51891011705
1134,1134,0.363518356149,-2.77188656924
1135,1135,0.661024940542,-1.91609553998
1136,1136,0.0250456195228,2.81954393299
1137,1137,0.16919065934,-2.05939103598
1138,1138,0.376975578093,-2.68692636968
1139,1139,0.749918144551,-2.64188969049
1140,1140,-0.384222006682,2.09387740205
1141,1141,0.60116782586,1.95140375237
1142,1142,-0.576202242484,2.32885394895
1143,1143,1.21263922505,-1.49982882704
1144,1144,2.11283218342,1.282264778
1145,1145,2.41480835249,-0.0173512612348
1146,1146,1.19822974877,1.53063039278
1147,1147,0.625559145712,2.34924391546
1148,1148,0.310826670676,-2.65259437788
1149,1149,0.33926749353,-2.63511317898
1150,1150,2.84313573712,0.55778911076
1151,1151,0.223688813443,2.61749982077
1152,1152,0.470019591594,2.69814853794
1153,1153,2.98396231088,-0.175255884563
1154,1154,-0.344434843723,-2.44178039307
1155,1155,0.0259156243935,-2.5748695397
1156,1156,2.06273824697,0.354944025223
1157,1157,0.369245752213,2.47159983332
1158,1158,2.04121081232,0.549868158483
1159,1159,2.72569427748,0.0503863761123
1160,1160,-0.335994527986,2.74591327868
1161,1161,0.0261126325057,-1.05209046444
1162,1162,-0.169361334005,2.37946946048
1163,1163,0.40757745268,2.11091292033
1164,1164,1.02211496387,-2.07886331882
1165,1165,1.4684219918,0.557939466182
1166,1166,0.584786942703,1.83734982666
1167,1167,2.48349975779,0.140108582443
1168,1168,1.1629285886,-2.04671021001
1169,1169,2.60941066311,0.109127903003
1170,1170,2.41776961783,0.460406980326
1171,1171,0.0550439639079,-2.89207068033
1172,1172,0.626532538947,-2.7743135191
1173,1173,-0.339647755621,2.52953284114
1174,1174,-0.384343906565,2.84036365138
1175,1175,0.389722362608,2.39806491285
1176,1176,0.027707557861,2.89278793702
1177,1177,0.211833875707,-1.79961960901
1178,1178,1.71061469106,0.519134487944
1179,1179,-0.200277133459,-2.6872864188
1180,1180,-0.141966498778,-3.10008863007
1181,1181,2.36593591526,0.334848443551
1182,1182,-0.651338614051,-2.67591396448
1183,1183,-0.407763278936,2.87519795992
1184,1184,-0.0732813950498,2.86204465258
1185,1185,1.3135404743,-2.06989663053
1186,1186,-0.362947743679,-2.41249444489
1187,1187,-0.602293140764,-2.31479745311
1188,1188,1.02104800541,-1.674729983
1189,1189,-0.118595635972,-3.10359359092
1190,1190,-0.587530603736,-2.60634671502
1191,1191,-0.0136449835148,-2.34138417911
1192,1192,-0.529966568433,-2.5638662736
1193,1193,-0.30367996544,-2.2842917999
1194,1194,-0.0126290804997,-2.02026282999
1195,1195,-0.193116147686,2.45847849584
1196,1196,2.04642110279,0.109667116189
1197,1197,2.57299988533,0.021408491503
1198,1198,2.66720748979,0.0716539227838
1199,1199,2.50899481631,-0.20883018078
1200,1200,0.781220293467,-2.76996962669
1201,1201,0.783763032255,-2.16510314283
1202,1202,-0.624132574685,1.80569442021
1203,1203,-0.974641815473,2.65860880066
1204,1204,-0.545844538125,1.9278790785
1205,1205,1.40376719316,-2.37658430057
1206,1206,-0.365113926595,2.68739275385
1207,1207,-0.117820251418,-2.52980785285
1208,1208,0.350151684985,-2.26405394224
1209,1209,2.4511541924,0.138658474965
1210,1210,3.0246233805,0.365516279833
1211,1211,-0.142466849287,2.31782792825
1212,1212,0.988371761855,-2.20044252479
1213,1213,2.66392839683,0.161902136393
1214,1214,1.77444041223,0.324719853852
1215,1215,0.0115225288085,-2.84362984538
1216,1216,0.143467603103,-2.06062591912
1217,1217,-0.0521358596257,-2.52725514974
1218,1218,0.245312573972,-1.72749320543
1219,1219,2.17164535837,0.159427278101
1220,1220,1.62690083509,-1.52511643718
1221,1221,1.41738883379,-1.19680980812
1222,1222,1.31981026501,0.621303851927
1223,1223,1.49433133832,-1.20964971625
1224,1224,2.65439575901,-0.0123808229214
1225,1225,2.72179607864,-0.156709700197
1226,1226,0.373214221427,-0.234118096445
1227,1227,-0.0228046491871,3.21043936086
1228,1228,0.727522508133,-0.1009229232
1229,1229,0.15427215879,2.6308016243
1230,1230,-0.135202177958,-2.88628998517
1231,1231,0.425550346327,-2.89975664826
1232,1232,-0.119852302621,2.55863074664
1233,1233,1.17531065815,-2.16238615546
1234,1234,0.0151986698222,2.59252856425
1235,1235,0.148340542002,-2.21916668812
1236,1236,2.88256047704,0.308396236089
1237,1237,0.130887130345,-2.21051958976
1238,1238,-0.0614678879853,3.0622643994
1239,1239,0.950807321177,-1.87310148049
1240,1240,-0.086008807035,-2.10538174782
1241,1241,2.89388187243,0.0135175538959
1242,1242,0.181722194115,-2.42629236939
1243,1243,0.142216257199,-2.86646024476
1244,1244,0.485204108953,-2.19229767357
1245,1245,-0.0104995886016,2.90188675775
1246,1246,0.435256673869,-2.59944476244
1247,1247,-0.108188461822,2.49819499199
1248,1248,-0.0337968249598,3.09312724223
1249,1249,0.945762667112,-2.62168439489
1250,1250,-0.0686930331889,2.26894728886
1251,1251,-0.14710140667,2.74042473339
1252,1252,-0.0592550838165,3.14521516593
1253,1253,0.799633300452,-2.25135701039
1254,1254,2.42295902474,0.567598450752
1255,1255,2.45572105296,0.00756747805634
1256,1256,2.52644990547,-0.19531710804
1257,1257,2.48099064961,0.129003274039
1258,1258,2.39865240239,0.515736279155
1259,1259,2.54706917137,0.107367639725
1260,1260,2.92619544459,-0.053117673826
1261,1261,2.52005887735,0.441349492587
1262,1262,0.308892611734,-2.27987461232
1263,1263,0.0604929613344,-1.98759284151
1264,1264,2.57297515741,0.0255126473752
1265,1265,0.423354649348,3.09701157603
1266,1266,1.34463759275,-0.0198861030217
1267,1267,1.74685101661,-0.349451504781
1268,1268,0.00529834869396,-2.49587414789
1269,1269,0.35076923578,-2.14355851429
1270,1270,1.99442212059,-0.110320070654
1271,1271,0.561332426223,2.83839378039
1272,1272,1.66743092628,0.320665648613
1273,1273,-0.426775039532,-2.12479092985
1274,1274,0.675391640574,-0.492299765475
1275,1275,-0.117285236478,2.96347899906
1276,1276,0.247709790335,-2.24807757379
1277,1277,1.03714548141,-2.92529008829
1278,1278,2.56972499202,0.0178923955022
1279,1279,2.06008209378,-0.143682826806
1280,1280,0.749446915749,-0.137847763845
1281,1281,2.52851487481,-0.196376527055
1282,1282,2.55348349237,-0.321689780423
1283,1283,2.42950474774,0.328258502253
1284,1284,-0.619864153757,-1.91880849966
1285,1285,1.5971485256,-2.05338975892
1286,1286,0.0789525441481,-0.442894047435
1287,1287,1.72626596641,0.709166233001
1288,1288,-0.10537391513,-2.2686547833
1289,1289,-0.120705973672,-2.45487630738
1290,1290,0.0912677215747,-2.60802523013
1291,1291,0.801172936994,-0.545062959741
1292,1292,0.615334253321,1.80517714245
1293,1293,2.16090780498,0.0869945047244
1294,1294,2.32906076022,-0.189130137168
1295,1295,0.737366652304,-0.700529307871
1296,1296,-0.022040830989,-2.86015639261
1297,1297,0.283749275787,-2.48136552424
1298,1298,1.47787948793,-0.876011708861
1299,1299,-0.364214148122,2.80315627422
1300,1300,0.979478980296,-2.2764562852
1301,1301,-0.0852025257944,2.76927913948
1302,1302,-0.400136763734,2.10070544098
1303,1303,1.10780179348,-2.46486705311
1304,1304,-0.901884699619,2.40751435301
1305,1305,-0.422239202882,2.1500597414
1306,1306,-0.438448917992,2.47440287143
1307,1307,-0.444041177523,2.79463120012
1308,1308,-0.434604604965,2.41108874577
1309,1309,-0.590267180735,2.67394914786
1310,1310,0.526210164199,-2.4279498927
1311,1311,-0.281770066427,-3.01982952049
1312,1312,-0.388321993054,2.79498737768
1313,1313,0.330423067225,-2.37725816769
1314,1314,1.50779971275,-2.78561527697
1315,1315,0.452512020682,-2.20333139449
1316,1316,-0.895264758744,2.64393499368
1317,1317,0.255531621188,2.70368851615
1318,1318,0.696082001331,-2.32808830868
1319,1319,-0.454763511851,2.55073322727
1320,1320,0.174158945726,2.53423051182
1321,1321,-0.625377515319,2.00973230523
1322,1322,0.316885040239,2.32823661681
1323,1323,-0.0586378012454,2.40149443149
1324,1324,0.811647038526,-1.98008032146
1325,1325,1.01026399964,0.812026446347
1326,1326,2.55265560869,0.00353740969344
1327,1327,0.341776345103,-2.73368486547
1328,1328,0.167717334505,-2.49945510652
1329,1329,3.00602132669,0.383551033812
1330,1330,0.188071151982,2.6058143318
1331,1331,1.09200027403,-2.30299347713
1332,1332,1.5464689385,0.477670131002
1333,1333,-0.0132397178741,-2.80345787727
1334,1334,-0.284170956753,2.19766444571
1335,1335,0.685025986771,1.98277007017
1336,1336,0.590130195281,1.87361295824
1337,1337,-0.200107507192,1.44358821899
1338,1338,1.3006972123,0.602047896361
1339,1339,0.204055881258,2.11559122947
1340,1340,1.55744510617,1.68931512072
1341,1341,1.37019198311,1.57473437468
1342,1342,1.76362684427,1.3746918761
1343,1343,-0.0579368010343,-1.87363000444
1344,1344,-0.0685357848385,-2.2235512237
1345,1345,2.25165294768,1.11170874545
1346,1346,0.0910881569217,1.9003194521
1347,1347,1.79882970073,0.536886133152
1348,1348,1.1225632995,2.01754599375
1349,1349,-0.191305894308,2.39646794082
1350,1350,-0.964610692751,-1.70039322962
1351,1351,2.39510491376,0.748719302189
1352,1352,-1.09075189342,-0.837926107513
1353,1353,0.662615365124,-1.97882869068
1354,1354,0.475427995126,1.17207359781
1355,1355,1.1045464826,1.1148327181
1356,1356,1.65125620311,0.141203478586
1357,1357,1.47471665013,1.6147539093
1358,1358,0.956394173174,1.9024365885
1359,1359,1.02695412312,0.85753997117
1360,1360,2.4717591878,0.670280789656
1361,1361,0.482654386708,0.518172882029
1362,1362,-1.03944924081,-1.76936954008
1363,1363,-0.58033666311,-1.6714562975
1364,1364,2.21732006268,0.58651084115
1365,1365,1.1293535102,-0.308362692819
1366,1366,2.05444450619,0.00196249238674
1367,1367,-0.376212678272,0.926353488769
1368,1368,0.313961006266,1.59803779392
1369,1369,1.00843750624,-1.92570332039
1370,1370,0.51530587223,2.13219554977
1371,1371,2.66199711463,-0.163129534526
1372,1372,1.57797842724,0.31558016028
1373,1373,0.302648681192,1.74098264967
1374,1374,1.70672153534,0.494549916648
1375,1375,1.09227275526,1.03612363944
1376,1376,0.529795885518,0.959421994985
1377,1377,-1.2038835014,-1.49741146528
1378,1378,-0.147837520999,-2.20572317949
1379,1379,1.22903812082,0.786791075668
1380,1380,0.233260599576,2.59519438475
1381,1381,0.435020947376,0.941416881181
1382,1382,-0.0274945927633,-2.51499867005
1383,1383,-0.316172834104,1.82129951091
1384,1384,1.41421609144,0.226632424683
1385,1385,1.96535917605,0.559706367947
1386,1386,1.76293745784,1.33300796968
1387,1387,2.02545912861,1.34376798073
1388,1388,3.3698605578,0.802776736001
1389,1389,1.93096093499,1.6613190827
1390,1390,0.117418323696,2.16332906226
1391,1391,0.0202131167663,1.57181174576
1392,1392,0.642917473069,-2.29765953854
1393,1393,0.810388144959,0.579407659837
1394,1394,0.953929462859,0.048222724023
1395,1395,2.49117011885,0.0892112879345
1396,1396,2.78508163868,0.0298959631192
1397,1397,1.8102259778,-2.28377274551
1398,1398,0.0932625649585,1.32722517912
1399,1399,0.0387000884285,-2.46381181306
1400,1400,1.10304584484,0.41663389407
1401,1401,-1.32022867197,-0.803105095028
1402,1402,-0.191414246236,2.06958504591
1403,1403,1.34591604054,0.127570607878
1404,1404,0.312472595803,1.77155622034
1405,1405,1.3223240719,1.51768475007
1406,1406,0.246385401041,2.81176306995
1407,1407,0.207370293264,4.3086604457
1408,1408,-0.337467541539,3.32721352724
1409,1409,0.390876295651,2.63468789878
1410,1410,-0.0336263830033,2.26694430337
1411,1411,-0.4825286698,2.56496785367
1412,1412,-0.0336867045333,2.74689538035
1413,1413,0.0230625183602,2.32043169832
1414,1414,-0.0531795315949,2.29958487684
1415,1415,0.42111661897,2.93988413718
1416,1416,-0.34144470271,2.99486387511
1417,1417,1.67852252766,-0.0689143136993
1418,1418,0.262876853933,2.26479841561
1419,1419,0.839799348385,0.128724596717
1420,1420,-1.20030548482,-0.792657560712
1421,1421,0.128688719116,0.0515837336111
1422,1422,0.79683771055,0.0174876722583
1423,1423,2.42260436659,0.254196890836
1424,1424,-0.368411425405,-3.44597333845
1425,1425,0.438639851106,1.75859748362
1426,1426,0.3216715764,0.623828157573
1427,1427,2.51496076796,0.38528815457
1428,1428,3.76432214952,-1.24852420557
1429,1429,2.58371964494,-0.394482989267
1430,1430,1.97561037076,0.833866682332
1431,1431,2.76018196048,0.670601509275
1432,1432,3.02532214155,0.479808485135
1433,1433,1.9865890036,0.119364919819
1434,1434,0.806300836621,0.867617036067
1435,1435,1.71864833019,1.36493436552
1436,1436,-0.639659324983,-2.54510189845
1437,1437,1.98935937763,0.321891492355
1438,1438,0.192853388027,2.13127260268
1439,1439,1.35358080695,1.89115289314
1440,1440,1.28109491426,2.17504853538
1441,1441,0.274181997865,0.77923497989
1442,1442,1.38032297224,1.77734338399
1443,1443,0.636100900194,-2.55956982991
1444,1444,2.15556400895,2.37071082456
1445,1445,0.997650032029,2.21811151899
