,vote,alpha,beta
0,0,-0.0832928124546,2.28097216876
1,1,-0.99620180369,-2.75188510973
2,2,3.15165327467,-0.21113484654
3,3,2.77949789717,0.165252970692
4,4,0.530347703335,-1.34547006023
5,5,3.57334829309,-0.120895715857
6,6,2.300972997,0.544051062632
7,7,2.43021869735,0.835610966732
8,8,0.257698534709,-1.88463298846
9,9,1.46527515887,-1.51738526091
10,10,2.59850210655,-0.0957329135311
11,11,2.94588683691,0.196123275256
12,12,2.22481882677,-0.0109263635467
13,13,3.16711214409,0.234887195085
14,14,3.44304408928,0.854741546231
15,15,2.17299093446,0.29089014036
16,16,0.161068131349,2.44704138627
17,17,0.520606806265,-0.601769047256
18,18,2.83683410268,0.31904012178
19,19,2.7346468706,-0.0981683339963
20,20,1.41737484374,-0.726181511733
21,21,0.402223634097,-3.04056974352
22,22,0.0323071723399,-2.57050138623
23,23,3.23644154401,-0.155735605047
24,24,1.0559530286,-2.60750937941
25,25,1.34648805337,-0.255929169181
26,26,-0.841918863485,0.0735515031737
27,27,-0.332056558946,2.99214738884
28,28,2.35647229156,0.105389595934
29,29,2.71831489626,0.4890363265
30,30,2.70237136398,0.000449359549079
31,31,2.4134972786,0.206816898913
32,32,-0.118604904898,-2.49147669111
33,33,0.0951656350166,-3.49201695549
34,34,1.47871311163,-0.459173596602
35,35,-0.139565455875,2.70732614867
36,36,-0.384871145565,-2.93746303648
37,37,0.0582166631267,-2.43417446322
38,38,0.474500755587,-3.09582078257
39,39,-1.18536872757,-1.63578888261
40,40,2.55012101751,-1.87168231705
41,41,0.497113354351,2.90196104288
42,42,-0.42269256287,-2.31442938864
43,43,2.67503739845,0.571551788601
44,44,3.62286359272,-0.407702565431
45,45,3.54802555087,-0.242015717964
46,46,2.32367609343,-0.00258242323434
47,47,2.14404577431,-0.334394650314
48,48,2.77303966016,0.518873105207
49,49,2.69069493499,2.09752972086
50,50,0.0114915036498,-2.71142930833
51,51,-0.200502710213,-2.43500896124
52,52,-0.547051085285,3.19888849263
53,53,0.0112071458204,-2.75580366403
54,54,0.270043558586,-2.92968046348
55,55,0.111684232931,-2.56650689321
56,56,0.772545882181,-2.33681715937
57,57,-0.551322616577,2.02133247426
58,58,0.577317237562,3.49108130153
59,59,-0.340036701516,-1.80695032888
60,60,0.919453300641,-2.26093957009
61,61,2.32938527823,0.402513757382
62,62,2.10706868104,0.295101688333
63,63,2.64540912296,-0.316668066144
64,64,2.66314951825,-0.572395037623
65,65,2.21097290497,0.0516265698173
66,66,-0.303695646482,-2.58479852188
67,67,0.332788838617,-2.20613027909
68,68,1.42784968994,-2.30794125007
69,69,-0.548044347382,-1.94517803833
70,70,-1.17214114686,1.53985768223
71,71,-0.66670740547,1.79191478255
72,72,-0.974320684357,2.31076836371
73,73,-1.36378318807,2.79505655017
74,74,-0.758157454588,2.42569000352
75,75,-0.879199711619,2.42805992822
76,76,-0.534902568102,2.07992937644
77,77,-0.527493338891,1.20561379705
78,78,0.051348571675,3.05484429948
79,79,1.24722572329,-2.39782021841
80,80,-0.985731309031,-2.34878228735
81,81,-0.497157246115,-3.0910767907
82,82,0.651437896062,-3.70501629397
83,83,0.0997236348806,2.61886540733
84,84,-0.00248854599672,-1.87305861201
85,85,3.20377710806,0.347812075936
86,86,2.20050798092,-0.503310980443
87,87,0.157486282702,-3.51507458014
88,88,-0.499302698122,-2.84024835247
89,89,-0.78286700162,-0.973245599231
90,90,0.209003929074,-0.591046670427
91,91,-0.365166014481,-2.03683427734
92,92,-0.689748904557,1.85314133085
93,93,-1.19444113673,-2.20530974248
94,94,0.355351577823,3.22930307579
95,95,1.92221287919,-0.232108794929
96,96,-1.17636718308,2.1709173156
97,97,-0.359790719957,1.83331853446
98,98,-0.434023845497,0.330406021557
99,99,-0.102850635745,1.89326877865
100,100,-0.236273268933,1.64928074526
101,101,-0.888596183453,0.573146674395
102,102,-0.505484738513,-1.95059657947
103,103,-1.11164333702,1.74237977763
104,104,-0.307211411909,-0.854382365927
105,105,-1.12266208976,-0.107756989843
106,106,0.891127678418,0.99889916377
107,107,0.140920193495,-1.36891160301
108,108,-0.468970394098,0.525179284884
109,109,-0.459566505889,0.566074370877
110,110,1.59279582775,1.64935480024
111,111,-0.116265786444,-1.97020726957
112,112,-0.511115206182,-1.29197036978
113,113,-0.211501200591,-2.12747481911
114,114,0.613062722521,3.01728056796
115,115,0.27391691104,-1.31704174226
116,116,3.05632402847,0.134865718294
117,117,2.97631717399,-0.210592743139
118,118,0.453093818365,-2.10780703819
119,119,2.14218605089,-0.202180539802
120,120,2.6013602536,-0.251598859654
121,121,-0.392465672512,2.60449966962
122,122,1.35485702442,-1.34863904
123,123,2.77197804187,-0.0631979301507
124,124,0.947575731613,1.94410506485
125,125,0.852540856329,-3.18297550166
126,126,0.318620133974,-2.76751627808
127,127,-0.908330926185,0.663546860281
128,128,0.161499240816,-1.94005297824
129,129,-0.361957289472,-1.30616395091
130,130,-0.785573358143,-1.33620090819
131,131,0.825560629711,0.826638401743
132,132,-0.495366606323,-1.68622569122
133,133,-0.104094166056,1.39306117603
134,134,0.347405381473,-2.29227304886
135,135,1.48431522293,2.4409842633
136,136,-2.20862858755,1.48412709201
137,137,-0.61954137005,0.699887705349
138,138,-1.29725452164,0.777107066073
139,139,-0.316093418796,2.15262346459
140,140,-0.664553312183,0.103296438574
141,141,-0.6494038952,0.421402350173
142,142,0.367127858004,-1.94470704227
143,143,-0.805703169711,1.84339174393
144,144,-1.75600195744,2.12546291425
145,145,-0.70133311189,1.17571814534
146,146,2.15796446859,0.90890056425
147,147,-0.208852704236,1.18228582427
148,148,3.06714134936,0.406278677185
149,149,2.85838590167,0.203352149
150,150,0.329226172704,2.85822420776
151,151,0.851408686271,-0.640066269377
152,152,2.83157291113,-0.267064761756
153,153,2.58493415109,-0.289008189299
154,154,2.91087012854,0.263964895068
155,155,-0.0331604615421,-3.01646005751
156,156,0.0536187815945,-2.07482118684
157,157,3.10462539769,-0.283848506709
158,158,0.0399093735945,-2.01221377749
159,159,1.96010498059,0.703540334546
160,160,0.316697296351,-2.38147679789
161,161,0.389549939605,-1.8998389956
162,162,-0.132972978044,2.33209257523
163,163,0.378866425841,-0.461865853636
164,164,-1.1671252376,-1.17898011149
165,165,-0.329916124983,1.57500312605
166,166,0.171279111516,-2.83869664919
167,167,-0.89969678864,1.5374550644
168,168,1.4765692363,1.73865154067
169,169,-0.0826269745579,0.104336250541
170,170,-0.889270338637,-0.636848820885
171,171,-1.62585866128,-1.417148455
172,172,-1.04058665196,1.04581760014
173,173,-1.24176444908,-0.633241103499
174,174,-1.27343731156,-2.29046471175
175,175,0.3235626421,1.51034168542
176,176,0.0864610908628,0.625363056083
177,177,0.182655954163,-2.37977412845
178,178,-0.0141485018871,1.07393417576
179,179,-0.446459411541,-1.32885588011
180,180,-1.3404601849,-1.85263234015
181,181,0.827990265329,-0.3990381477
182,182,-0.488777053121,-1.18137625287
183,183,0.0601330643456,0.948441331618
184,184,-0.0392437191156,0.483199602009
185,185,-0.19203846084,0.264183371817
186,186,0.384874805445,-0.460531898328
187,187,0.206417747116,-0.361782739186
188,188,0.0694374159106,-0.66128502727
189,189,0.0441552163765,-0.299888866038
190,190,0.229835616415,0.29270469518
191,191,-1.46422659523,-2.16232606541
192,192,-0.423650699468,-2.70016092753
193,193,0.252443995352,3.15075939872
194,194,-0.247286680631,-0.892951125418
195,195,2.0597959096,-0.182270096603
196,196,2.37691845147,0.119036760928
197,197,-0.0990776414146,-2.65291037884
198,198,-0.556378877353,1.12894251586
199,199,0.313089621513,-2.10729516207
200,200,0.432828148713,1.63125018304
201,201,-0.37771648882,2.42571618161
202,202,0.997128899576,-2.0348712248
203,203,2.80691887712,0.181335875725
204,204,-0.117284144248,2.39501043237
205,205,0.751461883883,-2.2470587887
206,206,0.213136103139,-1.45308036201
207,207,0.159349743344,-1.73185784714
208,208,-0.484536087032,1.89762705566
209,209,0.14601357297,-2.24651715542
210,210,0.528661240603,-0.675816662913
211,211,-0.47969559788,-2.32489635553
212,212,0.432195223616,1.83025811408
213,213,-0.852951612126,2.25196996363
214,214,-0.289446501479,3.03529279474
215,215,0.381174648766,-2.07961281473
216,216,2.51046863683,-0.92919389547
217,217,2.12903035062,-1.32806125518
218,218,2.68135258934,0.161574288716
219,219,-0.322540366801,-2.62050553643
220,220,0.494557295382,-1.99778643372
221,221,2.07312277064,0.730477517225
222,222,-0.390563115199,2.56962243551
223,223,-0.0999777269775,1.93139271087
224,224,-1.25684103452,1.67245197041
225,225,-0.423087863518,0.251007762715
226,226,-1.99074093895,-2.45241084702
227,227,-0.638518567528,1.85593324573
228,228,-1.7348327463,-2.13599360144
229,229,0.312978550046,1.92418028544
230,230,-1.64038911037,-1.56771091466
231,231,1.53984165692,0.754009682582
232,232,0.0478595177443,1.69034370436
233,233,-0.541619423079,1.83373507665
234,234,-0.854176398261,1.8176235732
235,235,-0.79737742275,1.61410566592
236,236,-0.756757874484,1.53970302386
237,237,-1.14414474924,0.629853680665
238,238,-1.06061329258,1.60668803199
239,239,-0.960953173491,1.42887323269
240,240,-0.689260998248,1.51679376541
241,241,-1.40212858503,2.05059491129
242,242,0.463503728851,-2.52056371213
243,243,-1.47792705757,-1.98679853472
244,244,-0.522314336371,1.98171588969
245,245,-0.0964963828767,0.943890320001
246,246,-1.06487611006,-0.763698535772
247,247,-0.388524240913,1.10332352148
248,248,-0.644906479788,0.30927965724
249,249,-0.487301427469,0.328854464873
250,250,-1.45447238889,0.962511687012
251,251,0.103555124002,1.14485241676
252,252,-1.6248709315,-1.26145755282
253,253,0.491825705232,-2.51589958151
254,254,0.0583533310382,-2.05993734588
255,255,-0.682550218644,1.27175701506
256,256,-0.163126547623,0.645811051968
257,257,-1.23348974941,-1.40408031572
258,258,-0.29594526718,2.32492678279
259,259,0.157251761189,-1.81487994686
260,260,-0.266266293373,-2.65311703217
261,261,-0.449223499638,-3.16931252021
262,262,-0.261271462353,2.14400811722
263,263,0.0427861244429,-2.34191728939
264,264,0.108845051724,-2.63466378958
265,265,-0.281137552617,2.85489257651
266,266,-0.475541465515,-1.88130023424
267,267,2.60645671072,-0.284433121792
268,268,3.3466246779,0.455532191534
269,269,3.15409802095,0.0637707987243
270,270,0.38751481034,-3.54535531446
271,271,0.568612222938,-2.69108540508
272,272,-0.923668501863,0.21383319128
273,273,-0.200239636165,2.91163771506
274,274,1.60712710333,-2.27580863942
275,275,-0.0704409686837,2.66693976719
276,276,1.14786416685,-2.18580592628
277,277,0.0814467036667,-2.30228917169
278,278,0.152992546142,-2.18635045128
279,279,1.29804563285,1.6932441306
280,280,0.567156685533,-2.62336209549
281,281,0.280136257719,-1.86883728143
282,282,0.278564448323,2.93914569764
283,283,-0.50982153623,-3.2308917411
284,284,-0.435398726103,2.01767613716
285,285,0.117436640221,2.52970114381
286,286,-0.28090967372,2.9339183757
287,287,-1.45796817744,-3.09317875479
288,288,2.10707956652,-0.0287679947665
289,289,3.23396519419,0.586631665351
290,290,0.32663442181,-2.73934239357
291,291,-0.236574758738,-2.75082205753
292,292,-1.41223431032,0.609221578058
293,293,1.55386133909,-2.53303431774
294,294,-0.355284085229,1.21984497256
295,295,-0.876525007541,1.33308684154
296,296,-1.94787662379,0.790979107169
297,297,-1.38486853624,-0.986409831786
298,298,-0.369675423409,1.45276492886
299,299,-0.878150582518,1.81995726241
300,300,-0.132353524774,-0.368708219381
301,301,0.497244380905,0.113305752315
302,302,-0.285317886891,0.381041819323
303,303,0.180994427732,0.333285581963
304,304,1.08899670831,-0.518979996655
305,305,1.05131295689,0.430507309065
306,306,-0.416913111985,0.385208606471
307,307,0.609863348389,-1.69988203379
308,308,0.801615700409,-0.225799058584
309,309,0.587711580465,-2.11677912198
310,310,1.0623133886,0.751478595351
311,311,-1.32348303708,1.19166133096
312,312,-1.68322326231,1.96182503097
313,313,-0.216343034889,-0.447323844006
314,314,0.308429051456,-3.28603248335
315,315,0.54208410462,-3.04702503878
316,316,2.30695930037,0.307169329062
317,317,0.666018266287,-2.88560000522
318,318,-0.261260789504,0.201278977384
319,319,0.451537517814,-2.00297500407
320,320,0.149954479877,0.9878596453
321,321,-0.711621214671,-0.73658324828
322,322,0.5498181889,-2.05785745319
323,323,0.358898736413,0.282628122839
324,324,1.082245897,1.26480558785
325,325,-0.519879856788,1.67157890947
326,326,-0.395567299101,1.75426607443
327,327,0.113429725011,-2.80775017497
328,328,-0.217336103549,1.05306859063
329,329,2.46399996708,-0.806171567969
330,330,-0.0761544172972,0.195445693699
331,331,-0.176852346768,2.13140163517
332,332,1.10055822896,-0.929862659121
333,333,-0.383247501101,2.50492144848
334,334,-0.793371587814,1.89297563037
335,335,0.153639224096,3.11595848703
336,336,0.846173178817,-1.67134518804
337,337,1.87880265913,1.39370020537
338,338,0.0736816991263,-2.58499115831
339,339,0.225271657396,0.654917646509
340,340,-0.269610008066,-0.408750536345
341,341,-0.553686443839,-0.946891849591
342,342,-0.686440235817,1.2496579127
343,343,-1.00127229097,0.807762531255
344,344,-1.06241739081,1.17446111983
345,345,1.72156533949,-0.473681693912
346,346,1.80951450354,-0.432853638509
347,347,-0.357903140567,2.69840255265
348,348,-0.176827359126,2.7181658364
349,349,0.1587054364,-2.26159753017
350,350,0.436977664988,-1.79378966743
351,351,0.148216818585,2.83967878885
352,352,0.405227544669,-2.47684276705
353,353,-0.310724373584,-2.94227061641
354,354,-0.350338917826,-2.54243118081
355,355,2.19766707102,0.0290797708967
356,356,0.592734980213,-1.97981250649
357,357,0.881955577702,-2.99906374198
358,358,0.33770769165,-2.57758693969
359,359,1.56796228503,-2.24236762124
360,360,0.829466578965,-1.39887876739
361,361,-0.0514183557756,2.11896609186
362,362,-0.261788170474,1.78700772605
363,363,-0.155830557688,2.82258823111
364,364,0.159616067332,2.77168163152
365,365,-0.197716131068,3.06265813778
366,366,0.255164877311,-2.28038079579
367,367,-0.313374684244,2.85435062607
368,368,0.288827036414,-2.58283823024
369,369,3.02774978398,1.58097202406
370,370,3.00786515174,-0.23566305596
371,371,2.31233539911,0.0578031491283
372,372,2.39709778379,0.48221932177
373,373,2.3457062794,0.640481748505
374,374,2.47061418595,0.225346791935
375,375,2.71750445014,0.232619413271
376,376,2.75759222077,0.139373252247
377,377,2.34493854221,0.336123384698
378,378,-0.0686074078411,-2.7239823174
379,379,-0.101346377011,-2.63829674563
380,380,0.182205321773,-2.77393188082
381,381,2.64972556611,0.238151441633
382,382,3.48454978667,0.343339737076
383,383,2.38879161144,1.14069054751
384,384,-0.00120888548446,-2.62478787002
385,385,0.322607606906,-2.47541250327
386,386,2.04848018931,0.586848962171
387,387,-0.499549000368,2.19698237623
388,388,-0.677226298408,2.48521892317
389,389,-0.725145243985,2.50182488387
390,390,-0.616130495648,3.09019515886
391,391,3.11743592876,-0.291501725121
392,392,0.0930447077713,2.47097466457
393,393,0.770392570198,-1.97330580216
394,394,-0.050832479222,-2.94614420852
395,395,0.395434920812,-3.17325645916
396,396,-0.00887976688911,-2.74465154805
397,397,-0.0467817090605,2.77621911557
398,398,-0.683263718345,-2.25651880364
399,399,0.302263641547,3.26041172289
400,400,0.538715793371,-3.01955792661
401,401,-0.327529536454,-2.20245093691
402,402,0.695687046129,-2.01954425184
403,403,1.05638927621,-2.28943599303
404,404,0.177207762314,2.84593122622
405,405,0.857136934865,-2.38421776976
406,406,0.997655834392,-0.872383032884
407,407,2.58488811607,-0.147424086758
408,408,2.93257414985,-0.329912742094
409,409,2.64522311986,-0.0996491361521
410,410,-0.498726040101,2.25354092608
411,411,2.60086379024,0.262460389483
412,412,0.282180505053,2.53625040624
413,413,3.10448692395,0.179292893992
414,414,2.2313605507,0.0921494454619
415,415,-0.112957233848,-2.59390452759
416,416,0.2479642955,-2.61350639599
417,417,-0.121100296578,-3.43690224638
418,418,2.22327952267,0.134102345314
419,419,1.31455204097,-2.57724668229
420,420,-0.328955175595,-3.07801639721
421,421,2.72964770443,0.0327835047559
422,422,-0.0577801600684,2.90290830462
423,423,1.56732409043,0.583290218458
424,424,-0.136067624488,-2.76444002837
425,425,-0.332029527384,-2.21150674152
426,426,2.29386450152,1.21920154063
427,427,-0.0905414294437,-1.44234297276
428,428,-0.0540069014498,-2.14373656949
429,429,1.39789964119,-2.38802303541
430,430,1.10690266468,-1.69245750461
431,431,0.804479002066,-2.13976827963
432,432,0.0321478440298,-2.33257394981
433,433,0.344486011211,-2.70057166936
434,434,-0.172536108958,-3.40666215673
435,435,-0.266186975252,-3.13696934707
436,436,0.914292597089,-1.85152198175
437,437,1.07216293928,-2.12192070725
438,438,0.0684895561659,-3.30362132762
439,439,1.39275222457,-2.24934308253
440,440,-0.0835717467689,-2.81396833485
441,441,1.14018326527,-1.90322807948
442,442,-0.448917949036,-2.89806611851
443,443,2.07381682564,0.356473060338
444,444,0.0802979657525,-2.26747832103
445,445,-0.176241691823,-2.84634850431
446,446,0.73440531758,-2.02539547751
447,447,0.384926618102,-3.25921777454
448,448,1.12203958684,-2.24133618894
449,449,3.5033765205,0.0538171204893
450,450,2.87201426984,-0.140861856818
451,451,-0.387031744617,-3.30353681581
452,452,0.854328559612,-2.01428157928
453,453,-0.171076435597,-3.09456593668
454,454,0.844664328358,-1.97285043957
455,455,0.00497803247855,-2.82587897146
456,456,-0.0563675274025,-2.75772098801
457,457,-0.164802326087,-2.77996071742
458,458,-0.52007402302,-2.26160667103
459,459,2.9815289539,-0.659832925962
460,460,0.0510949839833,-3.08033052297
461,461,1.26304968525,-2.36232156309
462,462,3.21306000823,0.0613563097034
463,463,0.352561869699,-2.83383968922
464,464,-0.931228450568,-1.44345748514
465,465,0.910902535398,-2.02106389046
466,466,-0.249830821576,-3.37560096261
467,467,1.37602006507,-2.69629172048
468,468,-0.00351232111186,-2.62380935898
469,469,0.394269402931,-2.60726750881
470,470,0.00161487512472,-0.272107121495
471,471,0.627631835919,2.68808735379
472,472,-0.116223775912,-2.78830492362
473,473,1.07082598401,-1.94975604303
474,474,-0.376253463034,1.63397434935
475,475,2.16680299484,2.22816298727
476,476,2.14448650261,2.40735345643
477,477,2.23372018214,0.269273736844
478,478,3.8694596851,-0.226707398553
479,479,0.143127164493,-2.54622746006
480,480,0.993492599802,-1.44543208562
481,481,-0.619559493878,2.28086985531
482,482,0.0947173690911,-2.15595538933
483,483,-0.746944337793,1.00008283891
484,484,0.0386170812105,0.18127395484
485,485,1.68010904213,0.590593157855
486,486,2.43985825321,-0.251963949891
487,487,2.51261058472,0.280084541983
488,488,2.39944299048,-0.258916060461
489,489,-0.0837698256762,-3.40412199355
490,490,0.598775592749,-2.52376014457
491,491,-1.06381484336,2.11377842669
492,492,0.0545389873266,3.17123102972
493,493,0.933992863134,-2.03770381511
494,494,-0.260310441845,2.72115584973
495,495,1.19715006326,-1.32632260663
496,496,2.64161208943,-1.28669466908
497,497,-0.0622456402904,-2.31899995869
498,498,2.52705034076,0.284016804831
499,499,2.45488414502,-0.220124027013
500,500,-0.161945556973,-3.81489831678
501,501,-0.0297520440078,-3.63068045686
502,502,0.527963022234,2.49748594501
503,503,-0.270377837,2.96161844083
504,504,-0.428245605219,3.16169505058
505,505,0.666799046287,3.36508151185
506,506,-0.165000816772,-1.88525644731
507,507,3.07977111929,0.771002332293
508,508,0.108390631712,2.89173597004
509,509,-0.0322331037809,-3.12225796072
510,510,2.79614278924,2.03145695659
511,511,0.197011038589,-4.05560575106
512,512,0.312207082501,-2.32931129225
513,513,0.312248700695,-3.53999533591
514,514,-0.28019965623,2.25484721924
515,515,0.756275739952,-1.61854939128
516,516,2.54567177019,-0.0827075594545
517,517,3.55755185804,-0.310328051066
518,518,-0.312498953593,-3.25620233229
519,519,-0.0247662811204,-2.62047612074
520,520,-0.0358788461845,-2.79389966612
521,521,0.0288407354435,-3.15544465912
522,522,0.532083136694,-2.98077321301
523,523,0.231048093646,2.44862237225
524,524,-0.0247900071522,2.94213186855
525,525,-0.381572326796,2.19129044121
526,526,0.427481801765,2.32367981188
527,527,0.0569497315594,2.24176401009
528,528,-0.549237556306,2.98638429354
529,529,-0.0844392809263,-2.83516957162
530,530,-0.172391933018,-1.35739383288
531,531,0.382039769566,-2.41622123384
532,532,-0.131799599813,2.46840931426
533,533,-1.14233889553,1.60638068105
534,534,-0.52655273953,2.28863413043
535,535,0.525888400419,-2.21888222256
536,536,-0.407048216915,2.01343946594
537,537,-0.483147462704,2.45518098031
538,538,-0.411057618456,1.91147449619
539,539,-0.819742110458,2.01878897918
540,540,-0.747184164458,2.58233292342
541,541,-0.452547626428,3.36969017914
542,542,-1.13585586179,2.87743025161
543,543,0.916960345937,-1.93284832203
544,544,2.29710256898,0.308948742655
545,545,2.52339423863,0.218217761532
546,546,3.16279037253,0.234571971754
547,547,2.93586090256,-0.359792827544
548,548,2.59863305499,0.396328094272
549,549,0.0619648520584,-2.76703129051
550,550,0.959230289743,-2.49668684314
551,551,0.528041210917,-1.20385289276
552,552,-0.784652187678,2.16791737303
553,553,-0.350529103082,2.01654792497
554,554,1.07208213206,-1.74321233017
555,555,1.34525477979,-0.664952712412
556,556,0.0873372645419,1.17144710144
557,557,-0.483304103893,0.22054326317
558,558,-0.556713123098,0.835977139781
559,559,0.450208006265,0.571048564745
560,560,-0.572180722736,1.0812451628
561,561,0.820381579272,-0.382662522722
562,562,2.14652277283,0.671750751273
563,563,2.31962135155,0.473383429882
564,564,2.69445766211,-0.755915542876
565,565,1.61796761924,-1.56055763155
566,566,3.44469015115,0.262752982202
567,567,2.41653948443,-0.294520568861
568,568,2.85930577977,0.292781562753
569,569,2.60790696424,0.0250904711169
570,570,-0.337027941837,-2.47202023077
571,571,-0.493566624175,-3.32227683317
572,572,0.156763788599,-3.3558286082
573,573,0.763865378486,0.158103114699
574,574,1.05072832007,-0.333933506348
575,575,0.154330273044,-2.07124261068
576,576,0.578012683148,2.77814673337
577,577,0.532835075682,-1.88806906635
578,578,2.96491263022,2.21642409153
579,579,0.339269176578,-2.77453039184
580,580,0.74056479976,-3.42860179635
581,581,0.0262894270059,2.89133926758
582,582,-0.000156146476564,2.30835054004
583,583,-0.446903281849,-1.90528373878
584,584,2.91665612292,0.281097549255
585,585,2.62539845098,-0.130434157982
586,586,-0.325383578661,-3.70386050823
587,587,2.96917934112,-0.239492939079
588,588,-0.0846685104504,-2.52450002745
589,589,0.854470026373,-1.10654078705
590,590,-2.01804971547,2.73681244715
591,591,-1.5863076331,1.54030661088
592,592,-1.99412261372,1.61790719641
593,593,-2.84403668411,-2.49343423049
594,594,-1.05844052321,2.30630604653
595,595,-0.602294161235,-2.33747418113
596,596,0.657955367096,-0.544730523888
597,597,2.47898837911,-0.122636083939
598,598,1.78853744171,1.89696372829
599,599,0.323053432726,-2.21726171595
600,600,-0.270154693801,3.08093332091
601,601,-0.146780177492,2.47669238369
602,602,2.07391139306,-0.23403841009
603,603,-0.0945159110862,-3.45844083635
604,604,-0.048027703118,-3.07765147033
605,605,0.858520228889,0.51622000149
606,606,0.086116843977,2.26372354573
607,607,0.875182362599,-1.16793413125
608,608,-0.74717606705,1.24613589635
609,609,1.54021589119,-1.83783223394
610,610,-1.27189014019,2.36476852732
611,611,1.94219615612,-1.73293247443
612,612,2.01435451807,0.0368053365143
613,613,1.21325522308,0.565076541289
614,614,0.918328925168,1.38440138139
615,615,0.749198036728,0.438765569202
616,616,0.538245004216,0.711528061226
617,617,0.80815673093,0.519387186748
618,618,0.613947067875,0.534752042214
619,619,1.96121839287,-2.11638007454
620,620,1.28853750188,1.43610515161
621,621,2.29533610362,0.324319193557
622,622,0.848543592264,-1.86096821138
623,623,1.91010442071,0.818140482269
624,624,0.169398382814,1.68722012701
625,625,-0.0736783235265,-0.965785015735
626,626,-0.252677575736,-0.566750046751
627,627,0.873744394286,1.35981595776
628,628,1.42869013306,0.468454925205
629,629,1.62082138332,0.323309341564
630,630,-1.37986660173,-1.52346996515
631,631,-0.663547223334,-2.66895632829
632,632,-1.37709154457,1.01262961467
633,633,-1.17042514718,-1.1765299313
634,634,2.58721916959,0.240383453381
635,635,-0.18418188121,-0.261325572379
636,636,-1.147974299,1.04763309416
637,637,-0.229616729673,0.418020429734
638,638,2.74090196526,0.598929028114
639,639,0.389263907884,0.335395166585
640,640,-0.790375633607,-1.68507287384
641,641,0.706450934248,0.302770307294
642,642,0.942199378649,0.484074307295
643,643,-0.289546764313,-0.938817525392
644,644,-0.773858533489,2.14954899473
645,645,-0.0759225933833,1.42834003878
646,646,0.798602369524,0.894673861772
647,647,2.17749482056,1.18701973944
648,648,2.08746683764,1.25636024674
649,649,0.622073038612,1.88050047793
650,650,2.95651594158,1.1461112647
651,651,-0.467202591236,-1.66345753277
652,652,-0.311960442775,-1.28130473124
653,653,2.25962713557,0.176447075314
654,654,2.19900143541,2.42201197634
655,655,0.748210107342,0.696872028247
656,656,-0.430229945064,-2.01500717567
657,657,1.3879587272,0.452563212642
658,658,-0.0471034220067,1.3440221823
659,659,2.97981170154,0.215349883434
660,660,1.0870009241,1.57628051111
661,661,2.00716852469,2.2951158814
662,662,2.00223057982,2.04305261578
663,663,1.40498896474,1.73169095477
664,664,1.75959178539,1.8177142179
665,665,2.09852050351,2.00132597331
666,666,1.34128412231,1.6367960592
667,667,0.333443297336,-2.32219302925
668,668,-0.868612956349,1.81403350114
669,669,1.69280973951,1.40066685513
670,670,-0.320545426022,-1.62302914415
671,671,1.26395324587,1.13542098563
672,672,2.69801166486,-0.367067418175
673,673,-0.676108060578,1.81862821312
674,674,-2.14837346413,2.11887446376
675,675,1.57141460421,-0.822650158193
676,676,0.148738708067,1.61979715125
677,677,1.46851865333,1.32641769515
678,678,2.59878247588,1.33133926662
679,679,0.321881461042,2.62369908271
680,680,1.94996540647,0.798189655559
681,681,2.48625237845,0.559005509648
682,682,2.66316348846,-0.185071902445
683,683,1.28428578779,1.08269164649
684,684,1.59986314168,1.55585808205
685,685,0.127604408179,2.81606971886
686,686,0.148072623464,3.17249539982
687,687,-0.209091090124,1.95718716024
688,688,0.563365002869,1.86770244548
689,689,0.37450208752,2.13418353258
690,690,-0.785105048201,2.62651086911
691,691,2.78759187501,1.91183589397
692,692,1.66320099517,1.29239157401
693,693,0.439544025903,-3.10239149096
694,694,1.66058912273,2.27920099802
695,695,0.320433019639,-1.64989565641
696,696,1.61750780674,1.95537357795
697,697,1.33719627247,1.81006841269
698,698,1.91518727742,0.497964602221
699,699,2.74288363195,0.532611936496
700,700,-0.688948436384,-1.17858405109
701,701,-0.14555584399,1.07287581831
702,702,-0.805745207614,2.23323955186
703,703,0.157122221569,1.58236803115
704,704,-0.667108638057,-1.18567525052
705,705,-0.346022196617,2.2410189412
706,706,1.85963872643,1.67642900065
707,707,-0.393022074884,-1.78494341449
708,708,0.891595753151,1.63269549962
709,709,0.87827036122,0.871409965403
710,710,0.201316365494,-2.24956531793
711,711,1.39003673773,0.609738727246
712,712,0.0620522650099,-0.506219984912
713,713,-1.01607650127,-1.70218416101
714,714,0.244259840129,-2.2236443508
715,715,-0.543649423049,1.67076907401
716,716,0.124892353218,2.49613643136
717,717,-0.0871467603861,-2.29192278456
718,718,0.815988092714,1.34395071867
719,719,0.247049132077,-1.44207659298
720,720,0.930882571227,1.45519232339
721,721,-0.358422707437,-1.72607043195
722,722,-0.368184989513,-1.02643021781
723,723,0.833152374501,0.857351492133
724,724,0.261297235117,1.03505983515
725,725,0.984763452566,0.913943287301
726,726,-0.698696179599,-2.61124432012
727,727,-0.582743191842,-1.41880941013
728,728,1.16961444415,-0.349754761348
729,729,1.94648244942,0.257270531532
730,730,-0.429236420372,-2.74191459925
731,731,-0.219594832834,-2.98178976648
732,732,-0.197330878143,-2.10832374105
733,733,2.20758911991,0.203851725876
734,734,-0.275150447948,-2.44759534969
735,735,0.654579609483,2.27379606662
736,736,-0.0241677208075,-1.35396713232
737,737,-0.710334133542,1.98646275773
738,738,1.66930445022,-1.44857453407
739,739,-1.87264774916,2.30992205188
740,740,0.95882112337,-1.95500432113
741,741,0.605844930366,2.46701327145
742,742,-1.31240497839,1.21450543359
743,743,1.04255941653,-1.53250197747
744,744,0.747856000062,0.399083021767
745,745,-0.629215179822,-1.79925305578
746,746,0.861012495595,-2.33497627808
747,747,0.594645917155,-0.510535744762
748,748,1.709482209,-1.16932308214
749,749,0.211560185973,-1.93645105427
750,750,-0.286469209983,-2.96890114971
751,751,-1.97806803248,-1.15810276153
752,752,-0.157693731756,1.61605323606
753,753,3.02161529874,0.474186381518
754,754,-0.45140034115,-2.73916104787
755,755,-0.158743809254,-1.94130848811
756,756,-0.17701221568,-1.87811985578
757,757,-0.0418911314276,-2.2809736825
758,758,-1.16265338849,-2.01946390284
759,759,0.254851357883,-1.92924231038
760,760,-0.692570370762,-2.56021639451
761,761,-0.715422209292,-1.56604401789
762,762,0.336457090245,-2.12426687468
763,763,0.0270011848439,2.08739726599
764,764,1.95189531197,0.405861124613
765,765,0.216582023526,-1.6398553097
766,766,-1.42085124004,-0.926448201173
767,767,0.236528255449,-2.78897542591
768,768,0.152156720741,-1.76675914152
769,769,-1.61345261857,-1.40585796046
770,770,-0.9135840633,-1.51498179122
771,771,0.596449212346,-2.74605157669
772,772,-0.924282805813,-2.92001229643
773,773,1.60507710353,-1.92086349268
774,774,1.60144337339,1.13900210959
775,775,1.43353949976,-2.52624724011
776,776,1.48386857546,-2.25058752818
777,777,-0.144861087116,1.44449369623
778,778,0.492395616321,1.19780321036
779,779,0.111079688791,1.30862161832
780,780,0.260209685027,-1.30273737153
781,781,1.32400529908,2.27408649676
782,782,-0.0431113220479,-2.82921068271
783,783,0.137763086985,-3.11834653033
784,784,0.362165479381,-2.32160886761
785,785,-0.363926824779,2.4506748292
786,786,0.101868585351,2.30056319947
787,787,-0.44986611048,2.79701724128
788,788,-0.45570878452,2.63775949777
789,789,0.164665867798,-2.16233600346
790,790,0.165907763594,-2.86748561879
791,791,-0.782322174571,2.57002325983
792,792,-0.139514610295,-2.29534945015
793,793,1.63849909939,-1.69970823464
794,794,-0.0785849854069,2.38519301013
795,795,-0.22482105343,2.21925693476
796,796,-0.343625349821,2.48373914491
797,797,0.892156133627,-2.75366684449
798,798,1.84168536318,0.580896196289
799,799,2.51761632668,-0.285037748562
800,800,2.52971250518,0.00268991294814
801,801,1.90278485156,0.00840310671507
802,802,-0.126007552398,-2.84806832269
803,803,0.620604099134,-2.69860967458
804,804,2.63014635022,-0.0600954314911
805,805,-0.352793251356,3.14285897504
806,806,0.0125856101587,2.57100861067
807,807,-0.499895313622,3.0889477673
808,808,0.132691728374,2.93813436477
809,809,0.445842368677,-2.24651526053
810,810,-0.161886761569,-3.3182173319
811,811,0.450497966711,-3.47201084081
812,812,0.109181739277,2.73488705484
813,813,0.0345641536424,3.26433053106
814,814,0.745184129023,-2.1454439779
815,815,2.55744008046,0.599569275788
816,816,-0.631604964905,2.53998905063
817,817,0.030872319594,2.91610151067
818,818,1.32608468061,-3.1360396962
819,819,-0.0929584657482,-3.05609909403
820,820,0.374671785133,3.22902389826
821,821,0.840237489967,-2.34007019257
822,822,2.92704571392,0.0188670197632
823,823,2.59277841961,-0.129868529584
824,824,-0.175472870822,2.79653455969
825,825,0.176351473272,2.18207965252
826,826,2.74601812829,-0.276579984545
827,827,0.728601321329,3.41520295425
828,828,-0.0189993964138,-2.16528292236
829,829,-0.306630558182,-2.49649043532
830,830,0.0833149186534,-2.5404930774
831,831,3.0211669152,0.0195610306405
832,832,0.79939516936,2.58172341433
833,833,0.24552502013,2.98492667059
834,834,-0.171213856722,-2.11100373589
835,835,1.53848871335,0.202145428779
836,836,1.72159915731,0.584981319671
837,837,2.42200707883,-0.323025657883
838,838,1.85369039912,0.223901815171
839,839,0.215526097103,-2.53480682333
840,840,0.470902208428,-2.79383437135
841,841,-0.324552020505,3.1597323581
842,842,1.21606088708,-2.98776570126
843,843,0.234631334754,-2.71578216156
844,844,0.0526777301792,-2.64755871607
845,845,-0.170039130851,1.82908171099
846,846,0.180589097271,2.73527786097
847,847,0.112847944078,2.6122410542
848,848,-0.0440667727651,2.53217106231
849,849,0.565382686078,2.97522632476
850,850,0.0948601348675,-2.34795645459
851,851,-0.379469061869,3.36117537866
852,852,0.698813877143,-2.11285487502
853,853,0.193839063169,2.88282228173
854,854,0.672186498658,-2.60458270873
855,855,-0.206538752137,-2.64894174682
856,856,3.26651747232,-0.0634927046745
857,857,0.202702831803,-3.43559039539
858,858,-2.40367378536,0.223277687727
859,859,-1.93003684472,1.70239612472
860,860,-2.22386372582,1.6647443643
861,861,0.369327422634,-0.776480390891
862,862,-2.36152235543,-2.38316748247
863,863,-1.50623812694,2.41862226468
864,864,-0.418869351933,-2.14972495895
865,865,2.15078599674,0.449256824013
866,866,2.84025925729,0.0671946070923
867,867,2.71280801957,0.1877954699
868,868,0.183328668364,-3.18617053509
869,869,1.01461710173,-2.40374706448
870,870,0.482719561053,-0.837743770116
871,871,2.05652157156,0.569373885814
872,872,-0.232702865715,-2.85065778039
873,873,-0.559719919919,1.44380416706
874,874,0.00631172502858,1.31926108053
875,875,2.66615451381,0.309971217265
876,876,-0.0238899132733,-0.317070450336
877,877,0.153060484463,-1.09004696083
878,878,-0.450972506345,-2.5458851665
879,879,-0.166048594738,-1.04889274236
880,880,-0.389829775222,1.22604225616
881,881,0.110785899989,3.17461012804
882,882,1.73089241178,0.0932597791279
883,883,2.70135420742,0.516640701456
884,884,2.9782621592,0.109816299389
885,885,-0.303940966679,-3.16894940407
886,886,-0.0762887082676,-2.73994247391
887,887,-0.106444448357,-3.62076953911
888,888,3.51434781392,0.436149026375
889,889,0.17221238659,-2.22935055169
890,890,0.428011083874,-2.41605574111
891,891,2.04493268891,0.813252068978
892,892,-0.357720386336,2.57102416195
893,893,0.344271371902,-2.72272310225
894,894,1.58468133106,-2.57059036827
895,895,0.289258139867,-2.03918341197
896,896,-0.346511277365,-3.17306224811
897,897,0.186480619669,-3.18670476721
898,898,1.33144633177,1.30351678446
899,899,0.822316921176,-3.3274322808
900,900,1.17640002147,0.527151796705
901,901,0.559320196678,2.73163417805
902,902,1.11399023785,-1.32866255031
903,903,0.0395985826604,1.66311574294
904,904,-0.211406904331,1.75014882676
905,905,1.85515655053,0.75056028263
906,906,2.21212344109,0.989243337045
907,907,2.16619035672,1.17354459248
908,908,1.42540401581,-0.395132080178
909,909,2.5886340993,0.929634017554
910,910,2.82779603383,-0.279770627965
911,911,0.192029524832,2.23076058746
912,912,1.95136104382,0.0923197316992
913,913,3.58623251904,0.67310300382
914,914,2.13582304351,-0.607070836927
915,915,-0.149147467605,1.46376457944
916,916,0.00379041834099,2.20164674805
917,917,0.0485656216277,-1.90152627343
918,918,0.329115506363,-2.07033391529
919,919,2.34079151126,-1.0977877769
920,920,1.3525006588,-2.15512655351
921,921,0.555100885438,-0.198434040405
922,922,0.144341625431,-2.3532683572
923,923,0.720132387448,-1.97204132591
924,924,-0.588019939849,1.89460685903
925,925,-0.0624026981245,1.38754102464
926,926,-1.0362434529,-1.75020450273
927,927,0.26027197354,-2.52009054924
928,928,0.00156901561602,0.998780455121
929,929,0.524278187584,1.53798248573
930,930,-0.0343766396932,3.10001917447
931,931,2.84735497915,0.104077433672
932,932,1.05466714104,-0.624540323021
933,933,2.93119342939,0.00912891805422
934,934,2.74739468032,-0.276344133504
935,935,-2.03214935317,-2.09587315258
936,936,0.788072195614,0.46211728235
937,937,1.29088361524,-0.625833843298
938,938,-0.275217136642,-1.92587509919
939,939,-1.38882855187,1.44916054583
940,940,-0.523681222498,1.52918634136
941,941,0.960216087274,1.29035655037
942,942,2.38083772005,1.19182400834
943,943,-1.10644480197,0.217887025804
944,944,-0.0369849625771,0.727965859189
945,945,-0.268448828254,-1.74144296257
946,946,-2.22999562677,-2.17540684419
947,947,-0.139424299621,1.52350523452
948,948,-0.761224663075,-1.21508998354
949,949,-0.616129184223,-1.79009225487
950,950,0.412292104718,0.905055221354
951,951,0.31358741109,0.900426193686
952,952,-0.13977592922,-2.133351081
953,953,-0.183753605135,-2.63952797284
954,954,0.446620840688,0.735826819946
955,955,-0.248390855808,-0.715200633681
956,956,0.394568486392,2.37999000957
957,957,0.338543455724,0.944095748822
958,958,0.636348113815,-2.07327379925
959,959,-0.215019742314,-2.07659715344
960,960,-0.499114170216,-2.31620028466
961,961,0.276662224217,-2.47323860618
962,962,0.476199309181,2.86019444192
963,963,0.958882397481,-0.563989238304
964,964,-0.0371754101739,-2.67680530265
965,965,-0.0754907970952,3.39582642074
966,966,1.12304092583,-0.192709271263
967,967,2.84897902285,0.661621614464
968,968,-1.00393889913,-1.50096517088
969,969,-2.32401958989,-2.28510864406
970,970,-1.18785093415,-1.5681352053
971,971,-0.0968335672297,1.34943033897
972,972,-0.837348614959,-0.504370254247
973,973,-1.96647421368,-2.06317266116
974,974,-1.42216164298,-1.6265095937
975,975,-1.40271912933,-1.50853014241
976,976,-0.697209856829,-1.85078803281
977,977,-0.731736385596,-1.98829808027
978,978,-1.45088248596,-2.24719098621
979,979,-0.508437950745,-2.18087029931
980,980,0.338636265961,-0.853002832328
981,981,3.60248713973,0.0973371452201
982,982,0.0154007939881,-2.48162423804
983,983,-1.42816163141,-1.92081686248
984,984,0.274622788408,2.80594829373
985,985,-0.309935237572,-1.43483510526
986,986,-0.678110903701,-1.66347409314
987,987,-0.848958070656,-1.61185958884
988,988,0.128172829745,1.07287485677
989,989,-1.1304494542,-1.69893573171
990,990,-2.40079506672,-2.85593431393
991,991,-0.0552659388384,2.95630677925
992,992,0.124456500565,-1.54091727049
993,993,-0.12961727201,-2.57179641881
994,994,0.471002366928,-2.60089235247
995,995,2.14556774382,0.729636606818
996,996,0.395932211907,-2.7123582176
997,997,-0.883722682774,-1.55306404174
998,998,-1.61619668757,-1.74907662001
999,999,0.139722994504,0.277824198453
1000,1000,-0.73738040985,1.13248443194
1001,1001,-0.602470487469,0.803075618271
1002,1002,-1.02967961693,-1.0088797021
1003,1003,-1.70314682641,-1.05481204308
1004,1004,-0.0119164850458,1.98400636599
1005,1005,-0.375257905684,2.73215222045
1006,1006,0.956392393528,-1.50474514776
1007,1007,0.206117917291,-0.282355880684
1008,1008,-0.209920162974,2.35738360433
1009,1009,1.35485676197,-2.06705746463
1010,1010,2.40647003262,0.0124104436498
1011,1011,2.77961554326,0.166088442757
1012,1012,2.68695499328,0.0925040950893
1013,1013,1.06332373663,-1.74676434603
1014,1014,0.272671148373,2.07364807839
1015,1015,0.416664607516,-3.07671294777
1016,1016,-0.683312293705,-0.654071069126
1017,1017,-0.864946200055,1.91017982665
1018,1018,2.22078753258,0.208838182715
1019,1019,-0.0819371883568,1.76430818705
1020,1020,0.379935033319,-1.78823138393
1021,1021,0.725242222291,0.056715592032
1022,1022,0.263069935838,-1.68278882983
1023,1023,-0.806446392623,1.93265106707
1024,1024,-0.369857549203,0.900373179292
1025,1025,-0.19333606968,0.983392193889
1026,1026,0.565702505332,0.439215547224
1027,1027,-0.248598902954,-0.124675866905
1028,1028,-1.06270001947,0.312142766208
1029,1029,2.72893456822,0.0205004381156
1030,1030,-0.368263074773,0.891367702747
1031,1031,1.17658597035,2.46072445213
1032,1032,-0.452219890772,0.860846500271
1033,1033,-0.838594951047,-0.412711563789
1034,1034,-0.0771115905858,-1.71510760124
1035,1035,0.587936751207,-0.877928785217
1036,1036,-0.503840885212,-0.779091406885
1037,1037,0.121079932593,2.76026348035
1038,1038,1.60473311661,-1.07577075168
1039,1039,2.76754912523,-0.966222358688
1040,1040,-0.474961968441,-3.03552045624
1041,1041,2.74518744254,0.473373114555
1042,1042,0.192585484629,-3.62345530705
1043,1043,-0.168749041505,-2.69266843489
1044,1044,-0.737409256064,1.5519385678
1045,1045,-1.21491579143,2.42823907161
1046,1046,-0.872337140726,2.35953412309
1047,1047,-0.51364036183,1.53541486581
1048,1048,0.91448212308,-1.73296159333
1049,1049,0.0777862184504,2.99516427021
1050,1050,1.99154667077,-2.43865109034
1051,1051,0.672689962297,-2.4950666312
1052,1052,-0.701437447476,2.46827753848
1053,1053,-1.24089647791,2.65042798166
1054,1054,-0.549422335805,2.20684906162
1055,1055,-0.136779521454,2.80677899235
1056,1056,1.06774517305,-2.70408046283
1057,1057,0.891389424843,-2.16903483339
1058,1058,0.468649352555,-2.69452525516
1059,1059,0.220800763549,2.04902665081
1060,1060,-0.35201506303,2.48548169877
1061,1061,1.33514953111,-1.99481566254
1062,1062,0.234765544203,-2.27697338728
1063,1063,0.840547021536,-1.94049552913
1064,1064,-0.149785479417,2.66007009924
1065,1065,-0.0925125995621,2.5059910455
1066,1066,-0.00525833524269,2.07097045702
1067,1067,-0.326123841361,2.43279989521
1068,1068,0.583849298594,-1.92681129864
1069,1069,0.0274512409602,2.52109665254
1070,1070,-0.67504044753,2.2114719936
1071,1071,0.0302792795401,-2.11770550084
1072,1072,2.60425801088,1.08351060407
1073,1073,-0.206195889716,-2.5746392999
1074,1074,3.87587487584,1.08667830249
1075,1075,-0.816312461303,-0.997845884263
1076,1076,0.525433576559,0.505233807738
1077,1077,-1.39764275063,-1.12949547346
1078,1078,-1.01863909892,-0.973377702574
1079,1079,-0.5923728623,1.66618739979
1080,1080,-2.47228090148,-2.14391296831
1081,1081,-2.28999738213,-2.07215858948
1082,1082,2.1571358163,0.151131113332
1083,1083,-2.17818167948,-2.10044151553
1084,1084,-0.484776951794,1.95506418204
1085,1085,0.599113853228,1.71798848231
1086,1086,-0.187713488951,0.403601986376
1087,1087,-1.36228207094,0.778109515508
1088,1088,0.508562981624,1.57283719986
1089,1089,-0.247317777106,1.03029440881
1090,1090,-0.454145353143,-0.975599838674
1091,1091,-1.21314008984,0.851765294075
1092,1092,0.435743561648,1.44311453766
1093,1093,-1.35356345677,-2.238271985
1094,1094,0.330006345026,-2.65020266203
1095,1095,-0.930611838252,2.35295775656
1096,1096,-0.048177986579,-2.49932587858
1097,1097,-0.316254433734,-2.7537274324
1098,1098,0.537060920917,-2.51087818862
1099,1099,0.213531632263,-2.27193838936
1100,1100,0.37677203987,-1.82967014397
1101,1101,-2.01046407695,-2.07646343567
1102,1102,-0.47968897485,-2.26948319604
1103,1103,0.193596573719,-3.00346429812
1104,1104,-1.11527099668,-1.65236873924
1105,1105,0.125478290488,-2.31852311847
1106,1106,3.14133093619,0.261474879797
1107,1107,-0.278012215054,2.2994351262
1108,1108,-2.20965849818,-2.2035606725
1109,1109,-0.463020507905,2.25024962899
1110,1110,0.523878331876,-1.25204956483
1111,1111,-0.150174073109,2.76321077512
1112,1112,0.929297639931,-1.5438643694
1113,1113,3.35324876796,-0.411360028634
1114,1114,1.78717988086,0.800820112703
1115,1115,0.226759572859,-2.40458070116
1116,1116,0.507516301024,-2.16500886578
1117,1117,-0.500403221234,0.98175050058
1118,1118,1.375812904,-2.03033712013
1119,1119,1.54334131113,-1.06710422471
1120,1120,-0.656977784885,1.39361999494
1121,1121,-0.782348047729,2.34744437123
1122,1122,0.0508547510439,2.43877863643
1123,1123,1.21779588697,0.42121299743
1124,1124,-0.852887518292,-1.62364421046
1125,1125,1.84187221,-1.9468243219
1126,1126,-0.444322938061,3.13736563292
1127,1127,0.454554642435,1.12257374683
1128,1128,1.72555252448,-1.09859470201
1129,1129,-1.05966001497,2.15582115542
1130,1130,1.20989564998,-1.76142086863
1131,1131,-1.25038913309,-1.75681328105
1132,1132,0.620297240184,-2.0785127695
1133,1133,-0.185544513363,-2.43987290506
1134,1134,0.342831848463,-3.21339770931
1135,1135,0.868101061166,-2.07433887515
1136,1136,-0.35558953308,2.55376323465
1137,1137,0.0630979953925,-1.9919668293
1138,1138,0.294527080588,-2.60597434674
1139,1139,0.556444703997,-2.77238619093
1140,1140,-0.251534371658,2.57259304656
1141,1141,0.377790626873,1.97206872216
1142,1142,-0.499263772438,2.57214196524
1143,1143,1.48068482528,-1.82357609998
1144,1144,2.59197491972,1.71193629544
1145,1145,3.04408487796,0.376954291862
1146,1146,1.30531791667,1.58416585443
1147,1147,0.139470394018,2.14368943767
1148,1148,0.140593967409,-2.78654750664
1149,1149,0.73350830925,-2.33907836565
1150,1150,3.47695842068,0.257541916541
1151,1151,-0.240895873338,2.82094441538
1152,1152,0.719357747285,3.12754696357
1153,1153,2.77312846187,0.229490349105
1154,1154,-0.379879828838,-2.90119320461
1155,1155,-0.104110250225,-2.78984263412
1156,1156,2.07545930712,0.483931284709
1157,1157,-0.220153539795,2.46214264877
1158,1158,2.09032702251,0.406083730782
1159,1159,2.68990921553,0.15523564529
1160,1160,0.388431927067,2.60520078582
1161,1161,0.088527690839,-1.14745633724
1162,1162,-0.185119277019,2.23731204328
1163,1163,0.70041265586,2.18369522218
1164,1164,0.637539890998,-1.55372371165
1165,1165,1.47327297657,0.50878433768
1166,1166,0.747052963893,1.90244169549
1167,1167,2.84015559253,0.152561923104
1168,1168,1.28965653545,-2.00032464086
1169,1169,2.99589062697,0.365817589035
1170,1170,2.25617466382,0.299491150398
1171,1171,-0.549635839574,-3.1595781304
1172,1172,0.632998588496,-3.03474243772
1173,1173,-0.385148479761,3.32426222864
1174,1174,-0.358479935729,3.4816199398
1175,1175,0.647134905233,1.92252192648
1176,1176,0.250264857859,2.79180562053
1177,1177,0.279534298649,-1.85105038031
1178,1178,1.62420559549,0.373480467104
1179,1179,-0.374213224394,-2.95231529559
1180,1180,0.0243954167217,-2.6282297822
1181,1181,2.58715594325,0.552156399162
1182,1182,-0.614078737842,-2.525253213
1183,1183,-0.481338320358,2.69590838054
1184,1184,-0.581539909389,2.32228180337
1185,1185,1.20409936456,-1.92358341628
1186,1186,0.0523827047161,-2.38856165732
1187,1187,-0.628867521752,-2.48582808794
1188,1188,1.14987756902,-1.65474327295
1189,1189,-0.0829516069481,-2.66959217835
1190,1190,-0.676951632859,-2.5878927597
1191,1191,-0.184881305806,-2.64865242436
1192,1192,-0.565959421162,-2.67999832937
1193,1193,-0.0642604481403,-2.11830185025
1194,1194,-0.522203332752,-2.07042012791
1195,1195,-0.772645399421,2.71352756945
1196,1196,1.95848147368,-0.146166261239
1197,1197,3.34765880834,0.541456887221
1198,1198,3.09250632582,0.364022183672
1199,1199,2.8233532681,0.341808557763
1200,1200,1.02574429787,-2.7386683904
1201,1201,1.15194146637,-2.33482134208
1202,1202,-0.558018439565,1.69493984343
1203,1203,-0.858578674785,2.59099241942
1204,1204,-0.338763606327,2.37594705792
1205,1205,1.80175644834,-2.52181921691
1206,1206,-0.121502194137,2.43930367074
1207,1207,0.257185436962,-2.27146782226
1208,1208,0.578778047614,-2.5139957769
1209,1209,2.83489602453,0.0628642460155
1210,1210,3.24447135486,0.227410709861
1211,1211,0.431491432594,2.53454083256
1212,1212,1.2476126239,-2.28063657587
1213,1213,3.09950862863,0.17478024704
1214,1214,1.83523231868,0.545621218545
1215,1215,0.117855050685,-3.13156290694
1216,1216,0.0972733781426,-1.99436500871
1217,1217,-0.276443049002,-2.37666319437
1218,1218,0.589642639095,-2.59768607718
1219,1219,2.37512808245,0.374218157196
1220,1220,1.41841612587,-1.21907725858
1221,1221,1.5446021228,-1.32941550276
1222,1222,1.37680886289,0.66492603648
1223,1223,1.48835762903,-1.08438204628
1224,1224,3.00783217987,-0.3933517696
1225,1225,2.92311369763,-0.242992667791
1226,1226,0.288965990325,-0.136755723743
1227,1227,-0.173726095906,3.32984119897
1228,1228,0.676695403055,-0.0865846762691
1229,1229,-0.345138531372,2.42083624178
1230,1230,-0.356339030517,-3.32557025611
1231,1231,-0.303100517174,-2.77043320212
1232,1232,0.0184610662577,2.75118824286
1233,1233,1.60696739476,-2.65168102249
1234,1234,0.332466686875,2.79673344677
1235,1235,0.43619321075,-1.95504225828
1236,1236,2.81998618251,0.143468016336
1237,1237,0.531787927119,-2.46339615878
1238,1238,-0.0333153635051,3.40309605406
1239,1239,1.15050744329,-1.93961677401
1240,1240,0.0878530693338,-2.16796756799
1241,1241,2.58476932139,0.0328149545735
1242,1242,-0.131415817281,-3.016138869
1243,1243,0.305990471823,-3.11058700497
1244,1244,1.10722760883,-2.95868174642
1245,1245,-0.0667887883152,3.39774045992
1246,1246,0.230005114776,-2.96068167983
1247,1247,0.0545060074724,2.4908207582
1248,1248,0.185749128263,3.5113055681
1249,1249,0.242025689836,-2.52030264707
1250,1250,0.210601695523,2.36494661804
1251,1251,-0.0221371541648,3.44535120285
1252,1252,-0.033793139951,3.22443254466
1253,1253,0.509704081273,-2.05079650611
1254,1254,2.34126667468,0.665543531027
1255,1255,2.70645524547,0.274248988782
1256,1256,2.89256289024,0.0433423369451
1257,1257,2.86689476999,0.488035963965
1258,1258,2.02906087084,0.348637946534
1259,1259,2.53457364411,-0.195060325614
1260,1260,2.67407839024,-0.100218988134
1261,1261,2.63794924084,0.589551375515
1262,1262,0.166016185426,-2.10456427486
1263,1263,0.121058717888,-2.34935523788
1264,1264,2.27806827141,-0.205724945503
1265,1265,0.534371525729,3.33502191897
1266,1266,1.17041012365,0.0110045527537
1267,1267,1.93055330401,-0.349475826996
1268,1268,0.0660034001432,-2.71430972909
1269,1269,0.428464682794,-2.26357430498
1270,1270,1.98524178079,0.0252548842857
1271,1271,0.0135371248559,2.91589212385
1272,1272,1.90724929371,0.648356052803
1273,1273,-0.578500054551,-2.52282707611
1274,1274,0.729497074022,-0.509278428613
1275,1275,-0.134073670321,2.87752866732
1276,1276,0.602673636595,-2.68407912443
1277,1277,0.640239359851,-2.65675821358
1278,1278,2.71155768229,0.189286629142
1279,1279,2.27552371361,0.366060126939
1280,1280,0.654112114819,-0.153841014686
1281,1281,2.74770669173,0.164610008854
1282,1282,2.92892978581,0.224648040672
1283,1283,2.69056417333,0.284162474025
1284,1284,-0.59477612226,-1.88930400588
1285,1285,1.26603521296,-1.69377442334
1286,1286,0.0539359411301,-0.439004439553
1287,1287,1.6648815947,0.629972082773
1288,1288,-0.257788292641,-2.32423556323
1289,1289,-0.540418893336,-2.98346801474
1290,1290,0.0600147991152,-2.58620468639
1291,1291,0.882135786367,-0.377232322286
1292,1292,0.728259507075,1.92424497357
1293,1293,2.52916280415,0.531694008293
1294,1294,2.84334332062,0.140881942378
1295,1295,0.749633636597,-0.608045735361
1296,1296,0.19442632468,-3.26291390278
1297,1297,0.193158839883,-2.43008890471
1298,1298,2.12370907851,-1.19905503751
1299,1299,-0.344781243248,3.27848330548
1300,1300,1.4628135824,-2.82348075731
1301,1301,0.390702292787,2.89851402045
1302,1302,-0.403616756337,1.85273995341
1303,1303,1.80557757806,-2.83013678967
1304,1304,-1.17042053625,2.82574951524
1305,1305,-0.463332149432,2.15462057597
1306,1306,-0.468423425282,2.27983050544
1307,1307,0.0536788720718,2.31133755943
1308,1308,-0.330367667851,2.46103404601
1309,1309,0.153580869857,2.46883908258
1310,1310,0.778815201708,-2.63051317523
1311,1311,-0.0591672022915,-2.53807359396
1312,1312,0.32656651254,2.82489324838
1313,1313,0.108315324088,-2.95202838487
1314,1314,1.93460090614,-3.38144502802
1315,1315,0.352854229116,-2.61373449399
1316,1316,-0.78938250278,2.48735468311
1317,1317,0.283476220719,2.59827921074
1318,1318,0.723303010552,-2.81717525951
1319,1319,-0.531955876349,2.26907023376
1320,1320,0.26882076778,2.45124800945
1321,1321,-0.904383576942,2.23926247281
1322,1322,-0.23230365983,3.08033157792
1323,1323,-0.356461009896,3.03930568461
1324,1324,0.759316600444,-2.12311301278
1325,1325,1.145635493,0.894213552989
1326,1326,2.8723739474,0.442092968751
1327,1327,-0.166380543255,-2.92606307622
1328,1328,0.361958514895,-2.95603054959
1329,1329,2.6987670274,0.529371068182
1330,1330,-0.358380537477,2.64854490719
1331,1331,1.0486716496,-1.99995243335
1332,1332,1.4574694603,0.534616476406
1333,1333,-0.269174305562,-3.36786740556
1334,1334,0.35768034114,1.91100431368
1335,1335,0.25729745994,1.55832189734
1336,1336,1.17482727566,1.98481315119
1337,1337,-0.422199958872,2.2449906867
1338,1338,2.19170635567,1.16056059621
1339,1339,-0.0259449025379,1.85902664953
1340,1340,2.04402611039,1.78766853819
1341,1341,1.93314502654,1.48303834381
1342,1342,1.41382000532,1.06774997906
1343,1343,-0.414398648277,-2.31884764775
1344,1344,-0.209886877504,-1.92269060718
1345,1345,1.86281650679,1.05194329125
1346,1346,1.08484045384,2.29189966384
1347,1347,2.26582939216,0.407108950144
1348,1348,1.31301371139,2.0949670718
1349,1349,-0.221262336556,2.14321080435
1350,1350,-0.850241998436,-1.4983230946
1351,1351,1.55737376462,0.643706874433
1352,1352,-0.856819586791,-0.758768357018
1353,1353,0.72148359108,-2.4472080751
1354,1354,0.350824317011,1.50450933329
1355,1355,1.54035056382,1.09403541287
1356,1356,1.80624957037,0.427911651469
1357,1357,0.820961340872,1.38314335714
1358,1358,0.720023657602,1.8744084662
1359,1359,0.918467278147,0.679913442451
1360,1360,2.15566913044,0.744003916031
1361,1361,0.451483161006,0.13281710826
1362,1362,-0.234766483978,-1.0572577606
1363,1363,-0.438559535609,-1.36396848902
1364,1364,1.56157868291,0.199806402577
1365,1365,1.36997807869,-0.511292366134
1366,1366,2.14391891377,0.128396350489
1367,1367,-0.535340548874,0.79568257175
1368,1368,0.720152196458,2.14507572858
1369,1369,0.465240552608,-1.70524160282
1370,1370,0.346867716647,2.00757708833
1371,1371,2.29197227389,0.247206278421
1372,1372,3.22087221214,1.13722099204
1373,1373,-0.360545900252,1.64801503298
1374,1374,2.10058827005,1.05974616908
1375,1375,1.82515126446,1.39234100156
1376,1376,0.988120645932,1.12229011614
1377,1377,-1.24918398995,-1.30684309219
1378,1378,0.216835084334,-1.61153145872
1379,1379,1.35228193602,0.889190593042
1380,1380,-0.0206969433092,2.03760611606
1381,1381,0.386779932137,0.935893387762
1382,1382,0.272853637826,-1.59895347707
1383,1383,0.156869161792,1.3609920983
1384,1384,2.2612399131,0.992307810201
1385,1385,2.52291012884,0.475100407043
1386,1386,1.14687939861,0.352038633948
1387,1387,2.31902117984,1.51247472818
1388,1388,2.46906290729,0.344175417116
1389,1389,1.35076647341,1.23137600611
1390,1390,0.0720487995717,2.922482731
1391,1391,0.298875138218,2.35293575477
1392,1392,0.907614824979,-2.30536132153
1393,1393,0.706712022364,0.576168099926
1394,1394,0.80468302342,0.182604794761
1395,1395,2.43520825919,0.6086992528
1396,1396,2.21651875243,0.375538039518
1397,1397,1.8969100151,-1.95131744492
1398,1398,0.610903217039,0.945721198395
1399,1399,-0.231305887766,-2.09004270903
1400,1400,1.11936431896,0.481263010682
1401,1401,-1.24741656214,-0.851346235848
1402,1402,0.35567023979,2.24726023529
1403,1403,1.44766854383,-0.0158384459649
1404,1404,0.520285680881,2.33313911321
1405,1405,1.2942714192,1.52614417613
1406,1406,0.782812161972,2.70809053704
1407,1407,0.211339877656,4.30518448156
1408,1408,0.134887637202,3.13597459776
1409,1409,0.89047978012,2.62841220541
1410,1410,0.0877129144424,1.77218621723
1411,1411,-0.0922462658916,2.44361004836
1412,1412,-0.302661078441,3.48497334334
1413,1413,-0.22693156719,3.83849838435
1414,1414,0.539430229719,2.63303942544
1415,1415,-0.452965963268,2.92567248883
1416,1416,0.0597991681106,2.08964854415
1417,1417,2.02149534115,0.0110802934355
1418,1418,-0.367751864016,2.56367443672
1419,1419,0.806602232986,0.324684955701
1420,1420,-2.25031564388,-1.84826899775
1421,1421,0.384405434349,0.0781933634304
1422,1422,0.936402180842,-0.00695382219239
1423,1423,4.11378232277,0.845353288068
1424,1424,-0.279122961756,-2.68766751294
1425,1425,0.364370612808,1.9278714114
1426,1426,0.0510989758165,0.369843982136
1427,1427,2.8293357332,0.19253624512
1428,1428,3.21216919347,-0.458477426648
1429,1429,2.77262809167,-0.23418328548
1430,1430,1.5140928487,0.411214921984
1431,1431,2.36545709585,0.402142024706
1432,1432,3.23525432741,-0.0214934369997
1433,1433,2.73410773089,0.395953381316
1434,1434,0.89886746326,0.661450674928
1435,1435,1.47358585233,0.941226574494
1436,1436,0.085585802909,-1.93568076013
1437,1437,2.14080449285,-0.0665991122806
1438,1438,-0.89928738982,2.07468371007
1439,1439,1.62222898541,2.1892822778
1440,1440,0.801766056946,1.4683945292
1441,1441,0.566197512657,0.691088051081
1442,1442,1.16831442586,1.79757107504
1443,1443,0.525051755377,-2.40746240173
1444,1444,1.78154682085,1.70398398922
1445,1445,1.3804732458,2.53681020855
