,vote,alpha,beta
0,0,-0.226313672609,1.5262483944
1,1,-0.00573080829002,-1.52529164543
2,2,1.72643677896,0.0934258468147
3,3,1.88234148104,0.0578499059071
4,4,0.358737644886,-1.17229849792
5,5,1.85504415926,0.0506667878661
6,6,1.50479242299,0.2617856945
7,7,1.54305342927,0.149170848315
8,8,0.240392233753,-1.33673609332
9,9,0.612792271365,-0.872266453479
10,10,1.6074297881,-0.0724302226765
11,11,1.79929982027,0.0286311063056
12,12,1.80196355118,0.0610337736999
13,13,1.80289001677,-0.133075785143
14,14,1.76971103812,0.0142894989811
15,15,1.61628787623,0.0973272764365
16,16,-0.0759863445979,1.48405870326
17,17,0.540629704888,-0.757365437251
18,18,1.66491599392,-0.0984396064159
19,19,1.66026834088,0.181465808342
20,20,1.1623705383,-0.417462703295
21,21,0.0106027120268,-1.49204825251
22,22,-0.0429294822737,-1.53079008635
23,23,1.78443135588,0.0837391637152
24,24,0.364670538765,-1.44575816675
25,25,1.2967402209,-0.220961345056
26,26,-0.689052474543,-0.0809849722908
27,27,-0.0593939833535,1.58986453849
28,28,2.0683331206,0.355179841265
29,29,1.90773922658,-0.108850586256
30,30,1.59420694478,0.030241376721
31,31,1.76301002597,-0.00558024664346
32,32,0.190725864734,-1.57462948147
33,33,0.0752708529079,-1.53994045244
34,34,0.988860061178,-0.217186549054
35,35,0.0229475102909,1.58282504762
36,36,-0.144962548469,-1.33750856792
37,37,0.108303056342,-1.5429055521
38,38,0.00678564102454,-1.47570960802
39,39,-0.625566191548,-1.12921834668
40,40,0.993561525541,-0.886243158995
41,41,-0.152460816066,1.5826226138
42,42,-0.0390644222917,-1.43137921976
43,43,1.84900522206,0.120262210069
44,44,1.72138312324,-0.185527800862
45,45,1.58900491504,0.0281628975729
46,46,1.66620441048,0.140263735384
47,47,1.56911021151,0.0200886276071
48,48,1.95614445874,0.21079745912
49,49,0.911375223487,0.803778464495
50,50,0.144695344797,-1.40078822994
51,51,0.0420628156479,-1.42408897616
52,52,-0.0200542909208,1.60628824399
53,53,0.263634399775,-1.53349406455
54,54,0.137935818387,-1.71397817794
55,55,0.139910596203,-1.57125060614
56,56,0.264614565454,-1.47809863229
57,57,-0.218705772138,1.45441721995
58,58,-0.0152219250689,1.60761435191
59,59,0.0468990268684,-1.36497424811
60,60,0.237524966192,-1.42691515226
61,61,1.58854069005,0.103481820858
62,62,1.85322400389,-0.152360944267
63,63,1.64705707102,-0.115095555825
64,64,1.80295506279,0.0618086579572
65,65,1.71173841707,0.0111923618283
66,66,0.110704435939,-1.38992011764
67,67,0.199958909142,-1.55357151448
68,68,0.535801203795,-1.40806344647
69,69,-0.144811079607,-1.35254552596
70,70,-0.518342424858,1.15892703677
71,71,-0.316044905439,1.2507240128
72,72,-0.29236750377,1.54319839062
73,73,-0.261592591322,1.48403756396
74,74,-0.413474240045,1.65196002027
75,75,-0.245315968969,1.43548301603
76,76,-0.127461467129,1.40935688185
77,77,-0.337102659184,1.15697081883
78,78,-0.0473106110489,1.50165676853
79,79,0.462375502366,-1.5216665913
80,80,-0.135366688557,-1.26302807762
81,81,0.0650971479406,-1.63276428444
82,82,0.22368480014,-1.55861402777
83,83,-0.0645327740105,1.45367881945
84,84,0.0355855957068,-1.36834131028
85,85,1.86336379908,0.0394934078849
86,86,1.58297682025,-0.269018012617
87,87,0.0720341415862,-1.52592383292
88,88,0.0711458607551,-1.72295821282
89,89,-0.506446162058,-0.801943992324
90,90,0.24229387588,-0.623487559365
91,91,0.0941857670309,-1.44896881769
92,92,-0.417764734802,1.30943317523
93,93,-0.240121263137,-1.40273884949
94,94,0.10139664346,1.56570603169
95,95,1.6328083441,-0.0041656999953
96,96,-0.401838360692,1.2035437548
97,97,-0.126207724981,1.50103903151
98,98,-0.476689596205,0.215878834406
99,99,-0.350873233114,1.39769763218
100,100,-0.0631804382971,1.33718192306
101,101,-0.935855596467,0.460341148582
102,102,-0.105060669963,-1.43752179467
103,103,-0.567804092049,1.32248746891
104,104,-0.311336179739,-0.843924905332
105,105,-1.1344693386,-0.00500343791935
106,106,0.55515831775,0.757939998487
107,107,0.146591281785,-1.45906510676
108,108,-0.523316679859,0.438265278235
109,109,-0.471633686245,0.592250921051
110,110,0.760402485207,1.11916701512
111,111,0.212705428518,-1.46166075865
112,112,-0.205887805458,-1.00949498252
113,113,-0.124348495465,-1.45652596652
114,114,-0.129970106145,1.4066251836
115,115,0.0797090455044,-1.31985773792
116,116,1.89627958177,0.0523319839196
117,117,1.77515931821,0.129062248723
118,118,0.137555945446,-1.49928685051
119,119,1.64896830798,-0.170291893725
120,120,1.76388151985,0.00983443024464
121,121,-0.0307520018876,1.59138838668
122,122,0.769444349552,-1.0104341463
123,123,2.05845720073,-0.096118312469
124,124,0.303661140867,1.27969551942
125,125,0.0203675922625,-1.67161401145
126,126,0.186044733185,-1.44197013267
127,127,-0.786735076417,0.609446186078
128,128,-0.0364713997278,-1.52049709738
129,129,-0.138067700837,-0.981567555306
130,130,-0.370383656557,-1.03527285919
131,131,0.849247134385,0.769286689259
132,132,-0.16455849506,-1.34517053682
133,133,-0.0566069981845,1.37268978032
134,134,0.239767628082,-1.61629488864
135,135,0.343554912118,1.15228320882
136,136,-1.14531974474,0.572228351655
137,137,-0.556948556836,0.621285296812
138,138,-0.870177721283,0.384238624225
139,139,-0.103423477384,1.39630099247
140,140,-0.503972716701,0.101638343952
141,141,-0.755336812377,0.501715817542
142,142,0.17035582929,-1.34767094151
143,143,-0.169767848886,1.40400622387
144,144,-0.676534494578,1.25436192164
145,145,-0.48143763528,1.12600641743
146,146,1.3209233167,0.389491062217
147,147,-0.167944351745,1.10193926579
148,148,1.60795862352,-0.122353011981
149,149,1.96012495513,0.0135716843273
150,150,-0.0939127510653,1.48146060341
151,151,0.683422819163,-0.582703092675
152,152,1.8354468679,0.131412637524
153,153,1.6219969535,-0.191456516973
154,154,1.71096866503,0.0225619869577
155,155,0.038289235031,-1.63101747464
156,156,0.0435259648691,-1.55212159927
157,157,1.944339639,-0.0538951442597
158,158,0.0318967263442,-1.44373629736
159,159,1.47317670329,0.216333631715
160,160,0.11059549458,-1.5887649144
161,161,0.475563453417,-1.34757705235
162,162,0.0159182421167,1.47958540388
163,163,0.334613859848,-0.441499289142
164,164,-0.664707444302,-0.696689305857
165,165,-0.274074080965,1.34041520913
166,166,0.263544135985,-1.53758335178
167,167,-0.475359961996,1.07713497903
168,168,0.522129797936,0.959070780409
169,169,-0.0401928118862,0.00473185885433
170,170,-0.857969744832,-0.587425076219
171,171,-0.890139453831,-0.874271470123
172,172,-0.705073477366,0.929788899248
173,173,-0.894560385178,-0.540753292796
174,174,-0.168706079018,-1.16547729819
175,175,-0.0891697877846,1.34049903129
176,176,0.132936423084,0.72458658434
177,177,0.408052710853,-1.56147776463
178,178,-0.0331978784479,1.06760845713
179,179,-0.292547324071,-1.07461965358
180,180,-0.628483860236,-0.939230668369
181,181,0.877911555265,-0.309209279414
182,182,-0.138727451384,-1.0524020267
183,183,-0.0280449487045,0.944879897615
184,184,-0.0464925720242,0.531778726365
185,185,-0.32067246148,0.254468137846
186,186,0.528095429918,-0.507624740505
187,187,0.104807636061,-0.459585759271
188,188,-0.019901435869,-0.811375391546
189,189,-0.0464256474791,-0.217601242512
190,190,0.148316029555,0.413946337018
191,191,-0.317328931568,-1.07699880498
192,192,0.0528662623958,-1.57850702963
193,193,-0.0205055438727,1.45413692117
194,194,-0.204558688762,-0.840936898022
195,195,1.85662351486,-0.255740793133
196,196,1.77213958723,0.201915944633
197,197,0.0310622716452,-1.80650550445
198,198,-0.501672297269,1.06784349558
199,199,0.0762549186193,-1.49964814396
200,200,0.139464225359,1.44759822767
201,201,-0.161671757185,1.56018365949
202,202,0.427152090915,-1.42769743744
203,203,1.66525509319,-0.117412095071
204,204,-0.210494600348,1.51855620005
205,205,0.198641299763,-1.4391236936
206,206,0.254951802254,-1.24505777691
207,207,0.248217648598,-1.41184103691
208,208,-0.114960777357,1.38787353696
209,209,-0.0321659181724,-1.43319213816
210,210,0.483251425435,-0.612764243778
211,211,-0.0384745726948,-1.50194445794
212,212,0.00747165528488,1.33442445245
213,213,-0.309274333086,1.49648333604
214,214,-0.0158599829181,1.5234013513
215,215,0.125001963075,-1.51706850234
216,216,1.51114984539,-0.379425384093
217,217,1.19188044202,-0.710631940509
218,218,2.0354549714,0.285039723521
219,219,0.0685237724817,-1.5506408
220,220,0.0254797517105,-1.27189502292
221,221,1.5118340971,0.36621701857
222,222,-0.43261583593,1.50670683253
223,223,-0.162241191001,1.32329444719
224,224,-0.51966045081,1.00861317157
225,225,-0.346936418726,0.315019012412
226,226,-0.400144685936,-0.965785061241
227,227,-0.387799962197,1.28064457747
228,228,-0.461939618938,-0.998742934455
229,229,-0.0134091383319,1.40301860643
230,230,-0.764655905201,-0.803357518503
231,231,1.202688503,0.265600265935
232,232,-0.134378378964,1.45747243673
233,233,-0.379472262816,1.43870847219
234,234,-0.349036574801,1.24662734293
235,235,-0.189192950898,1.23858199223
236,236,-0.332731811234,1.18503057171
237,237,-0.96064138241,0.54051982836
238,238,-0.458851365347,1.06860709647
239,239,-0.648386904047,1.06949757547
240,240,-0.535415393177,1.22307055759
241,241,-0.563947671072,1.23894484314
242,242,0.0321983142704,-1.58670892767
243,243,-0.499758017571,-1.17117093612
244,244,-0.172281939014,1.38652554287
245,245,-0.064759171125,1.03502171407
246,246,-0.923218456158,-0.602546425255
247,247,-0.26215479147,1.13056778088
248,248,-0.593990656167,0.337015217766
249,249,-0.566053522791,0.210315517967
250,250,-0.985450705429,0.839520028846
251,251,0.078821452787,1.20338161723
252,252,-1.08186613507,-0.794535040052
253,253,0.112666943234,-1.65252025957
254,254,0.223462502806,-1.34738461644
255,255,-0.421948412244,1.21882602776
256,256,-0.221956936567,0.736555206769
257,257,-0.585702318936,-0.955716008588
258,258,-0.244277135217,1.51403639646
259,259,0.0187441455778,-1.34123580016
260,260,-0.0619042216034,-1.71213281675
261,261,0.102531487006,-1.51188319736
262,262,-0.138153917949,1.37960758802
263,263,0.096365908109,-1.51158671629
264,264,0.18253223748,-1.52443470184
265,265,0.0325123768955,1.38117100566
266,266,-0.0507996509926,-1.39843127766
267,267,1.69228493274,-0.0475934220565
268,268,1.6699945813,0.0122015138718
269,269,1.66705725166,-0.106834263924
270,270,0.188754350883,-1.50802631508
271,271,0.260973124983,-1.69640861436
272,272,-0.8404559968,0.126789215583
273,273,-0.179273284198,1.42135525687
274,274,0.423634420928,-1.31537709224
275,275,-0.17725509174,1.46762898349
276,276,0.333972389148,-1.47476939067
277,277,0.139480720325,-1.50415329435
278,278,0.127468825725,-1.46579973682
279,279,0.596758614078,1.08731791058
280,280,0.195038971491,-1.35452678263
281,281,0.267558511483,-1.52443177899
282,282,-0.17264598568,1.48752540743
283,283,-0.0968347803618,-1.42872000667
284,284,-0.120660652417,1.30676025814
285,285,-0.126676785104,1.5423209783
286,286,-0.0193772823592,1.62875782967
287,287,-0.0387299856944,-1.29938889954
288,288,1.65115511734,-0.0302270090228
289,289,1.77229803617,0.0359143628845
290,290,0.109010814837,-1.54895187604
291,291,-0.150279997409,-1.59861446526
292,292,-1.30895830106,0.493822305298
293,293,0.471656753402,-1.3200483266
294,294,-0.313737002141,1.34038497069
295,295,-0.642016718093,1.1792423603
296,296,-1.08219264704,0.467869384383
297,297,-0.976166838411,-0.642379270446
298,298,-0.445154791904,1.29625663987
299,299,-0.507953262308,1.40996470306
300,300,-0.20799707475,-0.380086133092
301,301,0.484442009267,0.162498524877
302,302,-0.198525233109,0.523762622903
303,303,0.255609747314,0.293180849766
304,304,1.07966240505,-0.555287692031
305,305,0.928548622407,0.329340608126
306,306,-0.348986591872,0.424359701394
307,307,0.202214220824,-1.45456807866
308,308,0.71161374956,-0.208974998038
309,309,0.268944246893,-1.57237136554
310,310,0.883701575768,0.499743236759
311,311,-1.03117842031,1.02843675833
312,312,-0.641315033342,1.07408687715
313,313,-0.185697415476,-0.478725585301
314,314,0.153163440821,-1.64044813737
315,315,0.10057538237,-1.61069125609
316,316,1.81875371751,-0.134796348563
317,317,0.256044420033,-1.48135187095
318,318,-0.237502563497,0.18213615513
319,319,-0.0159246642434,-1.34788984286
320,320,0.124261735534,1.0500499247
321,321,-0.657753693584,-0.804408134626
322,322,0.131062344473,-1.35283342313
323,323,0.386920893233,0.442033345181
324,324,0.715947896024,1.11836086729
325,325,-0.217728077054,1.206965736
326,326,-0.309970551371,1.42135456985
327,327,-0.0177103765521,-1.55660442397
328,328,-0.200560292099,1.01527167409
329,329,1.60410766736,-0.23132267705
330,330,0.0472843408801,0.248872627117
331,331,-0.178154167383,1.57055644645
332,332,0.82417381776,-0.731049411765
333,333,-0.104084411645,1.53321681874
334,334,-0.208855823162,1.39620506181
335,335,0.0589483429952,1.34541482169
336,336,0.54174704812,-1.22477429012
337,337,1.10241074241,0.752580818216
338,338,0.134445595559,-1.61306073098
339,339,0.255680612741,0.525818504613
340,340,-0.103959573289,-0.312267656701
341,341,-0.436112084447,-0.841137229495
342,342,-0.609060401721,1.01800624922
343,343,-0.705875468117,0.850385818201
344,344,-0.597541531981,0.905690181575
345,345,1.4056425887,-0.23563397403
346,346,1.44422110805,-0.159840908535
347,347,-0.254183754062,1.34714203086
348,348,-0.160547404538,1.51148614395
349,349,-0.00147789412033,-1.44696847411
350,350,0.365677696999,-1.44744434524
351,351,-0.119786647622,1.48468637678
352,352,0.145944904014,-1.45386020057
353,353,0.137869712098,-1.63208567059
354,354,0.0251214923381,-1.56436888415
355,355,1.66681393161,-0.107719457858
356,356,0.254683573236,-1.43367100243
357,357,0.298626056196,-1.61367128364
358,358,0.186212670988,-1.52507885107
359,359,0.573206747832,-1.26196894035
360,360,0.466452336959,-0.976933529348
361,361,-0.15066412891,1.48051850153
362,362,-0.178412510439,1.42995116866
363,363,0.0736888034047,1.50914139128
364,364,-0.225603881403,1.45990602035
365,365,-0.177262773212,1.611060336
366,366,0.096673917966,-1.58635143412
367,367,-0.172272959274,1.5552999157
368,368,0.207292294185,-1.52574327708
369,369,1.28028776872,0.457489408423
370,370,1.91129778898,0.0353163167604
371,371,1.66237269285,-0.0743253867709
372,372,1.74584550572,-0.0252083715803
373,373,1.64470610269,0.0354857775305
374,374,1.85114575897,0.090889301546
375,375,1.72318119921,-0.134264536241
376,376,1.75622896672,-0.0375467917667
377,377,1.51096516141,0.107834063174
378,378,0.195613766193,-1.60388744757
379,379,0.318001787002,-1.47936386954
380,380,0.0722151729346,-1.51579409432
381,381,1.70365861906,-0.00443574745225
382,382,1.96818262822,-0.166815701541
383,383,1.49279512466,0.138991762035
384,384,0.248239732143,-1.63679327382
385,385,0.187021568345,-1.68370335974
386,386,1.59990663744,0.162576287595
387,387,-0.210494916247,1.42623594439
388,388,-0.0982956714321,1.51067118827
389,389,-0.183569255236,1.46860389753
390,390,-0.120865696647,1.45205861231
391,391,1.74098054854,0.067931040968
392,392,0.154530640693,1.56016651184
393,393,0.242729218198,-1.28537665468
394,394,0.0617513706793,-1.39684160941
395,395,0.00262175261308,-1.51875263212
396,396,-0.0254383934811,-1.53442276159
397,397,-0.017627468879,1.53047540873
398,398,-0.0692628239391,-1.51901254213
399,399,-0.0168214261563,1.63184339262
400,400,0.218209836283,-1.62340987972
401,401,-0.0259716086119,-1.46241274621
402,402,0.197998094162,-1.37240724227
403,403,0.35852159431,-1.46162643186
404,404,-0.0796715256086,1.58937070162
405,405,0.169558792093,-1.54790224162
406,406,0.912679168843,-0.656339049834
407,407,1.71110131604,0.0114831462936
408,408,1.95109116856,0.148397014732
409,409,1.80470541918,0.101137736402
410,410,-0.160374404745,1.55461167499
411,411,1.51086928879,-0.0973643971
412,412,0.0850767485523,1.57389502085
413,413,1.81305196371,-0.137074580365
414,414,1.80777473675,-0.00374438920856
415,415,0.164998711688,-1.46005437906
416,416,-0.147851551857,-1.58983087576
417,417,0.0718178575802,-1.52232120324
418,418,1.72338429115,-0.0311369249706
419,419,0.35311817468,-1.40871353138
420,420,0.18630806204,-1.39167082095
421,421,1.741043569,-0.00911436091656
422,422,0.130043338592,1.49660426276
423,423,1.35609594948,0.301024650395
424,424,-0.00992192888321,-1.5614839189
425,425,0.0485637069496,-1.64749483676
426,426,1.70921514972,0.349383754643
427,427,0.208758069643,-1.4447934828
428,428,0.129143145882,-1.46451621632
429,429,0.526382679189,-1.31257421007
430,430,0.56767576796,-1.29431194249
431,431,0.528145106936,-1.26023275486
432,432,0.0608050208291,-1.63433179789
433,433,0.118262118356,-1.53848663124
434,434,0.107783818656,-1.54015432319
435,435,0.282684324688,-1.6507455242
436,436,0.227782667753,-1.45787204708
437,437,0.432411598345,-1.40207510137
438,438,0.160347222319,-1.53661339166
439,439,0.47684078652,-1.4016796665
440,440,-0.0316739948264,-1.61128134884
441,441,0.513263426632,-1.2405783996
442,442,0.00328130901739,-1.54561400604
443,443,1.60436265905,0.123852646423
444,444,0.141538618817,-1.46458764385
445,445,0.116338284073,-1.44253313564
446,446,0.33359003283,-1.39464209978
447,447,0.0628774037762,-1.5459674987
448,448,0.333418273767,-1.31399070147
449,449,1.84699301379,-0.101498544871
450,450,1.63431255485,0.00117330106765
451,451,0.124728715416,-1.62096432683
452,452,0.198120870445,-1.46854164418
453,453,0.106815997995,-1.39503880834
454,454,0.325978425626,-1.40443917306
455,455,0.018558612761,-1.48902616699
456,456,0.164087475622,-1.53691818316
457,457,0.105884676642,-1.61436199364
458,458,-0.00167712468743,-1.62134779163
459,459,1.74178532688,-0.0155293461302
460,460,0.192540855311,-1.57205442644
461,461,0.446455747904,-1.43805556224
462,462,1.83110534298,-0.113611090189
463,463,0.194233958628,-1.51724248364
464,464,-0.495584496848,-1.07287047477
465,465,0.37889017932,-1.38965029124
466,466,0.106215161881,-1.57078390943
467,467,0.330956341131,-1.49247259491
468,468,0.0625727381178,-1.70831500181
469,469,0.0374098306641,-1.62921707367
470,470,-0.0736154118359,-0.302455039479
471,471,-0.0586122678658,1.52173135075
472,472,-0.0391933607551,-1.52692388651
473,473,0.338511904877,-1.30263499775
474,474,-0.297177456919,1.14257821567
475,475,0.696041734643,0.996688360093
476,476,0.612294681495,0.816571328001
477,477,1.80957525562,0.109135295925
478,478,1.87780000606,0.0196662375124
479,479,0.219086049751,-1.47280580738
480,480,0.672340468973,-1.25612458156
481,481,-0.18793349434,1.43143357521
482,482,0.141270625459,-1.42106710497
483,483,-0.52170710728,0.832326643447
484,484,0.141255108542,0.135797976516
485,485,1.66631650389,0.547450212671
486,486,1.60494472702,-0.0465539634317
487,487,1.90585804435,0.104211817721
488,488,1.67101471547,-0.0381567154415
489,489,0.116356922314,-1.58439447468
490,490,0.0963123775094,-1.46909436418
491,491,-0.390354133687,1.46962103497
492,492,-0.282613436077,1.60835559168
493,493,0.370730853006,-1.33421476488
494,494,-0.0063959017941,1.45005164098
495,495,0.746231489931,-0.954307411957
496,496,1.38026384508,-0.37223274644
497,497,0.00512387356967,-1.56895454003
498,498,1.8627899799,0.150886248814
499,499,1.73632431688,0.0486763081319
500,500,0.124689828977,-1.47183394882
501,501,0.00931511088466,-1.65147916098
502,502,-0.0327462876364,1.44082447985
503,503,-0.0936341094265,1.53784086462
504,504,-0.0788308034587,1.67907134877
505,505,-0.219140516609,1.51466255789
506,506,0.0979162490107,-1.42344629697
507,507,1.73445045776,-0.0338343338793
508,508,0.187642535503,1.37422511759
509,509,0.101802564147,-1.50515774891
510,510,1.10270118079,0.562482505798
511,511,0.193513096201,-1.81966442475
512,512,0.0464973304407,-1.4985030767
513,513,0.05934571999,-1.62551689525
514,514,-0.15978287567,1.54811968752
515,515,0.381142076441,-1.2077182266
516,516,1.82077892089,0.0785735026238
517,517,1.77180007186,-0.025158412669
518,518,0.0660828573919,-1.39006933333
519,519,0.0512055351227,-1.57479098703
520,520,0.0664308283507,-1.50069370765
521,521,0.0385524111741,-1.72999547015
522,522,0.158669666468,-1.45924858437
523,523,0.0028494048806,1.60016547062
524,524,-0.181606468267,1.52249352218
525,525,-0.0402831265373,1.54600099618
526,526,-0.0666931206383,1.39203910719
527,527,-0.062113659476,1.41956064679
528,528,-0.369357370513,1.49070501833
529,529,-0.0947503120134,-1.53244885965
530,530,-0.0993855003786,-1.45872783221
531,531,0.122042397296,-1.53656806388
532,532,-0.115336107718,1.37214656673
533,533,-0.643370838841,1.07875188019
534,534,-0.160976683041,1.46059843006
535,535,0.287832139461,-1.49503731056
536,536,-0.204172741641,1.51245055942
537,537,-0.115496898625,1.54085562322
538,538,-0.261707175251,1.38390146324
539,539,-0.252559777306,1.36175090817
540,540,-0.209542416855,1.4568603251
541,541,-0.0827930129351,1.64633348113
542,542,-0.30471823595,1.47154191033
543,543,0.39302481201,-1.46012813843
544,544,1.60776993337,0.125223746144
545,545,1.70442791854,-0.140476680042
546,546,1.94790478318,0.114637555499
547,547,1.50731018419,-0.0906611332627
548,548,1.75674697327,0.0469958291642
549,549,-0.0219718978144,-1.41979506122
550,550,0.154896541416,-1.54141936121
551,551,0.516982923952,-0.968424785561
552,552,-0.141421801871,1.64692521575
553,553,-0.200717996544,1.46271162482
554,554,0.561464156089,-1.1642375299
555,555,0.969586628426,-0.594076020821
556,556,0.0979339482691,1.05900099062
557,557,-0.498703705173,0.132544536489
558,558,-0.520973459503,0.984366072759
559,559,0.400038399844,0.760581381497
560,560,-0.322300950263,1.10919753903
561,561,0.777083704092,-0.323574717493
562,562,1.41975869521,0.048878748793
563,563,1.67245006641,0.132606132737
564,564,1.83936705488,0.0718716421245
565,565,0.851525254166,-0.939300685451
566,566,1.59026699403,-0.0222985997282
567,567,1.96337382491,-0.113398997022
568,568,1.89457254376,0.0503072892527
569,569,1.76151823445,0.130970483703
570,570,0.0754121674128,-1.60377211156
571,571,0.0478323084819,-1.41791085232
572,572,0.0258389183774,-1.47144128886
573,573,0.796519856891,0.122451867224
574,574,1.07364073239,-0.384048519001
575,575,0.0709446958565,-1.55688008661
576,576,-0.134697626391,1.58784642732
577,577,0.318522123616,-1.35944376395
578,578,1.05491445085,0.708513049851
579,579,0.0742870793275,-1.55616502623
580,580,0.0444555204004,-1.47863628202
581,581,-0.248911013556,1.6040199831
582,582,-0.189847031826,1.60808905313
583,583,-0.128254263563,-1.45285387553
584,584,1.81460208287,0.0378072067877
585,585,1.9018263374,0.228126220795
586,586,0.0589928915068,-1.57358424558
587,587,1.81120195002,-0.0555206265441
588,588,0.0578631236467,-1.55097881255
589,589,0.460394868243,-0.943310535377
590,590,-0.31206668683,1.20478708639
591,591,-0.753833369514,0.929100422377
592,592,-0.97784923047,0.842739813003
593,593,-1.04534195953,-1.0592226857
594,594,-0.376220455069,1.18775306825
595,595,-0.137815980901,-1.63204973669
596,596,0.697804992621,-0.45821400004
597,597,1.72060911639,-0.0682230584159
598,598,0.813989174637,0.897590010844
599,599,0.125912256686,-1.682758413
600,600,-0.127978269815,1.4822179573
601,601,-0.137167233973,1.62938300388
602,602,1.6529841896,-0.146715805079
603,603,0.066661968336,-1.62628541565
604,604,-0.0347421983837,-1.69318704922
605,605,1.14009599493,0.741097662897
606,606,0.341793958117,1.33303810362
607,607,0.600058483411,-1.14988337427
608,608,-0.611828185754,1.17237926529
609,609,0.478856434235,-1.47555735933
610,610,0.179233365052,1.54514224547
611,611,0.896585369417,-1.56571327059
612,612,1.45837026752,0.54143450929
613,613,0.931161905456,0.542811255292
614,614,0.751882437094,1.6227480872
615,615,0.751667927779,0.583811664986
616,616,0.622281138276,0.846025069014
617,617,0.872917806493,0.672321742296
618,618,0.703033020661,1.02700542224
619,619,0.552491074562,-1.3976253924
620,620,0.626541201938,1.15319103706
621,621,1.90714120653,0.212369371278
622,622,0.461058993631,-1.51004808001
623,623,1.21508092852,0.382097810786
624,624,0.17954190923,1.47277019396
625,625,-0.167487874704,-1.02540383535
626,626,-0.379414729477,-1.07943008083
627,627,0.386066705365,1.25563008503
628,628,1.17387090744,0.574402221412
629,629,1.13611523924,0.311259856423
630,630,-0.400255671107,-1.39542041044
631,631,-0.305403077894,-1.86471665899
632,632,-1.00882296301,0.874822872916
633,633,-0.595918425136,-1.27085195637
634,634,1.93073482554,0.303568313782
635,635,0.00887813621938,-0.294329298096
636,636,-1.03582310638,0.818045921015
637,637,-0.255194059956,0.499979600494
638,638,1.63512208263,-0.103493631268
639,639,0.656332848162,0.275713700947
640,640,-0.797199291783,-1.71192046421
641,641,0.761377445317,0.417783905671
642,642,1.0844804497,1.18893087935
643,643,-0.340111051089,-1.55231726529
644,644,0.267835965049,1.98165009931
645,645,0.00699305305299,1.57220853073
646,646,0.696053854926,0.78474066728
647,647,1.36902906907,0.521602496439
648,648,1.21144752144,0.84316631178
649,649,-0.00468362893956,1.10543333239
650,650,1.15698138444,0.356307206137
651,651,-0.136872719939,-1.3657196084
652,652,-0.314008425674,-1.59756392493
653,653,1.69164844238,0.0929284842618
654,654,0.470649677874,1.41633458068
655,655,0.882848752645,0.455446820258
656,656,-0.447687580564,-1.38170268694
657,657,1.4935745548,0.533959143794
658,658,0.152353428887,1.28894149612
659,659,1.38743369142,0.109849098545
660,660,0.607026263529,1.14902791485
661,661,0.727345780923,1.78975059524
662,662,0.892314743482,1.41176654721
663,663,0.487886929536,1.08263475522
664,664,0.78876548024,1.31565562347
665,665,0.672737888118,1.4753231266
666,666,0.968049692446,1.47029880249
667,667,-0.0395202781968,-1.95636465462
668,668,-0.103101117383,1.66662084375
669,669,0.868906041664,1.32587989962
670,670,0.0354473934086,-1.46644251168
671,671,0.663180221792,1.08948880827
672,672,1.76899824456,0.158223472474
673,673,-0.422979152411,1.24448357793
674,674,-0.597648568459,1.34295989055
675,675,1.07217513232,-0.794149008149
676,676,0.019897975924,1.82920900782
677,677,0.976260340872,1.12818166803
678,678,1.51863124425,0.705543514413
679,679,-0.0857273334135,1.90618110034
680,680,1.33705207164,0.24810885402
681,681,1.78299231354,-0.198521591311
682,682,1.55487474019,-0.250528897068
683,683,0.882966371286,1.05728785633
684,684,0.523485461903,1.07750443436
685,685,0.376223253908,1.63823192345
686,686,0.198726449436,1.61547563188
687,687,0.201736213272,1.66396332306
688,688,0.151093669884,1.62714880511
689,689,-0.105838129978,1.70939829044
690,690,-0.0951140777758,1.641565542
691,691,1.2958895585,0.924842421655
692,692,1.24218174291,0.807676385602
693,693,-0.268755351597,-1.89641269198
694,694,0.351386106634,1.37320339309
695,695,-0.1821877901,-1.54825581973
696,696,-0.00103780944984,1.1162659312
697,697,0.730836906831,1.70966738889
698,698,1.55684413149,0.014249930781
699,699,1.90903608338,0.182792116004
700,700,-0.0175969855994,-1.37156397778
701,701,-0.273090462085,1.40372964762
702,702,0.0267925356625,1.57968887809
703,703,0.128251991292,1.6867265643
704,704,-0.365898600505,-1.21920760788
705,705,-0.041819110541,1.40036394025
706,706,0.262366929271,1.55157079854
707,707,0.188371049514,-2.01505239632
708,708,0.240988188908,1.28512027245
709,709,0.626010511979,0.917610838815
710,710,-0.0490737804598,-1.48789163921
711,711,1.03886793155,0.364605422121
712,712,-0.0855017340575,-0.815531478825
713,713,-0.455262893032,-1.0878040747
714,714,-0.182970492425,-1.85264958199
715,715,-0.107309212118,1.66331337249
716,716,0.247194271376,1.98608843407
717,717,-0.164805820703,-1.61145552748
718,718,0.707110249685,1.16915438853
719,719,-0.0159424440652,-1.52413576351
720,720,0.298751098918,1.13920932763
721,721,-0.00124702820305,-1.65187179728
722,722,-0.547102551778,-1.61555655534
723,723,0.875406746737,0.959300092102
724,724,0.703068437003,1.38989271963
725,725,0.549887558866,1.14198750954
726,726,-0.00928354876762,-2.0595327326
727,727,-0.0918530518264,-1.32273282016
728,728,1.03469293094,-0.678210004683
729,729,1.57580995036,0.40585140495
730,730,-0.225772488143,-1.5055327605
731,731,-0.0907629129476,-1.59903930531
732,732,-0.438954719807,-1.71151729366
733,733,1.59459671636,-0.105994299806
734,734,0.0125553294965,-1.86836902964
735,735,0.0760424246911,1.59752018555
736,736,-0.24718318,-1.78923024588
737,737,0.121256457885,1.341805509
738,738,0.838967238085,-1.18471272875
739,739,-0.522306492125,1.39066356955
740,740,0.646054793342,-1.68267796547
741,741,-0.257789417414,1.69564172412
742,742,-1.13015081555,1.18662295659
743,743,0.359676162063,-1.10353047622
744,744,0.926299816734,0.286025696379
745,745,-0.542354138999,-1.5192206875
746,746,0.103757391606,-1.51658348329
747,747,0.565188345757,-0.698653160386
748,748,0.940981994241,-0.564740391642
749,749,-0.162665503426,-1.82079704945
750,750,-0.0900941973357,-1.73012314573
751,751,-0.851142824262,-0.703733787842
752,752,0.224136432804,1.8960297428
753,753,1.76573831525,0.0898838861087
754,754,-0.126786344147,-1.78009524523
755,755,-0.391484958433,-1.47873814261
756,756,0.0182195456284,-1.68353940051
757,757,-0.018889622915,-1.53677655487
758,758,-0.222447074164,-1.63607918447
759,759,-0.0608092880614,-1.62677919388
760,760,0.0480776385932,-1.81688478051
761,761,-0.419549733793,-1.51296008782
762,762,0.0199891627799,-1.95619043268
763,763,0.0912310098271,2.04903267112
764,764,1.31092989048,0.367872628145
765,765,0.126287684623,-1.53363736753
766,766,-0.412921528999,-0.745376454164
767,767,-0.500612346713,-1.57428713532
768,768,0.0514735078226,-1.89065616142
769,769,-0.764500045438,-0.860670560209
770,770,-0.244783374087,-1.50215315834
771,771,0.167720395159,-1.46717467239
772,772,0.268564028622,-1.75540008913
773,773,0.782261400346,-1.46485124237
774,774,0.880249460276,1.00880733492
775,775,-0.0576046358938,-1.49868464718
776,776,0.200693271642,-1.2379165747
777,777,-0.235592812112,1.76597735047
778,778,0.527060820842,0.817224999824
779,779,-0.220978358856,1.57624153702
780,780,0.423892146221,-1.27648392702
781,781,0.197416326244,1.47460453537
782,782,0.119520733422,-1.5852420238
783,783,0.0846244801207,-1.48968362048
784,784,0.201875756828,-1.78818844819
785,785,-0.0827052829722,1.55502124427
786,786,-0.0336602526458,1.45819969183
787,787,-0.221537547672,1.50821165212
788,788,-0.172116205077,1.50611591869
789,789,0.228386760639,-1.42501368841
790,790,-0.273062470358,-1.67778073841
791,791,-0.0583720697585,1.41952519574
792,792,0.180517400878,-1.41338160933
793,793,0.877333697846,-1.14930811053
794,794,-0.0974556354536,1.68620617625
795,795,0.0168883513596,1.47348484423
796,796,0.0226274200425,1.54310949198
797,797,0.291192218902,-1.5363138548
798,798,1.47377729908,0.174475283319
799,799,1.88060259549,-0.0731672615608
800,800,1.85002825686,0.0919350779424
801,801,1.62877393431,-0.0467647743792
802,802,0.115947737611,-1.65187661899
803,803,0.13978434459,-1.58600514201
804,804,1.83829028417,0.237733906811
805,805,-0.126397881367,1.50631276762
806,806,-0.092327108504,1.49710173932
807,807,-0.195048396354,1.77370274223
808,808,0.0085681678582,1.59170616908
809,809,0.297055339061,-1.44987710882
810,810,0.198807551447,-1.62417361568
811,811,0.0990396572436,-1.75357516247
812,812,-0.00239164956965,1.47533438415
813,813,0.0809812528574,1.45609206775
814,814,0.236943663727,-1.31960195593
815,815,1.65278111135,-0.000958947420131
816,816,-0.24780405477,1.35786578156
817,817,-0.0622349903357,1.61215264761
818,818,0.211811247408,-1.49009442882
819,819,0.0579154684032,-1.54040536728
820,820,-0.0071217249835,1.5582668102
821,821,0.257096301734,-1.5071803977
822,822,2.00104109271,-0.185697232975
823,823,1.88358288343,-0.0268429314367
824,824,-0.13899519128,1.47246730166
825,825,-0.194699648819,1.48551760267
826,826,1.70595157662,0.0414690893657
827,827,-0.242365280099,1.4309649709
828,828,0.153777608103,-1.45404306676
829,829,0.232179804134,-1.44468372069
830,830,0.164798471132,-1.59779889817
831,831,1.71168077587,0.0450120932305
832,832,-0.0684848166973,1.46841537684
833,833,0.0116708383637,1.4465680355
834,834,0.0567048167201,-1.38662080873
835,835,1.55701975432,0.248246387615
836,836,1.45366413479,0.371003857998
837,837,1.91097996538,-0.146651083821
838,838,1.57193306969,0.0997411560794
839,839,0.197655556063,-1.35505484107
840,840,0.207224699848,-1.51598783363
841,841,-0.00274045194593,1.49275405703
842,842,0.387482470968,-1.5257596752
843,843,0.17332202455,-1.33040001359
844,844,0.0473945484774,-1.72485730219
845,845,-0.0404115098832,1.34256444159
846,846,0.152660872844,1.67311241757
847,847,0.0585554747051,1.50566453041
848,848,-0.180418296675,1.4887646314
849,849,-0.0178940542834,1.42533765231
850,850,0.101145863454,-1.65806628529
851,851,-0.296382947926,1.55620918459
852,852,0.323794140353,-1.45477745749
853,853,-0.0954583555984,1.47008355856
854,854,0.0531135239478,-1.55370516633
855,855,0.133655584467,-1.80713043002
856,856,1.81845146957,-0.165109981862
857,857,0.218374201057,-1.50390724096
858,858,-1.79622549797,0.0606576559855
859,859,-0.877388826619,0.967726276226
860,860,-0.868899806721,0.788068260758
861,861,0.419895067717,-0.949071545698
862,862,-0.666669074009,-0.784921559708
863,863,-0.535736259173,1.38883870616
864,864,0.15682533776,-1.44063186104
865,865,1.40639733401,0.141291166331
866,866,1.63084473244,0.0418886359862
867,867,1.73705542404,-0.0535151381777
868,868,0.164825158918,-1.67192260369
869,869,0.31429371163,-1.40146606263
870,870,0.44580019764,-0.884021172934
871,871,1.8361958799,0.32705069447
872,872,0.0575971465363,-1.49561648569
873,873,-0.366527329191,1.45065742533
874,874,-0.0893773629643,1.30884575311
875,875,1.68959912679,0.0223343247316
876,876,-0.0999887759353,-0.36650040211
877,877,-0.111284057319,-0.930151771667
878,878,0.115631918096,-1.54754369954
879,879,-0.0531148309175,-0.947367381679
880,880,-0.375687464215,1.22211122746
881,881,-0.0192330566649,1.37752668102
882,882,1.44645893801,0.115170834324
883,883,1.71500927529,0.189805099529
884,884,1.93386784475,0.385447608917
885,885,-0.029353255415,-1.56634682321
886,886,0.298517702918,-1.33999937056
887,887,0.0635834335195,-1.50163932344
888,888,1.76939939914,-0.072956557742
889,889,0.102107658843,-1.50493136815
890,890,0.347265785172,-1.54343325008
891,891,1.37707469285,0.441370229803
892,892,0.0875743847867,1.71906768187
893,893,0.191048519088,-1.68005360013
894,894,0.344684931716,-1.24784244524
895,895,0.252096571972,-1.35135338844
896,896,0.250444227631,-1.55452052412
897,897,0.087961958943,-1.5954477869
898,898,0.768991195752,0.787565152394
899,899,0.267987026021,-1.32192550724
900,900,1.1351341837,0.517062745421
901,901,-0.0356890352342,1.57078223713
902,902,0.783886962657,-1.15251722194
903,903,-0.00146423072315,1.46337749404
904,904,-0.112569384629,1.20929061837
905,905,1.24611960126,0.205333139981
906,906,1.38141033975,0.274587788908
907,907,1.60271041885,0.436392014871
908,908,1.20751202454,-0.257728714499
909,909,1.62935532132,0.182085533876
910,910,1.77795250928,0.218289778747
911,911,-0.155130192125,1.49650383875
912,912,1.77730497648,-0.029763011532
913,913,1.93688276467,0.345663618439
914,914,1.49485002874,-0.204970505192
915,915,-0.162715377025,1.37082515449
916,916,0.0632122872231,1.40956619645
917,917,0.0337301533065,-1.4372765492
918,918,-0.0118193920272,-1.41605400866
919,919,1.2031031912,-0.318662280619
920,920,0.381404330066,-1.35490621667
921,921,0.550702066081,-0.235456535051
922,922,-0.0557584589828,-1.69663485621
923,923,0.248536516358,-1.41716067789
924,924,-0.247810012316,1.34209161146
925,925,-0.0243938020984,1.36248430825
926,926,-0.263768529351,-1.00761164359
927,927,0.21110212479,-1.48695771735
928,928,-0.0410618377651,1.03900343524
929,929,0.403365537272,1.27781276877
930,930,-0.198336917788,1.52835518459
931,931,1.9120764242,-0.0738322721503
932,932,0.85401534497,-0.682835680885
933,933,1.75209907574,0.108696252993
934,934,1.85332939627,-0.0603154175763
935,935,-0.691122028719,-0.976162095376
936,936,0.743899685713,0.445155565712
937,937,1.09547794496,-0.600789904416
938,938,0.0236751294624,-1.43583729194
939,939,-0.725497858,1.03695080844
940,940,-0.25580952747,1.16303851755
941,941,0.525642472708,0.960590187609
942,942,1.46651835411,0.388634244135
943,943,-0.924538786868,0.250094590322
944,944,-0.00904556980019,0.790516937754
945,945,-0.0710251827865,-1.23210915359
946,946,-0.774249221,-0.830012166271
947,947,-0.346906188065,1.1917119082
948,948,-0.555033161986,-1.07039548932
949,949,-0.150536066187,-1.3344319313
950,950,0.342505014345,0.907827798476
951,951,0.215907613828,0.84869244841
952,952,-0.0274231416026,-1.54374508552
953,953,0.122011484123,-1.64149445823
954,954,0.366236004516,0.846703557887
955,955,-0.218602760718,-0.833460448425
956,956,0.120383521374,1.63397913719
957,957,0.298093706865,1.00954423333
958,958,0.216643795042,-1.35822891595
959,959,-0.126889539916,-1.43703372797
960,960,0.00371643406826,-1.53018840684
961,961,0.29453928474,-1.55400617818
962,962,-0.0288447415388,1.73950054517
963,963,0.899709258822,-0.512035470063
964,964,0.108078129333,-1.6292673747
965,965,-0.0634653327575,1.61161174796
966,966,0.996207486612,-0.186217471954
967,967,1.82847121034,0.255033253561
968,968,-0.598153232898,-1.0576058317
969,969,-0.714766464541,-0.984934288077
970,970,-0.601313054356,-1.03148878484
971,971,0.036592328271,1.34683673286
972,972,-0.75209723746,-0.525812049304
973,973,-0.53106886256,-0.818557928682
974,974,-0.498678521286,-0.93947272236
975,975,-0.772089972665,-0.965528144384
976,976,-0.381756449922,-1.07273002106
977,977,-0.0621888137019,-1.42414435049
978,978,-0.341352953561,-1.05405687827
979,979,-0.119041870403,-1.45916775658
980,980,0.362180722633,-0.998214745081
981,981,1.7676209498,0.225121144013
982,982,0.154520244998,-1.43743424477
983,983,-0.442757710328,-1.05109977281
984,984,-0.157799042624,1.4904639052
985,985,-0.13718128559,-1.18756610387
986,986,-0.267781036459,-1.2472037003
987,987,-0.414248009269,-1.03950729399
988,988,-0.0471013707722,1.16389553522
989,989,-0.441281159033,-1.17179337043
990,990,-0.381216561366,-1.03088014663
991,991,-0.0659724151848,1.62811824208
992,992,0.11335334733,-1.36616743943
993,993,-0.0680368215389,-1.58435907975
994,994,0.152122876872,-1.69926022483
995,995,1.6620325207,0.146442776134
996,996,0.0951874023938,-1.50650271512
997,997,-0.446409099557,-1.1853527749
998,998,-0.837315799248,-0.953607515516
999,999,0.0428801402263,0.350565324692
1000,1000,-0.383493034703,0.980085369811
1001,1001,-0.48991083914,0.820117658431
1002,1002,-0.756524316649,-0.808968857114
1003,1003,-1.17923084834,-0.498099169822
1004,1004,-0.146098212173,1.64327746618
1005,1005,-0.185342349814,1.50876608556
1006,1006,0.494271115142,-1.09309042163
1007,1007,0.279833437741,-0.276393756817
1008,1008,-0.115775531064,1.71523205828
1009,1009,0.536806741244,-1.20229661821
1010,1010,1.63538891208,0.0331555162778
1011,1011,1.73273741816,0.108971929003
1012,1012,1.72659406234,0.141585249921
1013,1013,0.423979449704,-1.30017845264
1014,1014,-0.181025865661,1.47295491815
1015,1015,0.0962062513978,-1.6401340222
1016,1016,-0.492108694818,-0.606070545545
1017,1017,-0.340213002709,1.42227097769
1018,1018,1.80159501156,-0.249408226498
1019,1019,-0.123730258147,1.31026865204
1020,1020,0.227501916927,-1.16881778046
1021,1021,0.525424550437,0.167115377189
1022,1022,0.0172565545727,-1.34402272482
1023,1023,-0.29117509739,1.28355948497
1024,1024,-0.440372797455,0.984139038094
1025,1025,-0.155447810349,0.738486004727
1026,1026,0.682006561082,0.372451746618
1027,1027,-0.297297967575,-0.0736157395259
1028,1028,-1.04624325996,0.245465555675
1029,1029,1.81161652694,0.0311321887005
1030,1030,-0.27949393473,0.810064348864
1031,1031,0.2065500694,1.31574163051
1032,1032,-0.446720184848,0.925435162586
1033,1033,-0.826599360487,-0.297684082565
1034,1034,-0.0893681105934,-1.17181889089
1035,1035,0.560175740968,-0.674894269582
1036,1036,-0.249377133437,-0.650270443568
1037,1037,-0.0914399732457,1.50892642027
1038,1038,1.04162577754,-0.666778661554
1039,1039,1.66566711947,-0.0785073130217
1040,1040,-0.0601220045554,-1.54394108064
1041,1041,1.84837946054,0.216211499495
1042,1042,-0.0222990880865,-1.50048631989
1043,1043,-0.133361992994,-1.48911402867
1044,1044,-0.208534824416,1.28585306555
1045,1045,-0.286652431445,1.34049928185
1046,1046,-0.274693799319,1.3703837485
1047,1047,-0.140196275189,1.22984996504
1048,1048,0.612066085558,-1.31705462733
1049,1049,-0.174927337207,1.65026811399
1050,1050,0.605317790827,-1.05254674863
1051,1051,0.128464235216,-1.37844317342
1052,1052,-0.401238853232,1.42135282901
1053,1053,-0.273038805157,1.50091821073
1054,1054,-0.222421636924,1.36429118036
1055,1055,0.0429841472864,1.55458833699
1056,1056,0.300379562864,-1.39815823215
1057,1057,0.315096906041,-1.43156682773
1058,1058,0.15968728715,-1.41074124754
1059,1059,0.0527436925711,1.26902627012
1060,1060,0.208592347372,1.61359706281
1061,1061,0.52317046215,-1.21436568663
1062,1062,-0.0102720854364,-1.72265548923
1063,1063,0.067289293677,-1.23726268957
1064,1064,-0.188194704785,1.46448190675
1065,1065,-0.139157474144,1.54710207389
1066,1066,0.047007660339,1.52379409113
1067,1067,-0.0641960767272,1.42208521452
1068,1068,0.215913505869,-1.53257613773
1069,1069,0.0148267981399,1.49136190892
1070,1070,-0.170749564284,1.55962618392
1071,1071,0.166651994274,-1.40373448485
1072,1072,1.44266007515,0.145145911988
1073,1073,0.315523476332,-1.58544743814
1074,1074,1.71746473258,-0.11211876341
1075,1075,-0.645803975431,-0.785625401636
1076,1076,0.682202026348,0.645672113935
1077,1077,-0.900163768008,-0.768007318806
1078,1078,-0.76918531173,-0.649976899676
1079,1079,-0.231096117975,1.32735035062
1080,1080,-0.840447525171,-0.89082654297
1081,1081,-0.885121438196,-0.84750432237
1082,1082,1.690695835,-0.013161665956
1083,1083,-0.759389869715,-0.896021957575
1084,1084,0.0166380094727,1.39787242512
1085,1085,0.344247642576,1.23196649336
1086,1086,-0.11030245697,0.408101109786
1087,1087,-1.11996969923,0.649575041721
1088,1088,0.0628172617703,1.29074100804
1089,1089,-0.236812688902,1.05488157816
1090,1090,-0.404575899533,-0.867970533924
1091,1091,-0.957678586437,0.817258282982
1092,1092,0.170701012482,1.11997677093
1093,1093,-0.408013060677,-1.13263830256
1094,1094,-0.0720984719301,-1.68933847888
1095,1095,-0.210800624851,1.37063255572
1096,1096,0.178599924348,-1.39058740957
1097,1097,0.0558609351178,-1.62659409453
1098,1098,0.22636401339,-1.56880086482
1099,1099,0.0937862808536,-1.38706505139
1100,1100,0.312719085295,-1.36127341613
1101,1101,-0.873880523804,-1.12434372195
1102,1102,-0.0805654094387,-1.35940422419
1103,1103,0.292118961731,-1.57659169287
1104,1104,-0.727777168547,-1.0185765094
1105,1105,-0.0127073778374,-1.55978782917
1106,1106,1.68415693383,-0.0279976146141
1107,1107,-0.25630913133,1.59234358182
1108,1108,-0.832214537866,-0.979275028184
1109,1109,-0.067068937432,1.34487149271
1110,1110,0.233249137468,-0.993205615138
1111,1111,-0.0396828849248,1.60158329508
1112,1112,0.544080089943,-1.26398869753
1113,1113,1.8942082128,0.0375669407128
1114,1114,1.24083201477,0.389145917355
1115,1115,0.0236464065178,-1.44333877232
1116,1116,0.0268651478882,-1.55551241458
1117,1117,-0.548656265212,1.13959967175
1118,1118,0.431959654835,-1.15421508027
1119,1119,1.14332879834,-0.708859718787
1120,1120,-0.150977423234,1.23360134141
1121,1121,-0.160220173333,1.47037735215
1122,1122,-0.162367608754,1.56634741493
1123,1123,1.09503553657,0.252845062471
1124,1124,-0.264917015037,-1.00905664722
1125,1125,0.575584685726,-1.12859158413
1126,1126,-0.199077777953,1.55933166537
1127,1127,0.388573838065,1.00203555526
1128,1128,1.10994296042,-0.539500262959
1129,1129,-0.215825112044,1.36955155819
1130,1130,0.604733442558,-1.17038364729
1131,1131,-0.415196678324,-1.13164584104
1132,1132,0.336286056121,-1.47099552442
1133,1133,0.0250511016705,-1.41546075483
1134,1134,0.0582379524179,-1.58180950943
1135,1135,0.278131562141,-1.25685553234
1136,1136,0.0134888439839,1.58602384943
1137,1137,0.170142364822,-1.25292143214
1138,1138,0.203686741763,-1.55335281477
1139,1139,0.162308990742,-1.55188698311
1140,1140,-0.161867536562,1.63442943637
1141,1141,0.159641460608,1.47019524975
1142,1142,-0.099365591113,1.56034700067
1143,1143,0.557680195509,-1.03138262667
1144,1144,1.01639191799,0.37627533123
1145,1145,1.91091892562,-0.193920724291
1146,1146,0.799596327129,1.21344027598
1147,1147,0.0898038470735,1.47291222135
1148,1148,0.0234911076953,-1.60533975594
1149,1149,0.102138771914,-1.5098406292
1150,1150,1.73702660788,0.144192956847
1151,1151,-0.0318460351335,1.51156953835
1152,1152,-0.0581031317108,1.51065515605
1153,1153,1.67254356371,-0.00385304715948
1154,1154,0.183318062326,-1.49346735078
1155,1155,-0.00316405923305,-1.60652087791
1156,1156,1.54710160908,0.0933756234858
1157,1157,-0.241727430086,1.65937408422
1158,1158,1.65018994213,-0.0761683611919
1159,1159,1.76916409978,-0.0686567871027
1160,1160,0.0109894248374,1.50018097222
1161,1161,0.0857806383397,-1.03832259668
1162,1162,-0.136659478791,1.42901968235
1163,1163,0.125590818569,1.31094542087
1164,1164,0.29208186185,-1.37605743465
1165,1165,1.21161927976,0.309802659726
1166,1166,0.0770927660967,1.31027962642
1167,1167,1.85074926803,-0.0163248283032
1168,1168,0.462943136332,-1.1635048162
1169,1169,1.90487633547,0.0212667190041
1170,1170,1.751040926,0.0173462648667
1171,1171,0.136743262639,-1.41955302079
1172,1172,0.0659134673259,-1.44418221916
1173,1173,-0.225005879213,1.43511190918
1174,1174,-0.237459685931,1.68541687565
1175,1175,0.030493192432,1.52278239704
1176,1176,-0.00554413926918,1.55716960254
1177,1177,0.121295183562,-1.31887281909
1178,1178,1.25249350518,0.188316100183
1179,1179,0.061751977238,-1.52121031313
1180,1180,-0.000451525291613,-1.5471159175
1181,1181,1.55279728219,0.0488667160801
1182,1182,0.00804306408485,-1.48295946667
1183,1183,-0.198378393642,1.55661988103
1184,1184,-0.247779885933,1.57176351006
1185,1185,0.441945066189,-1.10781127734
1186,1186,-0.025008739477,-1.59280913215
1187,1187,0.104206373731,-1.36679921284
1188,1188,0.600584879032,-1.15590467703
1189,1189,0.0652463396853,-1.47486766981
1190,1190,0.0255731101496,-1.58907208168
1191,1191,0.175283939827,-1.50236580842
1192,1192,0.0302415751422,-1.46557421614
1193,1193,0.00077889509669,-1.64285140103
1194,1194,0.00623148039199,-1.42812310026
1195,1195,-0.191951692813,1.40499564039
1196,1196,1.69824881139,0.114872385018
1197,1197,1.60002775557,-0.0761512821893
1198,1198,1.79801141968,-0.0549162379524
1199,1199,1.79241830105,-0.176933784928
1200,1200,0.0916467663587,-1.40691528279
1201,1201,0.30525729634,-1.44849615818
1202,1202,-0.332593436246,1.3248745352
1203,1203,-0.19858698848,1.39903881759
1204,1204,-0.268830858529,1.414505638
1205,1205,0.496690748639,-1.27709068887
1206,1206,-0.111168688459,1.62577486119
1207,1207,0.12480663916,-1.57830080846
1208,1208,0.18539744978,-1.46635989429
1209,1209,1.70876322327,0.24642474759
1210,1210,1.80366334726,-0.0653967585148
1211,1211,-0.261983445772,1.62392750045
1212,1212,0.33168942917,-1.42749534419
1213,1213,1.64712122918,-0.108231984843
1214,1214,1.648073145,0.391879697928
1215,1215,0.0198910484788,-1.53299553707
1216,1216,0.270749733745,-1.4755726907
1217,1217,0.162830172803,-1.50789616117
1218,1218,-0.104671819036,-1.37810601791
1219,1219,1.66540839274,0.0667605704905
1220,1220,0.97731665842,-0.759257603853
1221,1221,1.0620536167,-0.974517159175
1222,1222,1.1339001204,0.473031523783
1223,1223,0.979896611153,-0.822053660205
1224,1224,1.80065723026,-0.158625687046
1225,1225,1.89473938119,0.0623867177612
1226,1226,0.29992459626,-0.234884438189
1227,1227,-0.0619010572319,1.75755234796
1228,1228,0.686626899348,-0.0743867808677
1229,1229,0.0282559458218,1.57738083436
1230,1230,-0.036243030268,-1.56590258552
1231,1231,0.169308278881,-1.45926966672
1232,1232,-0.0381069688698,1.63914347424
1233,1233,0.458802401163,-1.22855615751
1234,1234,-0.120290851719,1.67990298274
1235,1235,0.263781462144,-1.40184263822
1236,1236,1.85930566642,-0.0921551174919
1237,1237,0.0828701902463,-1.42256503482
1238,1238,-0.423526842076,1.42778658568
1239,1239,0.441994430096,-1.35804859109
1240,1240,0.248346146341,-1.59567255946
1241,1241,1.72581420887,0.0577452400162
1242,1242,0.0697997997746,-1.50479828716
1243,1243,0.0551500951511,-1.40111874358
1244,1244,0.295866798673,-1.63394167503
1245,1245,-0.0577618591205,1.48216420194
1246,1246,0.191662309986,-1.71211263763
1247,1247,-0.0754793287828,1.52768108759
1248,1248,-0.171193112701,1.55442933528
1249,1249,0.251033714305,-1.50532865972
1250,1250,0.0322518669269,1.63855032761
1251,1251,-0.046150753562,1.59829817788
1252,1252,-0.0857222051139,1.5970569676
1253,1253,0.190500009835,-1.31594066358
1254,1254,1.65463820196,0.149998414948
1255,1255,1.88324956313,-0.0136004300725
1256,1256,1.82600739156,-0.0885986185878
1257,1257,1.88569756809,0.0892561413169
1258,1258,1.70099719027,0.324633332812
1259,1259,1.69789342878,0.132859395644
1260,1260,1.68415387574,-0.176203409862
1261,1261,1.58424212363,0.02445048994
1262,1262,0.0946221547059,-1.44815994228
1263,1263,0.110983779514,-1.44230119329
1264,1264,1.79667104478,-0.0958225316196
1265,1265,-0.0671471879276,1.41013999333
1266,1266,1.1905448868,-0.0513281129343
1267,1267,1.69030174212,0.00936066575865
1268,1268,0.0746920156481,-1.294575261
1269,1269,0.17005922688,-1.49632735975
1270,1270,1.75096127259,-0.0390682616962
1271,1271,-0.148715635925,1.38862080433
1272,1272,1.53012756461,0.222259210011
1273,1273,-0.0454541200445,-1.43708671163
1274,1274,0.644264419513,-0.470027106022
1275,1275,-0.208105808763,1.48740360498
1276,1276,0.161182107345,-1.49545670956
1277,1277,0.120128828478,-1.45251907297
1278,1278,1.68447508697,-0.170751915062
1279,1279,1.71850353609,0.0375457375628
1280,1280,0.76364973253,-0.080051117554
1281,1281,1.9252493928,0.0694165043777
1282,1282,1.65760711932,0.120456980836
1283,1283,1.63074494407,0.0490864804355
1284,1284,-0.275245105235,-1.34725240377
1285,1285,0.563784179579,-1.28505024736
1286,1286,0.0573761702462,-0.537548460496
1287,1287,1.261974091,0.208597801894
1288,1288,0.0957264033289,-1.58620847973
1289,1289,-0.0246938693845,-1.5377278058
1290,1290,0.161903758673,-1.53778783061
1291,1291,0.784583544464,-0.5683989503
1292,1292,0.170168737958,1.34107999578
1293,1293,1.70057421342,-0.00913381281468
1294,1294,1.73689592209,-0.0650418219671
1295,1295,0.671088516116,-0.636147461858
1296,1296,0.106600179442,-1.57911446674
1297,1297,0.102427809544,-1.68306249909
1298,1298,1.17675078843,-0.664692122989
1299,1299,-0.0469507611818,1.44870600664
1300,1300,0.329221096439,-1.50762927361
1301,1301,-0.0230474730745,1.54085052045
1302,1302,-0.234173599543,1.45896274209
1303,1303,0.45204844768,-1.37747454411
1304,1304,-0.227834058909,1.45623096718
1305,1305,-0.0819196029018,1.55078542527
1306,1306,-0.0335004674151,1.66196928228
1307,1307,-0.141737820746,1.52966136024
1308,1308,-0.0253031500787,1.58097250035
1309,1309,-0.0484272692884,1.6242080562
1310,1310,0.213828746808,-1.44104688032
1311,1311,-0.0136194108373,-1.55025745552
1312,1312,-0.307225592997,1.63743130311
1313,1313,0.117541870822,-1.58951804564
1314,1314,0.358655712124,-1.44452812617
1315,1315,0.197812339891,-1.55704640438
1316,1316,-0.282320175892,1.54788625213
1317,1317,-0.137916077962,1.56459821481
1318,1318,0.224014583491,-1.5797833682
1319,1319,-0.197783440034,1.53852024341
1320,1320,0.156772010289,1.52953063048
1321,1321,-0.243476634387,1.495202015
1322,1322,-0.106479068769,1.56824509374
1323,1323,-0.105467552173,1.50675544715
1324,1324,0.0724180581291,-1.45163642841
1325,1325,0.806811534067,0.562686576706
1326,1326,1.78403953364,-0.0234446749731
1327,1327,0.212394529692,-1.62486112864
1328,1328,0.17206533946,-1.56904728315
1329,1329,1.8733536686,-0.146219583879
1330,1330,-0.0759763647072,1.62972419534
1331,1331,0.412176757402,-1.3048541183
1332,1332,1.32780585729,0.258171211544
1333,1333,0.229917471179,-1.52923839739
1334,1334,0.0457975077728,1.58625169302
1335,1335,0.438000662006,1.74106129762
1336,1336,0.109595674616,1.69200256775
1337,1337,0.205004846733,1.54370362832
1338,1338,1.2046151784,0.978806480094
1339,1339,0.372393252788,2.13751161078
1340,1340,0.783153267526,1.27780686333
1341,1341,0.820277847489,1.10249792538
1342,1342,0.787024595231,0.954705083126
1343,1343,0.180531897956,-1.69616638174
1344,1344,-0.283747583073,-1.85236873415
1345,1345,1.57614874457,0.749122921184
1346,1346,0.645610738261,1.62445228504
1347,1347,1.43757808121,-0.0359409192496
1348,1348,0.723873386188,1.78551329668
1349,1349,0.00272586236711,1.74353298169
1350,1350,-0.369331347668,-1.35999960634
1351,1351,1.24923295433,0.585683770085
1352,1352,-0.871814709947,-0.622287259035
1353,1353,-0.0112718830613,-1.4965571475
1354,1354,0.0298076577788,1.46000138197
1355,1355,0.668370032869,0.732333460035
1356,1356,1.80037823834,0.743802226891
1357,1357,0.646353431205,1.00766406177
1358,1358,0.483787987268,1.81326833458
1359,1359,0.873888386744,0.838039868951
1360,1360,2.10572229664,-0.14169960728
1361,1361,0.355538148996,0.271290562303
1362,1362,-0.360386330519,-0.934783635666
1363,1363,-0.391305004707,-1.420089774
1364,1364,1.59722170322,0.327343174835
1365,1365,1.46615687953,-0.536665635065
1366,1366,1.63077035964,0.0486647670534
1367,1367,-0.333005987232,0.811871474461
1368,1368,0.222132772906,1.76681064184
1369,1369,0.215864657749,-1.7799193089
1370,1370,0.285071957831,1.38027690804
1371,1371,2.16933999235,0.128188588559
1372,1372,1.39309123251,0.395735565496
1373,1373,-0.114696432061,1.55265220427
1374,1374,1.03430080496,0.41842029249
1375,1375,0.500546329853,1.02791254404
1376,1376,0.633406404275,0.805804560947
1377,1377,-0.482429022936,-0.990821408929
1378,1378,-0.0928728234846,-1.40905421976
1379,1379,1.23991106894,0.730937948713
1380,1380,-0.0354017831868,1.19926091327
1381,1381,0.380547829795,1.38624204167
1382,1382,-0.0773528182041,-2.25826655807
1383,1383,0.202037242828,1.76246679812
1384,1384,1.31210274325,0.427623865993
1385,1385,1.56379535198,0.456941112072
1386,1386,1.07927907512,0.433603063409
1387,1387,0.854878986398,0.781306008661
1388,1388,2.0687929834,-0.140920239652
1389,1389,0.620892749641,1.03295854581
1390,1390,-0.00670249528565,1.77484878518
1391,1391,0.323569859296,1.84012286802
1392,1392,0.0121154708431,-1.72755710166
1393,1393,0.611159498896,0.543249674247
1394,1394,1.02976603093,0.062849999848
1395,1395,1.9053785542,-0.0382446787267
1396,1396,1.8409348846,-0.166383093103
1397,1397,0.519530983345,-1.06565993332
1398,1398,0.237520506735,1.61679629211
1399,1399,-0.533344821463,-1.61061895797
1400,1400,1.07171361706,0.392536774526
1401,1401,-1.07623549564,-0.763609609682
1402,1402,-0.0815792165726,1.70618021848
1403,1403,1.11737883855,-0.0490829944096
1404,1404,0.129756313486,1.81303369308
1405,1405,0.468282829267,1.48393747106
1406,1406,0.182236043817,1.37384480246
1407,1407,0.0589637448832,1.67594198674
1408,1408,0.0772460317618,1.70039156578
1409,1409,0.155287944981,1.92044641677
1410,1410,0.163865571989,1.64357600876
1411,1411,0.158431647972,1.85016407261
1412,1412,0.317984741762,1.45970439973
1413,1413,0.498066594319,1.80865591733
1414,1414,0.0671789650227,1.98525946157
1415,1415,0.168944510016,1.55598056324
1416,1416,-0.161255730106,2.10405113532
1417,1417,1.61249563912,0.347515698631
1418,1418,0.449720145457,1.77728467255
1419,1419,0.791195113155,0.420525279213
1420,1420,-0.7201301007,-0.965653996394
1421,1421,0.102337939962,0.00510654788684
1422,1422,0.662444617036,-0.207211279105
1423,1423,2.05860581169,0.435577698437
1424,1424,0.0405288356416,-1.70262770673
1425,1425,0.443801018231,1.6909468556
1426,1426,0.189907365421,0.797207454628
1427,1427,1.61509606378,-0.313895205915
1428,1428,1.8979199311,0.00806657900225
1429,1429,1.60724900865,0.128700484396
1430,1430,1.23564988383,0.432411455577
1431,1431,2.09043995339,0.536800036309
1432,1432,1.88917118153,-0.373094210473
1433,1433,1.38774731582,0.0668055075796
1434,1434,0.746403842363,0.904963498949
1435,1435,0.867352084925,0.699269592189
1436,1436,-0.0573082984631,-1.42605606029
1437,1437,1.62560148936,-0.0939139001469
1438,1438,-0.0181638647435,1.53074315799
1439,1439,0.995919919815,1.4760293678
1440,1440,0.842719377701,1.5208288789
1441,1441,0.575777644429,1.03826650457
1442,1442,0.528260843043,1.17227716071
1443,1443,-0.087844433639,-1.78816930436
1444,1444,0.821872474313,1.22477923522
1445,1445,0.260090230126,1.65462147626
