,vote,alpha,beta
0,0,-0.118312219155,2.53132465433
1,1,-0.545337107085,-2.65652434251
2,2,2.73638686918,-0.260281132346
3,3,2.56731320589,-0.150194973603
4,4,0.898335138857,-1.54049527767
5,5,3.59268614386,-0.453411536193
6,6,2.39880057733,0.923126308286
7,7,2.50959518216,0.785158192996
8,8,0.105168089405,-1.75934465188
9,9,1.2949850896,-1.31529129332
10,10,2.53085694249,-0.124774602882
11,11,2.80338806582,-0.465353412601
12,12,2.59045830311,0.160069841384
13,13,2.73328576218,0.117075304481
14,14,3.2576907392,0.355297210912
15,15,2.19295336329,0.22523954414
16,16,0.196707932801,2.55997410095
17,17,0.593041180757,-0.554060548904
18,18,3.05970355398,0.432613486545
19,19,2.69341968131,-0.266121640681
20,20,1.48370499014,-0.62263951328
21,21,0.00304495336678,-3.0565279143
22,22,-0.226858481461,-2.50806891898
23,23,3.45091012841,-0.242556431643
24,24,0.954680503977,-2.40815310524
25,25,1.38455865597,-0.240430593935
26,26,-0.782937465657,-0.10826147801
27,27,0.112556095789,2.77414070137
28,28,2.52410805041,-0.122618578516
29,29,2.61826412048,0.481903111345
30,30,2.66466858304,-0.0953038277789
31,31,3.00937259005,0.156256301741
32,32,0.0165544047801,-2.68154894941
33,33,-0.083189903925,-3.61275053925
34,34,1.41458797502,-0.32174630027
35,35,-0.186136767186,2.4757352573
36,36,-0.796956473863,-2.8809468172
37,37,0.0458636071788,-2.49896757077
38,38,0.292629769157,-2.96925447466
39,39,-0.883676320755,-1.47812079048
40,40,2.11720644081,-1.49638157694
41,41,0.114957364032,3.02108252765
42,42,-0.311667110793,-2.26753518295
43,43,2.51065352908,0.413754333964
44,44,3.12786531584,-0.230797352665
45,45,3.28969841498,-0.152575689293
46,46,2.4701206062,0.265466100834
47,47,2.30927600047,-0.387297671446
48,48,2.85218151208,0.291473613209
49,49,2.61752478651,2.0706076017
50,50,0.020017199107,-2.81968576011
51,51,0.0223367702415,-2.5786958111
52,52,-0.427844091997,3.10622758897
53,53,-0.235054813557,-2.76628496934
54,54,0.0531755694232,-3.07572915888
55,55,0.295249373687,-2.56456945715
56,56,0.793512813992,-2.68263908574
57,57,-1.039520846,2.08250040415
58,58,-0.0379508992097,3.26143266883
59,59,-0.135852607156,-1.997153007
60,60,0.785658480999,-2.48960013321
61,61,2.13813846925,0.0443487448607
62,62,2.27482380067,0.176245349962
63,63,3.23830544888,0.0931941985296
64,64,2.45337839038,-0.180475335403
65,65,2.45256525569,-0.376637920855
66,66,0.0719396237229,-2.65943916027
67,67,0.738820910934,-2.35085568046
68,68,1.12389506198,-2.1926854571
69,69,-0.524801577647,-1.74421335469
70,70,-1.19584144233,1.67920276662
71,71,-0.945521187828,2.22342899623
72,72,-0.713027229766,2.2189862642
73,73,-1.09113669876,2.43509683002
74,74,-0.873888460599,2.16468526156
75,75,-0.585268805246,2.14838028334
76,76,-0.502105989811,2.1368384658
77,77,-0.783019999218,1.54087891082
78,78,0.215391008841,2.70507849116
79,79,0.92819122711,-2.3533134355
80,80,-0.819531998281,-2.20827583493
81,81,-0.44234138263,-3.27130028673
82,82,0.291546898965,-3.26538287935
83,83,0.0927534082943,2.49437073054
84,84,-0.486379192708,-1.95325542035
85,85,2.73031650863,0.519670418943
86,86,2.59308591826,-0.73868936583
87,87,0.181614520227,-3.18085236849
88,88,-0.346217567775,-2.72588899915
89,89,-0.556989554733,-0.847142329492
90,90,0.24608601853,-0.496218438166
91,91,-0.266182425143,-1.90061800524
92,92,-0.977061232353,1.86671926281
93,93,-0.9293972575,-2.07992577891
94,94,0.405364258269,2.86983198692
95,95,2.1741681328,-0.144594040281
96,96,-1.18197116892,2.23487195339
97,97,-0.737613829444,1.9719131434
98,98,-0.433547726696,0.323313235022
99,99,-0.147634996902,1.90343209671
100,100,-0.262558181435,1.97897664046
101,101,-0.962519812681,0.412882639664
102,102,-0.303957282292,-1.79142094497
103,103,-0.767390733414,1.67390332189
104,104,-0.44342282038,-0.810852782191
105,105,-1.13877266488,-0.0347498066799
106,106,0.776596019079,0.999791926398
107,107,0.27537146036,-1.40106446317
108,108,-0.469675912374,0.583817707666
109,109,-0.490033944707,0.558928978488
110,110,1.59295608841,1.72042997011
111,111,0.0416387174025,-1.85626008487
112,112,-0.370026913562,-1.42141060488
113,113,-0.0289603787098,-1.73157037131
114,114,0.553301881794,3.1169267928
115,115,0.241655577161,-1.26624957861
116,116,2.71648062572,0.0963637875663
117,117,2.5075720354,-0.316933356322
118,118,0.419309058245,-2.20844267054
119,119,2.12892980826,-0.357078066973
120,120,2.32865515638,-0.0413288455087
121,121,-0.402292658816,2.40840386934
122,122,1.23988889322,-1.34803089652
123,123,2.46435488843,0.104620368795
124,124,0.92058046494,1.82317618801
125,125,0.284329913309,-2.82693232089
126,126,0.631992548392,-2.74232619205
127,127,-0.82077822859,0.675485290694
128,128,0.278895846658,-2.25951912771
129,129,-0.19982774257,-1.27132382935
130,130,-1.09959749271,-1.69579283479
131,131,0.830062566091,0.743136291968
132,132,-0.318143826143,-1.53528214752
133,133,0.194105240053,1.40356971267
134,134,0.672103770297,-2.48970981961
135,135,1.40275400431,2.09138709646
136,136,-2.06145369383,1.31456507134
137,137,-0.661009061188,0.603820403612
138,138,-1.32630360904,0.745181175244
139,139,-0.0586350766272,1.97862415108
140,140,-0.461050090108,0.1501175367
141,141,-0.721088624283,0.468538279289
142,142,0.379976934549,-1.81339925101
143,143,-0.580986678,2.04095343516
144,144,-1.72802192019,2.12645624166
145,145,-0.698596013073,1.17973196131
146,146,2.27059152138,0.979773773454
147,147,-0.108303113234,1.28616805127
148,148,2.78752646453,0.479617899822
149,149,3.04326390946,-0.00918708398609
150,150,-0.107933878026,2.80533388307
151,151,0.890237908355,-0.690318676335
152,152,2.7996340019,0.133286517055
153,153,2.78020849494,-0.0751455057662
154,154,3.03413882872,0.444171414734
155,155,0.216178153636,-2.88011479674
156,156,0.415970864181,-2.2247834525
157,157,3.472531585,0.0752728454938
158,158,0.0368537689629,-2.14785717983
159,159,2.21074352046,0.929153693649
160,160,0.348451814898,-2.45167679633
161,161,0.502683393469,-1.82239039073
162,162,-0.405511039837,2.47998193205
163,163,0.504043407088,-0.412054264448
164,164,-1.3652083651,-1.08540811905
165,165,-0.277046645068,1.71278465592
166,166,0.313762937156,-3.004876309
167,167,-0.899228261851,1.40843174177
168,168,1.26067688748,1.61789769159
169,169,-0.0952598513684,0.131340287053
170,170,-1.00902761061,-0.629929376675
171,171,-1.39335889936,-1.15120231371
172,172,-1.01742882172,1.14042336874
173,173,-1.28245567529,-0.71495868694
174,174,-1.26786299461,-2.23890979801
175,175,0.231197123294,1.47672597805
176,176,0.0796433451603,0.772893934313
177,177,0.189767503526,-2.36115218389
178,178,0.062540608804,1.16174590043
179,179,-0.604073121941,-1.39084621774
180,180,-1.36032631507,-1.82195356498
181,181,0.908683375111,-0.295699455769
182,182,-0.383456285386,-1.03305817249
183,183,0.138611449391,1.09819697871
184,184,0.00645958101275,0.372147677875
185,185,-0.244492597846,0.422580064476
186,186,0.503989428817,-0.338288674245
187,187,0.0656078733986,-0.532349550492
188,188,-0.0310175032635,-0.713032282254
189,189,-0.13747172263,-0.247056910719
190,190,0.101573619225,0.273077246644
191,191,-1.43372522265,-2.20051454144
192,192,-0.33096131161,-2.57984589304
193,193,0.151233540312,2.77100872801
194,194,-0.23084060741,-0.722402411045
195,195,2.27434992933,0.0222103385316
196,196,2.55030391657,0.260335163774
197,197,-0.221611515432,-2.98865032366
198,198,-1.01710129209,1.24388093948
199,199,0.441099552329,-2.47568597325
200,200,0.314732808077,1.47641289608
201,201,-0.488322534785,2.4231045245
202,202,1.12681972507,-2.09325074436
203,203,2.49205656054,-0.112135176897
204,204,-0.496264893432,2.47329440945
205,205,0.238535181637,-2.4721528941
206,206,0.329946708537,-1.34293642212
207,207,0.396324703454,-1.96949180491
208,208,-0.0865016555006,1.98994118231
209,209,0.186223946,-2.63727202225
210,210,0.513530501973,-0.644633591441
211,211,-0.57882727327,-2.46852731507
212,212,0.512652527869,1.87861523835
213,213,-0.842537527899,1.91486085186
214,214,-0.260452349597,2.85947703061
215,215,0.441460256794,-2.14711692071
216,216,2.42225826944,-1.00551497001
217,217,2.18390064163,-1.49658244996
218,218,2.64258185905,-0.275060076987
219,219,-0.0396748291506,-2.52203133643
220,220,0.704951341047,-1.99937128934
221,221,2.12360179493,0.878537059821
222,222,-0.115318143807,2.28303353325
223,223,-0.169616115193,1.82933012588
224,224,-0.947901767324,1.56679952624
225,225,-0.553974036268,0.179560056177
226,226,-1.80416374898,-2.44397974699
227,227,-0.988179425385,1.94074254638
228,228,-1.32355939445,-1.87598951597
229,229,0.169288832595,1.94337437635
230,230,-1.50788504076,-1.40656006509
231,231,1.50450238998,0.698812374306
232,232,-0.0495871111856,1.63525224167
233,233,-0.581480634576,1.68658136878
234,234,-0.711429905528,1.76425458614
235,235,-0.868058759067,1.6115019767
236,236,-0.61424651758,1.38481590968
237,237,-1.15339103978,0.779821337247
238,238,-1.2148793132,1.74449160711
239,239,-1.12118083728,1.49600929819
240,240,-0.72722239538,1.37921425381
241,241,-1.29748968942,1.90356251132
242,242,0.576386066478,-2.41518569398
243,243,-1.32386833999,-1.97439241748
244,244,-0.412998456685,2.01082113434
245,245,-0.0209170717895,0.931693424454
246,246,-1.0521872537,-0.666809843689
247,247,-0.321601942031,1.21783751587
248,248,-0.732309431209,0.220083727073
249,249,-0.520379154171,0.211699339995
250,250,-1.3727282818,0.838624928929
251,251,0.101309701192,1.15089866192
252,252,-1.54413643943,-1.34209648106
253,253,0.13407675297,-2.09689931434
254,254,0.128788769389,-2.13962939363
255,255,-0.757263421326,1.65895279477
256,256,-0.247855853356,0.629611999978
257,257,-1.02266606319,-1.37057423238
258,258,-0.292445059284,2.17727785524
259,259,-0.0185257011146,-1.86813357783
260,260,-0.0181547574083,-2.64914025628
261,261,-0.475784090864,-3.46958850021
262,262,-0.295220774296,2.06004400993
263,263,-0.0738993530181,-2.69650696054
264,264,0.306376875545,-2.73710986992
265,265,-0.175401759913,2.98767807874
266,266,-0.188548962129,-1.85061101531
267,267,2.6514520381,-0.19474967336
268,268,3.24468431239,0.230129754087
269,269,3.53755700553,-0.0387232166858
270,270,0.180886509127,-3.26879124955
271,271,0.556214338707,-2.76890882272
272,272,-0.97389718751,0.268497999114
273,273,-0.435257331997,3.00213697887
274,274,1.36246330247,-2.15129023144
275,275,-0.391632495021,2.06778397496
276,276,0.924524635814,-1.92963535496
277,277,0.230526485327,-2.3757169614
278,278,0.650319443762,-2.56051717253
279,279,1.18942183673,1.4993145929
280,280,0.827055521827,-2.45543583836
281,281,0.0999831075754,-1.94658838084
282,282,0.450266831916,2.84579119537
283,283,-0.485944883719,-3.22980019773
284,284,-0.49259745898,2.23860494083
285,285,0.00621931307113,2.56138453349
286,286,-0.0273618401861,2.57544826508
287,287,-1.17312019057,-3.03598035919
288,288,2.4764399736,-0.0240133310857
289,289,3.24316036694,0.21520210424
290,290,0.334522714921,-2.80973111343
291,291,-0.337364609437,-2.84465893415
292,292,-1.67604904178,0.787027131581
293,293,1.12524628181,-2.07906250027
294,294,-0.682951723417,1.64381442259
295,295,-0.76388379314,1.38341281081
296,296,-1.63524197445,0.759156824023
297,297,-1.44958453664,-1.11712635294
298,298,-0.540884843894,1.2908865746
299,299,-0.519320643823,1.82384503017
300,300,-0.220661662922,-0.358222147198
301,301,0.370651551513,0.112188646194
302,302,-0.0605697945029,0.537473730503
303,303,0.311283455143,0.275003429449
304,304,1.31729614212,-0.737756787085
305,305,1.00968729346,0.349230732303
306,306,-0.400287363597,0.466168657102
307,307,0.71162821589,-1.83624946809
308,308,0.845569644422,-0.382828734425
309,309,0.611805577665,-2.21972511483
310,310,1.00276503576,0.690869606105
311,311,-1.50632715933,1.33255177505
312,312,-1.47081843721,1.86117280735
313,313,-0.266018901557,-0.447535803885
314,314,0.0523482595087,-2.87180672783
315,315,0.39473397178,-2.81664085595
316,316,2.7772888524,0.0161694601392
317,317,0.99122351346,-2.81200945879
318,318,-0.215761831722,0.242728026602
319,319,0.725441666244,-1.91284335605
320,320,0.108046125024,1.02146740231
321,321,-0.586467144142,-0.769601993429
322,322,0.935076134469,-2.47638674744
323,323,0.41422098504,0.450349805925
324,324,0.864923949619,1.27010461225
325,325,-0.322800954198,1.67968616811
326,326,-0.309530459211,1.58835964098
327,327,0.151562752675,-3.08596602632
328,328,-0.150800401554,0.951616612247
329,329,2.66622869794,-0.759408643901
330,330,-0.0243488781415,0.197264077876
331,331,-0.359565494227,2.08249679409
332,332,1.00917408963,-0.807543155124
333,333,-0.54705965465,2.67299828553
334,334,-0.660913039327,1.82034750638
335,335,0.332377523911,3.71142953927
336,336,0.955517226782,-1.5980467637
337,337,1.70848922938,1.3589024495
338,338,-0.064678926211,-2.41343346666
339,339,0.283490284113,0.56847083188
340,340,-0.0799436280796,-0.492826249438
341,341,-0.434554078237,-1.08212400503
342,342,-0.564319136935,1.15043904938
343,343,-1.03486815674,0.876621647346
344,344,-1.03258509502,1.10713200485
345,345,1.5406245747,-0.422250821255
346,346,1.67627700957,-0.366566053132
347,347,-0.419842955569,2.37875344965
348,348,-0.36929117551,2.78512318152
349,349,-0.216741360558,-2.23564115857
350,350,0.496704114214,-1.86905083676
351,351,-0.0825842917393,2.9115769952
352,352,0.675180807887,-2.46220861983
353,353,0.335754623785,-2.69251734032
354,354,0.0302682458217,-2.42375467656
355,355,2.54680592022,0.163520147534
356,356,0.402853119158,-2.17940541255
357,357,1.03556209684,-2.80069172009
358,358,0.125811178435,-2.75124686888
359,359,1.44629582101,-2.23584666639
360,360,0.694392469609,-1.26917575936
361,361,-0.354885453739,2.31350269863
362,362,-0.502951663343,2.03723511001
363,363,-0.210325880714,2.65714495536
364,364,-0.198549316877,2.8586746936
365,365,-0.32128443162,2.83307064118
366,366,0.423643148574,-2.09900973611
367,367,-0.443103848278,2.61291435978
368,368,0.0871343648959,-2.55253200709
369,369,2.60491114099,1.32886373501
370,370,2.9248451709,-0.435100141688
371,371,2.26380060715,0.16189966535
372,372,2.2982381615,0.353898992148
373,373,2.34638553932,0.582748824024
374,374,2.41985143143,0.115538859296
375,375,2.65869776403,-0.14747910442
376,376,2.67460144344,0.211146321306
377,377,2.33532868688,0.331264756921
378,378,-0.0186541836472,-2.77853392611
379,379,-0.109381982875,-2.51816841986
380,380,0.00917991465611,-3.01146510411
381,381,2.96906418538,0.142137416886
382,382,3.11256797068,0.756599908766
383,383,2.28736093369,1.04389249712
384,384,0.0823026035066,-2.78712278944
385,385,0.506524487148,-2.53651548856
386,386,1.93593962917,0.619005375883
387,387,-0.622667357341,2.34758123976
388,388,-0.535820607692,2.21066319327
389,389,-0.395696162211,2.60699977746
390,390,-0.588732668453,2.90689468673
391,391,3.27288878612,-0.105819295267
392,392,0.0496867650932,2.5814270147
393,393,0.307674368415,-1.99047200429
394,394,-0.0243626102513,-2.74524700922
395,395,0.408077587122,-2.79120804356
396,396,-0.244627663408,-2.40381399098
397,397,-0.0185060688502,2.50398027719
398,398,-0.728682162013,-2.60159552498
399,399,0.233496973426,2.99728346237
400,400,0.503334971348,-2.86688314504
401,401,-0.29875590691,-2.05177670676
402,402,0.653106573393,-1.80664136334
403,403,0.814969443747,-2.09044316266
404,404,0.155928984172,2.3317269308
405,405,1.02585809747,-2.43355232676
406,406,1.04517202773,-0.889677848381
407,407,2.73036964588,-0.180208590185
408,408,3.20064190222,-0.143554484583
409,409,2.54488471737,-0.249020591282
410,410,-0.312210920893,2.00247690387
411,411,2.40605648773,0.221351257942
412,412,0.453118533006,2.51785525455
413,413,3.03847722059,-0.0227477738711
414,414,2.68055948039,0.118576715962
415,415,0.0461612938676,-2.42689897363
416,416,-0.0606346195267,-2.62869617859
417,417,0.245806874039,-2.76103473422
418,418,2.24691657886,0.0480852434869
419,419,1.07433079609,-2.39662736963
420,420,-0.244386974471,-2.67279556952
421,421,2.59905383315,0.128997582823
422,422,0.386282188148,2.78401583119
423,423,1.52182407108,0.495522153581
424,424,-0.316831744882,-2.65779557994
425,425,-0.550726651455,-2.22704484034
426,426,2.32197525697,1.22352286163
427,427,-0.0310645350603,-1.64001607145
428,428,-0.304614961933,-2.13353296592
429,429,1.34794440107,-2.15556254553
430,430,1.00658760527,-1.63894208871
431,431,0.844671224108,-2.12380286725
432,432,-0.0335891297756,-2.22415664857
433,433,0.249955154593,-2.30140818759
434,434,-0.290269045913,-3.27730305248
435,435,-0.0224328138447,-2.7753614125
436,436,1.26717720028,-2.21372378753
437,437,0.722744237487,-1.92076406679
438,438,0.296531491192,-3.14047866978
439,439,1.49864918826,-2.05716699147
440,440,-0.397655216805,-2.85081587761
441,441,1.40850003433,-2.11628221401
442,442,-0.0313308652283,-2.66557164024
443,443,1.89493292041,0.376809314362
444,444,0.0659850233031,-2.67172729742
445,445,-0.0964849695633,-2.77839070529
446,446,1.12506716015,-2.49442226168
447,447,0.28938740064,-2.99902675246
448,448,1.20909012063,-2.39860653143
449,449,3.54767194186,0.230187635436
450,450,3.24758570184,-0.143560120806
451,451,-0.188894440878,-3.20519541837
452,452,0.82321544126,-2.10877546918
453,453,-0.347253998757,-2.62801316453
454,454,0.861376867263,-1.97336164835
455,455,-0.296522369977,-2.84090467321
456,456,0.0178396949069,-2.40663097744
457,457,0.014082291268,-2.71356620605
458,458,-0.324573881867,-2.4864992466
459,459,3.27096865227,-0.519816064773
460,460,-0.125190093537,-2.46977164651
461,461,1.2268112596,-2.67065509901
462,462,2.9882440602,0.0542119509123
463,463,0.292218125677,-2.56425142395
464,464,-1.14413935132,-1.5491264058
465,465,0.680183701087,-1.96924167272
466,466,-0.20376032145,-3.12134537828
467,467,0.959714971866,-2.29418770892
468,468,0.361502167866,-2.42857968919
469,469,0.174962089311,-2.39554989023
470,470,-0.0562079378335,-0.400474909712
471,471,0.554637746457,2.20576180875
472,472,-0.114238769884,-3.03781341827
473,473,1.3202666726,-2.19538386472
474,474,-0.537061295433,1.63305654151
475,475,1.63768651086,2.04035166867
476,476,1.96715281382,2.23130975187
477,477,2.61304947057,-0.0197487399648
478,478,3.62688627431,-0.201503021369
479,479,-0.00244928627849,-2.44152198367
480,480,1.14256448924,-1.7359456533
481,481,-0.635514085285,2.23620675079
482,482,-0.0993783310406,-2.04264476953
483,483,-0.825685850342,1.0057166767
484,484,0.0905952189244,0.122933218659
485,485,1.64671797139,0.386749306538
486,486,2.31920252023,0.0220739423638
487,487,2.70366018991,0.0748408783344
488,488,2.41126747214,0.219361728705
489,489,0.0755326116785,-3.07525701193
490,490,0.471981031767,-2.86015248377
491,491,-0.80616341823,2.23066076883
492,492,0.0644785164882,3.10471864323
493,493,1.26449210126,-2.16255480934
494,494,0.257134560457,2.67504404864
495,495,1.13626680068,-1.25253288361
496,496,2.77947402618,-1.35005948888
497,497,0.0875925768879,-2.41086382274
498,498,2.59498862952,0.371471744141
499,499,2.27756951039,-0.0676748718415
500,500,-0.299674003489,-3.16898472147
501,501,-0.284364807617,-3.43579944248
502,502,0.437943255638,2.31685624679
503,503,-0.434699535679,2.48994466179
504,504,-0.424764111295,2.9824817117
505,505,0.504132275218,3.03692013811
506,506,-0.155794381095,-1.96583436174
507,507,3.14874849433,0.901442368875
508,508,0.0575053428531,2.81214056341
509,509,0.0768281536576,-2.93092153211
510,510,2.57696855967,2.09257913434
511,511,0.52031020634,-3.48403162429
512,512,0.203458779308,-2.53256272694
513,513,0.456877390493,-3.19251830464
514,514,-0.420018082452,2.35962348258
515,515,0.864018250145,-1.62387569484
516,516,2.37344746091,-0.315548700858
517,517,3.09040727273,-0.319721723871
518,518,-0.368839343045,-3.07191117072
519,519,0.295842240508,-2.54127065842
520,520,0.157286358856,-3.21410439371
521,521,0.0397757392328,-2.72634630307
522,522,0.240871665167,-2.24915177214
523,523,0.177412340977,2.58745043503
524,524,-0.407684696897,2.91506076616
525,525,0.052241040547,2.13794021191
526,526,0.0394025653198,2.3183668357
527,527,0.0997319199961,2.29069146226
528,528,-0.473203918255,2.54280884547
529,529,-0.341583526421,-2.54391451704
530,530,-0.275381888808,-1.63279950342
531,531,0.393331050582,-2.5803132352
532,532,-0.594298699362,2.53797094006
533,533,-1.30636959634,1.64516249987
534,534,-0.829929891705,2.31221505839
535,535,0.498772602724,-2.22870889166
536,536,-0.277410171853,2.25306635372
537,537,-0.66743766324,2.40640813264
538,538,-0.558172968272,2.05737271972
539,539,-0.971495632735,2.26764420256
540,540,-0.812155625416,2.41605798539
541,541,-0.46532250088,3.01812025139
542,542,-0.589120400291,2.8361397591
543,543,0.905640832767,-1.97182053353
544,544,2.22974906941,0.332508058199
545,545,2.50665042805,0.17605657678
546,546,3.17551209157,0.258020070061
547,547,2.88129562027,0.31771366176
548,548,2.49144877366,0.460543612104
549,549,-0.0962859981545,-2.58785352753
550,550,0.79306637378,-2.15478078154
551,551,0.5507944484,-1.13369446489
552,552,-0.430924828398,2.20018959959
553,553,-0.0186688776943,1.84180800577
554,554,1.15992507932,-1.95701176014
555,555,1.14954359492,-0.705798162882
556,556,0.0835362749794,1.12529909928
557,557,-0.6499929953,0.302993464989
558,558,-0.752097698066,1.05380997982
559,559,0.530098222327,0.667033557413
560,560,-0.647824875905,1.25912233434
561,561,0.745955748592,-0.363469883537
562,562,2.03662430035,0.642337795665
563,563,3.08213096664,0.0571084974915
564,564,2.74238134219,-0.360354843705
565,565,1.75966064984,-1.76412651489
566,566,3.25721559214,0.240980664954
567,567,2.83085365386,-0.444728327082
568,568,2.53288688586,0.174729065924
569,569,2.59136147634,0.23689873485
570,570,-0.0180545216363,-2.56279955433
571,571,-0.102871572156,-3.40032266511
572,572,0.357493883583,-2.84123675718
573,573,0.809211667558,0.13130309183
574,574,0.969962292636,-0.371342077725
575,575,0.120855521751,-2.3209002936
576,576,0.33914374953,2.84496281253
577,577,0.381407498868,-1.93981430948
578,578,2.50896403811,1.92547418246
579,579,-0.197088615618,-2.76998791251
580,580,0.101692703386,-2.84501564453
581,581,-0.0409649062518,2.82113794618
582,582,-0.321610498454,2.36498048571
583,583,-0.169784929888,-1.81985853863
584,584,2.87657210654,-0.038124280963
585,585,2.25129491869,-0.0891030612212
586,586,0.131542245215,-3.30668550343
587,587,2.82063835875,0.121006921761
588,588,0.453916169548,-2.87416290902
589,589,0.789238558605,-1.1325552948
590,590,-1.93485216141,2.59578403151
591,591,-1.78837126001,1.70151222869
592,592,-1.4968330433,1.26947652647
593,593,-2.10442481699,-1.92784272754
594,594,-1.32304706107,2.03340760528
595,595,-0.610839878952,-2.38737173833
596,596,0.745251358537,-0.41462449275
597,597,2.25051557799,-0.172325607189
598,598,1.83498383823,1.82188363977
599,599,0.381854301393,-2.13796293837
600,600,-0.394426448751,2.99188094206
601,601,-0.365122807916,2.95491496186
602,602,2.2446763425,-0.451566679434
603,603,0.479727612494,-3.06269442636
604,604,-0.0490241129011,-3.03489576716
605,605,0.938274177719,0.694306767824
606,606,0.0458250346113,2.2049505906
607,607,1.23833328674,-1.79154836507
608,608,-0.675006572268,1.31504327305
609,609,1.17271271205,-1.65313351749
610,610,-1.2408009803,2.88987184092
611,611,2.15263743417,-1.81968561826
612,612,1.95259342797,0.414109478809
613,613,1.0394870992,0.543341540082
614,614,0.778108170571,1.19619721627
615,615,1.00483212008,0.278894885298
616,616,0.53500163776,0.59936923023
617,617,0.924599690111,0.474180139973
618,618,0.444044635252,0.574079493154
619,619,1.42132657036,-2.01120984194
620,620,0.672269429825,1.51477688833
621,621,2.66123142054,0.56187862077
622,622,0.798259499345,-1.97525335784
623,623,1.13857141054,0.554931908477
624,624,0.307535915606,1.78545781341
625,625,-0.0896445405132,-0.926868725898
626,626,-0.450088616017,-0.660509506185
627,627,0.625134937527,1.19725797924
628,628,1.42775242263,0.847200530661
629,629,1.31478855343,0.402251026972
630,630,-1.36052965389,-1.44236476916
631,631,-0.0744784010001,-2.48228837628
632,632,-1.36971389942,1.19377613924
633,633,-0.837955034325,-1.46765350931
634,634,3.14446896033,-0.0687405357684
635,635,-0.381116399833,-0.173251049335
636,636,-1.11250207188,0.798150557352
637,637,-0.36971922666,0.617942047142
638,638,2.947952536,0.458020814398
639,639,0.473330451282,0.12352348874
640,640,-0.415687339094,-1.80145784711
641,641,0.839022426779,0.439641057034
642,642,1.15335715425,0.991064448652
643,643,-0.527648084841,-1.12415847554
644,644,-0.748427636446,2.3938348136
645,645,-0.0601735599238,1.63819819714
646,646,0.544710248114,0.587973446761
647,647,2.09265410169,1.24639525694
648,648,2.35871895645,1.56017952008
649,649,0.662720706529,1.8705291286
650,650,2.67151193976,1.09790741871
651,651,-0.295067024679,-1.6946107377
652,652,-0.910896777645,-1.59109129163
653,653,2.4135159092,0.309425779022
654,654,2.38550804174,2.63666518545
655,655,0.898007096241,0.656728173193
656,656,-1.2157462507,-2.01502010396
657,657,1.94447514337,0.526143508111
658,658,0.333251580431,1.25201829101
659,659,3.64364686458,0.766623240571
660,660,1.86755815103,2.05885998261
661,661,1.45060311389,2.03707413623
662,662,1.99251876487,2.32963054734
663,663,1.63499195692,1.63026295871
664,664,1.87915021419,1.70710974573
665,665,1.60889400427,1.81800951495
666,666,1.49520776491,2.18936855433
667,667,0.639693280111,-2.69797627854
668,668,-0.356814635363,1.84167160044
669,669,0.618658966371,1.09927433105
670,670,-0.286964061997,-1.50161409722
671,671,1.21796825828,1.27332804091
672,672,2.32715904561,-0.522185576658
673,673,-1.18919632699,1.97024611159
674,674,-1.71614758474,2.01754746042
675,675,1.26421315459,-0.540641740315
676,676,0.661515993866,1.866596847
677,677,1.96577048859,1.39204070258
678,678,2.20527245846,1.29339773842
679,679,0.251917796734,2.41259116181
680,680,1.30389224997,0.526050861021
681,681,2.2256314408,0.498825066887
682,682,2.87902921692,-0.0933123582396
683,683,1.94933892923,1.27926212184
684,684,1.40134314265,1.72830972233
685,685,0.244082697011,2.83199174917
686,686,0.609856162611,2.11506883846
687,687,0.0193815006196,2.11115470293
688,688,0.447656382052,2.43094610659
689,689,-0.0851119812729,2.31287964692
690,690,-0.256629780549,2.19954585688
691,691,2.5825821242,1.56403353552
692,692,2.33142315425,2.07367714549
693,693,-1.00584791044,-2.88263250419
694,694,1.16400407571,1.84798342204
695,695,-0.266636616672,-1.92861051215
696,696,1.42082652991,1.90744520942
697,697,1.48705176459,1.97003589519
698,698,2.00100054699,0.763820992833
699,699,2.3185623731,0.289798652083
700,700,0.0645216015159,-1.56449322746
701,701,-0.448290416338,1.2062212179
702,702,-0.489646318275,2.29629887306
703,703,-0.31500676689,2.22279246711
704,704,-0.613047546937,-1.42080815993
705,705,-0.548255657195,2.03984214225
706,706,1.14276508716,1.64692850954
707,707,-0.415024328197,-2.10832348196
708,708,1.68463439895,2.0570878584
709,709,0.983545900233,0.987454498723
710,710,0.0297950373923,-2.71813133156
711,711,0.925753032937,0.291686663969
712,712,-0.117571158309,-0.858305570413
713,713,-1.16928353088,-1.42035402152
714,714,0.815698431371,-2.43534909023
715,715,-0.939680416846,2.01005323995
716,716,0.206733662258,2.597369396
717,717,-0.339697974491,-1.89650374868
718,718,0.892632948059,1.22222998668
719,719,0.281244058468,-1.38876245413
720,720,1.1059548857,1.86373261472
721,721,0.175963282894,-1.46989530107
722,722,-0.533847089119,-1.1681176135
723,723,1.28047684301,1.1787400932
724,724,0.581277894374,1.24035785027
725,725,0.988946130997,0.941191879742
726,726,0.00848786426475,-2.45305876717
727,727,-0.249203195492,-0.99740757069
728,728,2.17353498237,-1.52454655057
729,729,1.96605958275,0.833461903036
730,730,-0.389928128307,-2.41479337815
731,731,0.0285503715494,-2.83581686124
732,732,0.161166423361,-1.85046786249
733,733,2.70884842526,0.0745651652988
734,734,-0.372060639021,-3.11558650065
735,735,0.993652801145,2.90515406554
736,736,-0.179580594963,-1.40129505373
737,737,-1.39054669156,2.35887555989
738,738,1.75622324337,-1.42951653475
739,739,-1.95399687755,2.67167335923
740,740,1.3092425652,-2.32418146736
741,741,0.719600927437,2.51992386703
742,742,-1.04963657999,1.12379413561
743,743,0.926010194054,-1.44177135328
744,744,0.829654636889,0.668073244667
745,745,-1.1279028626,-2.30487519602
746,746,0.427473476063,-2.50243494174
747,747,0.7308314981,-0.627898168692
748,748,1.80596100146,-1.16237542065
749,749,-0.244743368374,-2.17767022513
750,750,-0.446249860226,-2.78381897923
751,751,-1.43960198738,-1.13742389177
752,752,0.264321374232,2.11726798276
753,753,2.71173535732,0.0641010534514
754,754,-0.382879658958,-2.88812699195
755,755,0.0388430771918,-2.07732584705
756,756,0.0174679397072,-2.11617841926
757,757,0.705783400369,-2.44594210678
758,758,-0.83717912048,-2.45816228048
759,759,0.00834378601241,-2.07272690247
760,760,-0.748674242978,-2.80086480573
761,761,-0.704572678803,-1.79505813045
762,762,-0.183813117403,-1.87595969914
763,763,0.0321802703313,2.36243495764
764,764,1.43655508693,0.296338715248
765,765,0.696744178885,-2.73132173759
766,766,-1.01711917654,-1.16421984361
767,767,-0.565417024467,-3.15113093078
768,768,-0.116784123907,-1.9600003615
769,769,-1.51497116136,-1.35131745093
770,770,-0.211502702303,-1.54937895215
771,771,0.643496735018,-1.93759328592
772,772,-0.518514553162,-3.18414356227
773,773,0.949004624639,-1.40305612924
774,774,1.569901389,1.27547192919
775,775,1.08681603459,-2.52494960952
776,776,0.824853098978,-2.23169002714
777,777,0.0327500698498,1.76984458171
778,778,0.660047802342,0.985896520167
779,779,0.0294870816122,1.03232503868
780,780,0.538268432933,-2.03078177833
781,781,1.08131766053,2.28931312413
782,782,-0.205275706944,-2.46514566233
783,783,0.180219137016,-2.85837547005
784,784,0.473827147871,-2.32218468902
785,785,-0.207339909021,2.13935299189
786,786,-0.135012011398,2.39341513591
787,787,-0.558045741521,2.70036903785
788,788,-0.369692817828,2.78166751427
789,789,0.295497733423,-2.1786443804
790,790,-0.225822777361,-2.79415527655
791,791,-0.73124433662,2.87533102676
792,792,-0.0342857774631,-2.46868161903
793,793,1.62481389962,-1.74347816505
794,794,-0.0498295552293,1.93172498433
795,795,0.0768427464642,2.25900936374
796,796,-0.051965023602,2.36361260276
797,797,0.727382308112,-2.4365655307
798,798,2.23798906683,0.77896082131
799,799,2.79244238382,0.126450373705
800,800,2.77338585393,-0.190364415286
801,801,1.92260604054,0.1894711332
802,802,0.133075150941,-2.59322583096
803,803,0.403345634707,-2.67572189895
804,804,2.48308811645,0.131361724924
805,805,-0.0538199470085,2.783906169
806,806,0.0918669005729,2.20766987763
807,807,-0.349351580003,2.92758586362
808,808,0.56194318454,2.63355968778
809,809,0.518293914483,-2.63147968492
810,810,0.318524494586,-3.27614420175
811,811,0.213792890597,-2.85784667526
812,812,-0.0815377721768,2.40799475031
813,813,0.432516979151,3.18470585535
814,814,0.779973794408,-2.17133238097
815,815,2.25420554754,0.464333977502
816,816,-0.650111132646,2.54238716842
817,817,-0.125604603671,2.80535972608
818,818,1.1230788927,-2.94717284638
819,819,-0.0367992964771,-2.88452129069
820,820,0.408965435173,3.06585539282
821,821,0.216179365324,-2.16334295091
822,822,3.25380082719,0.0982684482133
823,823,3.0911750411,-0.189964351924
824,824,-0.243554965273,2.91892891929
825,825,-0.0182197510286,1.94636557253
826,826,2.63153451805,0.14927944893
827,827,0.312582717277,3.35831995703
828,828,0.126328137281,-2.16285053423
829,829,0.181179815833,-2.56681859463
830,830,0.0658422601741,-2.53301594882
831,831,2.86155660794,-0.0840465530837
832,832,0.548120423432,2.50017370671
833,833,0.215321697534,2.48711820933
834,834,-0.230892083684,-1.78088347967
835,835,1.81569994039,0.169180563102
836,836,1.59841171029,0.595742372394
837,837,2.31031755167,-0.106493020378
838,838,1.92568581852,0.0947935471682
839,839,0.575711419197,-2.49069147792
840,840,0.58197766792,-2.6800644523
841,841,-0.529385533035,3.14032648326
842,842,1.38946677677,-2.8009450141
843,843,0.292135380615,-2.47380042207
844,844,-0.124691323909,-2.45085384065
845,845,-0.0847282840884,2.05845106209
846,846,0.339400290516,2.4935408845
847,847,0.116361423331,2.51114751274
848,848,-0.0399213292746,2.24315771967
849,849,0.479669839216,2.84125133235
850,850,0.302460577754,-2.55295437496
851,851,0.114464105776,2.90855442359
852,852,0.947995175429,-2.11680778821
853,853,0.0390095293056,2.78324742895
854,854,0.378969343736,-2.81329779158
855,855,0.219303492319,-2.56983384969
856,856,3.01416924356,-0.338151090766
857,857,-0.0751830258267,-3.23794666491
858,858,-2.60811745363,-0.364884395389
859,859,-1.83803518386,1.84195653057
860,860,-1.89002424828,1.66187397016
861,861,0.37197612118,-0.866555291738
862,862,-2.18705239205,-2.18454965678
863,863,-1.61841248383,2.37648304564
864,864,-0.525010094223,-2.21881415931
865,865,1.82098813524,0.373778620217
866,866,2.60112444284,-0.068434150965
867,867,2.7802416894,0.449580326634
868,868,0.201706562251,-2.55962412312
869,869,0.927805512561,-2.21246953734
870,870,0.411800840299,-1.01083664383
871,871,2.02492647299,0.415693459267
872,872,-0.0544717743549,-2.83404689469
873,873,-0.550517609589,1.65430510839
874,874,0.0785983796445,1.39533714186
875,875,2.65405297004,0.414096947316
876,876,-0.0179521059323,-0.405213615161
877,877,-0.00157123760078,-1.0919159169
878,878,-0.79022947998,-3.10126332455
879,879,-0.0768438754839,-1.0550080952
880,880,-0.642860332687,1.35600576792
881,881,0.28284213551,2.85537782786
882,882,1.76916906337,0.0836820275984
883,883,2.68388895278,0.342124694685
884,884,2.50653073072,-0.334699392496
885,885,-0.566853996268,-3.18689698798
886,886,0.0828993362759,-2.89828292232
887,887,-0.301189247945,-3.52623354297
888,888,2.95076922638,0.183187994108
889,889,0.256716823644,-2.30980149199
890,890,0.529441843832,-2.62903665738
891,891,2.04065312923,1.01586474061
892,892,-0.162028568447,2.37784392035
893,893,0.703948429893,-2.87346644058
894,894,1.63663188706,-2.4370096615
895,895,0.757433839413,-2.097023701
896,896,-0.484275251767,-3.02398481589
897,897,0.0928820364558,-2.83228832802
898,898,1.56916499836,1.35242708252
899,899,0.764369312768,-2.94341759052
900,900,1.27818655079,0.584651015398
901,901,0.054854317703,2.72323175006
902,902,0.923356995906,-1.21205042949
903,903,-0.140440032005,1.72401040748
904,904,-0.483446372281,1.69510804275
905,905,1.4818382344,0.509211243759
906,906,1.78866715749,0.628862981069
907,907,2.38761917889,1.27398871851
908,908,1.36483090207,-0.347043786691
909,909,2.33985420157,0.358995134799
910,910,3.2357931605,0.0316578785482
911,911,0.00377820344875,2.5519373581
912,912,2.15419911321,0.116853780127
913,913,2.61757984284,0.0531305147546
914,914,2.14564314372,-0.67805301789
915,915,-0.131830425155,1.54962403761
916,916,0.106116257604,2.19962375973
917,917,0.022662207244,-1.71010379312
918,918,0.0383211790106,-2.12484664735
919,919,2.0078295845,-0.771847118115
920,920,1.03184794901,-2.0063708055
921,921,0.559087511033,-0.147729469604
922,922,0.331093331064,-2.60022432754
923,923,0.708120644867,-1.94187138817
924,924,-0.548500895247,1.92564782373
925,925,0.0756586636325,1.40105444757
926,926,-1.0769906653,-1.73581199178
927,927,0.211603808672,-2.25471133027
928,928,-0.0815300601418,1.01869089821
929,929,0.550197932114,1.66877966704
930,930,-0.0887819111382,2.80681066317
931,931,2.6565565101,-0.183801730999
932,932,1.02281307739,-0.892216328571
933,933,2.45605585226,-0.214140449243
934,934,2.94031934187,-0.0213528420919
935,935,-2.15145541748,-2.209760591
936,936,0.859479787131,0.4747106999
937,937,1.19539965432,-0.632136297876
938,938,-0.316742744906,-1.74316492431
939,939,-1.46367348604,1.63776601719
940,940,-0.247389080356,1.50403317665
941,941,1.11471273781,1.60636846759
942,942,1.86998531198,0.631484537424
943,943,-1.14859822256,0.252585673365
944,944,0.0279565154355,0.775392445895
945,945,0.0102350310994,-1.71688701956
946,946,-2.24159045826,-2.2141825951
947,947,-0.463156233036,1.62672058445
948,948,-0.793606030513,-1.22916469096
949,949,-0.541299359505,-1.74705185517
950,950,0.390153038619,0.939536918324
951,951,0.294901082031,1.06677953683
952,952,-0.145851550939,-2.23316755765
953,953,-0.131222071262,-2.87986276665
954,954,0.44983970238,0.777745558695
955,955,-0.185628596827,-0.826693876603
956,956,0.180240758695,2.17618635464
957,957,0.31906626257,1.01622205508
958,958,0.595137002562,-2.13919810951
959,959,-0.0444352010099,-2.20126225024
960,960,-0.315056349763,-2.39433731329
961,961,0.328316895454,-2.47966868818
962,962,0.153764879367,3.01776173146
963,963,1.01640330417,-0.612103188124
964,964,0.272368507345,-2.94250058888
965,965,0.0670496430032,2.82375328862
966,966,0.995495533824,-0.172273253411
967,967,2.97919685958,0.648385579355
968,968,-1.0508206183,-1.41004543814
969,969,-1.96694580026,-2.23690576139
970,970,-1.36017347215,-1.76033668392
971,971,0.0310797578572,1.38173645098
972,972,-0.850074114586,-0.581824514789
973,973,-1.85664821663,-2.11752001563
974,974,-1.58886237953,-1.78474871357
975,975,-1.48014762075,-1.60444741465
976,976,-0.87896359861,-1.81989495948
977,977,-0.673926174609,-2.08703403562
978,978,-1.1927890678,-1.99465724132
979,979,-0.469447704348,-2.07758520122
980,980,0.370259440422,-0.762302835887
981,981,3.10866589482,0.0863785631682
982,982,-0.0607837025398,-2.47385910383
983,983,-1.40580796188,-1.75629857346
984,984,0.646890759567,2.66121495811
985,985,-0.266827482029,-1.45105058296
986,986,-0.735323230286,-1.69356847539
987,987,-0.978591786042,-1.80680874048
988,988,0.250513846636,1.19288901388
989,989,-1.31652640654,-1.87920444976
990,990,-1.89560347243,-2.59314097399
991,991,-0.131750914908,2.95596474931
992,992,0.0726955576699,-1.49192903225
993,993,-0.268326362559,-2.31303644
994,994,0.379231541348,-2.9099132152
995,995,1.92936555225,0.515915224666
996,996,0.150357401345,-2.39043669364
997,997,-0.800668009221,-1.60846561294
998,998,-1.51698513134,-1.70658915415
999,999,0.0553579228849,0.268845146874
1000,1000,-0.656962236045,0.944792546725
1001,1001,-0.627059974081,0.96234715701
1002,1002,-1.04995672679,-1.17503709132
1003,1003,-1.56772923017,-0.967228294178
1004,1004,0.0743432317531,2.22674262032
1005,1005,-0.408198969669,2.8103728267
1006,1006,1.48197000537,-1.77899293487
1007,1007,0.330952367123,-0.255398133308
1008,1008,-0.285190237321,2.16312976744
1009,1009,1.26133206607,-1.97562017461
1010,1010,2.22433908199,0.145917821899
1011,1011,2.92516073734,0.0639229451053
1012,1012,2.77688832403,0.118872947359
1013,1013,0.83115760499,-1.62394092114
1014,1014,0.010116461719,2.16505753245
1015,1015,0.447637902286,-3.12111834316
1016,1016,-0.755848722478,-0.711248537653
1017,1017,-0.58354083187,1.78774245761
1018,1018,2.44350559274,0.105379098717
1019,1019,-0.324103008986,1.58778663903
1020,1020,0.449454459485,-1.59981560147
1021,1021,0.755428924639,0.130010304703
1022,1022,0.409842218818,-1.64404806761
1023,1023,-0.515734071504,1.57537706416
1024,1024,-0.231378979673,0.891524357332
1025,1025,-0.0855872885962,1.07089702347
1026,1026,0.583601939229,0.28635612565
1027,1027,-0.205062422078,-0.158285391302
1028,1028,-0.908855743313,0.360684879142
1029,1029,2.61052491088,0.0222834236278
1030,1030,-0.619767796657,1.10440231134
1031,1031,1.18642215636,2.27128666541
1032,1032,-0.341710190703,0.955225454743
1033,1033,-0.701991545271,-0.332340040376
1034,1034,-0.565247282144,-1.80149269746
1035,1035,0.55831436937,-0.863471170184
1036,1036,-0.550360359761,-0.708857441297
1037,1037,0.376376510933,2.86829591509
1038,1038,1.3786415966,-0.951489812511
1039,1039,2.63251590002,-0.863462137571
1040,1040,-0.0705007070668,-3.05092909517
1041,1041,2.25364564816,0.191305008132
1042,1042,0.0752668721784,-3.25934630605
1043,1043,0.153420383593,-2.9591671512
1044,1044,-0.969845048525,1.75470995532
1045,1045,-0.843201114719,2.05493549153
1046,1046,-0.810779999672,2.1697633507
1047,1047,-0.310992817152,1.75282112462
1048,1048,1.09330008833,-1.87903173952
1049,1049,0.1064982876,3.16012954412
1050,1050,1.89768408694,-2.54296435114
1051,1051,0.612629411722,-2.46972898341
1052,1052,-0.924265960606,2.45209986548
1053,1053,-1.03901740266,2.3557472114
1054,1054,-0.544024234896,2.40645318792
1055,1055,-0.00645836154217,2.56843487746
1056,1056,1.09663939924,-2.77062502482
1057,1057,0.575767493228,-1.89822695428
1058,1058,0.283705633601,-2.49204668088
1059,1059,0.260378487546,1.7639374682
1060,1060,-0.129081703052,2.58355881281
1061,1061,1.36200604704,-1.8051229478
1062,1062,-0.26162118193,-2.29475063145
1063,1063,0.731675834812,-1.99944022615
1064,1064,-0.263339849528,2.45176231192
1065,1065,-0.142699902387,2.44312056716
1066,1066,0.0660931739173,2.32092508719
1067,1067,-0.548402659964,2.22401791334
1068,1068,0.472223009595,-1.92185686155
1069,1069,0.339158931989,2.76262689209
1070,1070,-0.446124557206,2.22924748748
1071,1071,0.452166008225,-2.29036291583
1072,1072,2.56238745404,1.15775358637
1073,1073,0.346245431916,-2.81313518616
1074,1074,4.09911587816,1.09938267966
1075,1075,-1.0478840853,-0.902551299922
1076,1076,0.594750134931,0.686512942435
1077,1077,-1.19985624032,-1.07341901756
1078,1078,-1.16326647179,-1.1630863572
1079,1079,-0.651507808461,1.86476666384
1080,1080,-2.22107909399,-1.95844626484
1081,1081,-2.17504832916,-1.92516937756
1082,1082,2.28862635195,0.140442599445
1083,1083,-1.55415135644,-1.73354281183
1084,1084,-0.54324654782,1.7227442771
1085,1085,0.536681574322,1.52038463825
1086,1086,-0.104308414017,0.422536705516
1087,1087,-1.1666900325,0.707701337964
1088,1088,0.362200290028,1.66823010312
1089,1089,-0.147476056313,1.21002661218
1090,1090,-0.325231140643,-0.868173286209
1091,1091,-1.01842239706,0.859172033169
1092,1092,0.45976163551,1.62066016158
1093,1093,-1.17557789423,-1.96131489983
1094,1094,0.241963444539,-2.57777179246
1095,1095,-0.954172620554,2.69263279745
1096,1096,0.322252526019,-2.76462909798
1097,1097,0.197029968592,-2.65942394729
1098,1098,0.288671180234,-2.37496538141
1099,1099,-0.207929167853,-2.14937883662
1100,1100,0.354874420737,-1.86344748841
1101,1101,-1.8025338209,-2.02199199656
1102,1102,-0.332375001695,-2.11666502138
1103,1103,0.1050122459,-2.83519204199
1104,1104,-1.30799458166,-1.63747072224
1105,1105,-0.0170405799485,-2.4104763356
1106,1106,2.61907581572,0.131980173091
1107,1107,-0.300120646421,1.96781343721
1108,1108,-1.76177595171,-1.99145303593
1109,1109,0.0326779675502,2.06639417312
1110,1110,0.421303100208,-1.26338252284
1111,1111,-0.488397421954,2.559397288
1112,1112,0.59512090563,-1.64043343802
1113,1113,3.03601294428,-0.642521854745
1114,1114,1.71010556534,0.859257842683
1115,1115,0.429893577076,-2.65164081147
1116,1116,0.895554695437,-2.27451426379
1117,1117,-0.679609577583,1.08755494661
1118,1118,1.28822441817,-2.02661087209
1119,1119,1.45293582889,-0.907623467046
1120,1120,-0.854043600154,1.75245984782
1121,1121,-0.766281116412,2.33242849708
1122,1122,-0.0180836522673,2.62765217122
1123,1123,1.23581508892,0.269932637428
1124,1124,-0.634059506271,-1.52014295187
1125,1125,1.62464468486,-1.82499273813
1126,1126,-0.418192322831,2.52621780875
1127,1127,0.352616914634,1.2441480588
1128,1128,1.61398042298,-1.00202505691
1129,1129,-0.897619260887,2.0162382054
1130,1130,1.18111872307,-1.79389178219
1131,1131,-1.65440318516,-2.34202089861
1132,1132,0.388932953042,-1.71111197929
1133,1133,-0.268137806764,-2.27792716302
1134,1134,0.453648944872,-3.42390113905
1135,1135,0.775158188731,-1.96878610767
1136,1136,-0.0833924092836,2.6447720818
1137,1137,-0.126638493317,-2.16963042384
1138,1138,0.479517972597,-2.43972438597
1139,1139,0.661169227287,-2.48390151407
1140,1140,-0.197119026829,2.49772686018
1141,1141,0.536419018692,2.27206865266
1142,1142,-0.367706490897,2.01687150823
1143,1143,1.26439862163,-1.6428544021
1144,1144,2.19312151359,1.45343061879
1145,1145,3.08216378372,0.186077145496
1146,1146,1.36945693508,1.69145281309
1147,1147,0.375425065878,2.18930621485
1148,1148,0.196908184702,-2.6940454324
1149,1149,0.368483938875,-2.57795241564
1150,1150,3.1762387631,0.211902825965
1151,1151,0.117946733657,2.50648552124
1152,1152,0.839686427054,2.93386375796
1153,1153,3.12431032979,0.30673380791
1154,1154,-0.295589879658,-2.88958365087
1155,1155,-0.130722202793,-3.12414540133
1156,1156,2.01247594255,0.639980793723
1157,1157,0.132089023207,2.53514119388
1158,1158,2.14438319402,0.495896964071
1159,1159,2.09891334428,0.0956088459416
1160,1160,0.453085094277,2.60599934167
1161,1161,-0.0587521929871,-1.06226257997
1162,1162,0.080959785378,2.45882355573
1163,1163,0.311291408442,2.1941362061
1164,1164,0.760306416172,-1.73459533929
1165,1165,1.65624749836,0.354819972579
1166,1166,0.756494875561,1.9686392345
1167,1167,2.87125367987,0.218408843279
1168,1168,1.14774317284,-1.64350982605
1169,1169,3.16416630531,0.240464738578
1170,1170,2.27084161979,0.312312633492
1171,1171,-0.375351765721,-3.02343058545
1172,1172,0.382111406789,-2.88511586885
1173,1173,-0.517266811818,3.11095198049
1174,1174,-0.532244999067,3.20768353187
1175,1175,0.517598810797,2.08999110401
1176,1176,0.265871897983,2.98967256485
1177,1177,0.27490282445,-1.6404639909
1178,1178,1.49725847729,0.377148511147
1179,1179,-0.567909490975,-3.01545175652
1180,1180,-0.28478609452,-2.8477985321
1181,1181,2.35175134951,0.583597298998
1182,1182,-0.368375121619,-2.58144183783
1183,1183,-0.208898686651,2.60960096305
1184,1184,-0.309802668945,2.39908441505
1185,1185,1.18433581574,-1.99466832336
1186,1186,0.0592447316789,-2.57139100978
1187,1187,-0.474056923032,-2.45697554875
1188,1188,1.00498907197,-1.54287637378
1189,1189,-0.164989191357,-2.73061095413
1190,1190,-0.629999065838,-2.74801517169
1191,1191,-0.37653816023,-2.71594401696
1192,1192,-0.320457190674,-2.36311029107
1193,1193,-0.482482866663,-2.4168793871
1194,1194,2.49614958437e-05,-1.79066394702
1195,1195,-0.27770808961,2.56329791685
1196,1196,2.34673283158,-0.105594996263
1197,1197,2.81523672789,0.420438273729
1198,1198,2.8594835505,0.410816900447
1199,1199,2.84923645159,0.188232302556
1200,1200,0.708570553478,-2.9674630484
1201,1201,1.15479578305,-2.34617464915
1202,1202,-0.588313026637,1.73792949949
1203,1203,-0.648712930651,2.59357360329
1204,1204,-0.419130753431,2.34804601263
1205,1205,1.3688112458,-2.33790223747
1206,1206,-0.578015128396,2.42315622694
1207,1207,0.129791563701,-2.31463391393
1208,1208,0.423650871543,-2.46751238248
1209,1209,2.77555894834,0.158325319465
1210,1210,3.19286171647,0.391603363549
1211,1211,-0.051932618423,2.25828589221
1212,1212,1.0525653316,-2.11733346901
1213,1213,2.73511203279,0.0425638590381
1214,1214,1.68632109077,0.531615518361
1215,1215,0.0351180181226,-2.95416781751
1216,1216,0.268804211846,-2.02006695825
1217,1217,-0.103420856069,-2.61151877246
1218,1218,0.312380788949,-2.22233942367
1219,1219,2.03076614264,0.192509052133
1220,1220,1.66755072429,-1.39560763859
1221,1221,1.82188982626,-1.40840589099
1222,1222,1.37097991999,0.779650543345
1223,1223,1.46882701347,-1.05764013853
1224,1224,3.14461506073,-0.0947966770753
1225,1225,2.69773350078,-0.135257586529
1226,1226,0.31259274641,-0.160770695189
1227,1227,-0.176541186378,3.6070711761
1228,1228,0.695438242604,-0.1456857349
1229,1229,0.0128460026239,2.7178118407
1230,1230,0.182800029963,-3.07045050158
1231,1231,0.200491856466,-2.75185267908
1232,1232,0.0627995573778,2.98039957359
1233,1233,1.40326905986,-2.32915353965
1234,1234,0.0849544296195,2.31038613464
1235,1235,0.00480904327656,-1.85426136444
1236,1236,3.01038037537,0.396184452382
1237,1237,0.457660769904,-2.41247371066
1238,1238,-0.0170492894926,3.39560131493
1239,1239,1.15825448279,-1.95983197279
1240,1240,-0.213789932433,-1.83495793247
1241,1241,2.67401565186,-0.033179417617
1242,1242,-0.100785947254,-2.70903299361
1243,1243,0.312038472038,-3.04934891736
1244,1244,0.637769374196,-2.60541197478
1245,1245,-0.164168552083,2.86685749965
1246,1246,0.0591268214634,-2.4161456464
1247,1247,-0.106094413132,3.03826960397
1248,1248,0.00670551706667,3.31572874778
1249,1249,0.843321737796,-2.69623527636
1250,1250,-0.306470767012,2.40291072282
1251,1251,0.0146321479208,3.25804118811
1252,1252,0.138225957552,2.80467681413
1253,1253,0.597132208935,-2.16797431539
1254,1254,2.5201109377,0.719260366345
1255,1255,2.83761468139,0.140874562186
1256,1256,2.59385095419,-0.139074652634
1257,1257,2.93218710372,0.303958122823
1258,1258,2.16906592497,0.470258364052
1259,1259,2.67976849401,0.044921733053
1260,1260,2.5840968565,-0.040642901133
1261,1261,2.98940126955,0.498014140306
1262,1262,0.233338803267,-1.9620911432
1263,1263,0.0817068458963,-2.26364949827
1264,1264,2.45220845098,-0.339760478222
1265,1265,0.450137789744,3.54402725896
1266,1266,1.31864823807,0.0649878160938
1267,1267,1.72709902017,-0.146676151729
1268,1268,0.072004972938,-2.38882233317
1269,1269,0.204988782408,-2.52564342422
1270,1270,1.81783844386,-0.192347294306
1271,1271,0.405255027834,2.90214344283
1272,1272,2.00192341019,0.355035326487
1273,1273,-0.257472421346,-2.37143394992
1274,1274,0.634477995012,-0.482012073328
1275,1275,-0.32471585039,3.06572635558
1276,1276,0.385011162826,-2.63786278192
1277,1277,0.708151954326,-3.04745804379
1278,1278,2.45389985664,0.0997682613637
1279,1279,2.29845049258,0.324931811594
1280,1280,0.789190586131,-0.183207825945
1281,1281,2.69323480443,0.207470955092
1282,1282,2.60776399559,0.0120642117724
1283,1283,2.55881256033,0.200860932855
1284,1284,-0.369609514099,-1.75640428354
1285,1285,1.33239665215,-1.82637621678
1286,1286,0.0251958648265,-0.572495504815
1287,1287,1.69672577462,0.553191669865
1288,1288,-0.191086204148,-2.26063333499
1289,1289,-0.197486540504,-2.34464976534
1290,1290,0.299317041536,-2.64584970986
1291,1291,0.897871216555,-0.494374899072
1292,1292,0.443466851089,1.64136106747
1293,1293,2.67313123316,0.545718476829
1294,1294,3.02913759184,0.0681473492658
1295,1295,0.788965246429,-0.592926151632
1296,1296,-0.152392279378,-3.16939605045
1297,1297,0.332057811431,-2.38340947833
1298,1298,1.67938164183,-1.01635551796
1299,1299,-0.196565132493,3.04260237499
1300,1300,1.20945885711,-2.91534765528
1301,1301,0.112829068268,2.61205128315
1302,1302,-0.277622448013,1.70274490775
1303,1303,1.65520968506,-2.82185920313
1304,1304,-0.839473651419,2.59027109127
1305,1305,-0.412834116021,2.13432395246
1306,1306,-0.544689613593,2.07630372981
1307,1307,-0.798859499335,2.75638439142
1308,1308,-0.508688861041,2.61401141173
1309,1309,0.0456049059255,2.59615996346
1310,1310,0.964765468948,-2.78452469206
1311,1311,-0.233756913801,-2.6036527083
1312,1312,0.452942268098,3.01195823733
1313,1313,0.168500232454,-2.8424898665
1314,1314,1.82444737315,-2.97623252422
1315,1315,0.225056496044,-2.49452463634
1316,1316,-0.725614959826,2.28095740141
1317,1317,0.363700562247,2.68955683728
1318,1318,1.00506171726,-2.63687942127
1319,1319,-0.226341480759,2.65845786534
1320,1320,0.321102967556,2.85784600882
1321,1321,-0.52049472568,2.10001509365
1322,1322,0.0616924534353,2.70588089801
1323,1323,-0.150344196144,2.86673340418
1324,1324,0.821061974027,-2.14583162909
1325,1325,1.11028035986,0.669784753177
1326,1326,2.89668431626,0.0529412975648
1327,1327,0.127674841407,-2.4476002999
1328,1328,0.0250812575673,-2.5219143656
1329,1329,2.89825668636,0.399103583172
1330,1330,0.00648202570374,2.6304929087
1331,1331,1.26325278163,-2.37865990398
1332,1332,1.43275294578,0.347068503965
1333,1333,0.151632043567,-2.98720237508
1334,1334,0.150844423565,1.78945592381
1335,1335,0.0573746970487,1.44384465323
1336,1336,0.65262967077,1.86196392362
1337,1337,-0.523026394403,1.98943625415
1338,1338,1.54167923702,0.981047407212
1339,1339,0.249834868759,1.57855631806
1340,1340,1.67239278176,1.48691973367
1341,1341,1.98802879633,1.88354124754
1342,1342,1.5418165849,1.33948508555
1343,1343,0.504219516782,-2.37594768226
1344,1344,0.427469731861,-2.30706027457
1345,1345,1.56229925121,0.829170595614
1346,1346,1.19217260151,2.35491926618
1347,1347,1.77342807341,0.181161676172
1348,1348,1.12508406668,1.68790693204
1349,1349,-0.127044360886,3.1508542977
1350,1350,-0.962751713382,-1.42580414993
1351,1351,2.07416070131,0.972716083869
1352,1352,-0.797091797779,-0.765316462243
1353,1353,0.679937294449,-2.05055033454
1354,1354,0.267954612086,1.47431516809
1355,1355,1.27736297642,0.77905190459
1356,1356,2.03957026262,0.237463250103
1357,1357,1.47513831157,1.51865668608
1358,1358,0.980108288399,1.69779028607
1359,1359,0.615548723533,0.37688889433
1360,1360,2.10689004012,0.531198223594
1361,1361,0.607575574682,0.241984717842
1362,1362,-0.885288468512,-1.62543221924
1363,1363,-0.577449031476,-1.28355404388
1364,1364,2.15773520452,0.571703745395
1365,1365,1.8907953518,-0.465805283202
1366,1366,1.84703829902,-0.184723767361
1367,1367,-0.342235155314,0.731886885553
1368,1368,-0.0760850965983,1.78926396563
1369,1369,1.00655014241,-1.94507862101
1370,1370,0.350557202431,1.91019449534
1371,1371,2.90225330964,-0.117407672608
1372,1372,2.19759188825,0.626542859652
1373,1373,0.180025218447,1.38692257074
1374,1374,1.74352588417,0.575208628272
1375,1375,1.35194611563,1.31157633635
1376,1376,0.870654616581,1.23705694912
1377,1377,-0.83254465276,-1.26723128269
1378,1378,0.312426494925,-1.75673236997
1379,1379,1.70830269834,1.30521609619
1380,1380,0.186039476669,1.52183440256
1381,1381,0.795139552388,1.37819715062
1382,1382,0.291837399466,-2.4017553271
1383,1383,0.0953932942013,1.68275757564
1384,1384,1.95069976573,0.872540198969
1385,1385,2.31115487711,0.684907442373
1386,1386,1.57012719664,0.757595016102
1387,1387,2.35939165684,1.45653765022
1388,1388,2.69579365116,0.511117839691
1389,1389,1.9847343867,1.32175480353
1390,1390,-0.190502716488,3.26057644177
1391,1391,-0.182676250603,2.81118150756
1392,1392,0.98693027455,-2.48795929339
1393,1393,0.558126587939,0.490089530778
1394,1394,0.682932220108,0.196919688193
1395,1395,2.02812082269,0.319446599861
1396,1396,2.14379950161,0.309379891385
1397,1397,1.93862269817,-1.95523756184
1398,1398,0.550987882189,1.32797416927
1399,1399,-0.28058751035,-2.40810444807
1400,1400,1.39713551034,0.344312206333
1401,1401,-1.47103868675,-0.990358556844
1402,1402,0.107147498127,1.79917861917
1403,1403,1.19938188435,0.226577979937
1404,1404,0.730407813724,2.18139017867
1405,1405,0.983222509593,1.50114833994
1406,1406,0.0353381107009,3.10627614548
1407,1407,0.596535451146,4.70850637533
1408,1408,-0.397316853475,3.63144762987
1409,1409,0.314774653184,2.81955274552
1410,1410,0.648841237832,1.94981724071
1411,1411,0.573306166657,2.0914851412
1412,1412,0.00098882478511,2.8669106245
1413,1413,0.0247157875222,2.81357217445
1414,1414,0.592858609845,2.1478841103
1415,1415,0.388672637267,3.14525836528
1416,1416,0.498140804983,1.98935877052
1417,1417,2.13818601682,-0.296604048257
1418,1418,-0.297726922806,1.92171774768
1419,1419,0.820031169593,0.196330112988
1420,1420,-1.95881773874,-1.69689551414
1421,1421,0.211153011405,-0.0697781483338
1422,1422,0.887641301099,0.150236333302
1423,1423,2.92256373623,0.63094765298
1424,1424,-0.570006803121,-3.54902209818
1425,1425,0.491259808965,1.67650560228
1426,1426,0.122916684533,0.607741723856
1427,1427,2.22711777107,-0.177235882479
1428,1428,4.00328935047,-0.765119294949
1429,1429,2.51099447758,-0.021308311181
1430,1430,1.74250170322,0.537059581509
1431,1431,2.19488506865,0.208799458567
1432,1432,2.78050029667,-0.152028655634
1433,1433,2.3217244079,0.523594844304
1434,1434,1.114528359,0.47273465016
1435,1435,1.67089807672,1.42417610254
1436,1436,-0.100251574992,-2.4076143557
1437,1437,2.48558180117,0.510845819802
1438,1438,-0.552507775534,1.78787542261
1439,1439,1.62017741146,1.89063176384
1440,1440,1.14941076852,1.68768273571
1441,1441,0.463583435109,0.688622391388
1442,1442,0.742765426866,2.10650132729
1443,1443,0.222582205661,-2.73677194107
1444,1444,1.90909964158,2.09106069801
1445,1445,1.03215117328,2.12459460429
