,vote,alpha,beta
0,0,-0.188747901864,1.53486369527
1,1,-0.000951755363823,-1.47163948811
2,2,1.92333294083,0.158933340762
3,3,1.84304592077,-0.0672324359961
4,4,0.361777078323,-1.20418718115
5,5,1.89036807068,0.0691315301152
6,6,1.49729351018,0.291803366498
7,7,1.62574230691,0.218156768782
8,8,0.215527454923,-1.46467833966
9,9,0.618309996228,-0.86008263584
10,10,1.66982929207,-0.0297085333872
11,11,1.81943338391,0.063448340865
12,12,1.84634454053,0.0293184141286
13,13,1.87454693877,-0.197244293972
14,14,1.82630018458,0.057132374241
15,15,1.71526859899,0.043597210546
16,16,-0.120560277758,1.49215561351
17,17,0.603641899823,-0.547408722512
18,18,1.81206523043,0.00248025428403
19,19,1.70567523249,0.243969288946
20,20,1.10052475681,-0.615087769463
21,21,0.0921530150396,-1.56432089203
22,22,-0.0410460636478,-1.64058952256
23,23,1.78389604459,0.0456998847812
24,24,0.364496935015,-1.59097307691
25,25,1.26325250625,-0.28239863123
26,26,-0.787280655298,-0.0461771052952
27,27,-0.147930291985,1.8327853488
28,28,2.19159408155,0.288691835286
29,29,1.91588366149,-0.0989168667121
30,30,1.59521005666,-0.0233484098225
31,31,1.83174437383,-0.0699789454424
32,32,0.0991257570342,-1.69090358183
33,33,0.14252769859,-1.61752234666
34,34,1.14488425424,-0.239168364398
35,35,-0.0377209127694,1.58576776446
36,36,-0.188463402597,-1.40172103001
37,37,0.139443483288,-1.72394439836
38,38,0.0801978302578,-1.52604247134
39,39,-0.709477087792,-1.18985374433
40,40,1.10954368152,-0.830525615929
41,41,-0.12389425929,1.76937537063
42,42,0.053314222556,-1.50638583851
43,43,2.05345061504,0.133526192852
44,44,1.96011399697,-0.2116656456
45,45,1.80031723523,0.113405332693
46,46,1.82944126813,0.0507452707051
47,47,1.65092191434,0.00457018449311
48,48,2.02001571497,0.218474817703
49,49,0.990063835919,0.802408236762
50,50,0.1362048977,-1.58174492874
51,51,0.00407842175339,-1.55235993894
52,52,-0.0104534750812,1.76444942025
53,53,0.206693151988,-1.61820966568
54,54,0.0639242711736,-1.87401285055
55,55,0.182877416428,-1.69193209508
56,56,0.31414327319,-1.45862814695
57,57,-0.187122107882,1.49228400485
58,58,-0.100509905929,1.73240692516
59,59,0.146118618363,-1.39847352603
60,60,0.168763926871,-1.49900467875
61,61,1.73505194019,0.0797285891232
62,62,1.9174825272,-0.030781055107
63,63,1.63315368988,-0.130341305703
64,64,1.88191219009,0.0192673406265
65,65,1.7742250795,0.0204609137221
66,66,0.0843595941626,-1.57217981829
67,67,0.104734993657,-1.67846078464
68,68,0.532854411368,-1.45987618689
69,69,-0.145691037082,-1.42327441552
70,70,-0.462112793592,1.17231686605
71,71,-0.281239464157,1.32644438352
72,72,-0.365354619275,1.4798577547
73,73,-0.419464639277,1.5227603782
74,74,-0.472296239162,1.65572761585
75,75,-0.199364282148,1.43954315078
76,76,-0.213249793838,1.51265740541
77,77,-0.360261487793,1.14344941897
78,78,-0.0104828387563,1.54648340132
79,79,0.450172604867,-1.61192543007
80,80,-0.124504979467,-1.27140299868
81,81,-0.102388605992,-1.72132778601
82,82,0.218437586188,-1.49429779715
83,83,0.0533447183227,1.55203355202
84,84,0.000513499925926,-1.52459847885
85,85,1.88898887531,0.0425280021114
86,86,1.53601420437,-0.249480946971
87,87,0.097412084906,-1.63412715624
88,88,0.121610164409,-1.81008309533
89,89,-0.494068242489,-0.836969006091
90,90,0.272050433248,-0.651897281554
91,91,0.0287028705054,-1.49558194331
92,92,-0.441665331716,1.3668500262
93,93,-0.355974112493,-1.39506809558
94,94,0.110518906401,1.5948856376
95,95,1.82673892888,-0.0451155567277
96,96,-0.401801929203,1.30175470915
97,97,-0.220990429411,1.59478865737
98,98,-0.381662183091,0.324945744616
99,99,-0.272742889065,1.4628370147
100,100,-0.113586792258,1.43141606858
101,101,-0.962810930247,0.601228199766
102,102,-0.183835327424,-1.51526362144
103,103,-0.511668817898,1.39125504903
104,104,-0.263832352679,-0.830546309647
105,105,-1.10494783104,-0.0708661460783
106,106,0.666931702884,0.741302722157
107,107,0.13126484423,-1.48922690559
108,108,-0.46722209408,0.500060692774
109,109,-0.492567792317,0.557639426579
110,110,0.843292696752,1.16706344228
111,111,0.116713783894,-1.51077371409
112,112,-0.241705032248,-1.125321479
113,113,-0.020188500629,-1.45153153658
114,114,-0.120629794915,1.5755411556
115,115,0.13003182361,-1.29045564255
116,116,1.9471598596,-0.0611566757142
117,117,1.90342676965,0.177905467334
118,118,0.0702768609574,-1.57989009132
119,119,1.70711212951,-0.225458298146
120,120,1.76234908339,-0.0217723893214
121,121,0.0729034766081,1.68035260451
122,122,0.751110328609,-1.06829382427
123,123,2.24017476202,-0.0800693484153
124,124,0.372603749221,1.33260217145
125,125,0.169119907806,-1.7021203843
126,126,0.0597661666395,-1.56967961988
127,127,-0.776496389796,0.65040456323
128,128,-0.0307195176262,-1.62862855454
129,129,-0.011126938561,-1.05943365216
130,130,-0.507817046337,-1.04373342779
131,131,0.938312805614,0.811450356079
132,132,-0.20560345143,-1.40523410676
133,133,-0.00730873926095,1.458948183
134,134,0.270213126795,-1.70601129229
135,135,0.435521684201,1.15679801766
136,136,-1.14938987047,0.629391622343
137,137,-0.625004251752,0.706114865941
138,138,-0.901374598335,0.491949217403
139,139,-0.0711663867855,1.4787613301
140,140,-0.625829325412,0.141684032973
141,141,-0.818868474297,0.476807267031
142,142,0.161431657836,-1.48764034426
143,143,-0.232164513705,1.44456317
144,144,-0.655534248252,1.32323463897
145,145,-0.495105122587,1.16487467513
146,146,1.38533480656,0.485465564623
147,147,-0.0254906729075,1.07619718479
148,148,1.64258185471,0.00518624242545
149,149,2.05461538092,0.0244952980842
150,150,-0.0955264502929,1.75508325149
151,151,0.705028222277,-0.656376252912
152,152,1.92540274236,0.171046836795
153,153,1.77835478923,-0.0787530221201
154,154,1.76066370648,0.00298455754236
155,155,0.0305562555586,-1.75648343811
156,156,-0.00244711702302,-1.692747957
157,157,1.97959572546,-0.0746191011031
158,158,0.0543912964675,-1.59297703974
159,159,1.4590597603,0.203575734858
160,160,0.145643561903,-1.66151809015
161,161,0.432791598478,-1.34454825486
162,162,-0.139502603042,1.42502820554
163,163,0.272559181958,-0.394320301944
164,164,-0.723622303836,-0.722571395485
165,165,-0.304336942726,1.35556387402
166,166,0.215849635264,-1.68534143246
167,167,-0.422608361438,1.18886040623
168,168,0.565778866219,1.02556619334
169,169,-0.0042065444182,-0.0430831263002
170,170,-0.96072973931,-0.637006192375
171,171,-0.985064868481,-0.798022053547
172,172,-0.823549771164,0.968076504133
173,173,-0.994716939689,-0.580361347753
174,174,-0.263571701679,-1.3599147172
175,175,-0.0406508876904,1.32441916768
176,176,0.156143142186,0.783421048554
177,177,0.290822606068,-1.61514243222
178,178,-0.000280721966855,1.09492880578
179,179,-0.312541157453,-1.16063477693
180,180,-0.605408384541,-0.869655382039
181,181,0.900052726571,-0.347163208631
182,182,-0.244761146332,-0.964254162649
183,183,0.0173185204121,1.00190043064
184,184,-0.118561798626,0.530757588038
185,185,-0.351104914396,0.288590271865
186,186,0.593214824098,-0.499665189231
187,187,0.115077163264,-0.480478033362
188,188,0.0117615569696,-0.692794401197
189,189,-0.0955663635735,-0.234931832998
190,190,0.108436858482,0.294225420479
191,191,-0.352365053539,-1.12842594282
192,192,0.0661047340292,-1.60214818287
193,193,-0.0542716846151,1.64041542366
194,194,-0.153988229245,-0.895812816921
195,195,2.03419274855,-0.237863073498
196,196,1.87827625742,0.191345767648
197,197,0.0352366981857,-1.90425671149
198,198,-0.630089771061,1.13847139947
199,199,0.0312248504301,-1.51076207452
200,200,0.163227549019,1.55973548423
201,201,-0.221231923098,1.75494516797
202,202,0.441195508301,-1.55391156114
203,203,1.80973630869,-0.24969009916
204,204,-0.220605427623,1.53526628322
205,205,0.224251310385,-1.51958544781
206,206,0.347939537605,-1.28731195013
207,207,0.258773087867,-1.50617658377
208,208,-0.150826271187,1.4214116277
209,209,0.115748570472,-1.52362184683
210,210,0.469983995019,-0.620615191825
211,211,0.0429639803952,-1.62765048816
212,212,0.0858202508282,1.45026996823
213,213,-0.457081500338,1.49793415397
214,214,-0.0557541740323,1.62773675711
215,215,0.213903750538,-1.55797624626
216,216,1.44189787943,-0.300764645962
217,217,1.18576210205,-0.758041613714
218,218,2.09479518161,0.338717843783
219,219,0.073315992018,-1.60940001759
220,220,0.122431637487,-1.36472808615
221,221,1.52850143308,0.421494422232
222,222,-0.462198002791,1.64863537267
223,223,-0.232540613953,1.39420395935
224,224,-0.466723917856,1.13410560131
225,225,-0.326615889904,0.285201258981
226,226,-0.558998475042,-1.06930165946
227,227,-0.355056031986,1.41424275125
228,228,-0.445419261133,-1.0973567397
229,229,-0.0450887839381,1.36219837023
230,230,-0.837234872269,-0.760997876474
231,231,1.19316720509,0.467304421736
232,232,-0.00507498303145,1.47052432449
233,233,-0.367775586047,1.40631604499
234,234,-0.433173609974,1.47768672401
235,235,-0.210987857049,1.3353228552
236,236,-0.414926683572,1.2064548606
237,237,-1.03634116345,0.698010187054
238,238,-0.439627691013,1.1245926573
239,239,-0.717626151382,1.11252022949
240,240,-0.656789196087,1.21149395444
241,241,-0.604161553986,1.36562574147
242,242,0.0527544682316,-1.51833925523
243,243,-0.445242819743,-1.13586994528
244,244,-0.126143594646,1.49245647178
245,245,-0.131726132687,1.10549230387
246,246,-0.9832069399,-0.624724120306
247,247,-0.355434662523,1.1825001438
248,248,-0.64607203845,0.270592934986
249,249,-0.483467834947,0.311977923674
250,250,-1.06398477136,0.836924984652
251,251,0.124476123113,1.20809265479
252,252,-1.00501225763,-0.842834093265
253,253,0.0283462119128,-1.76310391126
254,254,0.108174504426,-1.48283227503
255,255,-0.514439358132,1.19030147308
256,256,-0.274215681746,0.666579602355
257,257,-0.680095997419,-1.08151935409
258,258,-0.222387222752,1.54569863272
259,259,0.0279229598728,-1.45281501643
260,260,-0.104167014664,-1.79225703936
261,261,-0.0200973533941,-1.58023548597
262,262,-0.133357190688,1.5360985277
263,263,0.125227371004,-1.56036960868
264,264,0.128789634694,-1.69909492243
265,265,-0.0169826692183,1.5333153583
266,266,-0.0671737159524,-1.6085477069
267,267,1.76656974418,-0.0919754896117
268,268,1.87988442469,-0.0195079215675
269,269,1.67995457141,-0.0168606778409
270,270,0.0635213104062,-1.58341589602
271,271,0.318752360143,-1.74533898233
272,272,-0.917839555693,0.198379094532
273,273,-0.0900076110809,1.67897841909
274,274,0.379010431542,-1.33871964989
275,275,-0.128609975836,1.68876819444
276,276,0.462354323076,-1.49355105136
277,277,0.15028588849,-1.68644127819
278,278,0.1266942853,-1.50922151164
279,279,0.544593326102,1.23106320128
280,280,0.0625137988675,-1.53685277081
281,281,0.288272181913,-1.64745940645
282,282,-0.213776901623,1.58975772218
283,283,-0.0821900713714,-1.50502955562
284,284,-0.141692331575,1.34844021936
285,285,-0.0838713465022,1.66298573537
286,286,0.065136707454,1.6493461604
287,287,-0.0456368837464,-1.41685286963
288,288,1.7872726492,0.066377862532
289,289,1.84531987597,-0.0134916513642
290,290,0.0490796139831,-1.61376414365
291,291,-0.0834103139322,-1.73891168995
292,292,-1.34307313516,0.575143195655
293,293,0.596781674316,-1.36153537684
294,294,-0.348593595688,1.32165023468
295,295,-0.652516897037,1.13855591717
296,296,-1.2799910476,0.513101081505
297,297,-0.906685690393,-0.657432913048
298,298,-0.30972397086,1.33104477832
299,299,-0.496529773191,1.53237581053
300,300,-0.201788499069,-0.384298158668
301,301,0.439230020579,0.146961325108
302,302,-0.198966001423,0.577892366435
303,303,0.354685136914,0.305373218526
304,304,1.08717984949,-0.61850667848
305,305,0.917299046749,0.310879100438
306,306,-0.445509302949,0.442827694087
307,307,0.453292811063,-1.57455965611
308,308,0.775442794456,-0.364044817316
309,309,0.295424359915,-1.66882340812
310,310,0.94139639582,0.577854777243
311,311,-0.99204853344,1.00911195301
312,312,-0.697534738491,1.0540650837
313,313,-0.0120498616876,-0.443010081565
314,314,0.177489352554,-1.69085463873
315,315,0.0653445503149,-1.65613935584
316,316,1.94107460042,-0.246326400482
317,317,0.198394382003,-1.50045208914
318,318,-0.313943716141,0.204157035109
319,319,0.0606428944463,-1.5376259979
320,320,0.214779342971,1.05934516592
321,321,-0.759381985038,-0.74040000628
322,322,0.200294799326,-1.52265014555
323,323,0.422494401116,0.317807807591
324,324,0.751171881568,1.15874597204
325,325,-0.265220767524,1.29127071783
326,326,-0.166068145175,1.44435366208
327,327,0.00897327979846,-1.67924892001
328,328,-0.275935990954,1.03992399938
329,329,1.74506010267,-0.266980307208
330,330,-0.0139998536944,0.236667313119
331,331,-0.147460162354,1.68746761942
332,332,0.787390047311,-0.923077907809
333,333,-0.0378892772934,1.61971307153
334,334,-0.200474897167,1.46379034786
335,335,0.0463731645017,1.47065213242
336,336,0.611524931124,-1.21810758441
337,337,1.16668762434,0.726556496801
338,338,0.0354729380449,-1.7893938708
339,339,0.193667166657,0.495394666127
340,340,-0.0792129366761,-0.350735159711
341,341,-0.460127017438,-0.870389711035
342,342,-0.583592327878,1.11555111153
343,343,-0.814579435322,0.877788046287
344,344,-0.791405372475,0.853016533547
345,345,1.43966716357,-0.271874788765
346,346,1.51589007843,-0.29928719799
347,347,-0.141739348453,1.38006565509
348,348,-0.175495693779,1.57714201735
349,349,0.0527256520207,-1.58624544043
350,350,0.427756333905,-1.45320549875
351,351,-0.114607111337,1.42425532917
352,352,0.112661793388,-1.4674040847
353,353,0.0419040796556,-1.69139454559
354,354,-0.0669596016065,-1.60716355342
355,355,1.6781626722,-0.113439975097
356,356,0.295419247827,-1.52212579209
357,357,0.306148396372,-1.7587879311
358,358,0.179921993714,-1.63799734071
359,359,0.73970035897,-1.38279530692
360,360,0.49933535432,-1.00894133147
361,361,-0.133709085682,1.55382408302
362,362,-0.209280579586,1.70000374324
363,363,0.0953489900546,1.47491042273
364,364,-0.141837146901,1.61460649428
365,365,-0.242036133401,1.6884348558
366,366,0.120788202816,-1.69160360802
367,367,-0.24719612165,1.74439409085
368,368,0.317415710276,-1.68906886415
369,369,1.38833818729,0.406104415264
370,370,2.03547532913,0.0150033823951
371,371,1.73635689051,-0.0725094648947
372,372,1.6872920108,0.0636650957825
373,373,1.80276139345,0.0830616127124
374,374,1.904473833,0.0344134508425
375,375,1.81522485297,-0.0999767385724
376,376,1.92796036338,-0.124115632202
377,377,1.62092559339,0.128377350886
378,378,0.149151973404,-1.62160930079
379,379,0.278468305187,-1.61014432021
380,380,0.172578695061,-1.65852826071
381,381,1.88417039965,0.0510210418229
382,382,1.90278420915,-0.165638430363
383,383,1.54006088215,0.324967832805
384,384,0.191570610067,-1.72355678733
385,385,0.189932911325,-1.69406080359
386,386,1.5353971052,0.198803549989
387,387,-0.208609431132,1.59171008824
388,388,-0.207962826178,1.64068336882
389,389,-0.363098996649,1.48478041123
390,390,-0.0308472008757,1.59891521746
391,391,1.87504330058,0.0163257756936
392,392,0.0415432879353,1.64558630048
393,393,0.241397808015,-1.30198198685
394,394,0.0253439454404,-1.58710331405
395,395,0.0339235903489,-1.7618252781
396,396,0.0541988496869,-1.52708947894
397,397,0.025025339182,1.54091523161
398,398,-0.0171474102551,-1.55976379771
399,399,-0.113357664052,1.80706684754
400,400,0.187568034041,-1.61762894236
401,401,-0.0690474849846,-1.61814940586
402,402,0.291558250168,-1.5877690523
403,403,0.429172742375,-1.42093340645
404,404,-0.149242802256,1.59377107906
405,405,0.289607382921,-1.49654998014
406,406,0.802559058381,-0.77503254175
407,407,1.80973974506,-0.017719413626
408,408,2.05968794927,0.245703316589
409,409,1.79379972092,0.224999209724
410,410,-0.256575477536,1.65040769372
411,411,1.57931413053,0.0519068509248
412,412,0.183575487033,1.65605979534
413,413,1.91121368332,-0.0950766633278
414,414,1.84369570117,0.0198524466746
415,415,0.0634624763304,-1.51744198638
416,416,-0.221661540649,-1.59590651252
417,417,0.128103489783,-1.59293204116
418,418,1.78047094345,-0.0749544888692
419,419,0.260925344351,-1.46950209731
420,420,0.151706975045,-1.49952035915
421,421,1.84439999842,-0.114521773117
422,422,0.0794553862244,1.56480633292
423,423,1.46429970232,0.274164393097
424,424,-0.0654305968979,-1.67789362863
425,425,0.0289835219483,-1.69529119278
426,426,1.77927419448,0.418209858586
427,427,0.132717278298,-1.545569652
428,428,0.194192757454,-1.51885387226
429,429,0.353308938342,-1.41594791284
430,430,0.677582911094,-1.29455959227
431,431,0.469214112657,-1.36272794111
432,432,-0.0397592971019,-1.68027720112
433,433,0.147021688923,-1.54405502884
434,434,0.181699792298,-1.57248334157
435,435,0.319940265307,-1.71907658308
436,436,0.312458561316,-1.4281787549
437,437,0.510556896726,-1.50064624673
438,438,0.128719079719,-1.64681129067
439,439,0.668568894792,-1.5066575167
440,440,0.00694732594118,-1.74019481908
441,441,0.526063184924,-1.26061137691
442,442,-0.106944679383,-1.66308261451
443,443,1.55188719008,0.132740489869
444,444,0.19865687094,-1.53101774618
445,445,0.112573979475,-1.53158335846
446,446,0.282049958973,-1.47821963316
447,447,0.108480787572,-1.59788208697
448,448,0.220548626503,-1.37304193309
449,449,1.98891735463,-0.0552345078948
450,450,1.79269764127,-0.00461972220256
451,451,0.0932481928889,-1.6720722417
452,452,0.29188227756,-1.55878100662
453,453,0.0823989441379,-1.41560168536
454,454,0.381128568486,-1.44155757949
455,455,0.0604877874185,-1.58125649004
456,456,0.198910928688,-1.69958524367
457,457,0.0275144239249,-1.75432535635
458,458,0.0730378213079,-1.71505332834
459,459,1.79281736945,-0.0106963777012
460,460,0.224454303376,-1.68558043396
461,461,0.53172220938,-1.54970693311
462,462,1.97494331355,-0.102846886117
463,463,0.0807498208957,-1.50469543789
464,464,-0.490384353746,-1.14291760565
465,465,0.322777236193,-1.51365413392
466,466,0.123166865959,-1.69873932622
467,467,0.367137223477,-1.50208188493
468,468,0.0696014998569,-1.82989682155
469,469,0.0609780441977,-1.68400175079
470,470,-0.15557570497,-0.355363983924
471,471,0.0494555692262,1.65274456551
472,472,-0.0602511158243,-1.51837019815
473,473,0.275737414483,-1.39696100676
474,474,-0.323332470588,1.1776425773
475,475,0.877257423042,1.07183409492
476,476,0.641553533821,0.885387504914
477,477,1.94394984479,0.0988628949392
478,478,2.00191718117,0.129928305523
479,479,0.143384583695,-1.58632832569
480,480,0.759361185678,-1.26370030036
481,481,-0.233926576699,1.47708923099
482,482,0.130562439323,-1.51357019196
483,483,-0.610569667884,0.831634349699
484,484,0.0663002136087,0.128935854624
485,485,1.66875797648,0.485797984856
486,486,1.67112746208,-0.0787606558358
487,487,1.95906082962,0.0650457669908
488,488,1.67881232921,0.00058769247689
489,489,0.12012657474,-1.74910604714
490,490,0.159998488679,-1.48643137947
491,491,-0.350866418258,1.57971595926
492,492,-0.207952993792,1.7914248495
493,493,0.278386379175,-1.39974140244
494,494,0.0896929454917,1.55833414004
495,495,0.813027811518,-0.810107296005
496,496,1.4119485094,-0.442879938378
497,497,0.0908521155018,-1.70082570302
498,498,1.87620629022,0.0902058202281
499,499,1.94742018512,0.0450436620098
500,500,0.0860847513422,-1.54550456051
501,501,0.0432046781315,-1.7568880641
502,502,0.100636036167,1.57914104053
503,503,-0.0468882123206,1.58026992052
504,504,-0.00186846655761,1.76866405071
505,505,-0.151428072446,1.68494606311
506,506,0.132319197464,-1.46144262327
507,507,1.83255607582,0.00782077609235
508,508,0.129499067008,1.47681688077
509,509,0.177054611078,-1.58867302992
510,510,1.0754920284,0.673038636283
511,511,0.214501614815,-1.83858411674
512,512,0.0558748115216,-1.58104904204
513,513,0.0898768473224,-1.73565549769
514,514,-0.152255322709,1.68537496002
515,515,0.463106404224,-1.11621732937
516,516,1.96847602221,0.108458308291
517,517,1.88819876171,-0.0784562480669
518,518,0.169120917743,-1.53760960764
519,519,0.184608477131,-1.51096984609
520,520,-0.121675657626,-1.64274846933
521,521,0.0209864832666,-1.82636821413
522,522,0.119533454383,-1.54917598585
523,523,0.0438502469466,1.60129782894
524,524,-0.148064877833,1.5559891136
525,525,-0.0757066311555,1.49233751845
526,526,-0.0377152544059,1.43816308297
527,527,-0.0988729057612,1.46024140618
528,528,-0.364931414901,1.49166160808
529,529,-0.02269909842,-1.61952670538
530,530,-0.0840540790031,-1.45677159309
531,531,0.11830702309,-1.67605498627
532,532,-0.113246477778,1.60357502379
533,533,-0.672637212313,1.13809228929
534,534,-0.15967671353,1.55381560088
535,535,0.330200435828,-1.56019656782
536,536,-0.261478404697,1.52289065683
537,537,-0.254851634324,1.67625143217
538,538,-0.310607549266,1.61741811171
539,539,-0.287472142877,1.42032140943
540,540,-0.247604107877,1.45271975596
541,541,-0.0982155715059,1.74893688513
542,542,-0.265439035846,1.61420127032
543,543,0.472100202306,-1.54267968277
544,544,1.61236376639,0.067124813242
545,545,2.02171688548,-0.104320265556
546,546,1.99085033306,0.0964000521028
547,547,1.71000888841,-0.0448511835603
548,548,1.83028699829,0.067464994501
549,549,0.0333493116871,-1.55137648369
550,550,0.089571164015,-1.6128552992
551,551,0.511239071741,-1.05325263823
552,552,-0.124839734501,1.77068521189
553,553,-0.21796684427,1.49322682757
554,554,0.477550212153,-1.22078626767
555,555,0.996220560669,-0.685796696258
556,556,0.0308462822466,1.07542060197
557,557,-0.531019385534,0.0904869192222
558,558,-0.414521719786,0.95930102773
559,559,0.429542648405,0.68231227919
560,560,-0.474138676447,1.10443903231
561,561,0.826706711636,-0.435702223286
562,562,1.47865125512,0.0609611276889
563,563,1.76370510441,0.212055432755
564,564,1.87568128001,0.0906017659452
565,565,0.868709790678,-0.915066373363
566,566,1.79690726857,0.0483090087968
567,567,2.09082641334,-0.0047621436997
568,568,1.93386898939,0.0707613145721
569,569,1.75903152698,0.137972742928
570,570,0.111268547198,-1.63318024252
571,571,0.111113690062,-1.54643786036
572,572,0.0197249106513,-1.64269853606
573,573,0.77974199176,0.195796661928
574,574,1.08712083021,-0.354125555636
575,575,0.016814662518,-1.73392540087
576,576,-0.0808399300886,1.71617836855
577,577,0.317462961089,-1.51163702292
578,578,1.09208594367,0.737021936844
579,579,0.0671570291212,-1.64589981253
580,580,0.156695569409,-1.68759626802
581,581,-0.232104377376,1.59805802356
582,582,-0.153846986244,1.63855741542
583,583,-0.222201987407,-1.53329240377
584,584,1.89438100861,0.0410514140478
585,585,2.10328926973,0.265581504397
586,586,0.124068996484,-1.62052960589
587,587,1.80723801355,-0.0571895923414
588,588,0.0569353922216,-1.61827039104
589,589,0.577490005233,-0.917466363398
590,590,-0.335786059282,1.21151630146
591,591,-0.937349090863,1.0305354191
592,592,-1.03509498983,0.768403546773
593,593,-1.18038166275,-1.17121141948
594,594,-0.456538758736,1.23119950207
595,595,-0.094199147682,-1.56217480808
596,596,0.573681656197,-0.494509715557
597,597,1.73559741262,-0.0576930570237
598,598,0.856550053232,0.946787583479
599,599,0.129515956368,-1.69671006937
600,600,-0.129647578575,1.55960108923
601,601,-0.0338190205534,1.66982384129
602,602,1.75214418751,-0.0635573659972
603,603,0.0743880062008,-1.74861394139
604,604,0.0559691460081,-1.75074794237
605,605,1.16334688037,1.01923208284
606,606,0.48530228897,1.71316292017
607,607,0.766299325965,-1.16749516377
608,608,-0.736313594448,1.46581427406
609,609,0.381212644833,-1.70525966807
610,610,0.151797803023,1.39086996683
611,611,0.92905811766,-1.35370053001
612,612,1.40594923486,0.396436535907
613,613,1.12469339289,0.634373032056
614,614,0.813630387242,1.57046605554
615,615,0.822226396648,0.702096840647
616,616,0.677026531926,1.01405574435
617,617,0.959044497122,0.760574346718
618,618,0.630323368572,1.01899536791
619,619,0.600406911187,-1.68453005051
620,620,0.714499867299,1.33728296028
621,621,1.86531136852,-0.038943269066
622,622,0.382734900337,-1.59645041521
623,623,1.21378232199,0.459695648466
624,624,0.269327816199,1.44802698054
625,625,-0.064200277714,-1.0786689055
626,626,-0.398781009846,-1.2583311591
627,627,0.457308784711,0.955196073248
628,628,1.37301303936,0.630759867219
629,629,1.06113628788,0.0793256273601
630,630,-0.590505166145,-1.2682071104
631,631,-0.266866907115,-1.78704402296
632,632,-1.09872022075,0.804783469903
633,633,-0.74266430364,-1.20552502111
634,634,2.00299012037,0.208750935427
635,635,0.00531064123575,-0.288841500801
636,636,-0.989219174549,0.811120311045
637,637,-0.32405595082,0.362103251712
638,638,1.75856979777,-0.161242735905
639,639,0.414579185606,0.198202628758
640,640,-0.581097599678,-1.7647355725
641,641,0.955184191915,0.366258352888
642,642,1.12476811465,1.01519093999
643,643,-0.0282469454727,-1.50961670451
644,644,0.240315837746,2.0021571861
645,645,-0.0173537122673,1.5098525362
646,646,0.810443483351,0.95887932195
647,647,1.17216396077,0.784616677035
648,648,1.1440781597,0.657177571398
649,649,0.0669904826148,1.16028804265
650,650,1.28575636816,0.129582082118
651,651,-0.396652737989,-1.58631637537
652,652,-0.287483335941,-1.36624004644
653,653,1.91323843998,-0.00788120299065
654,654,0.526407424836,1.59874079153
655,655,0.726885951723,0.624993194541
656,656,-0.676491158859,-1.56867570757
657,657,1.89890389081,0.653275036409
658,658,0.0554702437715,1.35167644827
659,659,1.32678673699,0.0649938065008
660,660,1.00756627867,1.24487887333
661,661,0.950990455629,1.63350174591
662,662,0.894380211902,1.41622872721
663,663,0.492606038397,1.0631979171
664,664,0.794499466071,1.2204456714
665,665,0.728577707195,1.08649686058
666,666,0.893180322502,1.72790505939
667,667,0.180944745342,-2.08511900045
668,668,-0.143169909199,1.63427899332
669,669,0.890856358599,1.36119482392
670,670,0.0331132659611,-1.44358664495
671,671,0.603806859866,1.16883037085
672,672,2.00155712785,0.0624740607296
673,673,-0.178176434182,1.32939391894
674,674,-0.475329842068,1.46819655033
675,675,1.01699139046,-0.995901541959
676,676,0.177421204878,1.88646319041
677,677,1.01233277167,1.0074221987
678,678,1.59822531807,0.745238829686
679,679,-0.350222074201,2.09415049847
680,680,1.36683282654,0.326956414674
681,681,1.47476400071,-0.0576879122567
682,682,1.7503696578,-0.254925574409
683,683,1.12913627858,0.992752547378
684,684,0.529218218203,1.32858253734
685,685,0.222285125678,1.79558515905
686,686,0.256248795093,1.6748579007
687,687,0.0251825023686,1.74825197136
688,688,0.181558523819,1.4851643049
689,689,0.0686223494849,1.58087690599
690,690,-0.0604613602728,1.8551010831
691,691,1.23617266989,1.02118996994
692,692,0.995655772597,1.01833847511
693,693,0.0766695553744,-1.64623250348
694,694,0.456655782137,1.28741937591
695,695,-0.0645740999457,-1.36179786453
696,696,0.120524770658,1.23149152938
697,697,0.924448449223,1.78694693061
698,698,1.33057562588,0.174532410581
699,699,1.91054276362,-0.0998044341436
700,700,0.168881717687,-1.57398510769
701,701,-0.520313861029,1.29278849711
702,702,0.148918047911,1.82445856724
703,703,0.0944111641813,1.78737120022
704,704,-0.447331998161,-1.08477420408
705,705,-0.227543241784,1.65116938756
706,706,0.419084647724,1.2471795312
707,707,0.0394685457663,-2.05856225009
708,708,0.199246347723,1.18359300038
709,709,0.786945058149,1.12035609903
710,710,-0.00490387812264,-1.66287995791
711,711,1.15706134554,0.47662148919
712,712,-0.13990482413,-0.986278316324
713,713,-0.406934369994,-1.34430592228
714,714,-0.304546972741,-2.1347774934
715,715,-0.137359174086,1.65356534706
716,716,0.251096276741,1.94818523666
717,717,-0.197865815169,-1.94552023398
718,718,0.669548274958,1.11908390744
719,719,-0.0705941756671,-1.68616076928
720,720,0.40181603477,1.19785699222
721,721,0.0687440588668,-1.63582367817
722,722,-0.548132919207,-1.70545270282
723,723,1.16015941902,0.930642175609
724,724,0.736560022706,1.54493281666
725,725,0.86689529033,1.10943658763
726,726,-0.117478491979,-2.21727757232
727,727,-0.158409760629,-1.44181883298
728,728,1.22055929971,-0.794843706803
729,729,1.64419798792,0.42700934168
730,730,-0.353585271156,-1.68358792554
731,731,0.0275793922564,-2.07363909781
732,732,-0.341387081689,-1.84981103832
733,733,1.4923202738,0.0880718034106
734,734,0.146211968873,-2.00604238892
735,735,-0.0297838140602,1.92412410408
736,736,-0.154498778092,-1.61340200609
737,737,0.0395642186551,1.50755409857
738,738,1.0345833687,-1.35309720663
739,739,-0.746860686121,1.48761608405
740,740,0.658914199743,-1.8140845073
741,741,-0.112798668419,1.77199025084
742,742,-0.875362645335,1.30496382175
743,743,0.451264673709,-1.19717933327
744,744,0.905592266005,0.310822910143
745,745,-0.54345116513,-1.64113523158
746,746,0.098890837495,-1.29811204222
747,747,0.683436167703,-0.766453463472
748,748,0.769104300072,-0.655584642467
749,749,-0.009891779512,-2.1427440109
750,750,-0.196088603402,-1.81159779533
751,751,-1.10265544447,-0.591121314114
752,752,0.0273459281885,2.00335268114
753,753,1.9402171313,-0.0228016927492
754,754,-0.0117116246437,-1.8300580256
755,755,-0.265643906336,-1.63218482581
756,756,0.095153396758,-1.57814522207
757,757,0.0267811181123,-1.43476877884
758,758,-0.190745852773,-1.64891880932
759,759,0.0929270499298,-1.61772143774
760,760,-0.0590579497233,-2.07109859049
761,761,-0.408783450538,-1.68576847457
762,762,0.301855564012,-2.02475152919
763,763,0.216957934309,2.12054742978
764,764,1.60687381656,0.24598935536
765,765,0.0534050905075,-1.56342318049
766,766,-0.513553567634,-0.901488822446
767,767,-0.505457833395,-1.8581605079
768,768,-0.0547844570664,-2.0718741572
769,769,-0.938952536978,-0.932644597839
770,770,-0.339835823395,-1.55709509437
771,771,0.04355979107,-1.6884714242
772,772,0.307996750177,-1.83359604957
773,773,0.767153212927,-1.48828957208
774,774,1.28031343155,1.05650268643
775,775,0.0880352314937,-1.22591675016
776,776,0.382536427751,-1.53546281358
777,777,-0.207164093928,1.74384861928
778,778,0.517323967026,1.07090731103
779,779,-0.251997932965,1.6544702995
780,780,0.368585143507,-0.948373925599
781,781,0.389578684521,1.46487448595
782,782,0.0964639804201,-1.75410557223
783,783,0.0695715728981,-1.59320117492
784,784,0.265883861557,-1.75515202342
785,785,-0.0781115372267,1.54437307593
786,786,-0.00859151369391,1.56733532151
787,787,-0.150079063886,1.60207332993
788,788,-0.277432831901,1.53724771151
789,789,0.252126763987,-1.64338980999
790,790,-0.220963244064,-1.80674225917
791,791,-0.0579535355536,1.46907289915
792,792,0.227597057897,-1.48369121933
793,793,0.895671120584,-1.13297033244
794,794,-0.0605184029578,1.75793879561
795,795,-0.06463038921,1.52414917643
796,796,0.0992718835765,1.71275907513
797,797,0.419038805335,-1.71045211494
798,798,1.59847728772,0.288699606834
799,799,1.89981421744,-0.0262358411301
800,800,2.0363565498,0.103687947804
801,801,1.64645301623,-0.0898083128775
802,802,0.159077572984,-1.64403692539
803,803,0.205919096371,-1.69056945544
804,804,1.80342990356,0.240796951976
805,805,-0.128770965392,1.72835347093
806,806,-0.144623486134,1.58269501371
807,807,-0.18352084668,1.78235205898
808,808,-0.0374463345189,1.63627056695
809,809,0.229894542622,-1.48703270793
810,810,0.226639049503,-1.7492478865
811,811,0.169212208136,-1.84045411744
812,812,-0.0865277234662,1.52315149564
813,813,-0.00996405034356,1.53548030856
814,814,0.292505976554,-1.36885873928
815,815,1.74481635799,0.191660474271
816,816,-0.31311752421,1.52952152717
817,817,-0.111899243346,1.73400504085
818,818,0.229443665284,-1.51775328044
819,819,0.106209450594,-1.56576098262
820,820,-0.0462826923006,1.64804089726
821,821,0.271795578035,-1.65581602677
822,822,2.06264819826,-0.231757511783
823,823,2.03339139242,0.079554951431
824,824,-0.0516713265928,1.53827118504
825,825,-0.0920011153459,1.53639124452
826,826,1.68357503361,0.118823686198
827,827,-0.167656207122,1.53760215332
828,828,0.200977218808,-1.51437827876
829,829,0.255475605191,-1.46483808947
830,830,0.236159781267,-1.63335941815
831,831,1.94806651384,0.069168671898
832,832,-0.0529188170751,1.57196972231
833,833,-0.142025559094,1.53294953046
834,834,0.012657376343,-1.53883043135
835,835,1.46519689556,0.280730577161
836,836,1.44627369474,0.282451441507
837,837,1.99649874227,-0.153442665477
838,838,1.6777370135,0.137077699662
839,839,0.0645414823605,-1.55351101997
840,840,0.212709065341,-1.47113232814
841,841,-0.0730808356434,1.66972838252
842,842,0.405221930536,-1.60941411399
843,843,0.220203584769,-1.51575654054
844,844,0.0902091722258,-1.58203388502
845,845,-0.0420600851058,1.4836300185
846,846,0.134103008508,1.82650077815
847,847,0.00243104261465,1.53899109603
848,848,-0.328098563573,1.56858429188
849,849,-0.0857798017595,1.57361581542
850,850,0.0601705871055,-1.74979832188
851,851,-0.277599557436,1.60337154834
852,852,0.410024306484,-1.52363242693
853,853,-0.0323954336645,1.61777194052
854,854,0.0433744332666,-1.59860290395
855,855,0.0586664215678,-1.80733969486
856,856,1.8280501661,-0.120941267936
857,857,0.160330948786,-1.62248457074
858,858,-1.98043529737,0.000404955838157
859,859,-0.979106791527,1.14450403122
860,860,-0.869804277057,0.742778097058
861,861,0.378184410464,-1.05145108091
862,862,-0.779936580048,-0.9874514621
863,863,-0.580004999328,1.40005249968
864,864,0.0924112742128,-1.47060929423
865,865,1.51958137004,0.13696581359
866,866,1.67237040712,0.0991864656045
867,867,1.83858693585,0.0355174443202
868,868,0.226415507902,-1.65277225264
869,869,0.308833714912,-1.44774980075
870,870,0.518725223964,-0.906326033561
871,871,1.88327961448,0.395820737196
872,872,0.0485206748976,-1.676784252
873,873,-0.499600923335,1.52181227999
874,874,-0.0567336618547,1.37034465793
875,875,1.91210261066,0.0720528254624
876,876,-0.0908750243503,-0.452390776047
877,877,-0.168619374822,-1.00753594705
878,878,0.171742666808,-1.61608083333
879,879,-0.0443714596665,-0.947785309592
880,880,-0.355457685897,1.34967811053
881,881,-0.00278733999479,1.43108143029
882,882,1.67585292365,0.028165560408
883,883,1.76697182284,0.104522188513
884,884,1.95460535043,0.328679317046
885,885,0.044526691666,-1.5872901725
886,886,0.30980037932,-1.44329011491
887,887,0.053654345472,-1.63409000663
888,888,1.81868866555,-0.00197482717461
889,889,0.11008657706,-1.64424851433
890,890,0.346214157301,-1.7012941693
891,891,1.50203301298,0.361991759426
892,892,0.0326890087123,1.85225267064
893,893,0.0871749235503,-1.77505732718
894,894,0.483958678013,-1.34210403364
895,895,0.420030291558,-1.54001028874
896,896,0.285879986366,-1.70828456716
897,897,0.0701578523801,-1.72637709958
898,898,0.814562644117,0.851924906387
899,899,0.388498853119,-1.43310993497
900,900,1.0537788568,0.518658422439
901,901,0.00919338534804,1.66737817331
902,902,0.661974145438,-1.19502264842
903,903,-0.0198751866422,1.56613037387
904,904,-0.208730438659,1.36062800787
905,905,1.29596402028,0.267732429213
906,906,1.48105195537,0.385268062611
907,907,1.49546213138,0.528904343792
908,908,1.13596339412,-0.269165253793
909,909,1.72621790342,0.108147875416
910,910,1.80317135038,0.185199787259
911,911,-0.16759741638,1.57727246462
912,912,1.84222668327,0.114538432969
913,913,2.00392526324,0.248088601162
914,914,1.45322932913,-0.322089965363
915,915,-0.196968680115,1.29427727595
916,916,-0.0468090161211,1.51059507766
917,917,0.0195803112607,-1.55478339393
918,918,0.0623525383092,-1.43407396384
919,919,1.22662377216,-0.355992305614
920,920,0.452144715665,-1.52393715952
921,921,0.636790880353,-0.164396188397
922,922,-0.0206735821663,-1.70281242931
923,923,0.216193667481,-1.49108295811
924,924,-0.35639146684,1.46445341196
925,925,-0.0890211049157,1.34148077114
926,926,-0.360868575564,-1.13477531869
927,927,0.160571858652,-1.54768328458
928,928,0.020317807443,1.15138364488
929,929,0.348755486417,1.29685950179
930,930,-0.206676848289,1.60228842295
931,931,2.02065954019,-0.070095765241
932,932,0.897120660062,-0.681153961044
933,933,1.82845126258,0.118870898273
934,934,1.942810854,0.0509663073674
935,935,-0.673410518384,-1.05061258113
936,936,0.739122983598,0.490188626312
937,937,1.11588569162,-0.669170761292
938,938,0.0130810294295,-1.52926756477
939,939,-0.660721541771,1.07320910271
940,940,-0.226836527414,1.14906169537
941,941,0.564976840787,0.950284979633
942,942,1.59364592139,0.463210571966
943,943,-0.954367973803,0.286254371334
944,944,-0.0359780605028,0.798159383406
945,945,-0.177882528662,-1.28218009021
946,946,-0.876717129647,-0.833015725778
947,947,-0.280280335271,1.38012178548
948,948,-0.595819254731,-1.05051142994
949,949,-0.305730017653,-1.40339715741
950,950,0.364460344691,0.868635744489
951,951,0.180960213611,0.844718876129
952,952,0.130632961359,-1.54995259071
953,953,0.0211576348074,-1.66448186239
954,954,0.464424941608,0.762521824091
955,955,-0.245449021396,-0.862963607383
956,956,0.101109259386,1.63024144891
957,957,0.310468749457,0.974227671039
958,958,0.26477223954,-1.3951620332
959,959,-0.112440546765,-1.58640172478
960,960,-0.142418989244,-1.5351155561
961,961,0.1974713874,-1.60829528421
962,962,-0.0193137237411,1.84318975887
963,963,0.883134823423,-0.537610180471
964,964,0.0178566221593,-1.68997620698
965,965,-0.0594727468883,1.6719762785
966,966,1.00699876686,-0.0921092362728
967,967,1.90204934024,0.216717719781
968,968,-0.677584602049,-1.1144915888
969,969,-0.781807456419,-1.05591624435
970,970,-0.556198952903,-1.00523745052
971,971,0.134627515768,1.48371928278
972,972,-0.80025480196,-0.540797108698
973,973,-0.698800670309,-0.922431959225
974,974,-0.526988739285,-1.05727282699
975,975,-0.989471802036,-1.08613641353
976,976,-0.476447749278,-1.25280353815
977,977,-0.149637860146,-1.40970854507
978,978,-0.490223312954,-1.16910516893
979,979,0.00359647890896,-1.47554095256
980,980,0.317120558251,-1.06160755589
981,981,1.90158197835,0.150357397029
982,982,0.196701488242,-1.46279271751
983,983,-0.549564882562,-1.06556285889
984,984,-0.15496902053,1.59461753319
985,985,-0.114472279801,-1.27694663576
986,986,-0.360619778104,-1.26006691803
987,987,-0.38625404494,-1.22405193349
988,988,-0.000277220310019,1.1420812011
989,989,-0.538057321184,-1.26010544538
990,990,-0.429020330589,-1.08559271733
991,991,0.0356686835278,1.74905182588
992,992,0.0419352672624,-1.37046089421
993,993,-0.0552066785871,-1.698201002
994,994,0.214708998241,-1.82840725043
995,995,1.6115246408,0.353157976064
996,996,0.110744132186,-1.56583820462
997,997,-0.415441407327,-1.1134334838
998,998,-0.776827767129,-1.01769110496
999,999,0.089550541724,0.360288086771
1000,1000,-0.447424502936,0.982566260842
1001,1001,-0.478823917729,0.794502935994
1002,1002,-0.750828178219,-0.863737735688
1003,1003,-1.14475689989,-0.434474755148
1004,1004,-0.159632869327,1.74482199817
1005,1005,-0.247078469555,1.59876634733
1006,1006,0.600457123163,-1.23344620669
1007,1007,0.221943143015,-0.367470361302
1008,1008,-0.0891112694959,1.78190195962
1009,1009,0.542682707208,-1.26715251654
1010,1010,1.73364405796,0.00376206484983
1011,1011,1.78922594794,0.0979055989238
1012,1012,1.84830965006,0.0476484513928
1013,1013,0.427694519248,-1.27979897207
1014,1014,-0.236281384578,1.65545735564
1015,1015,0.250680067184,-1.70106902931
1016,1016,-0.518558756593,-0.627076364472
1017,1017,-0.421879643377,1.4667641319
1018,1018,1.81395302563,-0.0591236921042
1019,1019,-0.136185403443,1.41800320243
1020,1020,0.256117968156,-1.46414425557
1021,1021,0.608735852236,0.152889112393
1022,1022,0.0746174532868,-1.41504420509
1023,1023,-0.324317461437,1.45420967286
1024,1024,-0.375178450032,0.922365470408
1025,1025,-0.156292318336,0.891098332318
1026,1026,0.647367345544,0.28758896641
1027,1027,-0.263871382041,-0.0875070132027
1028,1028,-1.08637701842,0.36725567059
1029,1029,1.88316133285,0.00321144403379
1030,1030,-0.35091368904,0.901615232458
1031,1031,0.267686417725,1.32320150442
1032,1032,-0.408814376706,0.989397958479
1033,1033,-0.89792746312,-0.323065770473
1034,1034,-0.17478946603,-1.30974310435
1035,1035,0.528454187003,-0.75976674543
1036,1036,-0.347925949266,-0.752999018293
1037,1037,-0.0760101805993,1.6881609634
1038,1038,0.973532708245,-0.676283904647
1039,1039,1.68006991704,-0.139016902616
1040,1040,-0.136998262624,-1.61484182191
1041,1041,1.84258218534,0.0686961705474
1042,1042,-0.0201511395742,-1.51780427872
1043,1043,-0.12307615895,-1.66936008909
1044,1044,-0.336048645686,1.27317448891
1045,1045,-0.407743348267,1.35776218598
1046,1046,-0.277398954262,1.43336535923
1047,1047,-0.0857240424848,1.39619549788
1048,1048,0.63836798363,-1.25388134661
1049,1049,-0.0616749220828,1.70635851566
1050,1050,0.730031260757,-1.12992712699
1051,1051,0.0638579156046,-1.54506451004
1052,1052,-0.344972492604,1.4237775394
1053,1053,-0.190908092986,1.52804287277
1054,1054,-0.313982956121,1.41560997079
1055,1055,-0.0374459677453,1.66866288342
1056,1056,0.313217911533,-1.43218760308
1057,1057,0.292828102646,-1.45947096283
1058,1058,0.13104371885,-1.50983780863
1059,1059,0.0238847566174,1.33619813684
1060,1060,0.256054925605,1.65481185266
1061,1061,0.579970880996,-1.28991676583
1062,1062,-0.0926109586415,-1.77685791184
1063,1063,0.111387696554,-1.44419791159
1064,1064,-0.140826338857,1.52521297914
1065,1065,-0.236664345899,1.7183563513
1066,1066,0.0858189162296,1.59660120599
1067,1067,-0.0329493189308,1.61208179455
1068,1068,0.326103976733,-1.51985833482
1069,1069,0.00955653316925,1.54472355236
1070,1070,-0.276837921091,1.61235137075
1071,1071,0.191200398648,-1.5245887242
1072,1072,1.41279000012,0.262285606589
1073,1073,0.239078294957,-1.65488573696
1074,1074,1.88603811269,-0.0715721178692
1075,1075,-0.732643255494,-0.929984395811
1076,1076,0.454639428884,0.640883965043
1077,1077,-0.936497597991,-0.782013658279
1078,1078,-0.829694266882,-0.794669380568
1079,1079,-0.39136250074,1.33359003193
1080,1080,-0.78803676444,-0.81301929928
1081,1081,-0.927470530793,-0.785130920178
1082,1082,1.73672521415,-0.0751331395604
1083,1083,-0.758018814396,-0.908223302388
1084,1084,-0.095555849816,1.45381192658
1085,1085,0.382140057337,1.26086700832
1086,1086,-0.104337042946,0.34040975943
1087,1087,-1.13598404699,0.629608658532
1088,1088,0.202754767447,1.33217265967
1089,1089,-0.313448597383,1.12210923205
1090,1090,-0.31389574162,-0.902735728553
1091,1091,-0.976235089035,0.811800718678
1092,1092,0.306952470205,1.16163922341
1093,1093,-0.476015423433,-1.26543581642
1094,1094,-0.113237302962,-1.74089552416
1095,1095,-0.376308855086,1.44817759
1096,1096,0.170356911548,-1.62358832435
1097,1097,0.0874144562525,-1.70229789983
1098,1098,0.202361083344,-1.64576646059
1099,1099,0.120844260838,-1.53739717925
1100,1100,0.36186376871,-1.57207053191
1101,1101,-0.813064916328,-1.17032488112
1102,1102,-0.101843759593,-1.50294455727
1103,1103,0.216535735781,-1.65518024237
1104,1104,-0.772793832378,-1.14102028934
1105,1105,-0.0599354972637,-1.67526454836
1106,1106,1.69682127337,-0.0724703423042
1107,1107,-0.140489123544,1.66889257052
1108,1108,-0.862503716446,-1.09066234496
1109,1109,-0.0992847965375,1.36545886292
1110,1110,0.253200040617,-1.130582524
1111,1111,-0.016045879898,1.67242962104
1112,1112,0.61564955118,-1.37631680757
1113,1113,1.86906940011,0.0115101364636
1114,1114,1.22378749575,0.313576112521
1115,1115,-0.0184224686211,-1.57051948078
1116,1116,0.0577754726684,-1.64279484114
1117,1117,-0.578822284984,1.13633205253
1118,1118,0.430797465823,-1.36421811543
1119,1119,1.10385999907,-0.705214514485
1120,1120,-0.192297227655,1.30287802021
1121,1121,-0.253856266484,1.64552190899
1122,1122,-0.169393082797,1.58556831824
1123,1123,1.02661368626,0.265400060503
1124,1124,-0.177326350555,-1.00989263143
1125,1125,0.577245727086,-1.24341675338
1126,1126,-0.0764854980191,1.67384140794
1127,1127,0.325827625631,1.08617961042
1128,1128,1.14106096041,-0.660488259614
1129,1129,-0.305020593537,1.5162223813
1130,1130,0.689905504364,-1.29321180519
1131,1131,-0.332509543286,-1.07119662901
1132,1132,0.372450377161,-1.48719227307
1133,1133,0.0123792727974,-1.44326727828
1134,1134,-0.0280126642036,-1.68237962561
1135,1135,0.285263863172,-1.37255559665
1136,1136,-0.125267133175,1.6045434415
1137,1137,0.215922651354,-1.48399120246
1138,1138,0.0970046987947,-1.52814119443
1139,1139,0.167221282636,-1.66982966142
1140,1140,-0.174881888528,1.71672037206
1141,1141,0.0885194104936,1.48418904487
1142,1142,-0.212375019129,1.74096580135
1143,1143,0.724148629079,-1.03178407139
1144,1144,1.1341403201,0.453593650835
1145,1145,2.03618992488,-0.146085770823
1146,1146,0.793239247711,1.18159321805
1147,1147,0.0778114167024,1.59537031156
1148,1148,0.124425646821,-1.79371177669
1149,1149,0.0474829311277,-1.5603659094
1150,1150,1.8725293539,0.130042806121
1151,1151,-0.0315833902434,1.48661695384
1152,1152,-0.0366882001959,1.6566458872
1153,1153,1.78203407432,-0.0375612742727
1154,1154,0.191631037445,-1.53307330242
1155,1155,0.08580920037,-1.71561055824
1156,1156,1.5629010163,0.113758799042
1157,1157,-0.186848568453,1.71723021737
1158,1158,1.68838857428,0.0216354232205
1159,1159,1.85895588513,-0.0846780414281
1160,1160,0.0216290762955,1.5678972288
1161,1161,0.171798577478,-1.01908394887
1162,1162,-0.184935316994,1.60341133458
1163,1163,-0.022517325771,1.4441680134
1164,1164,0.302113500809,-1.29573261357
1165,1165,1.23337579715,0.333786195162
1166,1166,0.0583119322142,1.44612370471
1167,1167,1.87018578488,0.0707964079753
1168,1168,0.453349187009,-1.18017848541
1169,1169,2.05661369944,-0.00375157258953
1170,1170,1.67123162115,-0.0410739635075
1171,1171,0.152857318047,-1.4462981155
1172,1172,0.0339814557958,-1.57310198342
1173,1173,-0.219536253861,1.53192090973
1174,1174,-0.238956175231,1.69082627557
1175,1175,0.00930677318685,1.59854498093
1176,1176,0.0746527461695,1.60661371436
1177,1177,0.163718840717,-1.33659039627
1178,1178,1.41328478946,0.28947332007
1179,1179,0.0157104568901,-1.57780253906
1180,1180,0.0813085631794,-1.59014839218
1181,1181,1.68134033161,-0.00918227504796
1182,1182,0.0600112803832,-1.5746906927
1183,1183,-0.321679895506,1.64527310726
1184,1184,-0.290755612855,1.75719882285
1185,1185,0.411300805032,-1.21549064215
1186,1186,-0.0408548857557,-1.67682248195
1187,1187,0.0275216743236,-1.5155937064
1188,1188,0.626621030003,-1.29528783229
1189,1189,0.0218824554531,-1.47630359305
1190,1190,0.00557392629872,-1.66145267724
1191,1191,0.288412762007,-1.51850423358
1192,1192,-0.0348321560994,-1.51160106491
1193,1193,-0.0669394515107,-1.6964863835
1194,1194,-0.120832542913,-1.50185071836
1195,1195,-0.0531082250039,1.50429317813
1196,1196,1.72852853073,0.0196964737094
1197,1197,1.72636294646,-0.0581756139248
1198,1198,1.98502107153,-0.111839040855
1199,1199,1.77654592312,-0.129076484633
1200,1200,0.0955900164679,-1.59017808236
1201,1201,0.302172847975,-1.47999608965
1202,1202,-0.44241224777,1.38893373446
1203,1203,-0.145427887135,1.44369762724
1204,1204,-0.344260267217,1.45651394591
1205,1205,0.460161158096,-1.3819055538
1206,1206,-0.129647029795,1.76554165929
1207,1207,0.0125642430785,-1.78299629276
1208,1208,0.22837912158,-1.45752080563
1209,1209,1.75050578418,0.25254995168
1210,1210,1.90970522261,0.00509300802254
1211,1211,-0.288887977082,1.61573363676
1212,1212,0.456868260163,-1.5456961392
1213,1213,1.73266583311,-0.009322027817
1214,1214,1.65503915319,0.41619992954
1215,1215,-0.00279763013879,-1.6847474975
1216,1216,0.336722523595,-1.60815203105
1217,1217,0.0469340036186,-1.5165075577
1218,1218,-0.0675352857375,-1.5539556453
1219,1219,1.86365746647,0.0680528349272
1220,1220,1.00883926172,-0.769338170118
1221,1221,1.05615552271,-0.884169564796
1222,1222,1.12481437391,0.419711015908
1223,1223,1.10810413374,-0.828382546818
1224,1224,1.93770212676,-0.0735749782329
1225,1225,1.97233635532,0.0447645979301
1226,1226,0.39658635862,-0.0933375183008
1227,1227,-0.143455130983,1.77907671555
1228,1228,0.690476646249,-0.0775335957741
1229,1229,0.0569408917979,1.6402243065
1230,1230,-0.0810147793736,-1.68155601568
1231,1231,0.260924727776,-1.60596484101
1232,1232,-0.144820773429,1.80295098979
1233,1233,0.493424749102,-1.38866851576
1234,1234,-0.192610334958,1.73687544327
1235,1235,0.116055222599,-1.40416343455
1236,1236,1.95597240464,-0.165355693623
1237,1237,0.149456029841,-1.53049747303
1238,1238,-0.311052577209,1.51207774677
1239,1239,0.589425182528,-1.46808478156
1240,1240,0.134415248665,-1.70800793222
1241,1241,1.82397951752,0.102424571857
1242,1242,0.15279277929,-1.63689552573
1243,1243,0.0241907604089,-1.49491249414
1244,1244,0.311946157278,-1.74847471245
1245,1245,-0.0990550678643,1.63371092218
1246,1246,0.183508445202,-1.77668934034
1247,1247,-0.0572597984563,1.54492899132
1248,1248,-0.133344516361,1.67963609082
1249,1249,0.170128622355,-1.62880516813
1250,1250,-0.0435528002789,1.70098912014
1251,1251,0.0103538998586,1.57505405816
1252,1252,-0.143915632263,1.61994625439
1253,1253,0.167744805208,-1.36747279304
1254,1254,1.66360786343,0.251864815492
1255,1255,2.03145831232,-0.0453879354223
1256,1256,1.84806112735,0.022036048817
1257,1257,2.04986562876,0.161797605121
1258,1258,1.83680819774,0.223953490514
1259,1259,1.77348868884,0.191801694482
1260,1260,1.82592943359,-0.150432554704
1261,1261,1.69777282516,0.0321714803379
1262,1262,0.0953542896664,-1.57725917922
1263,1263,0.109970016058,-1.42314644857
1264,1264,1.86158693792,-0.0614474638286
1265,1265,0.0503195164519,1.49555525522
1266,1266,1.17771801979,-0.0786459846283
1267,1267,1.71942897917,-0.0678228562111
1268,1268,-0.069651845486,-1.35177766703
1269,1269,0.216050819804,-1.40773368449
1270,1270,1.74662635887,0.0218548349331
1271,1271,-0.110328575948,1.43445305462
1272,1272,1.78401103755,0.276532050246
1273,1273,0.0351511537606,-1.50872644342
1274,1274,0.595518479014,-0.499415163518
1275,1275,-0.25170051385,1.66133827005
1276,1276,0.133615194728,-1.58370343848
1277,1277,0.142660187362,-1.50226437868
1278,1278,1.85843324742,-0.137729768609
1279,1279,1.7282895031,0.0116726330413
1280,1280,0.732919198812,-0.0579823913755
1281,1281,1.89674307978,0.0698838572263
1282,1282,1.6516345011,0.0458587649954
1283,1283,1.79786382244,-0.00175503756758
1284,1284,-0.279645697762,-1.41993364697
1285,1285,0.613971971135,-1.3428940764
1286,1286,0.0917958938326,-0.653747576599
1287,1287,1.35853214152,0.284478834047
1288,1288,0.0924643016839,-1.55905225332
1289,1289,-0.0288595572403,-1.56704033142
1290,1290,0.0535951098618,-1.61204500442
1291,1291,0.831223022391,-0.430005761588
1292,1292,0.203257533493,1.45455686616
1293,1293,1.86072005776,0.0541779929082
1294,1294,1.84172399837,-0.118568787555
1295,1295,0.668848902587,-0.766694378305
1296,1296,0.0989230585661,-1.61437336154
1297,1297,0.0642064074305,-1.80790926599
1298,1298,1.19251525273,-0.71651809923
1299,1299,-0.0596382078368,1.53034652233
1300,1300,0.314307024232,-1.58020680371
1301,1301,0.0202161797777,1.67274028681
1302,1302,-0.331321110056,1.65699509747
1303,1303,0.541000409032,-1.47084510535
1304,1304,-0.123671210338,1.5540769957
1305,1305,-0.0464828866955,1.63918562486
1306,1306,-0.0038478797616,1.65023779676
1307,1307,-0.0781169718566,1.52393833707
1308,1308,-0.192621945645,1.6905546134
1309,1309,-0.0483251045545,1.62440523964
1310,1310,0.121078461449,-1.56751453236
1311,1311,-0.0288147644197,-1.60275748865
1312,1312,-0.289015483517,1.74953478747
1313,1313,0.154651374504,-1.73916375547
1314,1314,0.473460991959,-1.50152230801
1315,1315,0.153235948968,-1.67250175728
1316,1316,-0.392626260469,1.57332050666
1317,1317,-0.14279821484,1.65278275305
1318,1318,0.280658335519,-1.61590589062
1319,1319,-0.304775885191,1.56107908812
1320,1320,0.16412091738,1.63400667227
1321,1321,-0.190005393865,1.50707309403
1322,1322,-0.143891421216,1.62516295428
1323,1323,0.00909244803097,1.63687223847
1324,1324,0.168526486597,-1.45429108977
1325,1325,0.853354500576,0.605222023251
1326,1326,1.83320839984,-0.156478101435
1327,1327,0.23017744314,-1.72102278711
1328,1328,0.148589178826,-1.70400717764
1329,1329,1.9793053476,0.037070463966
1330,1330,-0.207976064303,1.64688188137
1331,1331,0.501287879105,-1.4089675368
1332,1332,1.34125826234,0.318026801825
1333,1333,0.201049240972,-1.51581937807
1334,1334,0.0243068011723,1.80240928447
1335,1335,0.358624720091,1.83948727499
1336,1336,0.437672350336,1.57243809577
1337,1337,0.258730600675,1.90385403896
1338,1338,1.43677458344,0.990133885813
1339,1339,0.302322436941,2.08937081256
1340,1340,0.785688621105,1.28536921949
1341,1341,0.785217183995,1.10203569133
1342,1342,0.974802134114,1.16805854238
1343,1343,0.0836362134106,-1.72965501529
1344,1344,-0.398680036306,-1.90916739252
1345,1345,1.37313149009,0.750410619024
1346,1346,0.784911543503,1.50317258601
1347,1347,1.92186742703,-0.00327946875599
1348,1348,0.747668403149,1.82297578401
1349,1349,-0.0587889047336,1.64747465697
1350,1350,-0.309616280284,-1.56750217449
1351,1351,1.44321177641,0.442172989543
1352,1352,-0.697712216573,-0.691195875092
1353,1353,-0.189991447165,-1.36863875844
1354,1354,0.135835402957,1.34535801105
1355,1355,0.852243639466,0.63833838664
1356,1356,2.03073438316,0.487731444837
1357,1357,0.6000361356,1.24699685946
1358,1358,0.615815914437,1.65652331848
1359,1359,0.990031312832,0.697156585416
1360,1360,1.97277180752,-0.0280620039143
1361,1361,0.43966166858,0.399990832829
1362,1362,-0.539394301439,-1.15997122485
1363,1363,-0.438431090471,-1.48713820116
1364,1364,1.68878465387,0.378291756919
1365,1365,1.37706017025,-0.637642212679
1366,1366,1.74258750941,0.305400136926
1367,1367,-0.458637758853,1.01993725481
1368,1368,0.282306812666,1.71249162821
1369,1369,0.144272231795,-1.91381122364
1370,1370,0.446259137334,1.42432574015
1371,1371,2.17132357555,0.178250683735
1372,1372,1.47797998606,0.357334746065
1373,1373,-0.025783444909,1.70424886988
1374,1374,1.39678275699,0.292547208246
1375,1375,0.375143188747,0.946307856947
1376,1376,0.533862504666,0.727025781029
1377,1377,-0.856443262248,-1.10862040925
1378,1378,0.091955843988,-1.61768571956
1379,1379,0.95093423082,0.693261971707
1380,1380,-0.0675142224136,1.30293043547
1381,1381,0.68479952605,1.4049946906
1382,1382,0.130828225327,-1.89740249563
1383,1383,0.231780375953,1.92509056152
1384,1384,1.18183712166,0.414098519589
1385,1385,1.75186917486,0.479585180079
1386,1386,1.055744358,0.423420093799
1387,1387,0.752529396658,0.784428159256
1388,1388,2.3625056627,-0.264097455768
1389,1389,0.774802372416,1.14429873989
1390,1390,0.00942986434992,1.47170067273
1391,1391,0.134521889743,2.12508828546
1392,1392,0.12105098085,-1.550621667
1393,1393,0.526640007321,0.579665975818
1394,1394,0.903885829156,-0.0757422333959
1395,1395,2.20173630766,0.0360200281264
1396,1396,1.91978378504,-0.208131509463
1397,1397,0.343083733315,-1.14941942231
1398,1398,0.215317258105,1.61762137212
1399,1399,-0.413260594772,-1.72775996523
1400,1400,0.935073297335,0.21799831303
1401,1401,-1.15817758095,-0.925275517278
1402,1402,-0.0409687358374,1.78363354905
1403,1403,1.01476890647,0.0348675087474
1404,1404,0.246654535522,2.00460956926
1405,1405,0.630782581766,1.41512637013
1406,1406,0.0574063745767,1.51720406283
1407,1407,0.38130867074,1.91708989933
1408,1408,0.264171450776,1.78422630537
1409,1409,0.349831448747,2.07767677802
1410,1410,0.314710469951,1.72012267164
1411,1411,0.00573676608431,1.66030826631
1412,1412,0.384773729861,1.70028004127
1413,1413,0.390524613967,1.67643121065
1414,1414,0.18977588449,1.91145974365
1415,1415,0.174017837078,1.27101879623
1416,1416,-0.0730623399525,2.09425712298
1417,1417,1.52908260257,0.348730218708
1418,1418,0.404276351171,1.77274379204
1419,1419,0.884601098308,0.398028712963
1420,1420,-0.973706003662,-1.05482192109
1421,1421,0.232035972346,0.00838524242368
1422,1422,0.608242820917,-0.231221538433
1423,1423,1.95488668195,0.404265689682
1424,1424,-0.0314522888443,-1.9419805711
1425,1425,0.531814071119,2.06547004149
1426,1426,0.236248923957,0.917907676354
1427,1427,1.4731461593,-0.220024095876
1428,1428,1.9247438717,-0.0975198002471
1429,1429,1.57491266817,-0.120468597989
1430,1430,1.33078222668,0.223996473189
1431,1431,2.24940641915,0.390734270376
1432,1432,1.834268602,-0.174392073679
1433,1433,1.326009094,0.245596318053
1434,1434,0.64402888686,0.819681512455
1435,1435,0.878276004061,0.703676764186
1436,1436,-0.276185158008,-1.68212589731
1437,1437,1.6824388019,0.299665663724
1438,1438,-0.184973465202,1.69675704591
1439,1439,0.901778808598,1.66473749381
1440,1440,0.858924350587,1.56404802763
1441,1441,0.399764236523,0.790876087932
1442,1442,0.315848672098,1.11867808154
1443,1443,-0.00887063204417,-1.47043113808
1444,1444,1.05645163876,1.43102584772
1445,1445,0.316273760218,1.6860482012
