,vote,alpha,beta
0,0,-0.172894757165,2.22768218185
1,1,-0.74149886997,-2.77954414794
2,2,3.1308012319,-0.166020466611
3,3,2.73291800624,0.200205977341
4,4,0.655267541501,-1.46301764279
5,5,3.73628358326,-0.0527307881388
6,6,2.31713015656,0.555903812088
7,7,2.3532088027,0.663332402712
8,8,0.195724696978,-1.8335965692
9,9,1.54154559806,-1.5240142263
10,10,2.55207313611,-0.040259695744
11,11,2.89898078674,0.0796821732771
12,12,2.24372329355,0.0727539544916
13,13,3.12764089405,0.273886937452
14,14,3.46815123658,0.784407605458
15,15,2.2098301771,0.210894529814
16,16,0.103999522284,2.53221507191
17,17,0.510751423473,-0.649099407869
18,18,2.90242147194,0.454066604398
19,19,2.58580514855,-0.118915191497
20,20,1.48838080081,-0.69422608443
21,21,0.397160502307,-3.16503898021
22,22,-0.0248063073813,-2.55070422527
23,23,3.28904101125,-0.192316604717
24,24,1.14885161728,-2.47364780467
25,25,1.42615328864,-0.351713945211
26,26,-0.831920408078,0.152197298092
27,27,-0.381810057613,2.98965073281
28,28,2.3790256906,0.0327639711983
29,29,2.44281157433,0.394660998465
30,30,2.72662577401,-0.0266656628522
31,31,2.57796704831,0.205513383333
32,32,-0.125784329653,-2.49291291696
33,33,0.0483730578136,-3.62464354618
34,34,1.60422095596,-0.452876427763
35,35,-0.176363873284,2.86062988606
36,36,-0.417242227459,-2.90744998411
37,37,0.144388287804,-2.37143100611
38,38,0.475885801354,-3.01571246475
39,39,-1.04667625156,-1.66952003223
40,40,2.40565711528,-1.73847412734
41,41,0.54844643655,2.94198695061
42,42,-0.370341717539,-2.41308724768
43,43,2.69236419344,0.461408800899
44,44,3.5191958045,-0.33511923338
45,45,3.56268699989,-0.272273404615
46,46,2.46431664463,0.121209524236
47,47,2.2026702068,-0.284261767589
48,48,2.72290452631,0.51531314962
49,49,2.58129397084,2.03520284704
50,50,0.078230397861,-2.62539158953
51,51,-0.000840107729281,-2.43560772781
52,52,-0.47488317473,3.25061027996
53,53,-0.130608425446,-2.82459813466
54,54,0.401722081366,-2.97459840469
55,55,-0.065174418595,-2.58580222245
56,56,0.750072761586,-2.32972557032
57,57,-0.552787875775,2.12094745374
58,58,0.46953099481,3.39344167307
59,59,-0.31806791001,-1.85022248112
60,60,0.86077017387,-2.37911321026
61,61,2.23118985728,0.335023420587
62,62,2.15268579575,0.258778991628
63,63,2.66810144646,-0.128314574155
64,64,2.63839187915,-0.566785459869
65,65,2.43349338485,0.0167464447774
66,66,-0.449876873466,-2.43829728706
67,67,0.402460887705,-2.24486526084
68,68,1.50610503597,-2.27356551035
69,69,-0.604607639957,-1.96871373293
70,70,-1.12249005607,1.57821227253
71,71,-0.68267718442,1.962071661
72,72,-1.00264730791,2.27632691055
73,73,-1.31705691562,2.82131736116
74,74,-0.717845748321,2.39022564097
75,75,-0.926979445626,2.51983474351
76,76,-0.468972834301,2.09417627923
77,77,-0.660270831524,1.16997437161
78,78,-0.10518282912,3.00472212284
79,79,1.167181544,-2.40275503767
80,80,-0.996522049377,-2.34499376965
81,81,-0.56519551396,-3.15334483781
82,82,0.623523608936,-3.69613933215
83,83,0.0982069179369,2.68210039295
84,84,-0.150015519203,-1.89005758974
85,85,3.32799749971,0.408376470067
86,86,2.17502465213,-0.511982215575
87,87,0.146200935022,-3.43003053599
88,88,-0.502194400975,-2.93116177715
89,89,-0.79141865913,-0.901456731544
90,90,0.340768890341,-0.525822766131
91,91,-0.398064564897,-1.97925087477
92,92,-0.929340613136,1.9016285347
93,93,-1.10404512484,-2.21789632293
94,94,0.326053931147,3.22368556503
95,95,2.06946324678,-0.0998481144894
96,96,-1.25360874574,2.21899323714
97,97,-0.449833319279,1.96381746541
98,98,-0.380180209638,0.277749112107
99,99,-0.193450282513,1.84442830622
100,100,-0.401868180894,1.62918506306
101,101,-0.986925111409,0.439511567354
102,102,-0.528472701782,-1.84461503133
103,103,-1.1207316238,1.69351093767
104,104,-0.364920648123,-0.895461107178
105,105,-1.11963505024,-0.175475551275
106,106,0.988308328122,1.02998007699
107,107,0.213593756715,-1.5135917153
108,108,-0.409759197976,0.551608724644
109,109,-0.502039157093,0.585619280105
110,110,1.50618811927,1.74000721296
111,111,-0.0184007630744,-1.94751551354
112,112,-0.452886784238,-1.25790956735
113,113,-0.374672984269,-2.21672023422
114,114,0.548358053049,2.91187176693
115,115,0.222384013912,-1.31662765325
116,116,3.17068166197,0.0278801907763
117,117,3.01140169964,-0.185094366214
118,118,0.430155284851,-2.09285984511
119,119,2.14746417396,-0.392015296354
120,120,2.44394931495,-0.181287662196
121,121,-0.388906328224,2.5892130161
122,122,1.40597480636,-1.42020026704
123,123,2.82418628813,-0.024300534357
124,124,0.94684615816,1.94323957478
125,125,0.587849088835,-3.14490249699
126,126,0.330420251978,-2.74073704154
127,127,-1.01664274084,0.658565896627
128,128,0.259245859511,-1.93351635724
129,129,-0.348756518932,-1.35029860318
130,130,-0.818529944739,-1.43429489867
131,131,0.891537233052,0.968631283327
132,132,-0.483928262654,-1.6512799957
133,133,-0.249239707689,1.24371435147
134,134,0.334407778466,-2.38122178129
135,135,1.37566236954,2.1988799353
136,136,-2.21418483373,1.51173955039
137,137,-0.524031315504,0.716302234137
138,138,-1.36140751641,0.809044709987
139,139,-0.393678889709,2.18649029304
140,140,-0.546907578222,0.0944952621712
141,141,-0.668207055664,0.402301411132
142,142,0.306465029872,-1.80588650565
143,143,-0.926238023299,1.74847975303
144,144,-1.7128378874,2.09375798659
145,145,-0.801841531445,1.2633549799
146,146,2.14770642059,0.922438527173
147,147,-0.312342108803,1.20832164522
148,148,3.10716780891,0.40704287844
149,149,2.87882575139,0.325534733227
150,150,0.3638400002,2.95114383407
151,151,0.851036987682,-0.619375232575
152,152,2.77581613848,-0.147805994227
153,153,2.7059843165,-0.205781130609
154,154,2.80644962535,0.351059932149
155,155,0.0458027688314,-2.88492693277
156,156,0.0147603256971,-2.09672705597
157,157,3.19977972342,-0.264810618187
158,158,-0.0572882714234,-1.98646638289
159,159,1.86538801517,0.756988547856
160,160,0.186808390163,-2.53524328281
161,161,0.436269042962,-1.91582278927
162,162,-0.302995793357,2.27584303477
163,163,0.308877298787,-0.326956305228
164,164,-1.23302820383,-1.08078621937
165,165,-0.383398416359,1.68251113231
166,166,0.0208513059592,-3.01172353362
167,167,-0.823763046851,1.54092926619
168,168,1.54538421958,1.62826222402
169,169,-0.0665443988459,0.0504741585279
170,170,-0.95075840371,-0.616950954619
171,171,-1.64699077485,-1.39261022111
172,172,-1.01415688547,0.992986182176
173,173,-1.23873218004,-0.635253330514
174,174,-1.27802723929,-2.3459425865
175,175,0.370717826303,1.35226146585
176,176,0.0512301112013,0.743459068183
177,177,0.213341989456,-2.40602355352
178,178,0.0415710811501,1.09659053532
179,179,-0.598499673791,-1.28650990518
180,180,-1.53567386098,-1.89681870206
181,181,0.998122407028,-0.500564960983
182,182,-0.408650699412,-1.26635331985
183,183,-0.0605745495687,0.961216263815
184,184,-0.0398345812826,0.529713671932
185,185,-0.266229221706,0.297841941559
186,186,0.514564544165,-0.245804272517
187,187,0.227094625524,-0.413514868887
188,188,-0.0662202064346,-0.773124186468
189,189,0.110350314394,-0.249458713424
190,190,0.183744695523,0.387195646097
191,191,-1.45847770276,-2.2763109011
192,192,-0.604202703046,-2.7865831934
193,193,0.140363734822,2.95884139186
194,194,-0.182028779717,-0.825061044295
195,195,2.15301911737,-0.000737255867133
196,196,2.22886784838,0.167645636154
197,197,0.124216327238,-2.73304057445
198,198,-0.572890699713,1.12382786879
199,199,0.317092876905,-2.21611560828
200,200,0.384626675717,1.62646841394
201,201,-0.364606148711,2.47644119632
202,202,0.970412834346,-2.09373772217
203,203,2.8453448737,0.309477985006
204,204,0.0981667387236,2.34885083881
205,205,0.556641432095,-2.35994764811
206,206,0.201110760211,-1.40302038887
207,207,0.362736104357,-1.81610098474
208,208,-0.482081364251,1.84451849493
209,209,0.0815293503792,-2.34603702259
210,210,0.518319149101,-0.646323062062
211,211,-0.420293850659,-2.39735845187
212,212,0.429074639502,1.83999458397
213,213,-0.930499204352,2.25137955806
214,214,-0.179003013697,2.88699541241
215,215,0.28785354115,-2.06358665931
216,216,2.43007225307,-0.881245245763
217,217,2.11768849775,-1.3451112083
218,218,2.53682904441,0.000439063116357
219,219,-0.332064953351,-2.60626558607
220,220,0.546527233968,-1.96725012631
221,221,1.93408111511,0.830102149849
222,222,-0.361459099135,2.58057493785
223,223,-0.351338567476,2.01452538501
224,224,-1.38138573251,1.67161544103
225,225,-0.447336633741,0.28610869112
226,226,-1.85508179223,-2.37639190018
227,227,-0.710970595684,1.8884475314
228,228,-1.60673720721,-2.17815563531
229,229,0.38526190592,2.0120636185
230,230,-1.51443511988,-1.64980832754
231,231,1.49826680655,0.906096564813
232,232,0.0814120598612,1.67933114901
233,233,-0.482983651518,1.89852652345
234,234,-0.851465252184,1.90873338002
235,235,-0.829838921294,1.53005420067
236,236,-0.695933832962,1.47757516072
237,237,-1.10501612183,0.670100735328
238,238,-1.01042386873,1.55908399427
239,239,-1.10698392479,1.38261434516
240,240,-0.720394516221,1.33132316364
241,241,-1.47895419109,2.09366838795
242,242,0.668693299905,-2.42793195616
243,243,-1.58685447645,-2.06854285199
244,244,-0.36449504245,1.99792126727
245,245,-0.0448256263498,0.967571101671
246,246,-1.1371191876,-0.685543442669
247,247,-0.242518236727,1.15933201899
248,248,-0.679947243749,0.283450306386
249,249,-0.549772764159,0.322879904062
250,250,-1.39139448928,0.929922353641
251,251,0.23781856898,1.26957665942
252,252,-1.54627602575,-1.21584086085
253,253,0.409172828808,-2.46756914936
254,254,-0.0243851387565,-2.17682364306
255,255,-0.571351592015,1.27758409887
256,256,-0.255587697541,0.661657778521
257,257,-1.37434908291,-1.51791101098
258,258,-0.236404680325,2.33408356746
259,259,0.15266720892,-1.93137268076
260,260,-0.103123157631,-2.63670353216
261,261,-0.489827411943,-3.21194538101
262,262,-0.304797406153,2.10677007576
263,263,0.0811869925049,-2.28346001523
264,264,0.0443702592348,-2.6441688267
265,265,-0.291719130585,3.00189934385
266,266,-0.409823985306,-1.84540067657
267,267,2.67967119812,-0.277908341478
268,268,3.45960602523,0.388143234526
269,269,3.12101049827,-0.0843088406512
270,270,0.380952674766,-3.49620684663
271,271,0.567523651299,-2.61341067638
272,272,-0.9364451479,0.220576144051
273,273,-0.347228697796,2.83586567869
274,274,1.52430269452,-2.28962667606
275,275,-0.138316175588,2.46883537588
276,276,0.977919558329,-2.21338436558
277,277,0.162305690669,-2.32605049038
278,278,0.376371119307,-2.17505107236
279,279,1.1483920568,1.7139686552
280,280,0.366877916883,-2.51914610369
281,281,0.178720823714,-1.95046450067
282,282,0.0994177685283,2.87521016179
283,283,-0.610537964762,-3.24650453627
284,284,-0.412593832239,1.83689861737
285,285,0.142233834447,2.56959611345
286,286,-0.0994901248291,2.88987812117
287,287,-1.53684460603,-3.2062596579
288,288,2.18268825866,-0.037296783866
289,289,3.3239888719,0.440852971667
290,290,0.304516913936,-2.7273614348
291,291,-0.312692737979,-2.76709434327
292,292,-1.44693986738,0.603293202438
293,293,1.42372230733,-2.3764502519
294,294,-0.439242593523,1.31362474647
295,295,-0.88476529888,1.2134842317
296,296,-1.92707186822,0.708305898541
297,297,-1.24091600404,-1.02687170905
298,298,-0.441638671222,1.4408139199
299,299,-0.672879506906,1.75438654813
300,300,-0.145213414796,-0.444829926187
301,301,0.444331540349,0.142221102294
302,302,-0.148792576038,0.510551622012
303,303,0.186854390018,0.316130770947
304,304,1.20410932306,-0.51655174845
305,305,1.10887983167,0.449938650133
306,306,-0.271567995231,0.468028984363
307,307,0.597497114868,-1.86491413556
308,308,0.675508675934,-0.17736816848
309,309,0.466507605993,-2.12309078746
310,310,1.13202473481,0.729274853463
311,311,-1.19096402103,1.13957020123
312,312,-1.73007172027,1.92051934082
313,313,-0.0118965495264,-0.338951717053
314,314,0.444796907883,-3.18128161505
315,315,0.48731679205,-3.07528072473
316,316,2.39491860797,0.13695748319
317,317,0.681784793755,-2.91678697544
318,318,-0.166059360988,0.23987293339
319,319,0.51331211597,-2.09014688875
320,320,0.181464252806,1.00313399145
321,321,-0.603572663158,-0.684460760639
322,322,0.46276807326,-2.20237398075
323,323,0.439252753846,0.303046219802
324,324,1.15195559496,1.27182029735
325,325,-0.58705837088,1.742562179
326,326,-0.383708635249,1.72929329952
327,327,0.204901664212,-2.87471225937
328,328,-0.165603645116,1.09868270772
329,329,2.60549605831,-0.777313700472
330,330,-0.000206761601929,0.177113954981
331,331,-0.328960495776,2.08343869559
332,332,0.961880975859,-1.01451211476
333,333,-0.359884947215,2.65702518593
334,334,-0.664396386442,2.00932978707
335,335,0.142541533347,3.21551870034
336,336,0.927321666648,-1.66013319267
337,337,1.93576237781,1.52340700782
338,338,0.149689125748,-2.64367942791
339,339,0.194534388014,0.66769113188
340,340,-0.204118703544,-0.501725224586
341,341,-0.549739845953,-0.985533979251
342,342,-0.716187771022,1.1030636017
343,343,-0.942948253764,0.888033961841
344,344,-1.05167291307,1.18478898488
345,345,1.68930294844,-0.430811916191
346,346,1.96371512275,-0.428274624133
347,347,-0.469388150826,2.52964439449
348,348,-0.19319648205,2.78645695755
349,349,-0.0481711813209,-2.30476168183
350,350,0.389911845265,-1.7914245347
351,351,0.187084494668,2.89547773894
352,352,0.547106013779,-2.28027182362
353,353,-0.0994440087778,-2.93726599312
354,354,-0.370906642028,-2.42751435843
355,355,2.0152688679,0.121593620411
356,356,0.628025147921,-2.01609047327
357,357,0.881205494013,-2.96153623721
358,358,0.422814931714,-2.53152847252
359,359,1.41372252371,-2.32690679864
360,360,0.782344512727,-1.31274091152
361,361,-0.0327801559408,2.11464078683
362,362,-0.363633352647,1.76881074188
363,363,-0.133487965601,2.75916946652
364,364,0.0142174999559,2.85053877791
365,365,-0.307066518228,2.93059674688
366,366,0.226956718271,-2.21173679578
367,367,-0.28569950581,2.90043785829
368,368,0.17311206464,-2.52921246643
369,369,2.89051514899,1.63018899075
370,370,3.16201152718,-0.326391627089
371,371,2.54026279144,0.0686547131591
372,372,2.50825551876,0.515000045212
373,373,2.33945278843,0.632042396009
374,374,2.19341074337,0.0554318366903
375,375,2.70302991148,0.339000794452
376,376,2.75936754431,0.171302557988
377,377,2.37978128574,0.265319148632
378,378,-0.0814784998862,-2.6746020584
379,379,-0.000133416644748,-2.58118812877
380,380,0.302774061635,-2.71877702041
381,381,2.57251941998,0.171729549106
382,382,3.4076464482,0.328692558947
383,383,2.48838098073,1.13524712644
384,384,0.0232200698736,-2.74610886816
385,385,0.252811777469,-2.51221022216
386,386,1.97724700787,0.522934258423
387,387,-0.558934836238,2.21409970253
388,388,-0.745081643755,2.37884534257
389,389,-0.807662862759,2.5846371229
390,390,-0.436939402979,3.06896533866
391,391,3.21326310449,-0.181664403101
392,392,0.0162999455973,2.50309748455
393,393,0.69535652912,-1.97259745209
394,394,-0.0571499866182,-2.97326876873
395,395,0.486077811121,-3.11224683356
396,396,-0.164417184206,-2.77875844422
397,397,-0.0703125258525,2.67081752579
398,398,-0.666788776734,-2.40259632908
399,399,0.224497217909,3.35049377829
400,400,0.462812380123,-3.22813423304
401,401,-0.270179118213,-2.32250636627
402,402,0.760014115439,-1.86471781847
403,403,0.957630394802,-2.28786349652
404,404,0.204798914556,2.65828180249
405,405,0.923668285956,-2.30322955356
406,406,1.0449156487,-0.779987064333
407,407,2.64471790103,-0.185551726307
408,408,3.06135766151,-0.260481461681
409,409,2.73841324332,-0.105911618412
410,410,-0.393320664407,2.34212317256
411,411,2.63829596735,0.336405550932
412,412,0.408522673146,2.45225031119
413,413,3.0652059712,0.0299941742545
414,414,2.3232041303,0.141881578056
415,415,-0.0982024718822,-2.48972532726
416,416,0.130938448918,-2.62247322529
417,417,-0.0492738779164,-3.39603819341
418,418,2.1370894936,-0.0364841474786
419,419,1.30294250349,-2.62891983567
420,420,-0.257824416153,-3.10469643958
421,421,2.62355944567,-0.0320721600472
422,422,0.0151698411221,2.83742623312
423,423,1.66169332915,0.5136514248
424,424,-0.155836195055,-2.6945619429
425,425,-0.430716461162,-2.1638441753
426,426,2.37541491823,1.28280827705
427,427,-0.0331234661218,-1.53636820649
428,428,-0.00728655431739,-2.0655425893
429,429,1.49002997747,-2.41490130852
430,430,1.25238820142,-1.75515421468
431,431,0.857215189297,-2.11533502753
432,432,-0.0820931638756,-2.36837685766
433,433,0.425068044851,-2.78711617927
434,434,-0.116499059518,-3.41171526007
435,435,-0.254550115249,-3.0002461734
436,436,0.928539587661,-1.96623561786
437,437,1.05236346564,-2.16577759733
438,438,-0.0997535245696,-3.25277604066
439,439,1.4461331545,-2.26235898163
440,440,-0.0564555243674,-2.8418536586
441,441,1.20822703773,-1.91054287977
442,442,-0.347169794222,-2.73166881463
443,443,1.93455384913,0.413145786342
444,444,0.155470538832,-2.31890398131
445,445,-0.221870374638,-2.86089490921
446,446,0.745530662708,-2.08114522187
447,447,0.346785489791,-3.23080188881
448,448,1.19992917986,-2.19517569062
449,449,3.59448444312,0.0562865907389
450,450,2.86621608558,-0.0431900222701
451,451,-0.421638489016,-3.3411408761
452,452,0.940439741601,-2.07644435832
453,453,-0.29361330399,-3.06936225914
454,454,0.854338085556,-2.05092378022
455,455,-0.0188159023773,-2.7650290035
456,456,-0.0722022864876,-2.66945199316
457,457,-0.247460721828,-2.73466371506
458,458,-0.561299279439,-2.21123541379
459,459,2.99402066835,-0.702276638331
460,460,0.15588298563,-3.02053411614
461,461,1.30158097287,-2.35949792896
462,462,3.14892520509,0.0178041882126
463,463,0.451327505089,-2.86974110859
464,464,-0.996684339746,-1.4677344356
465,465,0.80670156286,-1.90094278004
466,466,-0.164736162274,-3.4211680261
467,467,1.37671426726,-2.67101393284
468,468,0.101006721004,-2.58237905842
469,469,0.473057789774,-2.60387628438
470,470,-0.0750140237603,-0.313199357911
471,471,0.588531951674,2.63557857957
472,472,-0.189800598859,-2.74777295853
473,473,0.834402357271,-1.93609112996
474,474,-0.362356320724,1.51848413467
475,475,2.06701852341,2.11062360602
476,476,2.13045445701,2.42278947552
477,477,2.2052082073,0.226642161478
478,478,3.74352207424,-0.294089236358
479,479,0.139651917912,-2.51400167477
480,480,1.02751282441,-1.59058364022
481,481,-0.594547257326,2.24883289885
482,482,0.204930274155,-2.13594046478
483,483,-0.821685653481,1.00078489412
484,484,0.243794846839,0.0580581304887
485,485,1.76005455675,0.651106500615
486,486,2.28039372944,-0.278272678499
487,487,2.50658834408,0.256142982136
488,488,2.49966763683,-0.277347016096
489,489,-0.0954801462047,-3.3667772616
490,490,0.688066591942,-2.58391625092
491,491,-1.02646989928,2.04748908537
492,492,0.0599499576316,3.30180238382
493,493,0.850354629164,-2.23353923764
494,494,-0.207717778892,2.66915712538
495,495,1.298905462,-1.31425372102
496,496,2.5687285198,-1.15250834064
497,497,-0.0967561497006,-2.37326071818
498,498,2.39883426772,0.215811390718
499,499,2.43182862355,-0.239579382485
500,500,-0.252673739817,-3.8197154684
501,501,0.0228170122762,-3.61469614929
502,502,0.372469642704,2.51551108708
503,503,-0.246252833663,3.00812734677
504,504,-0.343260233954,3.14553372224
505,505,0.607202132534,3.23110231746
506,506,-0.347394346902,-1.9088415135
507,507,3.11672852974,0.895709645959
508,508,0.155388182894,2.88312566469
509,509,-0.0418953908832,-3.23647480214
510,510,2.63263034596,1.92798715544
511,511,0.159701790491,-3.9112770998
512,512,0.267292880358,-2.19102340157
513,513,0.198192756127,-3.51494901101
514,514,-0.345507494448,2.14955816491
515,515,0.799381891151,-1.6281913763
516,516,2.39422420269,-0.094820528488
517,517,3.47152818957,-0.314455674485
518,518,-0.178806356508,-3.27226474409
519,519,0.194353159874,-2.53946730454
520,520,-0.0518245921145,-2.70702052368
521,521,0.0631711387775,-3.13859368328
522,522,0.452915443951,-2.95487353875
523,523,0.208401693098,2.57529899249
524,524,-0.0942806931086,3.07240948785
525,525,-0.358658462753,2.13940840311
526,526,0.360023516981,2.20040992064
527,527,0.0188037339019,2.43024753644
528,528,-0.583214836146,2.96083803118
529,529,-0.185775013688,-2.7700424814
530,530,-0.188068926244,-1.41421850354
531,531,0.453267974286,-2.52858233513
532,532,-0.00351710070016,2.46209933895
533,533,-1.10513438054,1.56766084699
534,534,-0.445707829938,2.27173116425
535,535,0.491817638796,-2.21966557847
536,536,-0.325800272921,1.9346853192
537,537,-0.536085687127,2.57814972511
538,538,-0.382239159076,1.99008480639
539,539,-0.812361173803,2.10482650366
540,540,-0.787009983558,2.52680093152
541,541,-0.624814533155,3.28800483532
542,542,-0.952911598557,2.79730341902
543,543,0.930145372892,-2.02240490319
544,544,2.4725603639,0.480612215172
545,545,2.47867948374,0.299749719588
546,546,2.9749781578,0.34480215951
547,547,3.04716717589,-0.348156935655
548,548,2.70452444799,0.323134162367
549,549,0.276281475696,-2.70181009823
550,550,0.974505622671,-2.48118810994
551,551,0.532170451033,-1.08493711306
552,552,-0.716217011756,2.20599884451
553,553,-0.525520701838,2.0681681786
554,554,1.12059588013,-1.68381270637
555,555,1.44294457439,-0.742399271664
556,556,0.0162157624067,1.02842784781
557,557,-0.613352191805,0.229250459109
558,558,-0.585847186461,0.892055565161
559,559,0.365781809883,0.732304440431
560,560,-0.5219119965,1.13311331927
561,561,0.918661168552,-0.347145071731
562,562,2.25733279597,0.718566867007
563,563,2.44389470579,0.584172310002
564,564,2.83448178969,-0.641505198301
565,565,1.68271241767,-1.52371728184
566,566,3.47139818779,0.345339339925
567,567,2.5016373956,-0.230371238309
568,568,2.97630543848,0.263930952194
569,569,2.47613311527,0.161421510879
570,570,-0.216888875024,-2.56970662158
571,571,-0.461567150196,-3.27637911975
572,572,0.251198992395,-3.38955988594
573,573,0.777408977348,0.165678747512
574,574,0.961799023631,-0.391146464229
575,575,0.158112394417,-1.99640522101
576,576,0.549794043986,2.8422226977
577,577,0.518104104054,-1.85193279004
578,578,2.94553343821,2.18343739626
579,579,0.258404437726,-2.74392109217
580,580,0.614068234709,-3.45109195825
581,581,-0.019944628801,2.90799468555
582,582,0.0344314526131,2.31067616299
583,583,-0.358085950722,-1.87123048415
584,584,2.94283547499,0.355574572652
585,585,2.58894512077,0.153848729495
586,586,-0.277021298869,-3.77531106073
587,587,2.90485360635,-0.121310746435
588,588,-0.171302007354,-2.33491746118
589,589,0.698783252008,-1.09583228931
590,590,-2.03650639245,2.81439613515
591,591,-1.62958576368,1.53918299646
592,592,-1.93614672828,1.58418334234
593,593,-2.91537242798,-2.60856468935
594,594,-1.0640059375,2.1759603757
595,595,-0.565330390114,-2.40981839394
596,596,0.738268431089,-0.576484360683
597,597,2.35769765862,-0.113225427771
598,598,1.77868462454,1.84409054266
599,599,0.305937466449,-2.10251216238
600,600,-0.253859930007,3.07392333986
601,601,-0.151836480982,2.50206861999
602,602,2.12019175397,-0.360500217889
603,603,-0.264781281687,-3.32926145741
604,604,-0.080583740425,-3.15938784399
605,605,1.34400066884,0.612284379451
606,606,0.341220456222,2.2790739828
607,607,0.726056763443,-1.23594008751
608,608,-0.96873890444,1.26739172612
609,609,1.24713313702,-1.92359254965
610,610,-1.00574685128,2.11169706353
611,611,1.9570671145,-1.74270600301
612,612,1.98018418811,0.383790030622
613,613,1.15710557065,0.656085977243
614,614,1.05367821838,1.39099133672
615,615,0.791878786787,0.329078028707
616,616,0.382209696367,0.617671051825
617,617,0.643520746007,0.517926369866
618,618,0.580011557852,0.647300191465
619,619,1.90502473184,-2.2107326528
620,620,1.09666224834,1.49596786389
621,621,2.31204596645,0.0200059284151
622,622,0.51612027381,-1.84580033304
623,623,1.9174659032,0.830234921057
624,624,0.339841170664,1.6410456212
625,625,-0.462413592445,-0.803155894382
626,626,-0.527040692147,-0.696839064081
627,627,0.735213655697,1.43232525526
628,628,1.35104572397,0.545975812482
629,629,1.85484871578,0.452994829751
630,630,-1.67744837487,-1.67777351037
631,631,-0.724573667218,-2.84064313535
632,632,-1.58578590733,1.38578280774
633,633,-1.14571178505,-1.24325166879
634,634,2.42106342383,0.3691811712
635,635,-0.151269793434,-0.0476992278084
636,636,-1.10925329346,0.907527920804
637,637,-0.273843375396,0.337996942099
638,638,2.84207529783,0.422817292733
639,639,0.23765825147,0.325516927217
640,640,-0.775404607994,-1.62441616113
641,641,0.83871930775,0.281471399088
642,642,0.977159713195,0.809490387161
643,643,-0.432799132475,-0.956554339782
644,644,-0.689029081201,2.15547287732
645,645,0.14255089872,1.35310444251
646,646,0.614295775939,0.775361819716
647,647,2.20003174462,1.04549347989
648,648,1.97227500954,1.32751219664
649,649,0.626753213393,2.00676208196
650,650,2.44852256623,1.0112145217
651,651,-0.293466044366,-1.73531926017
652,652,-0.514344771732,-1.15713002239
653,653,2.43556716201,0.275929684689
654,654,1.95135240088,2.55885846386
655,655,1.12322950627,0.781998224783
656,656,-1.01395910215,-1.95405616951
657,657,1.3865578686,0.504470373213
658,658,0.256336234431,1.1093575566
659,659,3.0193666473,0.4620616042
660,660,1.69468651081,1.60476258605
661,661,2.53001247791,2.1647727919
662,662,1.982990891,1.99936675237
663,663,1.32016182346,1.81694765463
664,664,1.68217950096,1.93568393313
665,665,1.82283949097,1.91807473353
666,666,1.62855325559,1.60820099554
667,667,0.699697553582,-2.34297181847
668,668,-0.784471118682,1.80786290977
669,669,1.45502938796,1.37215868644
670,670,-0.104750038515,-1.67308108759
671,671,1.28364093994,1.29564567481
672,672,2.5709627254,-0.268067158706
673,673,-0.605275021875,1.80339460095
674,674,-2.16133572932,2.10025413552
675,675,1.49850151025,-0.746747305697
676,676,0.13356948112,1.88561644493
677,677,1.45821322988,1.33780092221
678,678,2.43642851458,1.40220247974
679,679,0.25068207063,2.45482098662
680,680,1.80976477717,0.858801679177
681,681,2.66542563887,0.599954201745
682,682,2.60312643855,-0.216349268739
683,683,1.31036541438,0.852876159747
684,684,1.61743744073,1.69451286636
685,685,0.00797212625543,2.72489444668
686,686,0.153411047655,3.08846680232
687,687,-0.188634099864,1.93849067889
688,688,0.355126437686,1.71416542569
689,689,0.027919550196,2.03182150225
690,690,-1.03041007573,2.17767703472
691,691,2.69945955812,1.89367491979
692,692,1.67338910883,1.20388072463
693,693,0.263403112496,-3.07967231535
694,694,1.83826512069,2.37735749743
695,695,0.161864311671,-1.78694790733
696,696,1.77140361959,2.15314824348
697,697,1.34362790074,1.73151128633
698,698,2.33968194943,0.367564940605
699,699,2.65562118394,0.611760280297
700,700,-0.274803627178,-1.27862481177
701,701,-0.147872126193,0.824787622381
702,702,-0.723112672069,2.22054609428
703,703,-0.0647908444946,1.50666175849
704,704,-0.768859647932,-1.2250078554
705,705,-0.351026405537,2.16795577741
706,706,1.82419051853,1.85953416993
707,707,-0.185710861119,-2.10889287841
708,708,0.990913363541,1.64619004309
709,709,0.927905431666,0.846949265062
710,710,0.45215631213,-2.34207524402
711,711,1.32457782303,0.527692175784
712,712,-0.154575431414,-0.64899002481
713,713,-1.21421622871,-1.66959367133
714,714,-0.0390536002738,-2.36820924967
715,715,-0.57592247066,1.89445809886
716,716,0.307831386218,2.79920805468
717,717,0.251043476993,-2.30519083668
718,718,0.528465900549,1.31477900879
719,719,0.41357093296,-1.61901634342
720,720,1.134349233,1.62961707606
721,721,-0.0766476536475,-1.63969291285
722,722,-0.237395222517,-1.38835599553
723,723,0.72157417567,0.939307943882
724,724,0.095123608032,1.31151369625
725,725,0.921100517558,0.984910523532
726,726,-0.459034022946,-2.48250702618
727,727,-0.181441861774,-1.31093033166
728,728,1.24081425736,-0.594911057051
729,729,1.87612556403,0.211739024324
730,730,-0.149408652984,-2.84806679273
731,731,0.146047792489,-2.80853393859
732,732,0.239474645234,-2.00111216023
733,733,2.46218740308,0.180997655836
734,734,-0.459693126852,-2.47258099836
735,735,0.711293414185,2.3589864092
736,736,-0.20423367225,-1.23304831257
737,737,-0.634929806604,1.85230270128
738,738,1.83038433814,-1.483688297
739,739,-1.77944563377,2.29905430011
740,740,1.17295185632,-2.11290066069
741,741,0.748373412641,2.36248449153
742,742,-1.14150207718,1.18475275765
743,743,1.29678209713,-1.46275919049
744,744,0.600589239921,0.429162998819
745,745,-0.477914828814,-1.62828159777
746,746,0.829760115005,-2.18558244833
747,747,0.638674231206,-0.557807897082
748,748,2.15676860848,-1.14931079083
749,749,0.410913391276,-1.87771835704
750,750,-0.553426486861,-2.93109095517
751,751,-1.75569911445,-1.32701878319
752,752,0.0770524115134,1.55339738095
753,753,3.02731426462,0.413597148699
754,754,-0.0467937774352,-2.68010502623
755,755,-0.304615170205,-1.949597988
756,756,-0.181764339714,-1.86163719942
757,757,-0.237422066338,-2.35723440929
758,758,-1.11654885982,-2.35457433011
759,759,0.135585526655,-1.84478651213
760,760,-1.02926960607,-2.65428700262
761,761,-0.423640569301,-1.40029991747
762,762,0.385696061779,-1.95514409867
763,763,-0.216590742806,2.07145228662
764,764,2.07689457261,0.614520206927
765,765,0.321436447452,-1.7261280224
766,766,-1.03152039752,-0.875073967391
767,767,0.0715590225729,-2.9559482073
768,768,0.202868131895,-1.6066994638
769,769,-1.5790441789,-1.33835493675
770,770,-1.15274555593,-1.44381849745
771,771,0.982952409986,-2.51014790117
772,772,-1.08280637057,-2.83708551226
773,773,1.87757771451,-1.94635543784
774,774,1.77486987339,1.27841791263
775,775,1.32498664649,-2.35228575998
776,776,1.2369104395,-2.24492631413
777,777,-0.167691682636,1.49365130903
778,778,0.408962087119,1.02626067572
779,779,-0.121952400356,1.22770310734
780,780,0.398986469593,-1.32506067448
781,781,1.39320571595,2.35552524568
782,782,0.103582646486,-2.85488205534
783,783,0.118388791838,-3.18323316793
784,784,0.545886311405,-2.33226509579
785,785,-0.463229702055,2.42521239288
786,786,0.040537973382,2.42824223486
787,787,-0.303803400895,2.68847349051
788,788,-0.386571492112,2.58723855342
789,789,0.17071581793,-2.1266877029
790,790,0.16210647147,-2.99776373699
791,791,-0.800063992173,2.56791541612
792,792,-0.161129272279,-2.2643412159
793,793,1.69921714176,-1.66474480106
794,794,-0.166971362962,2.31097451774
795,795,-0.185697252199,2.34396507843
796,796,-0.236201202259,2.42196930817
797,797,0.868494539608,-2.79847459521
798,798,1.83329183502,0.467207388913
799,799,2.56948296101,-0.257674978717
800,800,2.3493291154,0.0169790992015
801,801,1.89376606052,0.088497030997
802,802,-0.140810994999,-2.80643163981
803,803,0.604528006578,-2.65252798623
804,804,2.54581733735,0.0542615408307
805,805,-0.384148091472,3.20359408882
806,806,-0.00449188862388,2.55339760629
807,807,-0.505565713465,3.01627497467
808,808,0.0884649806916,2.78633261799
809,809,0.452362809994,-2.13432087556
810,810,-0.140538720119,-3.44021766224
811,811,0.330280057869,-3.3915589664
812,812,0.0698627276619,2.73451957442
813,813,0.184799053724,3.43450829764
814,814,0.925838567844,-2.25369096152
815,815,2.27558395496,0.553925566565
816,816,-0.560879369068,2.56376349601
817,817,-0.0540474541327,2.9602244531
818,818,1.34587868481,-3.04896901861
819,819,-0.0876753851263,-2.96758729485
820,820,0.424142367746,3.20626560552
821,821,0.869898151887,-2.39488417206
822,822,2.97205846164,-0.0304659788873
823,823,2.81336071758,-0.0377180707085
824,824,-0.213049036727,2.80689646632
825,825,0.157880032318,2.2650219439
826,826,2.71300105647,-0.307956748573
827,827,0.665588498935,3.26955839465
828,828,0.0767496185734,-2.18560889841
829,829,-0.176178801275,-2.58624407641
830,830,-0.00083656099411,-2.44200279157
831,831,3.11714701875,0.00715013758702
832,832,0.710017018744,2.53433333573
833,833,0.148611411047,2.89759442601
834,834,-0.508689799385,-2.14992376381
835,835,1.51254094506,0.157931891649
836,836,1.8010047721,0.676276378678
837,837,2.39267911915,-0.263228399629
838,838,1.87453205731,0.235492673292
839,839,0.297159694892,-2.57162765056
840,840,0.479348284035,-2.71074485641
841,841,-0.42405148549,3.24345172102
842,842,1.37815809649,-2.90515153101
843,843,0.17719255613,-2.75381464702
844,844,-0.108057493321,-2.72755079728
845,845,-0.13916453957,1.9707640129
846,846,0.260988357391,2.67256193222
847,847,0.184870060806,2.50626630597
848,848,-0.158974441085,2.49066692823
849,849,0.529428185467,2.9263794566
850,850,0.00397441528259,-2.51111163147
851,851,-0.289129118529,3.25615459802
852,852,0.645681851044,-2.29121788468
853,853,0.228194272753,2.84788003731
854,854,0.448066354107,-2.67920827468
855,855,-0.0584225835943,-2.59128583739
856,856,3.23044955752,-0.187006316726
857,857,0.262953846129,-3.50103063341
858,858,-2.53577638136,0.0909639814684
859,859,-1.80828704684,1.8228914837
860,860,-1.97104250904,1.59966242695
861,861,0.427472077872,-0.860031226813
862,862,-2.30578135199,-2.36867077762
863,863,-1.54746664712,2.44736558375
864,864,-0.567583778443,-2.18670059482
865,865,2.14412663917,0.403297191433
866,866,2.87260187024,0.0359431712467
867,867,2.72103773494,0.166677119123
868,868,0.282374704555,-3.2267387264
869,869,1.12308834671,-2.25620117591
870,870,0.576264942745,-0.870948421893
871,871,2.07436866935,0.448976268261
872,872,-0.252026158986,-2.91652991619
873,873,-0.514318744944,1.50897403474
874,874,-0.0718057599051,1.20760052691
875,875,2.73872027194,0.437982891747
876,876,-0.173712221309,-0.408802348782
877,877,0.123778754407,-1.06127584191
878,878,-0.495100847123,-2.56168595496
879,879,-0.200449869536,-1.18166882703
880,880,-0.557983288862,1.40895729568
881,881,0.0334667753882,3.22259987988
882,882,1.78725704954,0.134788602412
883,883,2.73560721935,0.423652317803
884,884,2.84804767364,0.053931781431
885,885,-0.414610244092,-3.24307187229
886,886,-0.129812491771,-2.60952254091
887,887,-0.160757582961,-3.65585073543
888,888,3.62117906849,0.402470076668
889,889,0.268211206949,-2.29788148096
890,890,0.449781774125,-2.43905144438
891,891,1.94430963546,0.947226056472
892,892,-0.161548713562,2.44486143981
893,893,0.416915626463,-2.72960868126
894,894,1.54168228595,-2.59526161262
895,895,0.295364892279,-1.97631523109
896,896,-0.246710487103,-3.24617024298
897,897,0.113473502017,-2.95276559367
898,898,1.33161785631,1.33164002389
899,899,0.784808253946,-3.24918404457
900,900,1.16769198406,0.530864430502
901,901,0.645699229329,2.71211633186
902,902,1.15330713695,-1.36726326267
903,903,0.0444281499945,1.63219503177
904,904,-0.225806517892,1.62457695738
905,905,1.78155875598,0.605495763675
906,906,2.1107175257,0.891835618163
907,907,2.18842545283,1.29556641841
908,908,1.43435855292,-0.372266795971
909,909,2.43732878544,0.856612569706
910,910,2.95392412099,-0.301443731053
911,911,0.0734069331855,2.14186974071
912,912,1.93637298731,0.0647381087506
913,913,3.4256214111,0.496688739282
914,914,2.17936075056,-0.719996885064
915,915,-0.23002294019,1.51958417589
916,916,-0.00352170071074,2.04924136132
917,917,0.141471240505,-1.8256782535
918,918,0.214181522166,-1.95037017058
919,919,2.18049062644,-0.948264476734
920,920,1.48279747556,-2.26353406954
921,921,0.594453159338,-0.19948463114
922,922,0.205711940206,-2.3005213283
923,923,0.688358325046,-1.97747040878
924,924,-0.600123957518,1.84505927027
925,925,-0.130115199962,1.37236835041
926,926,-0.961205908138,-1.72723910282
927,927,0.0619461338817,-2.49601122044
928,928,-0.0476360977024,1.11080903793
929,929,0.531503008288,1.54403974536
930,930,-0.0800245970282,3.04689729188
931,931,2.85749271094,-0.0254507066462
932,932,1.01083642058,-0.733914551523
933,933,2.93225901765,0.0425869640064
934,934,2.91108894023,-0.282802369439
935,935,-1.92540533321,-2.06707083003
936,936,0.689198582511,0.47672542907
937,937,1.14069867278,-0.481834645347
938,938,-0.232976107068,-1.99562707994
939,939,-1.37359450504,1.5132528994
940,940,-0.45844352438,1.5348303971
941,941,1.05433344017,1.23253379168
942,942,2.26494644725,1.08254267309
943,943,-1.03069147792,0.178986076571
944,944,0.0479037303573,0.750807905302
945,945,-0.217084850694,-1.66442680159
946,946,-2.3039917358,-2.22312874436
947,947,-0.154855249146,1.37012026769
948,948,-0.640855910175,-1.18035463378
949,949,-0.591015622357,-1.78654907901
950,950,0.407504439855,0.924868604381
951,951,0.338697299555,1.02117334969
952,952,-0.201911007945,-2.08530599402
953,953,-0.118256222682,-2.65773042865
954,954,0.406819109448,0.744996141838
955,955,-0.187481058433,-0.820552653621
956,956,0.504291724677,2.34477655424
957,957,0.389305979601,1.01369097595
958,958,0.554646428614,-2.2297662936
959,959,-0.188493744244,-2.09264501157
960,960,-0.394521487367,-2.27933659885
961,961,0.501895672412,-2.48615208037
962,962,0.432027887365,2.93940228562
963,963,0.942427073512,-0.536202507232
964,964,-0.0700172426285,-2.61258521331
965,965,-0.0765430245251,3.3854503448
966,966,1.01716571227,-0.080650003966
967,967,2.90217718799,0.582376698526
968,968,-0.860470357416,-1.42495166953
969,969,-2.27587888454,-2.29068736691
970,970,-1.0480687895,-1.60120993762
971,971,-0.0458238233758,1.27890130302
972,972,-0.85541822,-0.616054983937
973,973,-1.88942191835,-2.07475657738
974,974,-1.49294541461,-1.74593059916
975,975,-1.37851214657,-1.51139623986
976,976,-0.858388176515,-1.83387889807
977,977,-0.669278257873,-1.98999018116
978,978,-1.4352363546,-2.27079712213
979,979,-0.530759196369,-2.11558092723
980,980,0.426616535025,-0.865052492359
981,981,3.43242962735,-0.0664335565271
982,982,0.0762808947925,-2.42095851626
983,983,-1.49940327479,-1.92867868486
984,984,0.169691761563,2.7351032748
985,985,-0.350737447618,-1.46202022899
986,986,-0.827395107057,-1.7315626122
987,987,-0.887655578598,-1.78482483383
988,988,0.156870839264,1.29559053654
989,989,-1.11325174502,-1.7550151339
990,990,-2.27075001263,-3.03042477286
991,991,-0.167239360072,3.03595666507
992,992,0.132642132636,-1.60445117286
993,993,-0.0353484493789,-2.53751485995
994,994,0.295898960306,-2.51876110195
995,995,2.0941400545,0.589388918121
996,996,0.51063247383,-2.66452566645
997,997,-0.845779691055,-1.60363520807
998,998,-1.69633536742,-1.80063971595
999,999,0.1164815534,0.257599875056
1000,1000,-0.706790580734,1.05437862076
1001,1001,-0.6316536831,0.725764295233
1002,1002,-0.99762890917,-0.991792154475
1003,1003,-1.79425020399,-1.11251236562
1004,1004,0.0399752028082,1.96511060791
1005,1005,-0.389631972455,2.71615123585
1006,1006,0.97221813401,-1.49005588427
1007,1007,0.30910900593,-0.324723068656
1008,1008,-0.255473556042,2.32709613453
1009,1009,1.16766882549,-1.99484250708
1010,1010,2.44070161309,0.0465556795107
1011,1011,2.84437565808,0.161448509753
1012,1012,2.70118753784,0.0920415411108
1013,1013,1.02559593672,-1.90868274588
1014,1014,0.189554901174,2.0900677097
1015,1015,0.436196313723,-3.20669121348
1016,1016,-0.737975545059,-0.617615457788
1017,1017,-0.929868166609,1.90481876168
1018,1018,2.04623061625,0.349837483764
1019,1019,-0.198666129807,1.85593305925
1020,1020,0.432837605336,-1.80456210516
1021,1021,0.57259529644,0.0629001260522
1022,1022,0.263969525068,-1.59253249702
1023,1023,-0.830807557835,1.92500323161
1024,1024,-0.388268867833,0.898019775015
1025,1025,-0.20469624052,0.940708704853
1026,1026,0.625804445272,0.38914068433
1027,1027,-0.271667655434,-0.226714101713
1028,1028,-1.10966719401,0.279493569696
1029,1029,2.62403028502,0.117071527303
1030,1030,-0.401181438547,0.875811842197
1031,1031,1.17107053485,2.52855989998
1032,1032,-0.38794309096,0.877361159774
1033,1033,-0.881853406794,-0.448520540337
1034,1034,-0.246366675573,-1.67546758933
1035,1035,0.671431315744,-0.916613520407
1036,1036,-0.368810459546,-0.928376295569
1037,1037,0.271819023505,2.89066011278
1038,1038,1.58339480619,-1.03520302714
1039,1039,2.7143537233,-1.00380591561
1040,1040,-0.45168959876,-3.09961607756
1041,1041,2.52124609099,0.324105872643
1042,1042,0.217876582896,-3.73645655301
1043,1043,-0.134697635832,-2.74083369266
1044,1044,-0.854560950336,1.64624106139
1045,1045,-1.3021343065,2.30971975108
1046,1046,-0.834484357946,2.25116140158
1047,1047,-0.574990707451,1.63276701647
1048,1048,0.87092096928,-1.89912125357
1049,1049,0.0748449389932,3.02100887798
1050,1050,1.98207669096,-2.48850895042
1051,1051,0.670360094499,-2.52417565943
1052,1052,-0.721631028085,2.50490601711
1053,1053,-1.30143891563,2.51135032581
1054,1054,-0.495803508097,2.25435098395
1055,1055,-0.229306872383,2.61136592587
1056,1056,1.00282304071,-2.7242519694
1057,1057,0.797972282881,-2.17487675562
1058,1058,0.407066514327,-2.76253259488
1059,1059,0.158954655311,2.04713268837
1060,1060,-0.316434615544,2.42528396471
1061,1061,1.36482789869,-1.90484630035
1062,1062,0.138684804963,-2.3651916591
1063,1063,0.763049150701,-1.97378499374
1064,1064,-0.0682009683632,2.62631696176
1065,1065,-0.148252981086,2.5151450893
1066,1066,0.11200074273,1.95957546595
1067,1067,-0.288179418138,2.2608056769
1068,1068,0.491746688411,-1.79367073491
1069,1069,0.0146835801589,2.45670603075
1070,1070,-0.774068876678,2.33683874778
1071,1071,0.0156657018521,-2.09775450364
1072,1072,2.63527990147,1.11832236943
1073,1073,-0.0876897124355,-2.54030231495
1074,1074,3.80624154881,1.24448846023
1075,1075,-0.81197632581,-1.03429463483
1076,1076,0.583018800756,0.468660527752
1077,1077,-1.39255784746,-1.10611345899
1078,1078,-1.13872250864,-0.989477636359
1079,1079,-0.557179947546,1.55463307733
1080,1080,-2.45407068678,-2.13786705009
1081,1081,-2.37097897662,-2.06998754584
1082,1082,2.09979309406,0.173116037311
1083,1083,-2.02311514308,-2.2349757627
1084,1084,-0.473057063822,1.86054647524
1085,1085,0.598791702306,1.69196297845
1086,1086,-0.259641494609,0.351440718749
1087,1087,-1.40619739086,0.752151122095
1088,1088,0.469888959497,1.66397555301
1089,1089,-0.357896899166,1.05582939478
1090,1090,-0.363446283493,-0.919578667161
1091,1091,-1.14724395095,0.931368897964
1092,1092,0.548847506411,1.46756415915
1093,1093,-1.27418841598,-2.14314958369
1094,1094,0.193727736484,-2.54865117296
1095,1095,-0.809761004447,2.38686828737
1096,1096,0.0249225584699,-2.54788420227
1097,1097,-0.401153411058,-2.70383710845
1098,1098,0.431854420279,-2.54504259582
1099,1099,0.155725371381,-2.31936262154
1100,1100,0.534841232395,-1.76808118693
1101,1101,-1.80310267961,-2.16496589539
1102,1102,-0.42469442365,-2.14409055863
1103,1103,0.0594080743364,-2.94482413034
1104,1104,-1.24666198735,-1.63099009722
1105,1105,0.152618626668,-2.3178189304
1106,1106,2.99318981315,0.263942553241
1107,1107,-0.29729406694,2.423673834
1108,1108,-2.1383683957,-2.17259250444
1109,1109,-0.223020587947,2.18892948704
1110,1110,0.461850666604,-1.22068642226
1111,1111,-0.191147050725,2.66128325
1112,1112,0.963595273178,-1.66677848689
1113,1113,3.44687738039,-0.581078598306
1114,1114,1.75141223889,0.72036042819
1115,1115,0.205010622212,-2.35511963322
1116,1116,0.441637454638,-2.10886568987
1117,1117,-0.523737954409,1.10172648348
1118,1118,1.41367157149,-1.93734876689
1119,1119,1.50090590836,-1.01307685983
1120,1120,-0.454560264125,1.46141417463
1121,1121,-0.816389319982,2.19312799933
1122,1122,0.184600739005,2.44623936504
1123,1123,1.3176389131,0.478703845985
1124,1124,-0.727232882217,-1.63946239762
1125,1125,1.89787729201,-1.92740869936
1126,1126,-0.557283607033,3.10489172173
1127,1127,0.344568766377,1.16776749624
1128,1128,1.86990145984,-1.07025081265
1129,1129,-1.07582921258,2.22299998568
1130,1130,1.1104241295,-1.70299368398
1131,1131,-1.44241031583,-1.87651471422
1132,1132,0.716325589711,-2.07311553314
1133,1133,-0.309615319082,-2.4866807335
1134,1134,0.284067983833,-3.21566364727
1135,1135,0.892628615822,-2.07912108955
1136,1136,-0.310496176859,2.53914718711
1137,1137,0.126333185316,-1.97690279741
1138,1138,0.378109313249,-2.58685985946
1139,1139,0.664927829561,-2.60957786262
1140,1140,-0.212924897759,2.51759941507
1141,1141,0.366021531327,1.96299711835
1142,1142,-0.247822632361,2.5649551621
1143,1143,1.40266699045,-1.68241366993
1144,1144,2.57584023283,1.64848554108
1145,1145,3.03763936294,0.291964730358
1146,1146,1.29897388562,1.59570418198
1147,1147,0.404939864766,2.21403455909
1148,1148,0.0921177314481,-2.83453286894
1149,1149,0.535199611338,-2.46142095417
1150,1150,3.50073262601,0.329980899686
1151,1151,-0.239036400229,2.79916365592
1152,1152,0.646027772613,3.19389063929
1153,1153,2.87971540156,0.300315863334
1154,1154,-0.27878207805,-2.95804998789
1155,1155,-0.182925661682,-2.74680627604
1156,1156,2.0030316397,0.437625468402
1157,1157,-0.0626452110905,2.37834866584
1158,1158,2.02154038301,0.479736119879
1159,1159,2.67012547836,0.0666113705353
1160,1160,0.459549927682,2.72826472956
1161,1161,0.151165643629,-1.04568707261
1162,1162,-0.112352545145,2.2837764663
1163,1163,0.47227310366,2.14265912811
1164,1164,0.620639927592,-1.53077492659
1165,1165,1.53956137014,0.583574725674
1166,1166,0.736141233824,1.96585206995
1167,1167,2.9304009199,0.0731893387765
1168,1168,1.24253957707,-1.98752279726
1169,1169,3.07500615949,0.236987484583
1170,1170,2.23835770099,0.448582684971
1171,1171,-0.503896958399,-3.1721933101
1172,1172,0.545542750605,-3.05431416524
1173,1173,-0.454366870064,3.29563355186
1174,1174,-0.404527927373,3.46214895931
1175,1175,0.582577304273,2.14146581846
1176,1176,0.305091936369,2.79019381195
1177,1177,0.251162126806,-1.86529826154
1178,1178,1.56502631801,0.41503105241
1179,1179,-0.363901311538,-2.96739672406
1180,1180,-0.0216470785263,-2.59269421082
1181,1181,2.47539312008,0.514993169169
1182,1182,-0.6039166682,-2.51109286515
1183,1183,-0.46658584061,2.72602644722
1184,1184,-0.504418508437,2.34622087385
1185,1185,1.29733024876,-1.9898060979
1186,1186,-0.0168824699915,-2.35874824351
1187,1187,-0.578670891739,-2.53250714162
1188,1188,1.02018937545,-1.64844371483
1189,1189,-0.0199351292498,-2.66911545689
1190,1190,-0.728810739438,-2.60415758953
1191,1191,-0.197204198313,-2.85482273508
1192,1192,-0.516412673394,-2.53289930813
1193,1193,-0.170760906935,-2.02888175275
1194,1194,-0.40364739403,-2.13692649072
1195,1195,-0.757331001006,2.55853548266
1196,1196,2.05450897548,-0.176252215095
1197,1197,3.21715810449,0.526754349081
1198,1198,3.12390466728,0.489108395112
1199,1199,2.69216705889,0.359854600096
1200,1200,1.18647613322,-2.90783748489
1201,1201,1.1641169842,-2.40522456967
1202,1202,-0.707426011501,1.71477701589
1203,1203,-0.874063916798,2.52675551988
1204,1204,-0.438434979868,2.26840252365
1205,1205,1.76220377382,-2.40427878913
1206,1206,-0.158863992537,2.46291708777
1207,1207,0.186983354383,-2.4108230001
1208,1208,0.640986089569,-2.48658341138
1209,1209,2.93255586131,0.140337181307
1210,1210,3.21828104166,0.340964086281
1211,1211,0.316339041783,2.51353134999
1212,1212,1.22611301145,-2.26509056486
1213,1213,3.00506003131,0.0821874327252
1214,1214,1.75188445595,0.588696618602
1215,1215,0.126954948539,-3.16558147936
1216,1216,0.105884495454,-1.83538522545
1217,1217,-0.263021300918,-2.32751990229
1218,1218,0.555815303085,-2.60369135047
1219,1219,2.40322534986,0.250013584884
1220,1220,1.3953371208,-1.24978446661
1221,1221,1.66366266156,-1.2742717727
1222,1222,1.4270436017,0.626546554245
1223,1223,1.36369489684,-1.01627618998
1224,1224,3.03545027765,-0.495172474098
1225,1225,2.93736944217,-0.293468487043
1226,1226,0.259280827905,-0.0481659363089
1227,1227,-0.170105386147,3.26918098779
1228,1228,0.632591537162,-0.126934974246
1229,1229,-0.322126910692,2.41022499342
1230,1230,-0.22307646449,-3.47541167998
1231,1231,-0.233530176361,-2.81381932405
1232,1232,-0.00267552788953,2.75499616175
1233,1233,1.7573807566,-2.54687382589
1234,1234,0.205787058583,2.77629206173
1235,1235,0.232183387103,-2.00603392803
1236,1236,2.82821561891,0.179772365841
1237,1237,0.540358678787,-2.45781524202
1238,1238,0.0287273770248,3.48202549151
1239,1239,1.19445939829,-1.95629648053
1240,1240,0.0615196844879,-2.19957078009
1241,1241,2.64540749085,-0.111316204882
1242,1242,-0.166434842026,-2.91143056542
1243,1243,0.279076633822,-3.19536325274
1244,1244,1.030259511,-2.98463636341
1245,1245,-0.102032137948,3.29406801715
1246,1246,0.244462626572,-2.9310377783
1247,1247,-0.162804461859,2.57824630654
1248,1248,0.308814339211,3.43677965752
1249,1249,0.304737262116,-2.52735406566
1250,1250,0.13868305173,2.37735597034
1251,1251,-0.0414104823776,3.47323392271
1252,1252,-0.0672626451087,3.22363539929
1253,1253,0.475127824874,-2.06557904004
1254,1254,2.35023128756,0.646163027942
1255,1255,2.68526668204,0.0975845775773
1256,1256,2.88500856838,-0.0176341382986
1257,1257,2.99740597772,0.497795216975
1258,1258,2.18286448862,0.368232170404
1259,1259,2.58559184522,-0.209028515651
1260,1260,2.77199578017,-0.104159152375
1261,1261,2.71848254545,0.599107035159
1262,1262,0.249069370557,-2.05136361999
1263,1263,0.236769468299,-2.39924103214
1264,1264,2.11199730333,-0.165907285373
1265,1265,0.665555354592,3.42657021865
1266,1266,1.07514613236,0.0827433267848
1267,1267,1.73312098061,-0.324124329929
1268,1268,-0.0571379945959,-2.62064271775
1269,1269,0.427917106049,-2.23046098081
1270,1270,1.94542364591,0.0255662186723
1271,1271,-0.0443145064054,2.81562169798
1272,1272,1.91972817353,0.422041235163
1273,1273,-0.62228835445,-2.4986037885
1274,1274,0.712598724503,-0.450798164372
1275,1275,-0.169058178926,2.93675403646
1276,1276,0.628626481695,-2.82458467891
1277,1277,0.647831744809,-2.75518618072
1278,1278,2.75905176497,0.355622285315
1279,1279,2.23701870823,0.383600592528
1280,1280,0.687969102859,-0.174233184556
1281,1281,2.777920789,0.143165703059
1282,1282,2.87337982099,0.349542675036
1283,1283,2.60498351385,0.313420069658
1284,1284,-0.575820799397,-1.99916341839
1285,1285,1.19979301007,-1.73851796542
1286,1286,0.0642173180651,-0.450024858784
1287,1287,1.61984787734,0.58151872205
1288,1288,-0.257507015936,-2.2369596161
1289,1289,-0.562426212331,-2.77381867898
1290,1290,0.19797488037,-2.76598548066
1291,1291,0.811562723073,-0.491450201688
1292,1292,0.620815117584,1.94821437691
1293,1293,2.53675561179,0.497718763214
1294,1294,2.87571776881,0.209507312787
1295,1295,0.656708618114,-0.603650435331
1296,1296,0.126553527141,-3.2016352676
1297,1297,0.124432195529,-2.47880296325
1298,1298,1.9678375213,-1.28907424799
1299,1299,-0.317742594201,3.21322544968
1300,1300,1.53570030045,-2.91112857073
1301,1301,0.282312184676,2.84827082825
1302,1302,-0.519871406779,1.64461822562
1303,1303,1.85165339811,-2.8176617445
1304,1304,-1.15464971228,2.85976291931
1305,1305,-0.451124094782,2.13423284004
1306,1306,-0.580611975154,2.20140437696
1307,1307,-0.159992047338,2.36598281387
1308,1308,-0.391768770292,2.52074968943
1309,1309,0.203687976613,2.53711677265
1310,1310,0.656152097031,-2.59827062361
1311,1311,0.108563336082,-2.53672090801
1312,1312,0.467333514077,2.87848958462
1313,1313,0.133146473377,-2.99638323282
1314,1314,1.9621495318,-3.33326298923
1315,1315,0.555578541114,-2.5069724964
1316,1316,-0.782738846857,2.38495886555
1317,1317,0.353512200316,2.61134883553
1318,1318,0.687418156082,-2.88795179881
1319,1319,-0.537341259445,2.39674722154
1320,1320,0.210199741711,2.37409931141
1321,1321,-0.999574873319,2.30316348854
1322,1322,-0.165412605791,2.99419781092
1323,1323,-0.456338324696,2.9663844189
1324,1324,0.812975324149,-2.03305908242
1325,1325,1.18184980901,0.917914809699
1326,1326,2.93598127606,0.483679494325
1327,1327,-0.202419087395,-2.79210098246
1328,1328,0.427287389199,-2.92201202686
1329,1329,2.55990887434,0.400673998448
1330,1330,-0.296447656166,2.56096065342
1331,1331,1.09850946056,-1.98810615154
1332,1332,1.49749396833,0.497163085014
1333,1333,-0.401557014284,-3.28892703228
1334,1334,0.0376628104903,1.81509277399
1335,1335,0.32047505245,1.62885686676
1336,1336,0.938483358887,1.86250438335
1337,1337,-0.599849187571,2.36690833881
1338,1338,2.05109588289,1.17675870318
1339,1339,0.126501735746,1.95740871034
1340,1340,1.69526963905,1.76231509672
1341,1341,1.82618875151,1.53830336057
1342,1342,1.54950569716,0.955829975405
1343,1343,-0.307729325534,-2.17902602377
1344,1344,-0.738830150741,-1.85480444015
1345,1345,1.75575184126,1.19049146748
1346,1346,1.202691781,2.19872657354
1347,1347,2.23207774782,0.246111173834
1348,1348,1.22312000532,2.26815388297
1349,1349,-0.134378336467,2.19997893786
1350,1350,-1.27074097434,-1.62122591563
1351,1351,1.52335332802,0.471134175657
1352,1352,-0.780103996698,-0.80648091391
1353,1353,0.767661902889,-2.22388905163
1354,1354,0.605146196477,1.3868553195
1355,1355,1.49738708414,1.30713020984
1356,1356,1.92115158622,0.282495055122
1357,1357,1.17029724845,1.15957331741
1358,1358,0.810802301275,1.87220546734
1359,1359,0.974342574264,0.733196584375
1360,1360,2.37286845059,0.641942244004
1361,1361,0.339466678287,0.2624186139
1362,1362,-0.429189977801,-1.15942421146
1363,1363,-0.581811237667,-1.29857414261
1364,1364,1.60927920375,0.210352691143
1365,1365,1.59305367346,-0.84846898792
1366,1366,1.86682910564,-0.0229498262782
1367,1367,-0.306370279171,0.68564785959
1368,1368,0.711372907678,1.98454071318
1369,1369,0.820128796556,-1.9496110031
1370,1370,0.409131261009,2.21216527772
1371,1371,2.02628858281,0.231003913376
1372,1372,2.96264875273,1.25810576378
1373,1373,-0.132513375762,1.58120623357
1374,1374,2.20443302099,1.19789574192
1375,1375,1.73574645587,1.45147398325
1376,1376,1.13440209251,1.33063292204
1377,1377,-1.34290161218,-1.47430598093
1378,1378,0.441248569192,-1.56189332185
1379,1379,1.8068840966,0.991905725789
1380,1380,0.270101188579,2.07223902718
1381,1381,0.178838424049,1.00145317547
1382,1382,0.325080862778,-1.48230222119
1383,1383,-0.125915009623,1.40036965373
1384,1384,1.96598093193,1.21909490492
1385,1385,2.47286568142,0.551776762757
1386,1386,1.07335894181,0.414452299777
1387,1387,2.39749854895,1.79427063784
1388,1388,2.27588440196,0.40651671264
1389,1389,1.40541347593,1.10130552802
1390,1390,0.255058364786,3.35207797521
1391,1391,0.457544300406,2.57558652149
1392,1392,1.08899457448,-2.23723695003
1393,1393,0.88414685921,0.566242646535
1394,1394,0.903960624941,0.153947836897
1395,1395,2.50723705562,0.568252340098
1396,1396,2.34886698221,0.320120166976
1397,1397,1.72623646924,-1.89107137236
1398,1398,0.448414720508,1.11548574591
1399,1399,-0.333786075749,-2.37110121002
1400,1400,1.3080685924,0.282218989137
1401,1401,-1.22757395071,-0.778244931219
1402,1402,0.577556501744,2.2847325003
1403,1403,1.48494496097,0.115306339401
1404,1404,0.931913621532,2.33035295082
1405,1405,1.02016642204,1.31626257056
1406,1406,0.764922490241,2.88369672636
1407,1407,0.417851173051,4.38847519297
1408,1408,0.0551865994755,3.33690874263
1409,1409,0.783045432684,2.49149987873
1410,1410,0.236962722677,1.82987843318
1411,1411,-0.189387525296,2.40210151911
1412,1412,-0.298966877389,3.33853523925
1413,1413,-0.211212359562,3.70508261406
1414,1414,0.372992076798,2.74021745804
1415,1415,-0.0483516644628,2.95038004591
1416,1416,0.0945312873131,1.7566956844
1417,1417,1.88491533314,0.0795974543815
1418,1418,-0.323308227584,2.6098894521
1419,1419,0.876919560814,0.506090890476
1420,1420,-2.049077748,-1.96709020343
1421,1421,0.238337481969,-0.109669640254
1422,1422,0.76762328465,0.140945911779
1423,1423,4.12065500893,0.912521737711
1424,1424,-0.314394388682,-2.78278129603
1425,1425,0.484256405068,1.88911008492
1426,1426,0.107024502809,0.396862037608
1427,1427,2.87072958993,0.102188770033
1428,1428,3.30261691202,-0.245832298565
1429,1429,2.91462771585,-0.121649324551
1430,1430,1.47595647121,0.23440082204
1431,1431,2.5934575877,0.236421823704
1432,1432,3.00117016591,0.067177299755
1433,1433,2.76785454276,0.216136994685
1434,1434,1.0690166843,0.715312269445
1435,1435,1.65410201073,0.979918822262
1436,1436,0.301694317699,-1.94734599343
1437,1437,2.0104590509,-0.0281349507535
1438,1438,-1.00713733655,2.06774935937
1439,1439,1.64621836029,2.20172245792
1440,1440,0.97907023141,1.54286691437
1441,1441,0.553422101054,0.614800777678
1442,1442,1.07494065861,1.67290133602
1443,1443,0.376421897523,-2.49383159503
1444,1444,1.86851925233,1.97402624586
1445,1445,1.54450284678,2.43283021786
