,vote,alpha,beta
0,0,-0.166974270385,2.30651635239
1,1,-0.273471178974,-2.31307997094
2,2,2.40127309067,0.320347530702
3,3,2.56699769405,0.128684197603
4,4,0.612586531362,-1.38531133865
5,5,2.83717484125,-0.465976200215
6,6,2.01086365093,0.562371837976
7,7,1.80905666482,0.373096296507
8,8,0.234018020354,-2.08494811225
9,9,1.22023677698,-1.48417035836
10,10,2.62582245596,-0.100894750185
11,11,2.47955068689,-0.119827941174
12,12,2.69741013328,0.461173266634
13,13,2.69329682292,0.0322641969192
14,14,2.43129041335,0.0393195581637
15,15,2.03834358922,0.220522627106
16,16,-0.21442127886,2.26163983984
17,17,0.634043522113,-0.775169600807
18,18,2.30024826718,0.463692433425
19,19,2.65604419638,-0.114987521734
20,20,1.57063391463,-0.681483522497
21,21,0.0771830790871,-2.53273527417
22,22,-0.127823869692,-2.04783688314
23,23,2.46898430559,-0.252041721316
24,24,0.642905278988,-1.9716739923
25,25,1.32417816561,-0.289370196721
26,26,-0.956951924284,-0.0729112807398
27,27,-0.155388158627,2.63871495405
28,28,2.63574197035,0.312078546986
29,29,2.4031977134,0.142874373551
30,30,2.42598194936,0.0513041375503
31,31,2.26087318345,-0.108167326852
32,32,0.355475808872,-2.58476551453
33,33,0.200565959122,-2.2957830676
34,34,1.40408625329,-0.360712882957
35,35,-0.32718546613,2.23830298739
36,36,-0.110542407051,-2.10003000434
37,37,0.299002581858,-1.94230522037
38,38,0.278893062038,-2.29660655832
39,39,-0.73677058589,-1.24568997984
40,40,1.77503969337,-1.43395199469
41,41,-0.203850423784,2.14982602089
42,42,-0.122370361871,-2.28206028767
43,43,2.15121785582,0.0053729381991
44,44,2.52045875145,-0.139738257601
45,45,2.59430836208,-0.167499597203
46,46,2.32350867385,0.196685933288
47,47,2.00404052788,-0.116120241073
48,48,2.39986826961,0.245085070982
49,49,1.26196619471,1.14599193829
50,50,-0.204362150013,-2.10509018901
51,51,0.578448739572,-2.47839026455
52,52,-0.21492388155,2.20895601414
53,53,0.0408665968956,-2.41950109342
54,54,-0.126113266794,-2.47190639312
55,55,0.0894107317357,-2.12744807989
56,56,0.575055537603,-2.14597369183
57,57,-0.560102476349,2.12318881231
58,58,0.0916460646469,2.4767630778
59,59,-0.0790507417091,-1.71372051302
60,60,0.749390144157,-2.19724815572
61,61,2.00712098756,0.0851423807487
62,62,2.35231749737,0.0300533208239
63,63,2.39294903936,-0.152536990405
64,64,2.52774262244,0.110076597572
65,65,2.32092541466,-0.160928672698
66,66,0.0176064373613,-2.27702180424
67,67,0.651676687582,-2.54774142892
68,68,0.67995955736,-1.96116235056
69,69,-0.281799496295,-1.85214415416
70,70,-1.10754814938,1.77708374824
71,71,-0.517307792016,1.78163221287
72,72,-0.593810874237,1.87308969612
73,73,-0.743141041936,2.02342356164
74,74,-1.18345657176,2.32466211863
75,75,-0.448730513986,2.07927744355
76,76,-0.435250969901,2.05471148118
77,77,-0.724786157725,1.58760175786
78,78,-0.148217754941,2.22939257815
79,79,0.525987078097,-1.86710414803
80,80,-0.504031089499,-1.73284779002
81,81,-0.156081221637,-2.126366464
82,82,0.126653390884,-2.33616546999
83,83,0.0165840956934,2.50877869341
84,84,-0.17079384198,-2.14763041232
85,85,2.11117244678,-0.0800557737954
86,86,2.13346143372,-0.448404321729
87,87,-0.0990762037945,-2.30248066127
88,88,-0.0854117131992,-2.33571950838
89,89,-0.772947136627,-1.0765526055
90,90,0.243521860846,-0.532413264078
91,91,-0.346892645836,-2.02353021857
92,92,-0.635626848372,1.825267792
93,93,-0.3721405199,-1.59465325335
94,94,0.169253936285,2.00022894094
95,95,2.01223437485,-0.0430140499423
96,96,-0.872082291158,1.9524745766
97,97,-0.522185611272,1.90139724938
98,98,-0.406791598534,0.260650188254
99,99,-0.183832415535,2.03543919863
100,100,-0.139036729571,1.68048755567
101,101,-1.07368176806,0.50732910578
102,102,-0.325219787647,-1.698700794
103,103,-0.874688012164,1.67089140651
104,104,-0.290300413218,-0.962035750291
105,105,-1.12489928221,-0.00751164593064
106,106,0.617615638725,0.960903854064
107,107,0.119754689675,-1.51427963137
108,108,-0.50196158791,0.639396126787
109,109,-0.491655182417,0.515683346987
110,110,1.06760717876,1.2612906662
111,111,-0.202438407958,-2.14770440501
112,112,-0.379058433818,-1.33264585657
113,113,-0.211651886581,-2.02821762217
114,114,-0.0168752137639,1.93146589156
115,115,0.433946857818,-1.38190958169
116,116,2.34816115758,0.0352943771239
117,117,2.65200557068,0.036548829597
118,118,0.263527016855,-1.94496714204
119,119,1.91356931773,-0.199958843654
120,120,2.18352131777,-0.330741702097
121,121,-0.20360297279,2.07319263807
122,122,1.06285742642,-1.41851623885
123,123,2.28046915639,0.0516316364158
124,124,0.453909626361,1.60696451758
125,125,0.313614747426,-2.29696100213
126,126,0.0968831777947,-2.05123466246
127,127,-0.826090681385,0.652822897343
128,128,0.180112258732,-1.9647408418
129,129,-0.360157474979,-1.48703175911
130,130,-0.779060758911,-1.54448738675
131,131,0.952380376351,0.865157631122
132,132,-0.442726698502,-1.71964910298
133,133,0.230400195376,1.44460532499
134,134,0.276894534922,-1.84529391236
135,135,1.05504263711,1.86100174464
136,136,-1.49775505709,0.918156780776
137,137,-0.556658215132,0.774005622787
138,138,-1.35862666578,0.847060203451
139,139,-0.110436470072,1.79039976004
140,140,-0.604901445059,0.0997737911014
141,141,-0.63738659771,0.469474086735
142,142,0.356099110603,-1.90560370943
143,143,-0.620919231941,1.78244598115
144,144,-1.23718841849,1.95081755478
145,145,-0.815183864227,1.32462756775
146,146,1.70414622018,0.687006330021
147,147,-0.200559280899,1.33303152648
148,148,2.5433200038,0.208251329908
149,149,2.18170322246,-0.128610680033
150,150,-0.0914366629053,2.0869505499
151,151,0.697883782752,-0.56561324196
152,152,2.62907292398,-0.265582170783
153,153,2.39951399759,-0.00184125487916
154,154,2.38144620229,0.0715578756517
155,155,0.101816358649,-2.57448984542
156,156,-0.153945065661,-2.0152097167
157,157,2.48646877501,0.0990590823024
158,158,-0.0405119536036,-2.26765485429
159,159,1.89871998475,0.534651342366
160,160,0.381787964408,-2.35579900003
161,161,0.401684676994,-1.8703058986
162,162,-0.108549705856,2.09424853971
163,163,0.406403005884,-0.301366633714
164,164,-1.02177221901,-0.868202981062
165,165,-0.100058956816,1.74164956045
166,166,0.0984469255713,-2.32560275095
167,167,-0.820095957313,1.44516113044
168,168,0.879217869322,1.42134322676
169,169,-0.0616262722576,-0.0132381147153
170,170,-0.944187931515,-0.734322988228
171,171,-1.19275007479,-0.971575922012
172,172,-0.915663971258,1.12148436848
173,173,-1.04525963756,-0.652250319019
174,174,-0.933097752342,-1.7316240667
175,175,0.199966644527,1.5168568485
176,176,0.181646475361,0.6942248019
177,177,0.317614169725,-2.14035924755
178,178,0.0331763660249,1.14405949195
179,179,-0.337025007965,-1.34961334295
180,180,-0.873720422329,-1.49333334217
181,181,0.971544261601,-0.382411984202
182,182,-0.278848850397,-1.10848009675
183,183,0.133539871553,1.18166294322
184,184,-0.0549874256392,0.513942795541
185,185,-0.27721223562,0.277211708735
186,186,0.481002169635,-0.447516468352
187,187,0.154499565748,-0.425020845006
188,188,-0.0788435405723,-0.78015380438
189,189,-0.135988855949,-0.245940742822
190,190,0.120928881363,0.497193139549
191,191,-1.00819271968,-1.66976679242
192,192,0.0106593907432,-2.09474821709
193,193,0.116723252806,2.76880829483
194,194,-0.318099745805,-0.918462358547
195,195,2.21802572355,-0.063493319256
196,196,2.19817535901,0.022826501569
197,197,0.0982253792645,-2.31408684674
198,198,-1.02973505749,1.44519092695
199,199,0.09149428293,-1.8558139817
200,200,0.338848976701,1.61118519499
201,201,-0.233738944934,1.93901370651
202,202,1.20362237727,-2.2982564116
203,203,2.19101517047,-0.376522071399
204,204,-0.396043110413,2.3669039971
205,205,0.561092862281,-1.86065906539
206,206,0.307443505145,-1.56420392743
207,207,0.2671010742,-1.84324304986
208,208,-0.401644340286,1.79932672571
209,209,0.0461922112711,-2.29056345366
210,210,0.482938305083,-0.614446653273
211,211,-0.214826333075,-2.05039627772
212,212,0.346075157363,1.86057890836
213,213,-0.854320507614,1.99974906058
214,214,0.020598880377,2.26210226677
215,215,0.26408605218,-1.95040697602
216,216,1.88224094641,-0.622746491396
217,217,1.44935586846,-1.07765342943
218,218,2.32596793869,0.284960188911
219,219,0.136739027242,-2.32218240866
220,220,0.48221949882,-2.14125475441
221,221,1.65444347823,0.52356417032
222,222,-0.599257194197,2.33679143725
223,223,-0.0641161034282,1.83264802043
224,224,-1.007482892,1.61355727513
225,225,-0.497751438939,0.284980764979
226,226,-0.983409519969,-1.50328450084
227,227,-0.819482941382,1.76490261167
228,228,-1.01137939739,-1.665289306
229,229,0.348286481469,1.886430086
230,230,-1.04573170924,-1.18973294536
231,231,1.6997888573,0.890708716145
232,232,0.102866558304,1.51445297985
233,233,-0.596347967152,1.90700100314
234,234,-0.531602894142,1.77875579905
235,235,-0.947965426168,1.82185409229
236,236,-0.887489306423,1.7410230039
237,237,-1.02179959278,0.637340879681
238,238,-0.782706518695,1.47539555761
239,239,-0.793326701509,1.30820392926
240,240,-0.801847174969,1.70094820988
241,241,-1.03869629597,1.80046238066
242,242,0.088938688918,-2.0652511792
243,243,-1.04942664034,-1.64640817322
244,244,-0.483804982632,1.87819978831
245,245,-0.200322046669,1.1325881472
246,246,-1.38884086974,-1.05938872998
247,247,-0.29593030037,1.26221483245
248,248,-0.650040243294,0.196640567407
249,249,-0.573522376781,0.238149746373
250,250,-1.23969301823,0.83911074351
251,251,0.268861313452,1.39145308878
252,252,-1.59491713961,-1.34591048385
253,253,0.243892479065,-2.06428988649
254,254,0.0431965265177,-1.88635586365
255,255,-0.728535885942,1.50987167324
256,256,-0.386111440317,0.68054842844
257,257,-1.10755003102,-1.5132342784
258,258,-0.190047398953,2.18505174993
259,259,-0.0394655601267,-1.84863587404
260,260,0.240190144532,-2.45203304305
261,261,0.254956124432,-2.11347800214
262,262,-0.197300691826,1.98453318856
263,263,0.108430148971,-2.38252624175
264,264,0.363931943005,-2.55699297268
265,265,-0.0830439548337,2.43410852177
266,266,-0.307485271742,-2.27240450055
267,267,2.49604503455,-0.170300120423
268,268,2.394567619,0.116926479066
269,269,2.7393005346,-0.145727042771
270,270,0.0861202716548,-2.19603295187
271,271,0.0579898833056,-2.0196683399
272,272,-0.958006380705,0.254333923166
273,273,-0.332756409158,2.38816463951
274,274,0.904598311318,-1.67719956628
275,275,-0.158421364298,2.39478790438
276,276,0.582767137937,-1.98318988934
277,277,0.24885234971,-1.83965337944
278,278,0.206146332099,-2.32554266975
279,279,0.84429913613,1.54378138706
280,280,0.437022028181,-2.07425477131
281,281,0.489693339312,-2.17573392718
282,282,-0.0131283728058,2.22675042631
283,283,0.0385563404008,-2.19183707406
284,284,-0.346369265125,1.96942752362
285,285,-0.138279639367,1.93560469054
286,286,0.154061043392,2.78713399448
287,287,-0.232891046448,-1.87677907349
288,288,2.30665571271,0.100221522178
289,289,2.73794302846,-0.0160126997686
290,290,0.143333751727,-1.98517812916
291,291,0.05958312538,-2.2298634964
292,292,-1.56875156856,0.797077145465
293,293,0.929025281228,-1.80980156886
294,294,-0.665366825981,1.69360288383
295,295,-0.743470661768,1.25216516223
296,296,-1.50430240939,0.758392827659
297,297,-1.01737962769,-0.715793562316
298,298,-0.402218495185,1.20845757256
299,299,-0.545306937205,1.88659658002
300,300,-0.238783583366,-0.445988715396
301,301,0.416346538648,0.105072487161
302,302,-0.144649658276,0.53345562934
303,303,0.218673289061,0.445626827689
304,304,1.01413038979,-0.557079565282
305,305,1.00798450506,0.524108394893
306,306,-0.403375659378,0.618368482822
307,307,0.750297032601,-1.71014117788
308,308,0.888795816908,-0.254048116685
309,309,0.362065409914,-2.31643848413
310,310,1.08428197024,0.701097258303
311,311,-1.07926798995,1.12393735574
312,312,-0.993969182339,1.54700345122
313,313,-0.105372560548,-0.3624160338
314,314,0.108778711367,-2.42661703382
315,315,0.0795658270639,-2.46087722515
316,316,2.29902498087,0.0366319239617
317,317,0.405938058445,-2.16062035981
318,318,-0.300587622545,0.152490641813
319,319,0.167782584861,-2.04217330318
320,320,0.202327784178,1.07536015754
321,321,-0.780235791416,-0.916377112802
322,322,0.717844555181,-2.23932184338
323,323,0.379147369465,0.300935774429
324,324,0.829209644044,1.26523485652
325,325,-0.452857884731,1.61512081361
326,326,-0.0878285544819,1.83382622365
327,327,0.116651590957,-2.58475150475
328,328,-0.260501279127,1.02611597656
329,329,2.38593207125,-0.629167770432
330,330,0.0317279188392,0.22806369937
331,331,-0.11546187136,2.2310671252
332,332,1.02578946649,-1.0277228148
333,333,-0.401488857645,2.05464568878
334,334,-0.582610698356,1.99325887506
335,335,-0.202557814908,2.45884565591
336,336,1.06893549341,-1.6170792444
337,337,1.34877613502,1.26351658652
338,338,-0.121402290263,-2.42172691727
339,339,0.366620529443,0.753415590227
340,340,-0.00453129135103,-0.40096053448
341,341,-0.552167576115,-0.95117301196
342,342,-0.673339245622,1.10714373619
343,343,-0.868200435013,0.913901673658
344,344,-0.802082101634,0.993275724864
345,345,1.59388363619,-0.278461426214
346,346,1.64619973322,-0.236996447314
347,347,-0.379870427459,2.25893904244
348,348,-0.523979161355,2.24121215319
349,349,0.0677355990998,-2.04327413108
350,350,0.278209672033,-1.82556993314
351,351,-0.168416544052,2.24556714804
352,352,0.294052259009,-2.01815506205
353,353,0.219764381632,-2.06806827633
354,354,0.139434281897,-2.20898820095
355,355,2.26917873722,0.0031472852723
356,356,0.651440808475,-1.96239789832
357,357,0.600816308109,-2.22056511733
358,358,0.271420465063,-2.02646124074
359,359,1.17295085703,-2.07576839455
360,360,0.544146011263,-1.31142273145
361,361,-0.355300951588,1.92044128807
362,362,-0.489876473906,2.07509075823
363,363,-0.133179080514,2.36082389635
364,364,-0.128223263004,2.34904021641
365,365,-0.00403821994448,2.21101900669
366,366,0.275044817839,-2.02955175175
367,367,-0.000141293916004,2.46014118089
368,368,-0.231893869646,-2.24979987076
369,369,1.79418306932,0.732504068173
370,370,2.99855328445,0.226541435291
371,371,2.21758046059,0.122166384829
372,372,2.26489000345,0.370399257584
373,373,2.09133024262,0.336553611047
374,374,2.69724296782,-0.110614867324
375,375,2.31628333091,0.138099684364
376,376,2.24992310889,-0.0444351650274
377,377,2.05969087203,0.043696048063
378,378,0.0412895818356,-2.51520333069
379,379,-0.166067964769,-1.97322392077
380,380,0.234407564178,-2.24997140629
381,381,2.32613317001,0.171195817215
382,382,2.65373492634,-0.018143016609
383,383,1.89772514206,0.576908183025
384,384,-0.101847947353,-2.44065725447
385,385,-0.106172769284,-2.11639631743
386,386,1.6492549582,0.0961015177134
387,387,-0.58725900428,2.28287112628
388,388,-0.510042576123,2.14461496184
389,389,-0.489077241551,2.31405608416
390,390,-0.257076399439,2.50404023381
391,391,2.70292803754,-0.249924929704
392,392,0.0848761557428,2.27183245266
393,393,0.569364040398,-1.86583704513
394,394,0.102978469265,-2.14536956106
395,395,-0.264582480061,-2.53571442884
396,396,-0.256251917463,-2.50138571694
397,397,-0.185186359041,2.15312744738
398,398,-0.343147431092,-1.89710793631
399,399,-0.210259686869,2.32039847257
400,400,0.209854631011,-1.94380424854
401,401,-0.288129223655,-2.03281997726
402,402,0.342606920567,-1.82705654599
403,403,0.865381414745,-2.26569296181
404,404,-0.214959504802,2.32530547087
405,405,0.553332294436,-1.91725235547
406,406,0.908877340042,-0.842527333788
407,407,2.38978061978,-0.173370777824
408,408,2.9326882573,-0.360049106266
409,409,2.64909314608,0.0830391414872
410,410,-0.227844913002,2.12370840279
411,411,2.29107012657,0.209454611471
412,412,0.389354621974,2.17613754114
413,413,2.40984518822,0.223075311914
414,414,2.59543936532,0.202787145805
415,415,0.119056354552,-1.97319089445
416,416,0.340027250305,-2.25357561567
417,417,0.295105545434,-2.3973566935
418,418,2.47829173435,0.153136199944
419,419,0.585278784258,-1.81278682704
420,420,-0.383939598135,-2.76625577771
421,421,2.58424373324,-0.0417321367523
422,422,-0.200208281342,2.25028688482
423,423,1.67413625011,0.510007546883
424,424,0.158318099123,-2.45687342073
425,425,-0.0164287394432,-2.16795743344
426,426,1.65138147249,0.621582457488
427,427,-0.00857340244695,-1.9576846775
428,428,0.0665483818617,-1.83691394708
429,429,0.988655240977,-1.76328279721
430,430,0.927186060303,-1.61161140594
431,431,0.765596650359,-2.08072657043
432,432,0.0506148129121,-2.22112699002
433,433,0.0805147024695,-2.27352535909
434,434,0.0534180622157,-2.22537951073
435,435,-0.135083409766,-2.70681790427
436,436,0.680507957889,-1.90664323755
437,437,0.679288447532,-1.87088608333
438,438,0.198260638087,-2.54603381083
439,439,0.813807025858,-1.73594118497
440,440,-0.00994602015606,-2.20404739613
441,441,0.961412808215,-1.89952431157
442,442,0.0785720418369,-2.62442256535
443,443,1.91265488222,0.151083668553
444,444,0.0595652353382,-2.10398739168
445,445,-0.0663973156468,-2.45822053143
446,446,0.698571790672,-1.87104670608
447,447,-0.105137069816,-2.4144321208
448,448,0.686446637857,-1.96091081626
449,449,2.88558773718,0.14316814348
450,450,2.79338997176,-0.175063274483
451,451,-0.246060637966,-2.50378287976
452,452,0.938398377494,-1.97605885717
453,453,0.00806871563938,-2.30455647484
454,454,0.873004820637,-2.19593908156
455,455,-0.0370334465767,-2.45515158656
456,456,0.108892190327,-2.12645403313
457,457,0.0388092657182,-2.5792620938
458,458,-0.214444094618,-2.04823063974
459,459,2.66420991491,0.125215573618
460,460,-0.0147449869336,-2.36882769207
461,461,0.540626476807,-1.74567641201
462,462,2.30104018616,-0.0252839505812
463,463,0.0442071041551,-2.11741897424
464,464,-0.853912453718,-1.51733686754
465,465,0.778522292155,-2.14151099025
466,466,0.306219918398,-2.52535276446
467,467,0.683504485266,-2.04065118452
468,468,-0.103100432444,-2.21324193927
469,469,0.105725957682,-2.21169608793
470,470,-0.00978856098165,-0.262747790367
471,471,0.202895473016,1.87717012051
472,472,-0.0262001937093,-2.22311161553
473,473,0.592139097352,-2.150037255
474,474,-0.618850322433,1.73170451268
475,475,0.864089105778,1.36087905798
476,476,1.10184929948,1.32695127043
477,477,2.28472626257,-0.0240582424921
478,478,2.72559472523,0.155330555
479,479,0.224843228296,-2.33624389282
480,480,0.933026133941,-1.44318273657
481,481,-0.312013857337,1.97784282228
482,482,0.00441140147169,-2.08374976905
483,483,-0.929666688392,1.21171393959
484,484,0.0994237552243,-0.0739993884119
485,485,1.76961125061,0.455687520725
486,486,2.05165235937,0.0224236410287
487,487,2.34488947577,-0.0779079331373
488,488,2.26998566552,0.293925665203
489,489,0.446125241801,-2.36357955456
490,490,0.473280947527,-2.06951343203
491,491,-0.782682829086,1.95367681757
492,492,0.04694828043,2.35988967642
493,493,0.887838769751,-1.88143484549
494,494,0.0876916715719,2.20614279948
495,495,1.23381267725,-1.44546746711
496,496,1.77349811346,-0.634457437509
497,497,-0.0560507154232,-1.94582900977
498,498,2.53239960542,0.0651736849029
499,499,2.31507821869,-0.0758125986672
500,500,-0.0243092291853,-2.31732561493
501,501,0.0657622965188,-2.39972485635
502,502,-0.0719200754783,2.16631403989
503,503,-0.128495578148,2.42420850392
504,504,0.0505744860511,2.39264834419
505,505,0.132353261464,2.16846678903
506,506,-0.159802577965,-1.82622332291
507,507,2.37046374797,0.330394690102
508,508,0.0606721858044,2.08229956678
509,509,0.201695570346,-2.25963808462
510,510,1.46463514222,1.02887350114
511,511,0.17213443619,-2.36315646947
512,512,0.142403429522,-2.30190340305
513,513,-0.114699263356,-2.80248385748
514,514,-0.279524384848,2.2359750291
515,515,0.667317561551,-1.53390309125
516,516,2.39431062874,-0.0697746320706
517,517,2.41431318429,0.244669958895
518,518,0.12912628979,-2.5750597554
519,519,0.264345833803,-2.47026725955
520,520,-0.0320811750375,-2.39727266869
521,521,-0.117521344113,-2.19598040978
522,522,0.0945757734269,-1.93839335864
523,523,-0.195438893277,1.99536697135
524,524,-0.323017471822,2.21986372284
525,525,0.0671020414487,2.15360631376
526,526,-0.0128646451857,1.82681849084
527,527,-0.193371888896,2.18274252347
528,528,-0.471216972704,2.3009638029
529,529,-0.0958627694105,-2.25856820532
530,530,-0.378954422869,-1.86641178593
531,531,0.342224960491,-2.17152276799
532,532,-0.292223265693,2.00913576332
533,533,-1.0852628125,1.57988034343
534,534,-0.161148138324,2.19327644921
535,535,0.489739156966,-2.19327372918
536,536,-0.295692749999,2.11976179215
537,537,-0.549533951937,2.34478849115
538,538,-0.253615601274,1.9489726853
539,539,-0.876691152377,1.97904010537
540,540,-0.737265413228,2.16971293214
541,541,-0.1023753004,2.0523710567
542,542,-0.438756406568,2.07712516223
543,543,0.800245769748,-1.99114868436
544,544,2.34181729114,0.21410426468
545,545,2.62486337162,-0.246946161493
546,546,2.44634040085,0.267107713099
547,547,2.27501463207,-0.288335619274
548,548,2.39614505918,0.0199722324669
549,549,0.0886101366471,-2.1423579469
550,550,0.342211797446,-2.11386921225
551,551,0.554839970253,-1.06489604108
552,552,-0.199373229434,2.53537449002
553,553,-0.326354567188,2.03178127242
554,554,0.936842085489,-1.83153073248
555,555,1.26780886737,-0.682619945748
556,556,0.055541903848,1.3280064821
557,557,-0.676567264635,0.300266048815
558,558,-0.683739541896,1.03099626462
559,559,0.440456751686,0.684584551435
560,560,-0.615724770503,1.39201034706
561,561,0.843712899554,-0.46729570206
562,562,1.90355315465,0.774040252563
563,563,2.6565027439,0.430899575005
564,564,2.49058741083,0.0615063788265
565,565,1.34042376687,-1.55691535626
566,566,2.58000118482,0.128512779808
567,567,2.1295835463,-0.0638464451132
568,568,2.36411311605,0.0885635267531
569,569,2.68313550347,0.0311472193036
570,570,-0.0707265281497,-2.40100859771
571,571,0.248730277294,-2.16221324034
572,572,0.0791135687605,-2.39764739601
573,573,0.761781606092,0.167980446007
574,574,1.15060079515,-0.451753399365
575,575,0.145427610436,-2.35544268091
576,576,-0.0913159755869,2.4792460281
577,577,0.575953242436,-1.99323194738
578,578,1.53384922818,1.10790652476
579,579,0.100151062283,-2.4722395298
580,580,-0.00208400975349,-2.61786346946
581,581,-0.0397222045865,2.26930078221
582,582,-0.125053102693,1.99126537492
583,583,-0.278455382397,-1.90529218424
584,584,2.46835754567,0.323567128741
585,585,2.48528964126,0.019657994571
586,586,-0.0785383651928,-2.44282213062
587,587,2.5223060201,-0.0556711089528
588,588,-0.0342640826171,-2.52705879079
589,589,0.722542760726,-1.01048844524
590,590,-0.96503201761,1.81286670052
591,591,-1.30294260254,1.32277510887
592,592,-1.79588078769,1.62194721309
593,593,-2.16903317812,-2.0236081548
594,594,-0.887385667698,1.93843513494
595,595,-0.384394063058,-2.00905764367
596,596,0.654778773773,-0.446664400885
597,597,1.92486996249,0.129422928369
598,598,1.42415745859,1.56944243527
599,599,0.0806353713223,-2.10353928143
600,600,-0.176226825958,2.5841701829
601,601,0.0870083638834,2.2203214542
602,602,1.98705081968,-0.385599479868
603,603,0.141005636784,-2.46613095417
604,604,0.155434243258,-2.76437770776
605,605,1.59420466827,1.02397473679
606,606,0.592474944256,2.78072420618
607,607,1.06162119948,-1.85495271223
608,608,-0.776469115937,1.56657064209
609,609,0.543031916356,-1.93206155708
610,610,-0.966469654299,2.19247810045
611,611,1.36461688618,-1.84101948729
612,612,2.62636319511,0.723690888698
613,613,1.23127093331,0.79657864854
614,614,0.82688367597,1.50357259066
615,615,0.968071917255,0.453957028018
616,616,0.737913494903,0.720567372059
617,617,0.395355190448,0.448124036145
618,618,0.578759670993,0.635066762088
619,619,0.668887803473,-1.75031769492
620,620,0.229275890945,1.20080118266
621,621,2.22947448341,-0.48908124643
622,622,0.553136228081,-2.11447616071
623,623,1.72605567031,1.07476345114
624,624,0.460254641977,2.41300365311
625,625,-0.00443042983698,-1.13011526076
626,626,-0.395693322844,-0.805817554552
627,627,0.362691155008,1.28706972253
628,628,1.19775274471,0.618670290462
629,629,1.71811398563,0.910965187303
630,630,-0.793568719334,-1.96393910112
631,631,-0.481514009575,-2.14836921146
632,632,-1.58040110434,1.70151452232
633,633,-0.559049798662,-1.62768960013
634,634,2.5362281352,0.214315140402
635,635,-0.137748033981,-0.224738063446
636,636,-0.85221762456,1.02680327139
637,637,-0.133751372833,0.716674709516
638,638,3.45741712012,0.775411321173
639,639,0.466809979348,0.146100161984
640,640,-0.632701528408,-1.94123398907
641,641,0.97093783895,0.662339492045
642,642,1.39422313894,1.48945365219
643,643,-0.0645961272421,-1.48316006528
644,644,-0.201301626934,3.15569884801
645,645,0.214314240734,1.99531435664
646,646,0.867540295325,1.00343320923
647,647,1.64907207465,1.20109309922
648,648,1.69914775747,0.933920242732
649,649,0.801553154547,1.86335119133
650,650,2.08783417878,0.776403112641
651,651,-0.345137257607,-1.78592245061
652,652,-0.969405766876,-1.9909510485
653,653,2.67988485056,-0.290812872604
654,654,0.688233220253,2.2229562907
655,655,0.906890220985,0.88983947606
656,656,-0.745314451896,-1.97623849932
657,657,1.737015663,0.971097881258
658,658,0.420395920591,2.37365436548
659,659,2.66570082189,-0.101891416587
660,660,1.21941673589,1.67779336248
661,661,1.30128183723,1.84117422311
662,662,1.47591654023,2.20158032742
663,663,1.4643707765,2.17176395953
664,664,1.32468916438,1.64927164287
665,665,0.942234448772,2.08152948714
666,666,1.21015879469,2.1873731752
667,667,0.617035051466,-2.68571051395
668,668,-0.323093999894,3.06127958299
669,669,1.16063221601,1.34655380706
670,670,0.121223621363,-1.9246437985
671,671,1.08371427615,1.42489537484
672,672,2.47716950282,-0.365412900073
673,673,-0.909860262493,2.22509967758
674,674,-1.14699537905,1.63871783872
675,675,1.02225850175,-0.653548085533
676,676,0.55334766162,1.94126579923
677,677,1.21147229241,1.32904954945
678,678,1.94290256377,1.13137822323
679,679,-0.0258234817785,2.13250598769
680,680,1.20004361232,0.354383404583
681,681,2.18463417847,0.629996636194
682,682,2.25773158901,-0.0261286569946
683,683,1.31778497475,1.5693302675
684,684,1.05356013206,1.93672249735
685,685,0.519633539123,2.35887826865
686,686,-0.0198157316056,2.3547059913
687,687,0.593010841929,2.66880151404
688,688,-0.0526411406034,2.5083009161
689,689,0.139785782899,3.02932584145
690,690,-0.386080839966,2.48574495805
691,691,1.52682935561,1.15347386952
692,692,2.07116575116,1.53038038819
693,693,0.212188034665,-2.04367143269
694,694,0.566079433309,1.76443556266
695,695,-0.15582996666,-1.73796019996
696,696,1.16500848288,1.80622264485
697,697,1.05616264054,1.97610741103
698,698,2.24674281368,0.321424554325
699,699,1.94334199003,-0.432343131248
700,700,-0.0950149703183,-1.54936420779
701,701,0.101485005352,1.43940399232
702,702,-0.050300839936,1.90955373892
703,703,-0.665275069867,3.05082421214
704,704,-0.770895471904,-1.70256768462
705,705,-0.842893930209,2.39341403341
706,706,1.0765514639,1.55409094534
707,707,0.0709519033016,-1.71819708001
708,708,0.917600311364,1.59045043781
709,709,1.28874229591,1.36277109656
710,710,-0.309298468117,-2.02589441113
711,711,1.32793261585,0.416049418075
712,712,0.100321961511,-0.750552422638
713,713,-1.04353951605,-1.68083252242
714,714,-0.303836832282,-2.69913100022
715,715,-0.369751558649,1.94212542989
716,716,0.270358712609,3.14841771281
717,717,0.165150788448,-2.39450132663
718,718,1.00352294463,1.88297819571
719,719,0.062166517603,-1.53123043059
720,720,0.945857129463,2.17318020908
721,721,-0.162918248232,-2.03797164371
722,722,-0.716851104314,-1.61440217718
723,723,0.823225365352,1.07787544194
724,724,0.528371270804,1.34219617035
725,725,0.920775271073,0.968153828456
726,726,-0.0435693240298,-2.1606333545
727,727,-0.670064509876,-1.91610728337
728,728,0.998727617617,-0.515823814205
729,729,2.35875199524,0.770991541434
730,730,-0.335572980901,-2.4262377985
731,731,-0.0719137250067,-2.92124711292
732,732,-0.247847742182,-2.14071129703
733,733,2.77652741847,0.338281638406
734,734,-0.0993106799047,-2.62906181602
735,735,0.307396517921,2.06362180412
736,736,0.493637357467,-2.25768467295
737,737,-0.376464784126,1.95028074592
738,738,0.94336588382,-1.43534423016
739,739,-0.751836208234,1.86112566284
740,740,0.724913079011,-1.7846330211
741,741,0.242943189643,1.74610577431
742,742,-1.4390838258,1.65166226752
743,743,1.67922436391,-2.50058793268
744,744,0.754010954624,0.621480995366
745,745,-0.919148799375,-2.39975571205
746,746,0.404996196905,-1.77640968672
747,747,0.473537528765,-0.637699570161
748,748,1.4542739507,-1.05958957433
749,749,-0.0781821429711,-2.48236454868
750,750,-0.245748583181,-2.53620844067
751,751,-1.73338033689,-1.46776672874
752,752,-0.28598181037,2.01219254727
753,753,2.3284828468,0.147164143823
754,754,0.243443385313,-2.46034469775
755,755,-0.662752410621,-2.03734692795
756,756,0.552718111421,-2.59644513055
757,757,-0.198432146378,-1.98737764426
758,758,0.0511355691313,-2.50977348734
759,759,0.422195634373,-2.04679990383
760,760,-0.71458106087,-2.845098228
761,761,-0.0281732676904,-1.97243799821
762,762,0.35514224548,-2.35172688986
763,763,0.209750190385,2.44696864036
764,764,1.86805982703,0.529765234976
765,765,-0.0278684136768,-2.25156620382
766,766,-1.10293558531,-1.48521460502
767,767,-0.18054955626,-3.01626636686
768,768,-0.296844772839,-2.23095968494
769,769,-0.852432833431,-1.15128684457
770,770,-0.746131840239,-1.91338951942
771,771,0.195917645318,-2.13267867835
772,772,-0.679183299709,-2.57618969826
773,773,1.50727538213,-2.03073111022
774,774,1.98847846075,1.56780692091
775,775,0.692383052708,-2.61751249126
776,776,1.15020226927,-2.45174758807
777,777,-0.682999023006,2.32905827441
778,778,0.901880989882,1.26863825673
779,779,-0.333279276111,1.72191252851
780,780,0.410210452228,-1.51566396311
781,781,-0.104643536989,1.99195591424
782,782,0.0940016558029,-2.32951829096
783,783,0.088867863176,-2.03401325942
784,784,0.338392349279,-1.99939058353
785,785,-0.225140809879,1.97076718781
786,786,0.0731074378254,2.38504533612
787,787,-0.500902298586,2.1915149699
788,788,-0.0610281251706,2.15822753987
789,789,0.258788089687,-2.04995949729
790,790,0.169255784167,-2.60854374189
791,791,-0.446168380893,2.02290615978
792,792,-0.100602150002,-2.14705508081
793,793,1.27546919413,-1.55125832206
794,794,-0.107797659881,2.16687575692
795,795,-0.481632122289,2.11963725397
796,796,-0.0404136059,2.04216410983
797,797,0.75963079941,-2.20789540731
798,798,2.0435836553,0.896911193186
799,799,2.35445040247,0.0514940974251
800,800,2.49381047337,-0.349433736819
801,801,2.17673682781,0.263582063106
802,802,0.367403024455,-2.32287501448
803,803,0.0989986164227,-1.9728587289
804,804,2.36634827577,0.0485874775465
805,805,-0.130493407664,2.11357978843
806,806,-0.0302611962123,2.25073233051
807,807,-0.223885471387,2.16991984646
808,808,-0.018670521042,2.33753117499
809,809,0.217939489732,-2.16953854926
810,810,-0.037617940697,-2.50140412069
811,811,0.260543209167,-2.10054511955
812,812,-0.0423140510602,1.93331749178
813,813,-0.0196452433488,2.54686764036
814,814,0.329789319,-1.88765107905
815,815,2.13992219954,0.305736270894
816,816,-0.283572095574,2.05411177187
817,817,0.00461753138904,2.35623778401
818,818,0.319589819678,-2.0945560506
819,819,0.0695828880407,-2.42367640686
820,820,0.136378776608,2.30463797439
821,821,0.338484344708,-1.88625492143
822,822,2.69502329881,0.13263791576
823,823,2.625096373,-0.173025965808
824,824,-0.266662868675,2.1044653111
825,825,0.0242933747585,2.23573276122
826,826,2.38675594771,-0.0279295098648
827,827,-0.033073636424,2.11668700445
828,828,0.149054933981,-1.89576576499
829,829,0.300714612164,-2.69256991076
830,830,0.00269056490604,-2.33614019908
831,831,2.33918027488,-0.227729837484
832,832,0.177923846826,2.01795579633
833,833,-0.299910319992,2.11416272351
834,834,-0.207498943411,-2.27326472564
835,835,1.90510842097,0.249866851385
836,836,1.56497069447,0.408677241928
837,837,2.17791796556,-0.20622169466
838,838,2.05335288727,0.329929498834
839,839,0.364027647045,-2.35356556521
840,840,0.333616999206,-2.37180504224
841,841,-0.108228611532,2.47002493311
842,842,0.737468089544,-2.11105890055
843,843,-0.252129039465,-2.16096163751
844,844,0.0110864900413,-2.19636258713
845,845,-0.080561511536,2.1728894885
846,846,0.162958407577,1.75436612183
847,847,0.117609575214,2.22862391831
848,848,-0.0102442945802,2.35038158316
849,849,-0.0399130562839,2.03238380661
850,850,0.380600978048,-2.11612465361
851,851,-0.132482468033,2.32666586542
852,852,0.933167196122,-2.40739749694
853,853,-0.0618159952428,2.37067736522
854,854,0.361563708699,-2.3524864682
855,855,-0.157184243685,-2.62442560449
856,856,2.66535675563,0.0303328321019
857,857,-0.15800237997,-2.52706519786
858,858,-2.91053998305,-0.179135857793
859,859,-1.1801588374,1.35752472848
860,860,-1.57060200227,1.25685691195
861,861,0.397844624155,-0.84607586659
862,862,-1.39478874652,-1.74315357155
863,863,-0.845105875383,1.93851506732
864,864,-0.409572802246,-2.04047750118
865,865,1.5801896388,0.0226775698977
866,866,2.57961492288,0.150274967295
867,867,2.61469243095,-0.245388697788
868,868,0.224149306978,-2.36588862988
869,869,0.414306527926,-2.06403885508
870,870,0.526171788215,-0.913957472765
871,871,2.14723555391,0.676481872804
872,872,0.256764097995,-2.37984303364
873,873,-0.749429115622,1.7601646213
874,874,0.047899210594,1.43220592451
875,875,2.7161359652,0.158616904259
876,876,-0.130719111114,-0.386630053861
877,877,0.0389899947691,-1.17172979717
878,878,0.0751141316974,-2.40192607754
879,879,-0.158807556523,-1.31644429961
880,880,-0.39989194409,1.44055754829
881,881,0.0507650917341,2.54541822242
882,882,1.72240824502,0.178695139902
883,883,2.21253606966,0.270665122601
884,884,2.39286897204,0.0962879498823
885,885,0.281731463287,-2.1648795054
886,886,-0.237120185105,-2.32504395464
887,887,0.295551590516,-2.46996445046
888,888,2.70378691308,0.283864127112
889,889,0.123431345427,-2.19538130681
890,890,0.226866561586,-2.54160507978
891,891,2.04562361792,0.996958314086
892,892,-0.0408470908808,2.66291281092
893,893,0.504984457824,-2.25759353979
894,894,1.00928575094,-1.99564807167
895,895,0.583527412295,-2.21054838595
896,896,-0.0115816123886,-2.1539213548
897,897,0.233508296527,-2.16413724827
898,898,1.10242850023,1.25267723306
899,899,0.176024569958,-2.38684518897
900,900,1.27488068163,0.615670041642
901,901,0.0182140554049,2.33285944637
902,902,1.1254686646,-1.40653183762
903,903,-0.0467982311429,1.87076560348
904,904,-0.262132514715,1.79338821253
905,905,1.71279188581,0.797088279198
906,906,1.57716282207,0.535976862272
907,907,1.6371603315,0.91108302865
908,908,1.11020077656,-0.264782422556
909,909,2.23806146913,0.525223900008
910,910,2.32493495856,0.128214154405
911,911,-0.117916920501,2.67805791491
912,912,2.15673745106,0.108247573394
913,913,2.17099215635,0.220518492962
914,914,1.85924385508,-0.710107230357
915,915,-0.131644893917,1.53408909011
916,916,0.0606525728775,1.95036438451
917,917,-0.0790968440711,-2.02003480469
918,918,0.0919731994428,-1.79885981461
919,919,1.74901524118,-0.65981120034
920,920,1.01448625139,-1.82842136051
921,921,0.655196569291,-0.261353850765
922,922,0.0735143930717,-2.03860175007
923,923,0.763962593531,-2.13897849493
924,924,-0.467827688385,1.67133697371
925,925,-0.000631392214073,1.47287564306
926,926,-0.507640161587,-1.40449286645
927,927,0.216494193497,-1.78619246206
928,928,-0.11817325241,1.18387465199
929,929,0.529410364224,1.5642040722
930,930,0.134774944729,2.38457753367
931,931,2.17916066784,-0.0854602134227
932,932,1.05344463396,-0.749037391592
933,933,2.40172626068,0.11356801166
934,934,2.49806536684,-0.105232359362
935,935,-1.46182286305,-1.74817916809
936,936,0.759214411652,0.4964864952
937,937,1.13744921428,-0.60554176468
938,938,0.0344234356699,-1.81569469557
939,939,-1.04568339694,1.25602465129
940,940,-0.21090205628,1.47093808386
941,941,1.00438335187,1.57083505802
942,942,1.45313691805,0.470325714585
943,943,-0.904272026729,0.260145243811
944,944,0.0501687846557,0.88607345187
945,945,-0.344745960016,-1.66729935108
946,946,-1.45766811352,-1.36433994744
947,947,-0.394909691608,1.62594657837
948,948,-0.778445569292,-1.23325469421
949,949,-0.531027888679,-1.84963003462
950,950,0.414763709738,1.10169926647
951,951,0.320474949419,1.11572970565
952,952,0.129223091033,-2.10661177638
953,953,0.23925455401,-2.51683250443
954,954,0.350222772578,0.892355511686
955,955,-0.311597031274,-1.00394284248
956,956,0.439414904441,2.16427775049
957,957,0.295832022303,1.02103612471
958,958,0.586030683237,-2.10959167082
959,959,-0.163501177208,-2.18106475735
960,960,-0.494816440831,-2.0862194989
961,961,0.168632982277,-1.97067406427
962,962,0.0335395511188,2.51444387084
963,963,1.08743902369,-0.641434052554
964,964,0.0557391105052,-2.14668767984
965,965,-0.25574354594,2.32570373074
966,966,0.996827184985,-0.17897346644
967,967,2.3954408695,0.15832922224
968,968,-0.571762557363,-1.4138101198
969,969,-1.2959561515,-1.46849359869
970,970,-0.699804601574,-1.3107145655
971,971,-0.176792943626,1.66941682354
972,972,-0.812438935858,-0.626859721164
973,973,-1.33512092386,-1.66341004278
974,974,-1.11749254433,-1.41726316458
975,975,-1.20546216491,-1.27681631569
976,976,-0.479296612662,-1.48750385865
977,977,-0.445317205976,-1.96365232272
978,978,-1.03695713529,-1.6505756131
979,979,-0.259369641341,-2.0761565957
980,980,0.311216646045,-0.909368757334
981,981,2.44327712779,0.0286240948465
982,982,-0.0415551901656,-2.10996901741
983,983,-1.05475628324,-1.67514109881
984,984,-0.34121026634,2.74514323018
985,985,-0.0902382305395,-1.44953484169
986,986,-0.493659744764,-1.31119447956
987,987,-0.818398647366,-1.80769449252
988,988,0.00682395660677,1.1718836918
989,989,-0.735202786367,-1.43735904288
990,990,-1.15481839172,-1.91620235272
991,991,0.110085826911,2.70350573645
992,992,0.0499703229172,-1.56697260497
993,993,0.101034673068,-2.31581174493
994,994,-0.00440657409599,-2.66249894353
995,995,1.78200085734,0.331182543042
996,996,0.395897912399,-2.25925734244
997,997,-0.736917700779,-1.56662793741
998,998,-0.931981250655,-1.18604768373
999,999,0.161886256875,0.410672950645
1000,1000,-0.569371510122,0.989788244163
1001,1001,-0.530503421748,0.965948097894
1002,1002,-1.0967615744,-1.08735220493
1003,1003,-1.4778802457,-0.80359137857
1004,1004,-0.113307673203,1.8884397907
1005,1005,-0.207458960826,2.44990968193
1006,1006,0.9569434037,-1.54854622445
1007,1007,0.215690018706,-0.353775571679
1008,1008,-0.214843638516,2.28982199902
1009,1009,0.923892755633,-1.65975021491
1010,1010,2.0270651024,-0.153417812486
1011,1011,2.7445021593,0.137572006523
1012,1012,2.53394742768,-0.297867485252
1013,1013,0.649633683099,-1.88107145236
1014,1014,0.0747950662155,2.19809043689
1015,1015,0.447379231103,-2.34828065789
1016,1016,-0.649018758864,-0.737992773028
1017,1017,-0.491821382863,1.49204606076
1018,1018,2.4565053111,0.0055385806507
1019,1019,-0.288404470585,1.78562019381
1020,1020,0.251821954704,-1.8659905836
1021,1021,0.6315611591,0.0145720379323
1022,1022,0.095024803458,-1.51327912795
1023,1023,-0.663817619627,1.93215428603
1024,1024,-0.386653622903,1.05880017753
1025,1025,-0.0864484888999,1.03863448606
1026,1026,0.60166650324,0.329743225409
1027,1027,-0.270501574524,-0.034152354759
1028,1028,-1.00162210789,0.442336432296
1029,1029,2.02961404629,0.0591686039863
1030,1030,-0.513236385297,1.00399312344
1031,1031,0.505385878512,1.87434247259
1032,1032,-0.449654866448,1.04177965549
1033,1033,-0.701463071337,-0.320679208225
1034,1034,-0.541720444107,-1.591963959
1035,1035,0.74753400583,-0.963333312691
1036,1036,-0.280071480182,-0.706835601975
1037,1037,0.0682421027322,2.31123972191
1038,1038,1.30148335181,-0.950838542416
1039,1039,2.0213934807,-0.48460041271
1040,1040,-0.140329878943,-2.04443634163
1041,1041,2.23978340157,0.328209056233
1042,1042,0.095798130944,-2.34342571992
1043,1043,0.00410393188277,-2.44891288549
1044,1044,-0.781390823612,1.6354242083
1045,1045,-0.678709264617,1.64215018313
1046,1046,-0.830506222796,2.0758631506
1047,1047,-0.638789337716,1.79569073387
1048,1048,0.899279619021,-1.84131191214
1049,1049,-0.0866810342898,2.02401274071
1050,1050,1.34839402904,-1.84191671296
1051,1051,0.346295865565,-2.16724285109
1052,1052,-0.296694884832,2.04989812377
1053,1053,-0.790550701297,1.85246903554
1054,1054,-0.763122566409,2.17287732697
1055,1055,-0.174438657073,2.56227441043
1056,1056,0.948147577468,-2.02055381769
1057,1057,0.62907480106,-2.11669482996
1058,1058,0.324611517655,-2.20395960603
1059,1059,-0.166219480713,1.78441251175
1060,1060,-0.267270293242,2.2266988283
1061,1061,0.956239900566,-1.65313756037
1062,1062,0.0425592977768,-2.42430559631
1063,1063,0.670228957936,-1.8693503024
1064,1064,-0.250842715709,2.07240642587
1065,1065,0.0266336027071,2.07538966574
1066,1066,0.0477334747723,2.23023924013
1067,1067,-0.378422892352,1.91263535474
1068,1068,0.493792632477,-2.00814367032
1069,1069,-0.0788195625719,2.09745881468
1070,1070,-0.425637414022,2.21837826786
1071,1071,0.166825922508,-1.9734062926
1072,1072,1.88789633323,0.552964493949
1073,1073,0.0351155380145,-2.45380460374
1074,1074,2.56741219964,-0.0361289209538
1075,1075,-0.849320384995,-1.19019020194
1076,1076,0.647373839774,0.626851696174
1077,1077,-1.15983641924,-0.933107980376
1078,1078,-1.07728879129,-1.031027067
1079,1079,-0.620017597857,1.68764538096
1080,1080,-1.27047271594,-1.19999773012
1081,1081,-1.30284560068,-1.28208950966
1082,1082,2.24739127651,0.289897508156
1083,1083,-1.20576017662,-1.47622982416
1084,1084,-0.170694124944,1.9322850275
1085,1085,0.235652843625,1.35377019125
1086,1086,-0.108818230023,0.399150398892
1087,1087,-1.21923001574,0.843368644531
1088,1088,0.488432842583,1.67229123022
1089,1089,-0.11931197963,1.06391341576
1090,1090,-0.328328598814,-0.810029965919
1091,1091,-0.953994552477,0.685306614026
1092,1092,0.309919881349,1.39241772448
1093,1093,-0.652530812028,-1.53456327511
1094,1094,0.0388099821992,-2.39520596687
1095,1095,-0.541452569672,2.41632112262
1096,1096,0.576578459693,-2.62568305514
1097,1097,-0.365942668343,-2.50541731687
1098,1098,0.288770882414,-2.01537392472
1099,1099,0.112293641089,-2.19933729735
1100,1100,0.387587347423,-1.88675767117
1101,1101,-0.925989998864,-1.21376237312
1102,1102,-0.271766160597,-1.80628561202
1103,1103,0.275822455014,-2.30383454473
1104,1104,-1.1968650393,-1.57350915461
1105,1105,0.157684346794,-2.24190297739
1106,1106,2.54208640485,0.138432929338
1107,1107,-0.546770957183,2.16354468994
1108,1108,-1.4527521318,-1.76616686799
1109,1109,-0.217776482466,2.15287775616
1110,1110,0.454162875002,-1.38119301951
1111,1111,-0.258921528462,2.06212106793
1112,1112,0.738373652548,-1.6206618402
1113,1113,2.54973287442,-0.0195690072455
1114,1114,1.48363546819,0.616613306591
1115,1115,0.291326433796,-2.43525752418
1116,1116,0.50641713278,-2.15352406384
1117,1117,-0.495013287109,1.1309479114
1118,1118,0.722970788563,-1.60475303164
1119,1119,1.31959926645,-1.07872562391
1120,1120,-0.503515643498,1.73716090539
1121,1121,-0.512987195344,1.98653315059
1122,1122,-0.323155112933,2.33259671787
1123,1123,1.17560996112,0.422798823349
1124,1124,-0.727783632684,-1.6701575551
1125,1125,1.15546553578,-1.64713428237
1126,1126,-0.342692616827,2.21940998777
1127,1127,0.495214714772,1.38192874608
1128,1128,1.56564698193,-1.12487331509
1129,1129,-0.397668172045,2.32156235281
1130,1130,0.920206500623,-1.60461297383
1131,1131,-1.00737133371,-1.65870906449
1132,1132,0.552655551672,-1.88844930418
1133,1133,-0.212095911319,-2.1950449802
1134,1134,0.237095173108,-2.30205384702
1135,1135,0.710742912644,-1.95066051505
1136,1136,-0.0519620147576,2.34640212356
1137,1137,-0.00654268134644,-2.10863517815
1138,1138,0.391759340331,-2.71685439162
1139,1139,0.447313905366,-2.19199660818
1140,1140,-0.0695235330249,2.21395811472
1141,1141,0.161917242195,1.9826849823
1142,1142,-0.0962987163175,2.28814979685
1143,1143,0.974509441754,-1.49568863265
1144,1144,1.46766860676,0.775782516621
1145,1145,2.69321845588,0.0155545475885
1146,1146,0.950255482837,1.39821321875
1147,1147,0.181276236827,1.82618860222
1148,1148,-0.212052721333,-2.46693125896
1149,1149,0.323179020502,-2.4883906789
1150,1150,2.48089409518,-0.12430667029
1151,1151,-0.266079322275,2.68053582486
1152,1152,0.204744399176,2.53803976299
1153,1153,2.42203530859,-0.156354563753
1154,1154,-0.246430331405,-2.40259780242
1155,1155,-0.143450523953,-2.60325999987
1156,1156,1.95290560065,0.494515092205
1157,1157,-0.036151418111,1.99470979688
1158,1158,2.10785209237,0.555958517855
1159,1159,2.12188751302,0.0460936809351
1160,1160,-0.0745579724734,2.0610915547
1161,1161,0.187784857168,-1.14810770649
1162,1162,0.065651236365,2.24133794866
1163,1163,0.30762311109,1.94792797705
1164,1164,0.712773201079,-1.81966184268
1165,1165,1.7108413134,0.628448636603
1166,1166,0.526874211194,1.7977249042
1167,1167,2.46967197591,-0.225750588459
1168,1168,0.940281073211,-1.66061594341
1169,1169,2.32660425028,-0.1330521556
1170,1170,2.02077011984,0.0730213309968
1171,1171,-0.318652961417,-2.46639637068
1172,1172,0.0433612251745,-2.15416465056
1173,1173,-0.139773384024,2.16221113838
1174,1174,0.0470982234665,2.50083821632
1175,1175,0.216332718425,2.1872477083
1176,1176,0.020475130628,2.33119712728
1177,1177,0.106970842121,-1.67236059989
1178,1178,1.77714215151,0.712989195647
1179,1179,-0.0907438450848,-2.49712414027
1180,1180,0.0214794534924,-2.62127555458
1181,1181,2.1203723589,0.219549795531
1182,1182,-0.215140298227,-2.36803341391
1183,1183,-0.129784422952,2.23436628727
1184,1184,-0.376220918992,2.31194602851
1185,1185,0.973316573457,-1.7096235123
1186,1186,-0.0729324628352,-2.50692355187
1187,1187,-0.2752324055,-2.10341619432
1188,1188,0.953557925125,-1.63398478961
1189,1189,-0.412844153402,-2.51571562603
1190,1190,-0.256263932617,-2.3635212513
1191,1191,0.504449159245,-2.15359294544
1192,1192,0.00137784858724,-1.99551332567
1193,1193,-0.169033867511,-2.07796643069
1194,1194,-0.246139483385,-1.88902117257
1195,1195,-0.0233272570989,2.08702210607
1196,1196,2.04022688997,0.0305183275745
1197,1197,2.28210477559,-0.00173885125793
1198,1198,2.29672747236,-0.161379966581
1199,1199,2.39576176397,-0.0683278956057
1200,1200,0.281138794102,-2.28846761008
1201,1201,0.555280879219,-1.8209872614
1202,1202,-0.647749966631,1.80881268261
1203,1203,-0.513786092187,2.19197063969
1204,1204,-0.327455187864,2.14966280912
1205,1205,1.04019830321,-1.95658232115
1206,1206,-0.216542413164,2.193932953
1207,1207,0.0402619211513,-2.68238863585
1208,1208,0.514173136099,-2.48009754545
1209,1209,2.16587270298,0.144469374916
1210,1210,2.74033795617,-0.222885155666
1211,1211,-0.0550016327595,2.07220132122
1212,1212,0.882587636848,-2.10416741178
1213,1213,2.58392288209,0.222425928407
1214,1214,1.51804804861,0.437379309794
1215,1215,-0.269246163521,-2.4602024083
1216,1216,0.332486901616,-1.71486138269
1217,1217,0.00264300141091,-2.36902717032
1218,1218,0.271226485903,-2.01748865671
1219,1219,2.11778172237,-0.0114018367085
1220,1220,1.1959117611,-1.1443748323
1221,1221,1.485931575,-1.38045781898
1222,1222,1.37574936793,0.65540177408
1223,1223,1.28095559467,-0.960894066035
1224,1224,2.91079585597,-0.0799207403857
1225,1225,2.54910796864,-0.0130113724691
1226,1226,0.371710466789,-0.0566483645492
1227,1227,-0.0949711815504,2.61284927317
1228,1228,0.667902166063,-0.0277064347732
1229,1229,-0.229745636804,2.06855624924
1230,1230,0.223077357795,-2.25688396104
1231,1231,0.49557505244,-2.26372877749
1232,1232,-0.243759741771,2.47766596717
1233,1233,0.907407034394,-1.9741886573
1234,1234,-0.104438829483,2.38027753402
1235,1235,0.263091373383,-2.00294506013
1236,1236,2.45740710073,0.425806187413
1237,1237,0.605397915067,-2.49862704539
1238,1238,0.0566988774685,2.27375698243
1239,1239,0.652318838257,-1.65168715655
1240,1240,0.0615983904983,-1.97983307986
1241,1241,2.29102639959,-0.0059335788426
1242,1242,0.252465330163,-2.17553827766
1243,1243,-0.0262311586529,-2.55010025655
1244,1244,0.372425040477,-2.2235193463
1245,1245,-0.0912113345899,2.5697106754
1246,1246,0.0227772420838,-2.40875079304
1247,1247,-0.150872221823,2.30021517494
1248,1248,-0.281233466466,2.29660531487
1249,1249,0.314543604952,-2.30925982183
1250,1250,0.163480515476,2.3677451036
1251,1251,-0.0607928658461,2.31144963277
1252,1252,-0.154270870423,2.29945112595
1253,1253,0.500594390199,-1.91768860141
1254,1254,1.79655528399,0.438984909983
1255,1255,2.80998767908,-0.250999463147
1256,1256,2.2956925771,-0.202710191255
1257,1257,2.59585350382,-0.0819451278675
1258,1258,2.08665950327,0.400335574425
1259,1259,2.19059357785,0.0388436272764
1260,1260,2.54603691873,0.355339220315
1261,1261,2.35718923475,0.0823004635614
1262,1262,-0.174357361476,-1.89723829296
1263,1263,0.339960913912,-2.23835251688
1264,1264,2.21188036924,-0.117960462653
1265,1265,0.0719284139238,2.42776424502
1266,1266,1.3627543612,0.0899733300555
1267,1267,1.69027786295,-0.287498480588
1268,1268,-0.140248414421,-2.35532373685
1269,1269,0.160553171471,-2.33640189419
1270,1270,1.92904940408,-0.212631393737
1271,1271,-0.340836954986,2.43332818427
1272,1272,1.88562848008,0.622029329566
1273,1273,-0.0762124340444,-2.09797772031
1274,1274,0.638956443549,-0.487331032976
1275,1275,-0.194394889558,2.62056213665
1276,1276,0.451654362753,-2.24642997404
1277,1277,0.0979891595561,-1.82424738551
1278,1278,2.29874056636,0.113717702591
1279,1279,1.95332040133,0.254869278363
1280,1280,0.697454246403,-0.104739867862
1281,1281,2.51826605526,0.248085402411
1282,1282,2.25171368156,0.234289305137
1283,1283,2.19819902766,0.204248872717
1284,1284,-0.419034879596,-1.94438599354
1285,1285,0.97152166632,-1.78925641351
1286,1286,-0.000411842770158,-0.566192901375
1287,1287,1.63647341543,0.825467626832
1288,1288,-0.0195231534987,-2.09669205992
1289,1289,-0.0614664620744,-2.15131740295
1290,1290,-0.00965560413666,-2.09785805663
1291,1291,0.946315148175,-0.55947650703
1292,1292,0.486962618778,1.80123570328
1293,1293,2.42142426445,0.333246412981
1294,1294,2.69865290831,0.129817101726
1295,1295,0.722813792459,-0.702254293344
1296,1296,0.249982191033,-2.36297673525
1297,1297,0.174390998742,-2.13279150412
1298,1298,1.32659884834,-1.0203039356
1299,1299,-0.203048126334,2.18464206193
1300,1300,0.367116411558,-2.04399217844
1301,1301,-0.0109635530449,2.62896340667
1302,1302,-0.266998569599,1.83672782436
1303,1303,0.78063129068,-2.07835170554
1304,1304,-0.320066603409,1.8731968694
1305,1305,-0.106623682636,1.96166825347
1306,1306,-0.383655688041,2.29911738904
1307,1307,-0.386926567421,2.40401830924
1308,1308,-0.472971838163,2.23863211659
1309,1309,-0.22475566715,2.32475689588
1310,1310,0.444053421268,-2.06853063879
1311,1311,0.0395514368629,-2.5587902904
1312,1312,-0.290222012711,2.52027533077
1313,1313,0.0541103898766,-2.27666018397
1314,1314,0.998015286254,-2.24513364885
1315,1315,0.292263804,-2.19729513827
1316,1316,-0.775381896392,2.40045906224
1317,1317,-0.0837878055109,2.04083286004
1318,1318,0.454941837651,-2.3413568953
1319,1319,-0.308517502532,2.29130063215
1320,1320,0.529210884002,2.32957873876
1321,1321,-0.629099737094,2.10679721002
1322,1322,0.182656140917,2.12425788566
1323,1323,-0.0403533469002,2.17347089244
1324,1324,0.76921870664,-2.13158602385
1325,1325,0.992746488126,0.730312625855
1326,1326,2.09271219643,-0.0448286227736
1327,1327,-0.00853784106572,-2.33812963711
1328,1328,0.186720442517,-2.18027383534
1329,1329,2.2407813935,-0.0834228928841
1330,1330,-0.165843379122,2.37412195792
1331,1331,1.00233093748,-1.93909942614
1332,1332,1.72759644174,0.693741956069
1333,1333,0.0603030054607,-2.38528094426
1334,1334,0.0709369804315,1.84561184651
1335,1335,1.1709956088,2.1953290148
1336,1336,0.736261757298,2.07319713179
1337,1337,-0.482396998328,2.40680156742
1338,1338,2.08281666728,1.41443299018
1339,1339,-0.0473298006732,2.89273401458
1340,1340,1.07701729606,1.39018181185
1341,1341,0.889828070753,1.25372365765
1342,1342,1.43429629428,1.20399813626
1343,1343,-0.0369454329715,-2.86506892882
1344,1344,0.212225841398,-2.15432424921
1345,1345,1.54776734357,1.11394604373
1346,1346,0.525784786445,1.99793556726
1347,1347,1.71693518681,0.389550610602
1348,1348,1.12356507635,2.01590361764
1349,1349,0.265653049182,1.99060141532
1350,1350,-0.693022238825,-2.0945174655
1351,1351,1.77545394286,0.881372678979
1352,1352,-0.808781501985,-0.464911535802
1353,1353,0.360979751828,-1.80658240687
1354,1354,0.704311982302,1.97344848824
1355,1355,1.11528983397,1.10806579297
1356,1356,2.07532120551,0.314353908583
1357,1357,1.25952707832,1.54086044733
1358,1358,0.722686887723,1.88467104873
1359,1359,1.09516308953,0.727012479146
1360,1360,2.13483461246,0.214261606342
1361,1361,0.308942978807,0.424969055514
1362,1362,-1.01449353324,-1.54819004616
1363,1363,-0.54236295856,-1.61190391798
1364,1364,1.73270295923,0.307608555787
1365,1365,1.39461900263,-0.476556331953
1366,1366,2.78259804388,0.0273961784419
1367,1367,-0.517275622153,1.14951770694
1368,1368,0.358942625322,2.30822344661
1369,1369,0.460920130157,-2.06027860189
1370,1370,0.251500575302,2.13865425987
1371,1371,2.42077041725,0.00845062893746
1372,1372,1.36397864795,0.435569480408
1373,1373,0.0269967078228,2.19387205159
1374,1374,1.82829967947,0.7244069974
1375,1375,1.53482231732,1.58090678573
1376,1376,0.908098670562,1.34974249411
1377,1377,-0.750898737902,-1.38879863361
1378,1378,0.776451362664,-2.09279481159
1379,1379,1.5519339126,0.919564548911
1380,1380,0.142594977726,2.81726702652
1381,1381,1.23669032569,1.88545697814
1382,1382,-0.234871059554,-2.44622242444
1383,1383,-0.013064152868,2.2566934737
1384,1384,1.62409050501,0.8991301892
1385,1385,1.958659013,0.597807044264
1386,1386,0.88513254879,0.68808361988
1387,1387,1.6638805891,1.39033599916
1388,1388,2.88528887166,0.920888121842
1389,1389,0.96806899624,1.35638416663
1390,1390,0.484863638696,1.97036762178
1391,1391,-0.128671392813,2.24567235311
1392,1392,0.882099011938,-2.68962323094
1393,1393,0.652272700105,0.644528024812
1394,1394,0.857222119687,0.384180758726
1395,1395,2.27985329738,-0.0660906577617
1396,1396,2.23934578388,0.15592236176
1397,1397,1.32954779611,-1.88873685113
1398,1398,0.245777115829,1.67282879955
1399,1399,-0.371848132441,-2.73422733135
1400,1400,0.90375617631,0.167997935566
1401,1401,-1.79057618639,-1.51754110282
1402,1402,0.328425934696,2.46420144211
1403,1403,1.33647857993,-0.0759885515144
1404,1404,0.090568176141,2.40164584579
1405,1405,0.864216098373,1.88234257403
1406,1406,0.395979647114,2.57890145148
1407,1407,-0.42758280302,3.40684565991
1408,1408,0.0619238672835,2.11218506415
1409,1409,0.140300321678,3.19007466497
1410,1410,-0.0216184859627,1.99404278698
1411,1411,-0.178918019907,2.48244073862
1412,1412,0.0719464863598,2.47601470099
1413,1413,-0.104863806301,2.02516228047
1414,1414,-0.0162569007204,2.43772824945
1415,1415,0.724644145482,3.31851680036
1416,1416,0.389122679283,2.87109686756
1417,1417,2.26921657679,0.289722157588
1418,1418,-0.11147410645,2.16238353343
1419,1419,0.896825954064,0.593326142892
1420,1420,-1.21349131061,-1.05996419453
1421,1421,0.247715331788,0.0563381963577
1422,1422,1.0325395638,0.190370948075
1423,1423,2.12101939722,0.0961164515585
1424,1424,-0.111082138439,-2.22988283815
1425,1425,0.282001923671,2.08486462721
1426,1426,0.21215652919,0.860251854013
1427,1427,2.47226679233,0.838420532427
1428,1428,3.3165126964,-1.04150295199
1429,1429,2.56597242406,0.0718841016216
1430,1430,1.59086455926,0.878981702392
1431,1431,2.0545186645,0.262785693856
1432,1432,2.13744320468,0.185416027534
1433,1433,1.70861964749,0.081870916673
1434,1434,0.753700784393,0.668591439253
1435,1435,1.13905573492,0.65530506482
1436,1436,0.389407111022,-2.77436057114
1437,1437,2.36895460554,0.48781038677
1438,1438,-0.312317565768,1.84018842014
1439,1439,1.41669051419,2.19701926695
1440,1440,1.30201968542,2.16551807679
1441,1441,0.161090420014,0.901075795393
1442,1442,0.749014225582,1.59733087519
1443,1443,0.697777946545,-2.63171957655
1444,1444,1.77329443638,2.26824559136
1445,1445,0.471768933539,1.86815844024
