,vote,alpha,beta
0,0,-0.00255403639592,2.38211443638
1,1,-0.408915979795,-2.4795959497
2,2,2.74099441938,0.369005702949
3,3,2.25177072732,0.177972832214
4,4,0.606817695261,-1.54965346491
5,5,2.75851307938,-0.538954857582
6,6,2.09933720026,0.413603946721
7,7,2.2399020756,0.614794102275
8,8,0.257505994059,-2.13798075153
9,9,1.37275506566,-1.55589257479
10,10,2.63589980999,0.428013485244
11,11,3.03784208929,-0.304788818436
12,12,2.79730092183,0.816413741989
13,13,2.59482484029,0.0124525558591
14,14,2.80230237373,0.00265011901618
15,15,2.00817058267,0.145975210845
16,16,-0.113175016207,2.3962453565
17,17,0.551618314008,-0.629303013018
18,18,2.48443325862,0.2463746052
19,19,2.86574094277,-0.0140009600256
20,20,1.72861851858,-0.802291395484
21,21,-0.012187858833,-2.72384293252
22,22,0.134199172208,-2.42137279312
23,23,2.95793990089,-0.384103530239
24,24,0.729903306658,-2.03431627567
25,25,1.24578028292,-0.167965839964
26,26,-0.770542553008,0.0146663455428
27,27,-0.114363333265,2.73512968093
28,28,2.67316146986,-0.0933703882902
29,29,2.57750374051,0.152122523839
30,30,2.58013883335,0.189398371655
31,31,2.60004779764,0.0234915402829
32,32,0.351352846506,-2.32084899841
33,33,0.113015803368,-3.00268042543
34,34,1.45974340209,-0.594114597975
35,35,-0.0841260711572,2.10833012128
36,36,-0.168013514515,-2.1766300716
37,37,-0.0828091958222,-2.26670521229
38,38,0.193793920602,-2.26377309872
39,39,-0.989277935217,-1.37722041215
40,40,1.72293664285,-1.45149168261
41,41,0.146686541523,2.46545802154
42,42,-0.486258513258,-2.15741054201
43,43,2.77921606025,0.126642718417
44,44,3.04719701858,-0.24991830644
45,45,3.07108754003,-0.00947003522748
46,46,2.29353058646,-0.0442520235954
47,47,1.99235724393,-0.203233073887
48,48,2.67526248632,0.570097285246
49,49,1.68242113431,1.33278269777
50,50,-0.0845778299867,-2.3781969293
51,51,0.0403255710099,-2.65415463109
52,52,-0.203195390594,2.74545681491
53,53,0.204816676153,-2.76541209865
54,54,-0.219158468001,-2.68688789385
55,55,0.517480690627,-1.88184494828
56,56,0.78879061406,-2.4711444682
57,57,-0.696479870841,1.92584170461
58,58,0.393444741459,3.03681214528
59,59,-0.197150631296,-1.72964227957
60,60,1.08059065198,-2.69959615624
61,61,2.31042974697,-0.274220995328
62,62,2.6204662945,0.229678022059
63,63,2.72944020892,-0.312673524934
64,64,2.5956490194,-0.05833147859
65,65,2.38639338299,-0.265547084188
66,66,0.404000087151,-2.3958807182
67,67,0.546947491167,-2.57364966971
68,68,0.975400761706,-1.94077679066
69,69,-0.451247433456,-1.92186728555
70,70,-1.28886429865,1.70868063993
71,71,-0.708317885417,1.96200499153
72,72,-0.819380306048,2.14155187649
73,73,-0.761779152833,2.22636287167
74,74,-0.813298439911,2.36242511203
75,75,-0.595146579527,2.55068407769
76,76,-0.228783464434,2.00887326011
77,77,-0.777407332312,1.58175959665
78,78,0.154488380261,2.51574703444
79,79,0.833787480578,-2.01803365764
80,80,-1.00642037133,-2.26442057163
81,81,0.0266741192088,-2.50121794689
82,82,0.0509649518348,-2.82752063047
83,83,0.00199247346901,2.65790430052
84,84,-0.363405526422,-1.92220759339
85,85,2.72549999367,0.0628910146937
86,86,2.36793079103,-0.639529509342
87,87,-0.187612723059,-2.52493754574
88,88,-0.107516620849,-2.48759962465
89,89,-0.689402032501,-1.02701926468
90,90,0.299298277453,-0.451752130047
91,91,-0.429650438266,-1.90817899942
92,92,-0.949508893942,1.96243656354
93,93,-0.826259780484,-1.94786624861
94,94,0.141744838508,2.5302413977
95,95,2.18867643855,-0.23080809611
96,96,-0.991544864278,2.06166690058
97,97,-0.59465144144,1.94659794971
98,98,-0.2907847229,0.345899858611
99,99,-0.166862759355,1.75978045658
100,100,-0.161505198547,1.42323886951
101,101,-1.01879488836,0.548711296955
102,102,-0.368175351315,-1.78729005996
103,103,-0.941259970702,1.70696324507
104,104,-0.375555615636,-0.945140478537
105,105,-1.16335558622,-0.0361429984757
106,106,0.769711274065,0.887102012769
107,107,0.145098157625,-1.44286443436
108,108,-0.408686190714,0.597452814459
109,109,-0.562216835287,0.570413499312
110,110,1.39643735009,1.57054972818
111,111,0.117688054079,-2.26921575436
112,112,-0.339260689558,-1.41214415705
113,113,-0.254907449327,-1.95303697594
114,114,0.219658030887,2.76442618095
115,115,0.403790239814,-1.56500909556
116,116,2.80791785523,0.334330646695
117,117,2.84984381599,-0.225265214277
118,118,0.463055934013,-2.43091187895
119,119,2.03373495881,-0.526353742757
120,120,2.44906826657,-0.320498644912
121,121,-0.309239822981,2.05505004633
122,122,1.47334505402,-1.59619020782
123,123,2.37447416697,0.0342478426747
124,124,0.741521182151,1.62603138992
125,125,0.662308750197,-2.6934482321
126,126,0.449060425945,-2.22539766424
127,127,-0.717435273881,0.813824414425
128,128,0.268025517853,-2.017256603
129,129,-0.188827710493,-1.31663452562
130,130,-0.856049207985,-1.62928465946
131,131,1.01119511833,0.977575483065
132,132,-0.481255517812,-1.84152049495
133,133,0.14779959607,1.62292016686
134,134,0.518626358329,-2.28717511776
135,135,0.943589667962,1.95310292529
136,136,-1.97449604655,1.22136078087
137,137,-0.556383093303,0.742570976433
138,138,-1.29673724563,0.725859457324
139,139,-0.0784326658047,2.13642488587
140,140,-0.560096568938,0.202593292545
141,141,-0.782969556628,0.475360016465
142,142,0.565815107122,-2.15792774193
143,143,-0.964920492229,2.12106262557
144,144,-1.40448419412,1.94617056157
145,145,-0.878051760377,1.36168959445
146,146,1.6940895627,0.703599193233
147,147,-0.165529896494,1.20372192243
148,148,2.58461204746,0.39897473873
149,149,2.92772576478,-0.082569219345
150,150,0.075585861884,2.29715128548
151,151,0.791011260378,-0.596142278412
152,152,2.66493573628,-0.0668251743546
153,153,2.48671572769,0.0412230728678
154,154,2.73090404887,0.398432102037
155,155,0.133234723116,-2.62326988287
156,156,0.211298548004,-2.54247112476
157,157,2.8781181138,0.00242172120596
158,158,0.330458449417,-2.22182560698
159,159,1.90346407207,0.606905379739
160,160,0.26587701512,-2.38654695092
161,161,0.196209287772,-1.97234564672
162,162,-0.546451739918,2.30633438394
163,163,0.324435364362,-0.452744730822
164,164,-1.2080022173,-1.08045798242
165,165,-0.348600190304,1.68438778705
166,166,0.163407950476,-2.60383810682
167,167,-0.597673770089,1.28143691759
168,168,1.02374894454,1.28350926391
169,169,-0.0287746406706,0.0906272630978
170,170,-0.87229022225,-0.588143336222
171,171,-1.13632672839,-0.957816136518
172,172,-0.934620537701,1.10527409485
173,173,-1.09435234909,-0.729920611492
174,174,-0.728664394381,-1.9505689021
175,175,0.102009023844,1.55993550079
176,176,0.204991045468,0.759222589412
177,177,0.233017145672,-2.18587340868
178,178,0.0606932607912,1.15365915674
179,179,-0.388097620766,-1.39631995438
180,180,-0.96899130996,-1.5040158507
181,181,1.05133060475,-0.379763096973
182,182,-0.326577708522,-1.12320297346
183,183,-0.0249200782703,0.923203404538
184,184,-0.0798037872038,0.486415137266
185,185,-0.305108343476,0.315315198994
186,186,0.641338983368,-0.420193378989
187,187,0.115020071988,-0.452557415439
188,188,-0.0255169303335,-0.658473518115
189,189,-0.156520356283,-0.183950855405
190,190,0.0462555481542,0.318660922227
191,191,-1.13563357723,-1.99595198599
192,192,-0.0627472861039,-2.24829624666
193,193,0.193911658925,2.845749333
194,194,-0.306783542365,-0.968022199678
195,195,2.36016808511,0.0905883311973
196,196,2.72734532247,0.394895475294
197,197,-0.0534292658626,-2.50825893045
198,198,-0.763287062039,1.27936786792
199,199,0.28166724892,-2.06536265838
200,200,0.472424677444,1.53853634711
201,201,-0.0642674123922,2.60647599707
202,202,1.15844254437,-2.11919382739
203,203,3.19396205596,-0.487798982071
204,204,-0.466077234409,2.02905988483
205,205,0.187505605702,-2.2566733064
206,206,0.186750994611,-1.30545210885
207,207,0.452048947766,-1.86978315356
208,208,-0.42724826537,1.82771370483
209,209,0.080667245954,-2.56497751358
210,210,0.50849254247,-0.655117242906
211,211,-0.447092791055,-2.15867052688
212,212,0.622094077754,2.11021208825
213,213,-0.941992573266,2.14171741969
214,214,0.136327317813,2.16452906353
215,215,0.0637493673777,-1.94816425024
216,216,2.17664244351,-0.950842269275
217,217,1.74237908382,-1.17343086283
218,218,2.65635943184,0.20465604603
219,219,-0.0809597475808,-2.46173324622
220,220,0.430199108786,-1.98602658745
221,221,1.83053607476,0.813180912031
222,222,-0.800140441327,2.44874507563
223,223,-0.0434045359567,1.83554726826
224,224,-0.915450309351,1.77663410531
225,225,-0.467099512553,0.274226548202
226,226,-1.15490029664,-1.75510975996
227,227,-0.96529521916,1.98791252586
228,228,-1.35571924649,-1.86394843899
229,229,0.135495980191,1.87217029723
230,230,-1.46024159028,-1.42457659035
231,231,1.68320319769,0.990908618703
232,232,0.031041936497,2.04608432601
233,233,-0.40231405201,1.85120242524
234,234,-1.02861634758,2.170989541
235,235,-0.973605892057,1.94919975007
236,236,-0.727406332392,1.61347452527
237,237,-1.15890129879,0.692076400195
238,238,-1.05874643221,1.79311690504
239,239,-0.935135714502,1.35370301659
240,240,-1.02478428079,1.64572674448
241,241,-1.19932609679,1.83630822232
242,242,0.298279192312,-2.42282906679
243,243,-1.25262291625,-1.82800972228
244,244,-0.438932713745,2.02022239837
245,245,-0.00770478278474,0.971852228926
246,246,-1.19147830761,-0.977133678221
247,247,-0.2463680686,1.12506468722
248,248,-0.599419029937,0.409815747659
249,249,-0.475805710032,0.323094246017
250,250,-1.20010269146,0.986044873056
251,251,0.374597611977,1.48509285389
252,252,-1.59107202612,-1.33584721293
253,253,0.151967894048,-2.32294258816
254,254,0.068611645995,-1.93857655076
255,255,-0.616591594605,1.53846116599
256,256,-0.211547532295,0.698339538444
257,257,-1.38339019784,-1.76567250174
258,258,-0.252815926011,2.25973058855
259,259,-0.0559852810868,-1.99524783544
260,260,0.0654216085196,-2.58530989037
261,261,-0.0544144560849,-2.70220670651
262,262,0.00342547468105,2.15790636486
263,263,0.292945532908,-2.79691988817
264,264,0.145866471309,-2.43989191729
265,265,-0.136404781626,2.5745067787
266,266,-0.786484791106,-2.16862028277
267,267,2.4531454113,-0.0244671085892
268,268,2.70693073864,-0.30267825644
269,269,2.96316686128,-0.205741264471
270,270,0.0150215824916,-2.71512140241
271,271,0.356183819762,-2.52546428115
272,272,-1.07440835635,0.299143041813
273,273,-0.0169393541893,3.17006494906
274,274,1.20242585933,-2.19625096098
275,275,-0.353066874733,2.44466315308
276,276,0.819498528745,-1.85075029458
277,277,0.106414971817,-2.09821063809
278,278,-0.202835189385,-2.5210598895
279,279,1.07548482476,1.5248556671
280,280,0.756101558633,-2.28208035915
281,281,0.218210153315,-2.11942218447
282,282,-0.0246662259112,1.86487430303
283,283,-0.27142075718,-2.82717681904
284,284,-0.475749885057,1.95260460206
285,285,-0.333634278655,1.79195518495
286,286,0.315364512456,2.82600536917
287,287,-0.50532784711,-2.05623607611
288,288,2.04341062006,-0.0598740194156
289,289,2.65817978847,0.261447424504
290,290,-0.142878458424,-2.56279307156
291,291,-0.258224048354,-2.52594864092
292,292,-1.467230804,0.550909423995
293,293,1.08358816757,-2.10546962876
294,294,-0.486293176968,1.54575321677
295,295,-0.947252280766,1.50249516614
296,296,-1.69776111701,0.83827797718
297,297,-1.24149104467,-0.916817937524
298,298,-0.52699073868,1.38004533729
299,299,-0.685862971702,1.82942655846
300,300,-0.117287589622,-0.324968552868
301,301,0.454842511093,0.187293406353
302,302,-0.0645245610804,0.486067641403
303,303,0.261306160676,0.363106751499
304,304,1.47829228196,-0.975632150233
305,305,1.00078978812,0.376772381131
306,306,-0.392978981318,0.481678989908
307,307,0.514232975026,-1.70182354853
308,308,0.848435598362,-0.291601233421
309,309,0.328818731304,-2.35144886669
310,310,1.0203886853,0.732280750721
311,311,-1.10686245675,1.00715237773
312,312,-1.31705451505,1.75836052624
313,313,-0.113161364147,-0.435351289685
314,314,-0.000338208650722,-2.66131821882
315,315,-0.153531371671,-2.59618794966
316,316,2.70287764132,0.113547168557
317,317,0.727562281041,-2.57495882386
318,318,-0.101113621507,0.287272719944
319,319,0.496670097092,-1.91009424741
320,320,0.2022049372,1.00835229039
321,321,-0.673697973684,-0.808044925872
322,322,0.514071234387,-2.16393804845
323,323,0.541326887659,0.375169696192
324,324,1.33541470173,1.58678717879
325,325,-0.603733602284,1.55697124057
326,326,-0.369000770076,1.70660312361
327,327,0.26830388598,-2.82578720363
328,328,-0.143367465622,1.01512402202
329,329,2.63726345817,-0.989948416314
330,330,-0.0215863719521,0.208922828679
331,331,-0.667334306688,1.94794120837
332,332,1.05674101101,-1.00531986036
333,333,-0.635888715476,2.50521108128
334,334,-0.650191211981,1.98631912584
335,335,-0.181983703389,3.27443660164
336,336,0.961500635029,-1.65561544626
337,337,1.68050216911,1.36753245834
338,338,0.182468380743,-2.4306581161
339,339,0.369264705975,0.549344926507
340,340,-0.111672961971,-0.47560518882
341,341,-0.540340248093,-1.10512097116
342,342,-0.647003741957,1.19394853131
343,343,-1.02641887944,0.883123974212
344,344,-0.939057164318,1.1374345159
345,345,1.36633592278,-0.268134379679
346,346,1.71059073234,-0.340901652488
347,347,-0.458964120025,2.37798782965
348,348,-0.356741646894,2.57711757441
349,349,0.0459368272315,-2.63621649615
350,350,0.430778276306,-1.80894126232
351,351,-0.181352128827,2.07249767744
352,352,0.34070486791,-2.05304409177
353,353,0.188874727514,-2.49486870921
354,354,0.00501950500507,-2.38005870795
355,355,2.20386033544,-0.0620312177092
356,356,0.502085218861,-2.30634536621
357,357,0.481203172173,-2.41273076951
358,358,0.177541663454,-2.08595725733
359,359,1.35148665491,-2.31763635777
360,360,0.893593845262,-1.45878210022
361,361,-0.116310485932,2.17035261077
362,362,-0.388091001622,1.97161637808
363,363,-0.135420541967,2.34292197422
364,364,-0.00220553940029,2.25837565988
365,365,0.315760014263,2.61178635549
366,366,0.152038883315,-2.19238349546
367,367,0.278407947369,2.54052965045
368,368,0.244763120838,-1.81868135871
369,369,2.05652468518,0.966603363072
370,370,2.84028050546,-0.0520084903208
371,371,2.67675709907,0.0984564614443
372,372,2.60397958748,0.669747842871
373,373,1.99701613,0.257966966037
374,374,2.92417585426,0.325175567351
375,375,2.48657916171,0.170722327643
376,376,2.59362213422,-0.164402729122
377,377,2.24091405728,0.0605404889926
378,378,-0.112642439411,-2.79732514205
379,379,-0.0875261354826,-2.27096342661
380,380,0.544725612047,-2.75707040926
381,381,2.37986716053,-0.0026958387768
382,382,2.86815252407,0.197281196748
383,383,2.01390406784,0.799534469398
384,384,0.0555384917327,-2.55427479935
385,385,0.00233244164994,-2.62118670772
386,386,2.00488911256,0.710964401494
387,387,-0.587245792529,2.29174609415
388,388,-0.289618073902,2.33698110528
389,389,-0.474198475412,2.00294124978
390,390,-0.596089790113,2.46179865635
391,391,3.43766058292,-0.147974579833
392,392,0.0455370278804,2.23635858481
393,393,0.458819819099,-1.85105205739
394,394,-0.372135584374,-2.20945436335
395,395,0.0536085885932,-2.69298980895
396,396,-0.336705556032,-2.08692388017
397,397,-0.240734627217,2.42195191101
398,398,-0.664603872288,-2.36297757659
399,399,0.134915981202,2.74259635394
400,400,0.115196065001,-2.4278364351
401,401,-0.162130685474,-2.14701085672
402,402,0.549024054205,-2.02670182521
403,403,0.840956662964,-2.06742915828
404,404,0.242101354274,2.49879039233
405,405,0.630507659395,-2.24772546121
406,406,1.03086080046,-0.863828705129
407,407,2.49945265888,0.0421699635183
408,408,3.32567334863,-0.301725280442
409,409,2.92789280595,-0.171814469078
410,410,-0.321810032219,2.1072685922
411,411,2.49933757403,0.371021360836
412,412,0.326457411409,2.27704082588
413,413,2.63152871733,0.319067999357
414,414,2.88642368138,0.146222095299
415,415,0.0255928748783,-2.45553878307
416,416,0.020918409241,-2.48876532587
417,417,0.00913074120465,-2.1158978675
418,418,2.39205919352,0.395338142559
419,419,0.782735843842,-2.14871283035
420,420,0.0526399625618,-2.44955729611
421,421,2.47913988957,0.273134947696
422,422,0.14499887041,2.29116543657
423,423,1.48735577243,0.5629559535
424,424,0.0504860583715,-2.78223290828
425,425,-0.34510850371,-2.45012016246
426,426,2.15405000141,1.04848031423
427,427,-0.197620013571,-1.50408578054
428,428,0.031592907365,-1.96965590182
429,429,1.00033840132,-2.08708854057
430,430,1.04832240187,-1.69651099472
431,431,0.840847714147,-2.15874915792
432,432,-0.0345988858329,-2.16050713573
433,433,0.053619696593,-2.07348396716
434,434,-0.0484764312719,-2.40728843779
435,435,-0.232001698457,-2.9499341801
436,436,0.739093703404,-2.07112932077
437,437,0.57181704308,-1.67679657431
438,438,0.35975106106,-3.16341082598
439,439,1.07198196015,-1.86484244958
440,440,-0.479180123266,-2.54020604901
441,441,1.21868001455,-2.02525204374
442,442,0.503482035587,-2.58689174126
443,443,2.16895587584,0.319358925698
444,444,0.149900851048,-2.21025538403
445,445,0.131376718996,-2.53546623838
446,446,0.941415309243,-2.09401015155
447,447,-0.0799001069952,-3.07979463372
448,448,1.16135182457,-2.43451492536
449,449,2.77848534392,0.148274440375
450,450,2.83589861522,-0.370622703914
451,451,0.184134002661,-3.00661219229
452,452,0.961726085578,-1.85880837567
453,453,-0.139320651188,-2.5633923073
454,454,0.594807202752,-1.79105847284
455,455,-0.114947288053,-2.50133352832
456,456,0.417239290702,-2.38969509245
457,457,-0.145859304873,-2.58420447278
458,458,-0.317727463175,-2.22090543802
459,459,3.0230422389,-0.00744757617517
460,460,0.507511582856,-2.59985224322
461,461,0.932922580643,-1.98667503023
462,462,2.39347222577,-0.0600622221449
463,463,0.531217645903,-2.8176945559
464,464,-0.908131263378,-1.45021211366
465,465,0.886970836485,-2.37916595185
466,466,0.424686626674,-2.53413001377
467,467,0.885849208382,-2.06566730411
468,468,0.251714676518,-2.26997881711
469,469,0.316390820352,-2.49782486838
470,470,-0.129619508069,-0.284059199832
471,471,0.279111174622,2.44922625886
472,472,-0.0961360237427,-2.49505599261
473,473,1.15394554854,-2.44302312034
474,474,-0.346628169482,1.56005037374
475,475,1.80470082292,1.9841301563
476,476,1.53706831778,1.8942978383
477,477,2.58856718213,-0.0511413975366
478,478,2.49631387896,-0.0221887318493
479,479,0.130164395539,-2.36903588469
480,480,0.884246302282,-1.50092603098
481,481,-0.603621130073,2.19602682145
482,482,-0.143606088727,-1.90740027994
483,483,-0.840862326502,1.11308380372
484,484,0.101763402716,0.0218886519256
485,485,1.80026359369,0.573705044971
486,486,2.24532075384,-0.292318344404
487,487,2.39725787129,-0.389254998973
488,488,2.47283319501,0.444488478256
489,489,0.284941434092,-2.64808224076
490,490,0.572658010892,-2.26499850912
491,491,-0.925490593685,2.11018638285
492,492,0.163341905647,2.81120459203
493,493,1.23546687373,-2.02949982241
494,494,0.29409442549,2.60538914068
495,495,1.15334288281,-1.23464591694
496,496,2.10878489524,-0.982432142198
497,497,0.026187391732,-2.22183962777
498,498,2.50566538892,-0.0333638549485
499,499,2.06941471418,-0.25375540746
500,500,-0.636622756826,-2.67673037099
501,501,-0.149173264825,-3.11248436867
502,502,-0.128808574105,2.39148508499
503,503,-0.323065995303,2.58672274897
504,504,-0.299199179568,2.66300056619
505,505,-0.201866911711,2.6297255089
506,506,-0.235681450558,-2.12011355386
507,507,2.43220261596,0.175495129735
508,508,0.234937181503,2.65780470707
509,509,0.27256999766,-2.45614870542
510,510,2.15264990389,1.70495432353
511,511,0.291845320273,-2.86140083936
512,512,0.248961713375,-2.39318559504
513,513,0.203032206121,-3.07584749644
514,514,-0.132539880634,2.15912237087
515,515,0.687238333767,-1.49742958818
516,516,2.57681456901,-0.408947649054
517,517,2.571527038,-0.0555250300421
518,518,-0.117773751058,-2.90062269088
519,519,-0.127367571394,-2.51993546085
520,520,-0.169907247681,-2.38071920231
521,521,-0.0191601980543,-2.54438037085
522,522,0.492248366533,-2.38074109587
523,523,-0.00470303792615,2.21518836462
524,524,-0.279343938462,2.481337887
525,525,-0.176647182518,2.15224131971
526,526,0.145945247666,1.83591280374
527,527,-0.141578086968,1.74969067225
528,528,-0.579925828985,2.41351082289
529,529,0.0213005648151,-2.86239380983
530,530,-0.338830456586,-1.77836083616
531,531,0.379169061211,-2.40901468229
532,532,-0.130713056648,2.69135331013
533,533,-1.20676874095,1.57428642925
534,534,-0.456012226081,2.44409993357
535,535,0.736077443243,-2.27575865171
536,536,-0.525912028884,1.9666549195
537,537,-0.478019293869,2.4330579318
538,538,-0.29489754543,1.99995301869
539,539,-0.794668152767,2.25101911879
540,540,-0.656508255016,2.21700618429
541,541,-0.0822553371233,2.55618462
542,542,-0.727548092576,2.61404401073
543,543,1.02097667058,-2.00405635778
544,544,2.45720419784,0.150286839465
545,545,2.5053353229,0.137099301441
546,546,2.87233729223,0.189117536223
547,547,2.67744603763,0.0288430066603
548,548,2.30283274557,0.251611620311
549,549,-0.171315476055,-2.16184795224
550,550,0.471575646817,-2.13339367015
551,551,0.485479290605,-1.04213646922
552,552,-0.402703909371,2.10761411076
553,553,-0.267422516668,2.24556475596
554,554,1.13279145435,-1.92057127695
555,555,1.36895929929,-0.963051184954
556,556,0.108807492437,1.1171102461
557,557,-0.671804939225,0.181964766755
558,558,-0.678301913685,0.917716528897
559,559,0.339613020287,0.616402779718
560,560,-0.828518188557,1.43194072353
561,561,0.727394154274,-0.341566314488
562,562,1.92400570337,0.551551226201
563,563,2.52229502842,-0.0699061731831
564,564,2.48900520167,-0.153160571101
565,565,1.55986592547,-1.60034646863
566,566,2.46025727759,-0.150990705775
567,567,3.0146489382,0.100373893188
568,568,2.85372052071,-0.423166316754
569,569,2.48482026022,-0.263558709399
570,570,-0.102306330138,-2.32806892397
571,571,0.121553180811,-2.94397102375
572,572,0.109085875103,-2.67286330885
573,573,0.811253485239,0.0200807818293
574,574,1.05044997498,-0.442475601336
575,575,0.477247561498,-2.3393915159
576,576,-0.128215202622,2.70912736866
577,577,0.424990439885,-1.82185086813
578,578,1.78852077446,1.26336894913
579,579,-0.145965615794,-2.61861086291
580,580,-0.0957432702789,-2.94172160304
581,581,-0.0133445412014,2.16844864585
582,582,-0.26060784966,2.0603659674
583,583,-0.168806304724,-1.62817047358
584,584,2.74320207257,-0.332793424386
585,585,2.86684736635,0.200941223646
586,586,-0.156445288299,-2.897590977
587,587,2.60112733088,0.25131843442
588,588,-0.0955157379472,-2.53793376021
589,589,0.777234403038,-1.0503891077
590,590,-1.61343923153,2.27680668679
591,591,-1.29120547734,1.33972410112
592,592,-1.80578624886,1.44312368777
593,593,-2.66289170434,-2.50352222052
594,594,-1.20953479174,2.26186348329
595,595,-0.5209340479,-2.36972846921
596,596,0.810041509603,-0.363925530563
597,597,2.07679522424,-0.105212085927
598,598,1.86402872468,1.81654414268
599,599,0.680920516102,-2.26268990433
600,600,-0.212100919511,2.95719476177
601,601,-0.428117730847,2.36543817721
602,602,2.27271529303,-0.357041225251
603,603,-0.0437693805222,-2.50494011601
604,604,0.197167670238,-2.78650815088
605,605,1.13457972104,0.701801803626
606,606,-0.101079796904,2.88071249163
607,607,0.997098330877,-1.82751179283
608,608,-1.11620767563,2.02285571691
609,609,0.878481127642,-1.98006805784
610,610,-1.32005576474,2.69738801629
611,611,1.69469265118,-1.79947175232
612,612,2.17407022951,0.877561876807
613,613,1.10930949303,0.634733347288
614,614,0.682769187991,1.39768852725
615,615,0.930542533045,0.608673547327
616,616,0.324527562956,0.476222751518
617,617,0.964025198605,0.609782738494
618,618,0.798727979411,0.768015900376
619,619,0.442890356559,-1.5589216533
620,620,0.759286345388,1.25740467029
621,621,2.60277197151,-0.221959819837
622,622,0.82865340424,-2.33416005457
623,623,2.21787380903,0.977181920816
624,624,0.151640001414,1.86978612543
625,625,-0.011904792477,-1.18747287071
626,626,-0.485214358485,-0.686225331527
627,627,1.02987842177,1.78272688269
628,628,1.25177596734,0.639033481005
629,629,1.45563186797,0.610155157679
630,630,-1.29448411544,-1.89172480405
631,631,-0.363989010746,-1.8663276619
632,632,-1.95563053243,1.69696911312
633,633,-0.641138336876,-1.48970041892
634,634,2.8752671532,0.482182990765
635,635,-0.109416003455,-0.205173761167
636,636,-0.788556727542,0.985226853593
637,637,0.0134634858049,0.46540793748
638,638,4.15768986005,0.204508902219
639,639,0.36955375926,0.253552920533
640,640,-0.53807482065,-1.56704284863
641,641,0.985515260833,0.314001573578
642,642,1.25221113787,1.23415927662
643,643,-0.562493584638,-1.33069709726
644,644,-0.766461352931,2.84437353699
645,645,-0.162358139934,1.96572111539
646,646,0.57845544589,0.681072262488
647,647,2.25760141682,1.70128183049
648,648,1.62449234203,1.17374612511
649,649,0.770065577234,1.69950105982
650,650,1.98437248976,0.833349794824
651,651,-0.515589849365,-1.38554099351
652,652,-0.599863325371,-1.9524953202
653,653,2.04639915754,0.496964506332
654,654,1.2051690095,2.32968974173
655,655,0.929885126537,0.754265627262
656,656,-0.942801623168,-2.37135301029
657,657,1.60345272392,0.404819751758
658,658,0.351930489871,1.19457555432
659,659,2.94510608646,0.372388696398
660,660,0.795543499201,1.3398251886
661,661,2.01892630687,2.271355978
662,662,1.51125396714,2.31671837535
663,663,1.09344552592,1.37898030453
664,664,1.43966997658,1.77165584745
665,665,0.999788834791,1.46859538073
666,666,1.48500730331,2.1536557864
667,667,0.196020289757,-2.16255871003
668,668,-0.275597972358,2.63388883122
669,669,1.67837519783,1.96774032125
670,670,-0.272116412302,-1.77566198524
671,671,1.20689082999,1.49800795206
672,672,2.48785947808,-0.416005454944
673,673,-0.877461743678,2.06889273709
674,674,-2.33515246399,2.21497639767
675,675,1.52403847722,-1.15847478131
676,676,0.778152491591,1.9845944118
677,677,1.11961744197,1.11655941771
678,678,2.04131704086,1.33520229676
679,679,0.161585294307,2.30675891606
680,680,1.46976827879,0.326166799205
681,681,2.08511242561,0.686389199209
682,682,2.86084699486,-0.0578901776903
683,683,2.03597805026,1.50490239746
684,684,1.49384861594,1.97163315329
685,685,-0.0175333278902,2.83794576911
686,686,-0.161832074056,2.28852655064
687,687,0.0396647767582,2.16076556565
688,688,-0.431876073579,2.38517611827
689,689,-0.0898478177323,2.61762394748
690,690,-0.442535560953,2.61312568728
691,691,1.08649112941,0.755182305963
692,692,2.04124930741,1.88031870851
693,693,-0.684106778591,-2.74351485454
694,694,0.617710319195,1.2208564578
695,695,0.160918497805,-2.22198303827
696,696,0.941865364702,1.92596071981
697,697,1.33566550328,1.8318637065
698,698,2.09584487049,0.275494770494
699,699,2.09228049001,0.152330584361
700,700,-0.120561572416,-1.83471305851
701,701,-0.184944944474,1.65398497705
702,702,-0.386710945516,1.94976490552
703,703,-1.08638609851,2.86962605785
704,704,-0.785548483258,-1.28593907898
705,705,-0.211879876266,2.31758640249
706,706,1.01645154425,1.77493857226
707,707,-0.167188002089,-2.61208868762
708,708,1.35745485362,2.41213769835
709,709,1.02106043161,1.40157925508
710,710,0.256826717377,-2.40866785621
711,711,1.09439734389,0.476647181787
712,712,-0.0390195065328,-0.360431837845
713,713,-1.66888590781,-2.17482328111
714,714,0.524066055407,-2.77125032667
715,715,-0.561642563024,2.07198923302
716,716,-0.0661331706837,1.95722009637
717,717,-0.0271630453067,-2.06514522876
718,718,0.661997250598,1.67037526777
719,719,0.0211045409334,-1.76203307088
720,720,0.996817232436,1.88079624445
721,721,-0.207545883517,-2.27820638157
722,722,-0.374177455556,-1.45407559684
723,723,0.829872803545,1.00392005962
724,724,0.599027534812,1.76886105552
725,725,1.22844742352,1.052348165
726,726,0.0136682192383,-2.52520157158
727,727,-0.608079183143,-1.88220929267
728,728,1.13437280634,-0.716261581528
729,729,2.16339161493,0.65382990918
730,730,0.105269883288,-2.29846165081
731,731,0.203462116344,-3.11826282147
732,732,0.121009428481,-2.02558544107
733,733,3.07310126075,-0.0478171432625
734,734,0.546659106035,-3.25412335946
735,735,0.678026331493,1.64564752632
736,736,-0.889642674155,-2.58614377289
737,737,-0.321641406892,1.63655753881
738,738,1.21284451902,-1.36010144738
739,739,-1.62032475121,2.37075825448
740,740,0.795300912148,-1.99787801081
741,741,-0.275299432748,1.9530667683
742,742,-1.2293198251,1.46609490761
743,743,2.18915884664,-2.16915561048
744,744,0.516201315236,0.546797651274
745,745,-1.21686675882,-2.25686382574
746,746,-0.000127313684478,-1.69185355038
747,747,0.69433653049,-0.691254707064
748,748,1.94391406687,-1.29386421928
749,749,-0.0917899950811,-3.19750328288
750,750,-0.0450281313616,-2.91147865413
751,751,-1.85424346378,-1.71132635078
752,752,0.184913120047,2.27278108229
753,753,2.79170826157,-0.0274087701195
754,754,0.40249480161,-2.40525899115
755,755,-0.0205469619912,-1.74600369629
756,756,0.102162808957,-2.21529014488
757,757,0.223031330387,-2.13566419864
758,758,-0.680320607213,-2.56994390285
759,759,-0.0462246224705,-1.83072784992
760,760,-0.895024613724,-3.07422551178
761,761,-0.214610711682,-1.76076717939
762,762,0.75896967913,-2.21205391635
763,763,0.121229247403,2.799951677
764,764,1.36347893334,0.287434575766
765,765,0.181581727755,-1.98613250468
766,766,-1.53668853195,-1.56089068815
767,767,-0.383693418524,-3.48055563003
768,768,0.0405313589853,-2.09977212443
769,769,-1.65769352206,-1.60879834072
770,770,-0.786801556635,-2.05868132471
771,771,0.356659026385,-1.5501034451
772,772,-0.988840118288,-2.22248159405
773,773,1.70420994327,-1.88562163323
774,774,1.68026137445,1.41090721541
775,775,1.10355124273,-2.68875036863
776,776,1.31176924513,-2.32078612916
777,777,-0.714934854461,2.554531502
778,778,1.04946138029,1.41439813954
779,779,0.417823134835,1.43696056533
780,780,0.33554832291,-1.65286586427
781,781,0.51413021683,1.86408427828
782,782,0.147725911104,-2.28338958779
783,783,0.113911849844,-2.39288843748
784,784,0.495734823149,-2.48791166013
785,785,-0.258663403251,2.09416815335
786,786,0.0267711313528,2.25408546346
787,787,-0.552902822921,2.38744245438
788,788,-0.0907225000366,2.62771827666
789,789,0.335898518853,-2.22683115909
790,790,0.234071712641,-2.91339236524
791,791,-0.461551859093,2.39033505696
792,792,-0.0507404168522,-2.55558504438
793,793,1.38231524364,-1.5427070396
794,794,-0.234527498684,2.146705969
795,795,-0.172708706459,2.23643891779
796,796,-0.189129535086,2.14006983741
797,797,0.559897100832,-2.45608150337
798,798,2.29719849613,1.05229214959
799,799,2.41543639592,-0.0332315100809
800,800,2.40557260704,-0.162278194999
801,801,2.23422506067,0.315641386537
802,802,0.23461539432,-2.63485009096
803,803,-0.13917072585,-2.55556195656
804,804,2.64490959859,-0.134733854272
805,805,-0.206406058182,2.46856800044
806,806,0.11167181446,1.92693971439
807,807,-0.241593514683,2.36671292204
808,808,0.176401089514,2.60980934617
809,809,-0.0280065897589,-2.17340117882
810,810,0.212261633645,-2.5052426009
811,811,-0.0484709081264,-2.69378385486
812,812,-0.143690543699,2.44559198332
813,813,0.06638104616,2.83300424407
814,814,0.567030669184,-1.69026914781
815,815,2.3996421604,0.59948159859
816,816,-0.659068930558,2.24363753546
817,817,-0.253255347631,2.46318620097
818,818,1.01965768209,-2.31993610472
819,819,0.0499598477764,-2.82048407224
820,820,0.063892330303,2.81467425312
821,821,0.229375912649,-2.01415234717
822,822,2.75901878941,0.0900664880238
823,823,2.66019551005,0.0513955695506
824,824,-0.365662613818,2.47630935133
825,825,-0.177424868725,2.07978721726
826,826,2.81813351576,-0.168224284892
827,827,0.332331620351,2.83699782504
828,828,0.0558725369421,-1.79602274498
829,829,0.310323564712,-3.05187008067
830,830,0.138790954716,-2.06281733486
831,831,2.43141838391,-0.176978432374
832,832,0.195618997307,2.32623423198
833,833,-0.0499281838773,2.57453218045
834,834,-0.0957532903693,-2.19256075544
835,835,1.69169675575,0.258389371828
836,836,1.88868818737,0.682823006659
837,837,2.36006127903,-0.380312795092
838,838,1.73584494494,0.255463495396
839,839,0.0327227026323,-2.09696238476
840,840,0.394960423898,-2.36172657953
841,841,-0.151070846108,2.61498653587
842,842,0.717664724338,-2.17294619266
843,843,0.140898617892,-2.37710500343
844,844,-0.148922120595,-2.83344820061
845,845,0.0496134329273,2.04607572936
846,846,0.365712974173,1.84802365907
847,847,0.287027669456,2.56229529749
848,848,0.127035480601,1.94593552628
849,849,-0.153279223584,2.1002509294
850,850,0.3924462804,-2.40884718255
851,851,0.177691305585,2.50745093806
852,852,1.03689690236,-2.24973971814
853,853,-0.173525693285,2.63407181647
854,854,0.361789389445,-2.59313046547
855,855,0.174813226934,-2.93708107078
856,856,2.75849133391,0.0296958473876
857,857,-0.120689549193,-3.02258102858
858,858,-2.92111825272,-0.00181419284299
859,859,-1.49891768327,1.54686986705
860,860,-1.61240302714,1.44508132987
861,861,0.397610260087,-0.89927757849
862,862,-1.93865924363,-2.07415742714
863,863,-1.25565405222,2.2841725493
864,864,-0.601500567535,-2.12519893169
865,865,1.70773226248,0.372085761519
866,866,2.79520641591,0.400942778033
867,867,2.85390079588,0.133257061186
868,868,0.106141061354,-2.53236273203
869,869,0.670855119235,-2.29862313913
870,870,0.412771718791,-0.88373650879
871,871,2.18111668567,0.439122748431
872,872,0.346489223233,-2.43531204514
873,873,-0.741473532197,1.82628700575
874,874,-0.109494606183,1.32528388199
875,875,3.10338527487,0.229827517463
876,876,-0.061778461215,-0.365681571922
877,877,-0.0300655801412,-1.10760772386
878,878,-0.216383271069,-2.71632257401
879,879,-0.145856689948,-1.10915350534
880,880,-0.465762357409,1.32054083949
881,881,0.0259732591615,2.37296942299
882,882,1.97644767261,0.248874023254
883,883,2.33236265759,0.435618556656
884,884,2.59526895154,-0.26247197515
885,885,-0.38665805273,-2.67482822176
886,886,-0.0664231153993,-2.6190168269
887,887,-0.061873527941,-2.76410187212
888,888,3.00423908634,0.256018474811
889,889,0.254272375833,-2.28195060693
890,890,0.390474316432,-2.75158029243
891,891,2.06175070666,0.905004430123
892,892,0.0467009126376,2.57803561213
893,893,0.360941144125,-2.62646973518
894,894,1.14214886462,-2.26651279497
895,895,0.735313676456,-2.18503851028
896,896,0.0148789356115,-2.29827593716
897,897,-0.0256896528096,-2.72502075018
898,898,1.48685557522,1.38134053876
899,899,0.354848287968,-2.33197469973
900,900,1.62751252916,0.831855689079
901,901,0.177256899794,2.44090645958
902,902,1.25469150958,-1.57625710083
903,903,0.012424858545,1.99140261244
904,904,-0.415964499562,1.79390778818
905,905,1.97845073076,1.07606628944
906,906,1.73026657655,0.557982506364
907,907,1.64257354103,0.77103512485
908,908,1.27978192748,-0.25358776174
909,909,2.1962911926,0.415354086417
910,910,2.90123723119,0.0318249533707
911,911,-0.0882981886743,2.63699452784
912,912,2.67943947947,0.426289435213
913,913,2.64058329465,0.151010720887
914,914,2.38445244714,-0.642512385971
915,915,-0.215074085938,1.41970127136
916,916,-0.246029379944,2.27561876024
917,917,0.0983282694806,-2.03826619173
918,918,0.172863475103,-1.80923884113
919,919,1.60850497857,-0.584002668077
920,920,0.932322871874,-2.00709589436
921,921,0.490082384051,-0.198523915925
922,922,-0.153748259346,-2.74143643202
923,923,0.844310085186,-2.38278115064
924,924,-0.66194105435,2.00748912984
925,925,-0.224384187133,1.55426169274
926,926,-0.869442779786,-1.57560126137
927,927,0.247170086073,-2.15194867357
928,928,-0.00201161206981,1.16789442587
929,929,0.735312485736,1.9221352409
930,930,-0.0250479108625,2.33045762615
931,931,2.25589645982,-0.278407487561
932,932,0.919735941532,-0.774830667427
933,933,2.51865865856,-0.104068868684
934,934,3.20578987397,-0.0277353744828
935,935,-1.85880100952,-1.97624457107
936,936,0.712405977586,0.404540945622
937,937,1.28255420151,-0.578826281606
938,938,-0.0554182181921,-1.65895680972
939,939,-1.06657252038,1.36366549761
940,940,-0.430694945308,1.51316943648
941,941,1.27771333679,1.57013036849
942,942,1.77098671995,0.68707549232
943,943,-0.951819087537,0.223381474175
944,944,0.0454020163118,0.916583025882
945,945,-0.40637534863,-1.81460998626
946,946,-1.54894420313,-1.48513645855
947,947,-0.25952966088,1.66410770843
948,948,-0.876165655255,-1.21874267581
949,949,-0.535997452021,-1.82894925003
950,950,0.382364173831,0.949873563783
951,951,0.276911423351,1.07307703041
952,952,0.0177263495209,-1.99368231124
953,953,-0.509605736842,-2.96605087315
954,954,0.319876791534,0.884069179082
955,955,-0.333378346987,-0.908030950126
956,956,0.342001794958,2.19820601796
957,957,0.422265263704,1.02802599959
958,958,0.52014914856,-2.2511410503
959,959,-0.293548147488,-2.30699416544
960,960,-0.357947680361,-2.20860263453
961,961,0.400685297636,-2.40613421093
962,962,-0.0853871644703,2.55655526424
963,963,1.05979883183,-0.713273871108
964,964,0.279605264649,-2.56336453988
965,965,-0.303837689741,2.54783278838
966,966,1.03676106635,-0.297152717216
967,967,2.82599738791,0.534865817342
968,968,-0.872646814748,-1.48803493438
969,969,-1.66653349604,-1.86414734091
970,970,-1.08109661487,-1.6550303242
971,971,0.129613884038,1.80693786474
972,972,-0.865339082574,-0.643695068103
973,973,-1.95464393899,-2.13742267672
974,974,-1.35047180667,-1.62207412749
975,975,-1.38910813137,-1.54513215534
976,976,-0.574295606166,-1.38200415851
977,977,-0.505283340449,-2.04349933921
978,978,-1.32227898475,-2.00685731327
979,979,-0.251026943631,-2.17571172083
980,980,0.406272496217,-0.94443801803
981,981,2.81110391566,-0.226820002233
982,982,0.390552320344,-2.25060593763
983,983,-1.00962826614,-1.4338680101
984,984,0.0807885485027,2.87239340893
985,985,-0.105428563317,-1.26788103197
986,986,-0.751799726546,-1.58803335299
987,987,-1.0990448849,-1.98316447805
988,988,0.11709000292,1.14979289296
989,989,-0.855506159257,-1.61831239065
990,990,-1.26871277496,-2.13581493758
991,991,0.102810672644,2.9274429945
992,992,0.243943314086,-1.6382401985
993,993,-0.118508404163,-2.70980652981
994,994,0.533504242707,-2.82060179747
995,995,1.86630210721,0.564003073031
996,996,0.0200837190692,-2.47279509373
997,997,-0.69883828488,-1.41457809811
998,998,-1.39212479427,-1.49837191
999,999,0.10214247861,0.35102784094
1000,1000,-0.686017340023,1.01757279158
1001,1001,-0.547004597701,0.920798952898
1002,1002,-1.24075403813,-1.20237208893
1003,1003,-1.54620989631,-0.908947363816
1004,1004,-0.04794885325,2.25457546095
1005,1005,-0.332631721215,2.39399907521
1006,1006,1.30976694198,-1.81500822722
1007,1007,0.351664106373,-0.33012421988
1008,1008,-0.171768765212,2.48713491756
1009,1009,1.03523406986,-1.81243704581
1010,1010,2.46310177917,0.336043517352
1011,1011,2.35145750209,-0.0332606143562
1012,1012,2.74882989958,-0.0319063317856
1013,1013,1.08169020316,-2.07856685334
1014,1014,0.265396454001,2.11142992437
1015,1015,0.464788505921,-2.29800692392
1016,1016,-0.645819044252,-0.726272413098
1017,1017,-0.513517504271,1.84306860709
1018,1018,2.35803615468,0.122361178106
1019,1019,-0.0992081205098,1.76985370285
1020,1020,0.465778929107,-1.96281823409
1021,1021,0.6454614907,0.0470025549969
1022,1022,-0.0235183004372,-1.59480292619
1023,1023,-0.525623280094,1.62951851536
1024,1024,-0.416661495933,1.04937164757
1025,1025,-0.157250053764,0.914121543829
1026,1026,0.519257727343,0.256126945342
1027,1027,-0.265257897931,-0.192495056894
1028,1028,-1.14192632259,0.487486825257
1029,1029,2.57325410051,0.296397593849
1030,1030,-0.424595500207,1.10216288839
1031,1031,0.83676665457,2.09858739382
1032,1032,-0.30440439649,0.936900389297
1033,1033,-0.913828711402,-0.417398163142
1034,1034,-0.607884620189,-1.92424044905
1035,1035,0.572150645437,-0.879401519402
1036,1036,-0.39815181816,-0.733720190715
1037,1037,0.257983046969,2.44822565374
1038,1038,1.27817885959,-0.694742460641
1039,1039,2.279615986,-0.595220643878
1040,1040,0.110483382711,-2.85360216381
1041,1041,1.98391734602,0.229146748938
1042,1042,0.318500252427,-2.70246698799
1043,1043,0.252750513096,-3.10071284891
1044,1044,-0.902466224501,1.69625451281
1045,1045,-1.00681966167,2.09506006249
1046,1046,-0.740888161419,2.26313351269
1047,1047,-0.269993845661,1.69076030495
1048,1048,1.22983193249,-2.19241659147
1049,1049,-0.00133411015438,2.61705903462
1050,1050,1.61839137815,-2.13964889427
1051,1051,0.448197348683,-2.39824873558
1052,1052,-0.590741299367,2.20519145742
1053,1053,-0.777411842856,2.44036196087
1054,1054,-0.665203967899,2.3776049059
1055,1055,-0.309105088107,2.77131922892
1056,1056,0.864198037933,-2.07573237807
1057,1057,0.609961110099,-2.26650462485
1058,1058,0.301492382982,-2.19883637561
1059,1059,-0.0488623011922,1.67070741662
1060,1060,0.130043000549,2.35723392016
1061,1061,1.00319673094,-1.57919812028
1062,1062,0.125755799346,-2.45409131215
1063,1063,0.772996623457,-2.0712107528
1064,1064,-0.390856616135,1.99638582502
1065,1065,-0.261519410052,2.5548783884
1066,1066,0.134461401963,2.46647828395
1067,1067,-0.332833375883,2.37231546306
1068,1068,0.459980264493,-1.89318243545
1069,1069,0.0958907398317,2.5202307107
1070,1070,-0.864609310732,2.59046292382
1071,1071,0.246450373439,-1.81742080769
1072,1072,2.12272643985,0.584258327423
1073,1073,0.0263456004521,-2.99747106956
1074,1074,2.87625431636,0.488186655346
1075,1075,-0.982380466523,-1.14530909136
1076,1076,0.607108565624,0.627684204858
1077,1077,-1.36458017829,-1.30669940821
1078,1078,-1.17397247187,-1.05783651297
1079,1079,-0.657416712883,1.96863113133
1080,1080,-1.76803572006,-1.46417461953
1081,1081,-1.7047167765,-1.49136170305
1082,1082,2.23835367224,0.199979598094
1083,1083,-1.4701144783,-1.60284206549
1084,1084,-0.46191613456,1.84381122592
1085,1085,0.34514920029,1.30661434519
1086,1086,-0.144536122462,0.347294852093
1087,1087,-1.35786279133,0.837699411766
1088,1088,0.464760973864,1.72069402523
1089,1089,-0.285834956536,1.17017712173
1090,1090,-0.469687979726,-0.994907369609
1091,1091,-1.1273896494,0.925748182295
1092,1092,0.306290229352,1.41779861886
1093,1093,-0.797571502099,-1.41469850504
1094,1094,0.207513478295,-2.66360733287
1095,1095,-1.24449232782,2.81833853031
1096,1096,0.510819706281,-2.92781642063
1097,1097,0.259796039084,-2.52850719054
1098,1098,0.698069194866,-2.19855048279
1099,1099,-0.1476332939,-2.70415840325
1100,1100,0.634203481146,-1.93781532981
1101,1101,-1.24441173313,-1.74198683061
1102,1102,-0.186549607758,-2.19728824723
1103,1103,0.411498765558,-2.62376340594
1104,1104,-1.10096560896,-1.56522041397
1105,1105,0.252157589077,-2.3054624312
1106,1106,2.63904406116,0.0219744416805
1107,1107,-0.411152712736,2.45993551434
1108,1108,-1.75284100805,-1.89651614075
1109,1109,-0.155528548095,2.49244521469
1110,1110,0.354336258953,-1.28138120784
1111,1111,-0.0836040569344,2.55020466393
1112,1112,0.696917258209,-1.62694362373
1113,1113,2.49793704291,-0.185042436782
1114,1114,1.49450704927,0.561171599607
1115,1115,-0.0496628949409,-2.56504080475
1116,1116,0.601984913292,-2.21579128717
1117,1117,-0.529018821381,1.14332818128
1118,1118,0.940930740222,-1.64176655225
1119,1119,1.62181885599,-1.02785693479
1120,1120,-0.777701333832,1.77047858009
1121,1121,-0.458291806842,2.2040331887
1122,1122,-0.117299668224,2.43855418686
1123,1123,1.33592096025,0.464733073625
1124,1124,-0.744586589195,-1.64388346422
1125,1125,1.37711647711,-1.67378340895
1126,1126,-0.277109543701,2.45240211934
1127,1127,0.423937217054,1.19621932697
1128,1128,1.58795757254,-1.02715208697
1129,1129,-0.714224570605,2.17533761852
1130,1130,0.848621260531,-1.68245209542
1131,1131,-1.16145454192,-1.91382102478
1132,1132,0.180131368504,-1.96851352208
1133,1133,-0.290477985444,-2.6048418765
1134,1134,0.462735814472,-2.68496088748
1135,1135,0.605660064408,-2.03697993041
1136,1136,0.20070132246,2.63740977059
1137,1137,-0.194522890413,-2.2103123364
1138,1138,0.256213585415,-2.28131303099
1139,1139,0.35670428183,-2.36871849749
1140,1140,-0.472693740837,2.05862599959
1141,1141,0.271549229151,2.08256529437
1142,1142,-0.440461014372,2.20161182662
1143,1143,1.22913143466,-1.48475251574
1144,1144,1.80703868367,1.13290973064
1145,1145,2.71905024589,-0.131125522081
1146,1146,1.30085584378,1.77890198841
1147,1147,0.463238065078,2.10660539179
1148,1148,0.246286241424,-2.44007413188
1149,1149,0.467212489244,-2.6602819791
1150,1150,3.1029005591,0.366742569759
1151,1151,0.0649577727078,2.52553387042
1152,1152,0.432469056215,2.70598802165
1153,1153,2.65528252647,-0.207426401767
1154,1154,-0.254698735664,-2.54436678765
1155,1155,0.245347517018,-2.47793209635
1156,1156,2.0880406514,0.659032622392
1157,1157,-0.211238159161,2.37465166648
1158,1158,2.01062739697,0.292184712503
1159,1159,2.58905144652,0.00981229309308
1160,1160,0.202160400054,2.38830086557
1161,1161,0.123997273145,-1.12250710556
1162,1162,-0.141856633455,2.32944065752
1163,1163,0.235914562899,2.18389343601
1164,1164,0.923468878932,-1.92409639608
1165,1165,1.52365385629,0.45092954947
1166,1166,0.496021701447,1.71195179833
1167,1167,2.38879377472,0.0710401940182
1168,1168,1.20265810615,-1.9241919697
1169,1169,2.63071477994,-0.223488741637
1170,1170,2.03934154598,0.482449567237
1171,1171,0.00860354886831,-2.59720015949
1172,1172,0.42628214218,-2.55014205309
1173,1173,-0.408091651202,2.15227035673
1174,1174,0.0490072459146,2.68888370651
1175,1175,0.21063016082,2.45152574855
1176,1176,-0.0203534470028,2.41818786988
1177,1177,0.300383966655,-1.88718346043
1178,1178,1.48127481028,0.424025386431
1179,1179,-0.13681320354,-2.53168589982
1180,1180,-0.259482702605,-3.20604363939
1181,1181,2.04507177942,0.22601696749
1182,1182,-0.81077542679,-2.73530357594
1183,1183,-0.214695206665,2.74505501957
1184,1184,-0.0494738303437,2.55809157675
1185,1185,1.31169467654,-1.91503428704
1186,1186,-0.275039950961,-2.55913297857
1187,1187,-0.560436244292,-2.38194842014
1188,1188,0.860552394448,-1.37708371084
1189,1189,0.0398930623936,-2.96555324016
1190,1190,-0.313981396364,-2.37849633152
1191,1191,0.228406041899,-2.29406476262
1192,1192,-0.274613614552,-2.199973264
1193,1193,-0.0933717649538,-1.94421074019
1194,1194,-0.0276128135987,-1.76952634954
1195,1195,-0.100887139544,2.44029006882
1196,1196,2.15215909451,0.224603616585
1197,1197,2.66887338688,-0.0889661664579
1198,1198,2.40068017545,0.0619582275161
1199,1199,2.4916257848,-0.00716404692478
1200,1200,0.763384280663,-2.66337782572
1201,1201,0.766985198952,-1.98360703351
1202,1202,-1.03407069285,2.01893797462
1203,1203,-1.0394965825,2.80853426134
1204,1204,-0.142899849335,2.22463300353
1205,1205,1.30049726705,-1.95655212863
1206,1206,-0.508111915205,2.40272995616
1207,1207,-0.0364016991409,-2.73897028916
1208,1208,0.0524650275994,-1.95817701267
1209,1209,2.32643283163,0.0665596500373
1210,1210,3.12623340112,0.289073498241
1211,1211,0.168232295163,2.337486245
1212,1212,1.12555394063,-2.1176072006
1213,1213,2.35496959005,0.196558514467
1214,1214,2.08039792712,0.534472123008
1215,1215,-0.0950639492563,-2.69742254029
1216,1216,0.0058621622644,-1.9808070256
1217,1217,0.233279992836,-2.37334379375
1218,1218,0.0436961924568,-1.86419464589
1219,1219,2.13075885267,0.125077933879
1220,1220,1.59357325038,-1.47052292473
1221,1221,1.34174927126,-1.25470469346
1222,1222,1.48740315092,0.757849760327
1223,1223,1.17953103694,-1.04091476472
1224,1224,2.82105829577,0.187440869835
1225,1225,2.88744317066,-0.115724729513
1226,1226,0.395722581505,-0.136226750549
1227,1227,-0.191773587989,2.85224519537
1228,1228,0.725969796848,-0.171235260399
1229,1229,-0.076708555282,2.40392805628
1230,1230,-0.215316505811,-2.69971198634
1231,1231,0.336017824394,-2.77946296118
1232,1232,-0.128612701954,2.77587635744
1233,1233,1.24160466714,-2.13723022296
1234,1234,0.0845256607607,2.37754165785
1235,1235,-0.0264775402585,-2.29614849139
1236,1236,2.62152681397,0.147807333225
1237,1237,0.498392575236,-2.25961242612
1238,1238,0.051024078795,2.67161861838
1239,1239,0.873375792905,-1.80633196382
1240,1240,-0.167598379259,-2.17776986635
1241,1241,2.58064725422,-0.145373612076
1242,1242,0.059943452978,-2.45988313224
1243,1243,0.151329004517,-2.60285554804
1244,1244,0.369622359877,-2.04851978368
1245,1245,-0.0146553835272,2.71369744559
1246,1246,-0.0820039907412,-2.62896692593
1247,1247,-0.0165929328796,2.264733191
1248,1248,-0.389706021243,2.79096012125
1249,1249,0.483073038444,-2.45692542151
1250,1250,0.207361288599,2.3215960968
1251,1251,-0.0690487668251,2.67354750109
1252,1252,-0.108377802943,2.58159367603
1253,1253,0.68508381753,-2.28068200865
1254,1254,2.16486097249,0.585626810864
1255,1255,2.53836822233,-0.151616049263
1256,1256,2.16511161075,-0.360581957496
1257,1257,2.57162449892,0.0785359890344
1258,1258,2.38380278425,0.641288896878
1259,1259,2.53014753163,0.0994479602954
1260,1260,3.03536129337,0.139320073988
1261,1261,2.30244834737,0.0440225042638
1262,1262,0.0603626164739,-2.24385845136
1263,1263,0.0558596907117,-2.17442986724
1264,1264,2.50243891308,-0.178579824801
1265,1265,0.415564856579,3.02844390247
1266,1266,1.22043222168,0.0699515154317
1267,1267,1.75784496813,-0.280847418475
1268,1268,-0.169445829988,-2.31778220353
1269,1269,0.252695440131,-2.42478454364
1270,1270,1.75117356942,-0.0587485971086
1271,1271,0.370917233531,2.41335372277
1272,1272,1.77359908411,0.530501910703
1273,1273,-0.291895068801,-2.20234798937
1274,1274,0.666839801931,-0.376177158975
1275,1275,-0.0059638629692,2.50234842054
1276,1276,0.317322275325,-2.4213686869
1277,1277,0.388901129437,-2.43502073138
1278,1278,2.5683920018,0.0697873763635
1279,1279,2.29661335351,0.0962999350185
1280,1280,0.747642956684,-0.186380507324
1281,1281,2.594148416,0.0147334844514
1282,1282,2.40941723923,-0.0966071036582
1283,1283,2.37784947628,0.374629299539
1284,1284,-0.410267229141,-1.93313648958
1285,1285,1.298087565,-1.97847514909
1286,1286,0.0995432464818,-0.536930185111
1287,1287,1.9453732791,0.824426582586
1288,1288,-0.265965993052,-2.21433321431
1289,1289,-0.168083161388,-2.41528373734
1290,1290,0.0678994349683,-2.44521319609
1291,1291,0.887223784245,-0.511082537764
1292,1292,0.750533082218,1.87003531867
1293,1293,2.34702177273,0.00997403888535
1294,1294,2.33463631126,0.0802803076253
1295,1295,0.725196366166,-0.517293460188
1296,1296,0.199946754586,-2.65577753581
1297,1297,0.373190047613,-2.59466340209
1298,1298,1.41290503792,-0.705364310152
1299,1299,-0.333180963974,2.86498739442
1300,1300,0.67525380888,-2.5807375682
1301,1301,0.0233277939191,2.56844616557
1302,1302,-0.501780909295,1.98947654693
1303,1303,1.34953605802,-2.4900039068
1304,1304,-0.469698543817,2.31523489884
1305,1305,-0.531284668174,2.33774562635
1306,1306,-0.419834489982,2.44201521341
1307,1307,-0.49190162097,2.4691079304
1308,1308,-0.283250809453,2.46751835597
1309,1309,-0.612818906673,2.47486344903
1310,1310,0.392042873305,-2.28529335301
1311,1311,-0.0480775284745,-2.96887652001
1312,1312,-0.422443075424,2.67447614819
1313,1313,0.0660794968373,-2.15410881019
1314,1314,1.61356149785,-2.81314188779
1315,1315,0.223632478021,-2.24517588975
1316,1316,-0.726219739964,2.30749367
1317,1317,0.154681593284,2.46992809526
1318,1318,0.597275949462,-2.19229936242
1319,1319,-0.205585636576,2.518618065
1320,1320,0.103693740858,2.36741908211
1321,1321,-0.348096937708,2.29911667355
1322,1322,0.354862472025,2.24011463776
1323,1323,-0.0847650226702,2.38929048289
1324,1324,0.646861396025,-2.01508052158
1325,1325,1.08576013889,0.799725693167
1326,1326,2.63785395933,0.339478253142
1327,1327,0.240626286236,-2.603204523
1328,1328,0.133605416631,-2.47732952835
1329,1329,3.01558308192,0.143942135594
1330,1330,0.198208181881,2.52342556268
1331,1331,0.892117080833,-1.91033371489
1332,1332,1.59720349976,0.578139750052
1333,1333,0.0181543895103,-2.7352107714
1334,1334,-0.0357766644834,2.10147029477
1335,1335,1.10649144533,2.40942798771
1336,1336,1.41466227984,2.16685158066
1337,1337,-0.224491046362,2.37635724616
1338,1338,1.59571403441,0.888260336925
1339,1339,0.654503756193,2.0759334304
1340,1340,1.63454072442,1.70236930586
1341,1341,1.14409457223,1.48019981175
1342,1342,1.6889827666,1.35391170366
1343,1343,-0.016481537902,-2.47293937076
1344,1344,-0.105363589038,-2.26237826585
1345,1345,1.69300873126,0.733217432174
1346,1346,0.283573405118,2.10991338808
1347,1347,2.22490456082,0.51853339744
1348,1348,0.670054912929,1.4121272959
1349,1349,-0.000138178956474,2.49742991074
1350,1350,-0.634789622909,-1.52695557064
1351,1351,1.8148372297,0.987747689127
1352,1352,-1.03888214413,-0.835384250781
1353,1353,0.675766105168,-2.30189954302
1354,1354,-0.180115335965,2.16459308335
1355,1355,1.19349616028,1.20851499907
1356,1356,2.23042685961,0.350907659968
1357,1357,1.15925791774,1.60453167534
1358,1358,0.728728583822,1.68793141272
1359,1359,0.963645494585,0.534325669246
1360,1360,2.15597474227,0.543057585133
1361,1361,0.344553861665,0.441694196091
1362,1362,-0.805927675015,-1.48074172955
1363,1363,-0.42086952658,-1.93180315643
1364,1364,2.09375477665,0.673238016139
1365,1365,1.33744304963,-0.528624498423
1366,1366,2.37721918065,0.0978429643035
1367,1367,-0.731925347917,0.959310712634
1368,1368,0.0958630083331,1.76958322887
1369,1369,0.470350805825,-1.78677938249
1370,1370,0.0276064501962,3.28284359873
1371,1371,2.44472777378,-0.098879104112
1372,1372,1.67465895708,0.277694048131
1373,1373,0.13647625492,1.55731399848
1374,1374,1.89582864697,0.549687537396
1375,1375,1.38901638259,1.50598159837
1376,1376,0.512608881681,0.960846625424
1377,1377,-0.699235090553,-1.21350913538
1378,1378,0.6463767064,-2.63934251755
1379,1379,1.47868687039,1.30776423773
1380,1380,0.25856554028,2.39129107702
1381,1381,0.810830755575,1.34186378272
1382,1382,0.240201707436,-2.96468868501
1383,1383,-0.0749391628408,2.53648671451
1384,1384,1.38346229363,0.802905060911
1385,1385,1.82504503789,0.577248714282
1386,1386,1.33701588441,0.715364052144
1387,1387,1.56069508921,1.19806218185
1388,1388,3.14987393483,0.923750689501
1389,1389,1.73148128855,1.84420936076
1390,1390,0.328976042287,2.79053647664
1391,1391,-0.118309785082,1.67425845749
1392,1392,0.629900911748,-1.92134837676
1393,1393,0.707994764973,0.469304511284
1394,1394,0.721247032943,0.223954824871
1395,1395,2.51739590613,0.0873995822364
1396,1396,2.81397293432,0.643762500916
1397,1397,1.75500992938,-2.46947101188
1398,1398,0.891091374401,1.71811360407
1399,1399,0.282141049241,-2.26970523749
1400,1400,1.07575148326,0.549882058845
1401,1401,-1.48518250871,-1.10396192319
1402,1402,-0.0886348181731,2.51422514264
1403,1403,0.872121546533,0.356355368563
1404,1404,-0.308858478402,2.24384164291
1405,1405,0.73322274599,1.47787815994
1406,1406,-0.116698660687,2.81784941465
1407,1407,-0.634614610644,3.67731041283
1408,1408,-0.0879844202458,2.80782989354
1409,1409,0.416663671435,2.81653965433
1410,1410,-0.155570994054,2.36789693079
1411,1411,-0.273727173444,2.40070687625
1412,1412,0.911787008942,2.76553536257
1413,1413,0.254453536336,2.71083253866
1414,1414,0.277420469009,2.95349573396
1415,1415,0.0215580371869,2.89933892106
1416,1416,0.086771022027,3.43126527634
1417,1417,1.8365590402,0.274137979762
1418,1418,-0.365562503533,3.07669527992
1419,1419,0.896946335547,0.180039274928
1420,1420,-1.35787740528,-1.32602072034
1421,1421,0.547564495396,-0.01781279232
1422,1422,0.857584297475,0.0868185900572
1423,1423,3.09652429152,0.48068036671
1424,1424,-0.53291283214,-3.04303540949
1425,1425,0.308570325822,1.83471537842
1426,1426,0.0938295644237,0.686770336478
1427,1427,2.82973720834,0.413204447065
1428,1428,3.62510286485,-0.788475022062
1429,1429,2.98505382184,-0.208241126315
1430,1430,2.06876035257,0.868099238733
1431,1431,2.38676721005,0.701977925299
1432,1432,2.7824725254,0.525704317884
1433,1433,1.70360402599,0.20216472704
1434,1434,0.948331620234,0.938995714706
1435,1435,1.4268855006,0.970250507578
1436,1436,0.158495507665,-3.03500512467
1437,1437,2.43018930344,0.0761837127242
1438,1438,-0.439893047886,1.85377367065
1439,1439,1.5381996107,2.24984475657
1440,1440,0.582253465985,1.39437672193
1441,1441,0.514285361938,0.917120879917
1442,1442,0.932474209941,2.30236392471
1443,1443,-0.0338435161805,-2.2164206404
1444,1444,2.10842701277,2.15495101687
1445,1445,1.08165957005,2.67862714766
