,vote,alpha,beta
0,0,-0.398388048917,2.27753773665
1,1,-0.113798294731,-2.34809374037
2,2,2.39379824547,0.143244314398
3,3,2.29983779797,-0.0101016328627
4,4,0.534901011048,-1.32406487091
5,5,2.70688887787,-0.194890811305
6,6,1.9675866965,0.465803990302
7,7,1.81189495209,0.254619079105
8,8,0.282625184168,-2.06949858725
9,9,1.31418042553,-1.47936814823
10,10,2.61878788331,0.0247252158296
11,11,2.35742412285,-0.196387249322
12,12,2.60098078361,0.312700980899
13,13,2.57578361465,-0.0901117895694
14,14,2.2381847894,-0.0734910425514
15,15,2.03252909213,0.066784931918
16,16,-0.153985553611,2.43099392044
17,17,0.680742940303,-0.668282109247
18,18,2.28763272871,0.378287940871
19,19,2.7024626172,-0.0539519903367
20,20,1.50112404459,-0.915133490894
21,21,0.120862741335,-2.36790515797
22,22,-0.0885687895991,-2.07289116771
23,23,2.42275254347,-0.276805891493
24,24,0.518194101247,-1.90477897567
25,25,1.37832939274,-0.394516628573
26,26,-0.869854840446,-0.0157121326084
27,27,-0.121474266649,2.62298523134
28,28,2.49608068038,0.351492183083
29,29,2.2971854955,0.178101211284
30,30,2.41239540972,0.0333561016016
31,31,2.30281773414,0.00765330014664
32,32,0.288532863735,-2.46077401487
33,33,0.238908217142,-2.3809999943
34,34,1.44841582805,-0.416429187618
35,35,-0.284229140748,2.23632913644
36,36,-0.243696942791,-1.99949215251
37,37,0.082221282566,-1.89963263995
38,38,0.186413018815,-2.25241045247
39,39,-0.610022361829,-1.19561510226
40,40,1.70664999892,-1.37998662742
41,41,-0.244377246722,2.10882001384
42,42,-0.369804080249,-2.31624830754
43,43,2.11500163762,0.131843813663
44,44,2.49195155227,-0.131408954979
45,45,2.39171325522,-0.259858533681
46,46,2.16953770064,0.172081829171
47,47,1.93562085778,-0.149665928312
48,48,2.31513896275,0.27632203078
49,49,1.22339649999,1.01809447017
50,50,-0.192570024803,-2.15126374503
51,51,0.420994345863,-2.36362423379
52,52,-0.258180284612,2.11238918046
53,53,0.171722144406,-2.48923816605
54,54,0.0710492002209,-2.28625933882
55,55,0.17051065559,-1.97463986759
56,56,0.539004882349,-2.05847874757
57,57,-0.431063258656,2.03266325902
58,58,0.020489582112,2.38894963784
59,59,-0.0100965739137,-1.65574902349
60,60,0.726548957269,-2.18150768888
61,61,2.10962400517,0.19043119382
62,62,2.31286390812,0.0492691146356
63,63,2.43068200117,-0.0757014933502
64,64,2.41574519132,0.0862365678503
65,65,2.39759934899,-0.216259268349
66,66,-0.0104624315461,-2.241923378
67,67,0.62360760503,-2.5509299031
68,68,0.775679638114,-2.09025962415
69,69,-0.183208161997,-1.83654656993
70,70,-1.08322306027,1.70444739893
71,71,-0.437248855882,1.82731378307
72,72,-0.337570301882,1.88630234884
73,73,-0.731037984707,2.03999910842
74,74,-1.05675220281,2.40265306711
75,75,-0.459475811071,1.93206080083
76,76,-0.449478817402,2.07447644941
77,77,-0.805552081635,1.50840270998
78,78,-0.110734080363,2.28940564741
79,79,0.504765386739,-1.74946161972
80,80,-0.421213402529,-1.72555479222
81,81,0.0404052609008,-2.19456703704
82,82,0.0258895233702,-2.29315395435
83,83,0.048452470846,2.37778857151
84,84,0.0120610989144,-2.13043979148
85,85,2.18117025785,-0.147723829393
86,86,2.05250488823,-0.462234368881
87,87,-0.15289224363,-2.3358405862
88,88,0.190148723243,-2.28335677416
89,89,-0.802577764537,-1.09859034097
90,90,0.256128048407,-0.626553538158
91,91,-0.516292245674,-2.06480813737
92,92,-0.774777050166,1.72919846103
93,93,-0.586831687886,-1.69918089439
94,94,0.088119945294,1.99054883517
95,95,1.98394122684,-0.0316808398015
96,96,-0.953954787075,1.86194717273
97,97,-0.508907146862,1.96423134785
98,98,-0.318987452707,0.340216041045
99,99,-0.283122287053,2.00564945243
100,100,-0.138669815289,1.74682167428
101,101,-1.03813556416,0.539983836257
102,102,-0.372888963441,-1.66644798179
103,103,-0.830040935177,1.69999093307
104,104,-0.302356852236,-1.03584152774
105,105,-1.14389484951,-0.0486159312681
106,106,0.673524491809,0.97989712096
107,107,0.200555704084,-1.56162175372
108,108,-0.54779836088,0.716323347197
109,109,-0.547037975253,0.491678188903
110,110,1.00400601279,1.22559442117
111,111,-0.151240346074,-2.11675333785
112,112,-0.240793143721,-1.39267758559
113,113,-0.0775533444684,-1.93438797432
114,114,-0.0765091624789,1.98287701287
115,115,0.368683997594,-1.44797439448
116,116,2.46871218859,0.102638812032
117,117,2.67662508185,0.0174274348609
118,118,0.213660015007,-1.95924418797
119,119,1.77887773333,-0.304298836427
120,120,2.16738822473,-0.174003601436
121,121,-0.204629579263,2.0967645328
122,122,1.01386241436,-1.23507582446
123,123,2.24091495503,0.0171168839151
124,124,0.537571611249,1.61399496201
125,125,0.241426521392,-2.20842926045
126,126,0.289659048278,-2.05908448683
127,127,-0.715977700994,0.693388597576
128,128,0.308089305077,-1.93553167371
129,129,-0.352187417177,-1.31025733535
130,130,-0.783345161697,-1.51322796984
131,131,0.741660606184,0.841013798431
132,132,-0.497631894687,-1.68323311321
133,133,0.146350830683,1.47151589615
134,134,0.234487262055,-1.86327628512
135,135,0.951247794694,1.83850820047
136,136,-1.56798766595,0.869951650796
137,137,-0.57583447838,0.824273130843
138,138,-1.30854846033,0.735999146874
139,139,-0.0233115012612,1.87162172329
140,140,-0.557714891149,-0.0218571269495
141,141,-0.683292018251,0.502839149996
142,142,0.464978343237,-2.06897190027
143,143,-0.657542893933,1.86951412066
144,144,-1.0505946183,1.9288791273
145,145,-0.846051323967,1.22493728239
146,146,1.68851080781,0.582000735064
147,147,-0.051690325845,1.37552981453
148,148,2.44552376961,0.133265909204
149,149,2.10447901512,-0.224920979271
150,150,-0.14365773022,2.13295885584
151,151,0.702913766088,-0.731816454615
152,152,2.60658147876,-0.203663042236
153,153,2.3739541473,-0.0764635590564
154,154,2.39238786059,0.124022259712
155,155,0.250973712002,-2.50933863282
156,156,-0.122213811494,-2.15098152879
157,157,2.36095085091,0.100160054864
158,158,-0.069975120077,-2.23260683789
159,159,1.80820083688,0.572725397036
160,160,0.456391122594,-2.47288913059
161,161,0.244083584511,-1.81899925931
162,162,-0.138841279703,1.97993842229
163,163,0.444161320014,-0.378967387978
164,164,-0.891396559088,-0.793506429975
165,165,-0.310180118956,1.7909611379
166,166,0.0868286515944,-2.24784612455
167,167,-0.770074941796,1.41643596086
168,168,1.01660166033,1.33036216085
169,169,0.0269388831588,0.0989472424452
170,170,-1.05898373842,-0.736406002768
171,171,-1.12713322805,-1.02250793425
172,172,-0.975500019579,1.18350339665
173,173,-1.20234821298,-0.769306559673
174,174,-0.705109430341,-1.65999632468
175,175,0.236230069076,1.60260100449
176,176,0.117741583362,0.902799848008
177,177,0.0745642963269,-2.10584057771
178,178,0.0572780649278,1.11558893068
179,179,-0.335214849483,-1.30343855604
180,180,-0.7841317021,-1.32443271197
181,181,0.918437995631,-0.32927620674
182,182,-0.327591546707,-1.20042075892
183,183,-0.0841874746466,1.24427497866
184,184,0.0128046571268,0.483053121492
185,185,-0.189397230777,0.342672148404
186,186,0.573831068295,-0.474291456668
187,187,0.175337265774,-0.374910435995
188,188,-0.0908505496796,-0.762832920133
189,189,-0.105537401581,-0.233329673725
190,190,0.157311878685,0.388298166352
191,191,-1.0159314983,-1.66562091728
192,192,0.0336879634258,-1.96234316634
193,193,0.227601083829,2.73403256578
194,194,-0.21169858358,-0.941182457322
195,195,2.3159865597,-0.169177255356
196,196,2.13876706704,0.156651393537
197,197,0.0151679801369,-2.30152761402
198,198,-0.87643079075,1.40495643222
199,199,0.154319878846,-1.82187861587
200,200,0.365921105501,1.70109443655
201,201,-0.258418917518,1.89308577371
202,202,1.05279521067,-2.148938123
203,203,2.30833646291,-0.360916540194
204,204,-0.411237172178,2.29270864032
205,205,0.613156092708,-1.97834662567
206,206,0.316001047353,-1.42138388601
207,207,0.322142273304,-1.75641476542
208,208,-0.272557505371,1.73861410907
209,209,0.0308362470031,-2.10533711978
210,210,0.452615069149,-0.579456034417
211,211,-0.0955133076984,-2.05151806053
212,212,0.190040715091,1.8713009954
213,213,-0.936177280768,2.21719084313
214,214,0.112783105812,2.22924531547
215,215,0.235066854694,-1.87972988851
216,216,1.80850824105,-0.396841883504
217,217,1.4511892496,-1.00870458388
218,218,2.20417124246,0.339770178818
219,219,0.0883928850588,-2.35339324147
220,220,0.495657246691,-2.12017414765
221,221,1.67498591583,0.568341028849
222,222,-0.602398768655,2.39846330219
223,223,-0.0487134350052,1.72269444891
224,224,-0.956727388025,1.74876649733
225,225,-0.378591858123,0.331116310179
226,226,-0.738892247872,-1.3850510902
227,227,-0.803651229222,1.77937785404
228,228,-0.996141523872,-1.64295197971
229,229,0.477754786618,1.84425948091
230,230,-1.0362765786,-1.17114022449
231,231,1.62674202172,0.91174289781
232,232,-0.00645035921817,1.62125179658
233,233,-0.5899812299,1.69099203125
234,234,-0.51169928887,1.73954019937
235,235,-0.982768238106,1.77537869329
236,236,-0.740961379569,1.59789719976
237,237,-0.895049179752,0.729637901358
238,238,-0.921008089969,1.47421645187
239,239,-0.67305724078,1.27433874509
240,240,-0.772571259247,1.55660799848
241,241,-1.04608456714,1.76409784694
242,242,-0.0379480148978,-2.18269874325
243,243,-1.0586312336,-1.67297834686
244,244,-0.576894062281,1.86643065834
245,245,-0.146704561612,1.06941647348
246,246,-1.33479781328,-1.20740591682
247,247,-0.28982667186,1.33601301319
248,248,-0.591730745229,0.290314483801
249,249,-0.575938668129,0.287407428285
250,250,-1.28329323107,0.931586188946
251,251,0.183403024577,1.46915387415
252,252,-1.66506696947,-1.39546676001
253,253,0.0266178156057,-1.99621986861
254,254,0.0906891543934,-1.75525071838
255,255,-0.684108118933,1.55642389686
256,256,-0.330614458286,0.644739224262
257,257,-1.11331947398,-1.52531381173
258,258,-0.196864936521,2.08314854587
259,259,-0.188765197855,-1.73224119877
260,260,0.305313766545,-2.45555477327
261,261,0.340592284172,-2.16767469101
262,262,-0.147580879642,1.89661407124
263,263,0.0726595886274,-2.21655540696
264,264,0.378739579548,-2.44069509007
265,265,0.0667933210267,2.29453443481
266,266,-0.562444340145,-2.342545509
267,267,2.50551755826,-0.0953673334709
268,268,2.46979073453,0.10882254745
269,269,2.74716546662,-0.0909897965783
270,270,-0.0637528492161,-2.29202139722
271,271,0.103845668179,-2.08426807158
272,272,-1.04620669583,0.289801451727
273,273,-0.262280556676,2.38012600233
274,274,0.840502877103,-1.67841748549
275,275,-0.28514898217,2.39440098436
276,276,0.893224722056,-2.06841293435
277,277,0.171202932282,-1.89722108028
278,278,0.0998195834648,-2.29620843803
279,279,0.975616906751,1.45656510403
280,280,0.385712468186,-2.11508230849
281,281,0.440402361709,-2.27450141106
282,282,-0.0175006725018,2.08873014823
283,283,-0.0698121951536,-2.17718393876
284,284,-0.314348415383,2.05625480425
285,285,-0.154017675032,1.95347833864
286,286,0.189764281166,2.76385148186
287,287,0.00276551227696,-1.84142435436
288,288,2.20766114245,0.127948471269
289,289,2.53396425247,0.101164612281
290,290,0.154358239555,-2.01992327549
291,291,0.101807310118,-2.24877828981
292,292,-1.51991347452,0.835722164022
293,293,0.792255787255,-1.81651008619
294,294,-0.49855649641,1.7128579587
295,295,-0.641333364074,1.14735650908
296,296,-1.56243875777,0.749319260687
297,297,-0.993527479976,-0.785615938736
298,298,-0.370485769409,1.28734564173
299,299,-0.526639969747,1.84182250454
300,300,-0.147870412587,-0.486308482089
301,301,0.405250029578,0.168828525148
302,302,-0.226509100491,0.575375265369
303,303,0.273655829584,0.38906149805
304,304,0.978408012789,-0.617436047127
305,305,1.00901311909,0.571978927916
306,306,-0.41537164075,0.496448562302
307,307,0.699978958454,-1.69971582066
308,308,0.829807798722,-0.3013888182
309,309,0.381677774182,-2.45253746858
310,310,1.02753158414,0.655321763366
311,311,-0.976960685033,1.12383028348
312,312,-1.09554016869,1.42903960604
313,313,-0.260788467012,-0.476361141466
314,314,0.214463870199,-2.47349598242
315,315,0.130413506948,-2.5770522052
316,316,2.25351290509,-0.0183501465242
317,317,0.421105008621,-2.10355851758
318,318,-0.311413728872,0.168492159814
319,319,0.283064844624,-2.05667221501
320,320,0.183491870581,1.17311510175
321,321,-0.686149486809,-0.984238018437
322,322,0.664417468029,-2.11142451944
323,323,0.40928023874,0.283581306969
324,324,0.851596355609,1.2346818766
325,325,-0.44864361484,1.65292220268
326,326,-0.196986628267,1.78492754939
327,327,0.216859164265,-2.48818761522
328,328,-0.316312709274,0.992541128458
329,329,2.27942057565,-0.63621591793
330,330,0.019799517094,0.197884589102
331,331,0.0944288407145,2.21761605428
332,332,1.13134340937,-1.07382438404
333,333,-0.312706035059,2.06047320461
334,334,-0.627544017942,2.13356157011
335,335,-0.209618145158,2.36918731278
336,336,0.979735115721,-1.56297719478
337,337,1.33414882802,1.06746536022
338,338,-0.00734955003189,-2.43427741259
339,339,0.467591327869,0.812420598958
340,340,-0.130731794351,-0.486408910544
341,341,-0.506133555554,-0.983578597782
342,342,-0.704496113058,1.34997980686
343,343,-0.827662895881,0.928325888281
344,344,-0.83455448617,0.904278819953
345,345,1.48395331611,-0.285191373451
346,346,1.71400309826,-0.287856540173
347,347,-0.36029184556,2.11838369943
348,348,-0.438524797914,2.27526617612
349,349,0.189927234247,-2.22062292765
350,350,0.257317325515,-1.66935753094
351,351,-0.407701198705,2.17378809592
352,352,0.300666201577,-1.95640479703
353,353,0.201587544135,-2.09547292451
354,354,-0.0244861650605,-2.05917888151
355,355,2.23286364444,0.108432815491
356,356,0.592838675328,-1.95170644205
357,357,0.56120620267,-2.32891535356
358,358,0.295830109108,-1.91210107059
359,359,1.03385098781,-2.02526673756
360,360,0.660705957125,-1.20917455048
361,361,-0.326579253163,1.90664856459
362,362,-0.41031770723,2.02969963798
363,363,-0.138726855069,2.33787541761
364,364,-0.181960748037,2.32989303556
365,365,-0.145031223223,2.19561007741
366,366,0.103466442052,-2.14500050951
367,367,-0.0712213653585,2.40352373164
368,368,-0.162942177087,-2.23171695914
369,369,1.82896415881,0.87681835754
370,370,2.72862852105,0.0415034150014
371,371,2.10344906987,-0.0171478594127
372,372,2.20235142478,0.345369315926
373,373,2.03983405452,0.230190536794
374,374,2.84244391464,-0.216631040396
375,375,2.18709104929,0.177173863757
376,376,2.23327996109,-0.0391775277019
377,377,2.07319414832,0.23284857541
378,378,0.11862898891,-2.39615581555
379,379,-0.069286537769,-2.03514938056
380,380,0.225266827836,-2.21302113859
381,381,2.3683500219,0.140281377847
382,382,2.54383274194,-0.0358839617154
383,383,1.73979281562,0.601814075519
384,384,-0.133302545591,-2.38279882851
385,385,-0.021107381564,-2.15168958725
386,386,1.68761182921,0.241605368128
387,387,-0.382505464512,2.388063125
388,388,-0.274838404818,2.2717756372
389,389,-0.60160744347,2.29023548292
390,390,-0.429842219515,2.51814869743
391,391,2.5713315725,-0.146426788757
392,392,-0.052000159029,2.04412661835
393,393,0.519518149497,-2.00062217299
394,394,0.217768689437,-2.11400851607
395,395,-0.200867417335,-2.4302719299
396,396,-0.252132887042,-2.58546474364
397,397,-0.143235899275,2.05804416347
398,398,-0.329812642949,-1.74400077347
399,399,-0.283207402143,2.31013617861
400,400,0.297096674293,-2.02287119007
401,401,-0.318781641766,-2.10433196674
402,402,0.215813215294,-1.76555832273
403,403,0.901238763211,-2.08533222986
404,404,-0.322725805081,2.27307500576
405,405,0.452349343426,-1.79431359351
406,406,1.00450378199,-1.00939994527
407,407,2.40732400003,-0.378451655251
408,408,2.90325316633,-0.179707037054
409,409,2.53836953596,0.0244709945159
410,410,-0.472110079071,2.04974423562
411,411,2.34868979717,0.176004317166
412,412,0.369079877839,2.16973061088
413,413,2.23840288056,0.246157785201
414,414,2.50654364219,0.15131208148
415,415,0.0954418819398,-1.91833710246
416,416,0.400202839248,-2.26742887032
417,417,0.228191542104,-2.38938836734
418,418,2.53537148423,0.153117606327
419,419,0.534139863593,-1.96294536876
420,420,-0.344361563279,-2.6051549283
421,421,2.58531551336,-0.139518730106
422,422,-0.0261956047642,2.15478644986
423,423,1.64577131251,0.5175961896
424,424,0.139337289531,-2.38748860696
425,425,-0.0379295591027,-2.14894589223
426,426,1.59655089204,0.61568597432
427,427,-0.0402678594874,-1.87154003189
428,428,-0.0313257202804,-1.99836069936
429,429,1.0071643505,-1.78648507617
430,430,0.82059451859,-1.69728767728
431,431,0.781533264232,-1.97264280364
432,432,-0.0703937795253,-2.25173862362
433,433,0.144681554125,-2.23271217881
434,434,-0.0637158010594,-2.35111473361
435,435,-0.153028179843,-2.61872438411
436,436,0.658573582838,-1.78616791651
437,437,0.671262769195,-1.88830164513
438,438,0.204651481595,-2.36853483656
439,439,0.757615606494,-1.69122159609
440,440,0.0428476133304,-2.1609314767
441,441,1.04886423287,-1.81500805705
442,442,0.199560157259,-2.45243603084
443,443,2.01154050138,0.215420529132
444,444,-0.107815164903,-2.02505103524
445,445,-0.0327224363479,-2.46655858542
446,446,0.695805929272,-1.78657123928
447,447,-0.0197407946743,-2.33316658328
448,448,0.894057927839,-1.99694187213
449,449,2.94761713971,-0.00769840002575
450,450,2.56082466626,-0.0829710281282
451,451,-0.260796794362,-2.21185941643
452,452,0.715604087577,-1.88081262014
453,453,-0.196993941243,-2.21945631278
454,454,0.796112584055,-2.03784724683
455,455,-0.235072758841,-2.57843836731
456,456,0.172023857321,-2.02939133047
457,457,-0.103507804876,-2.58450679409
458,458,-0.328146990346,-2.14702866975
459,459,2.73919040201,0.0798152188873
460,460,0.0116262026626,-2.42660941884
461,461,0.298297505964,-1.67225921853
462,462,2.26779420856,-0.0787931766596
463,463,0.145969477708,-2.14203428228
464,464,-0.963622368578,-1.44296239175
465,465,0.801103892407,-2.07421769321
466,466,0.292920643019,-2.43419647975
467,467,0.686249257122,-2.09651310728
468,468,0.0418681792951,-2.26698101208
469,469,-0.039574263423,-2.07958809645
470,470,-0.108920001948,-0.299270931075
471,471,0.267103669486,1.81645205824
472,472,0.0367503829419,-2.2355318023
473,473,0.662179231348,-2.12327026832
474,474,-0.60645820742,1.64825859276
475,475,0.937384858155,1.31462615686
476,476,0.945521416093,1.30822850101
477,477,2.21473672937,0.0284972037512
478,478,2.59746273653,0.113467031937
479,479,0.226797739136,-2.44248247531
480,480,0.908757882997,-1.42849602971
481,481,-0.367332518753,2.00905611637
482,482,-0.0845214217652,-1.91601452447
483,483,-0.875562812088,1.11975261589
484,484,0.110856953616,0.118967460875
485,485,1.59736128076,0.412980147764
486,486,2.02523837858,0.212517343385
487,487,2.47741204315,-0.0960766428579
488,488,2.35870993828,0.167591966095
489,489,0.396724458084,-2.32894118684
490,490,0.425038986306,-2.02556700071
491,491,-0.79694173134,2.08696185039
492,492,-0.0191150906827,2.18959878633
493,493,0.700730826857,-1.77518145074
494,494,0.131981310236,2.11429370757
495,495,1.30594795944,-1.49634291546
496,496,1.69435840369,-0.568324005062
497,497,-0.103598654827,-1.76607781918
498,498,2.53177259696,0.217563063061
499,499,2.33836447996,-0.0181587307764
500,500,0.0280880979377,-2.26861257486
501,501,0.228684206741,-2.28637621522
502,502,-0.0515578832721,2.11772881739
503,503,-0.111273091602,2.42058277737
504,504,0.205362279665,2.41342295697
505,505,0.112300797153,2.09396182566
506,506,-0.0377684172608,-1.87425887214
507,507,2.3038892441,0.189888585669
508,508,0.040004951901,2.03938457824
509,509,0.313723776501,-2.26223240535
510,510,1.48121151378,1.11439294833
511,511,0.138486087854,-2.36346564577
512,512,0.155461041866,-2.32131578583
513,513,-0.232371901068,-2.74181315062
514,514,-0.204132856838,2.26893505141
515,515,0.584556249135,-1.57025769307
516,516,2.43202384961,-0.0178231864351
517,517,2.31527479885,0.265381191092
518,518,0.0303299400212,-2.41621949467
519,519,0.134495333509,-2.36919904801
520,520,-0.0524722509956,-2.28271688454
521,521,-0.118000456647,-2.23997069499
522,522,0.0384633668527,-1.87648514799
523,523,-0.0186719820317,1.91029913666
524,524,-0.290533823907,2.28947879177
525,525,0.243899282216,2.09831416064
526,526,0.0910779349474,1.89621239801
527,527,-0.108708195217,2.33443807331
528,528,-0.244806909436,2.0803866922
529,529,0.0550647010238,-2.31920885016
530,530,-0.277429461847,-1.8168410595
531,531,0.29759056414,-2.23177024023
532,532,-0.237606182938,1.98035967505
533,533,-1.10276795446,1.46931104521
534,534,-0.170369841778,2.15488785422
535,535,0.426778242098,-2.22559035237
536,536,-0.314863509538,2.09185890508
537,537,-0.48098462267,2.35546609667
538,538,-0.320955938906,1.88794797735
539,539,-0.65670381943,1.87275273691
540,540,-0.498235511494,2.04496513319
541,541,-0.00333565933095,2.15758553613
542,542,-0.36172633593,2.21296415348
543,543,0.678678826385,-1.84071966537
544,544,2.33820103067,0.196210841731
545,545,2.61434653419,-0.269623729563
546,546,2.25497420801,0.360787194134
547,547,2.17402884299,-0.20170567122
548,548,2.44386187498,-0.00628140017968
549,549,0.165975096941,-2.2029384176
550,550,0.345848474956,-2.11127975043
551,551,0.385623191278,-1.10668741636
552,552,-0.177467486638,2.50864395391
553,553,-0.235324305639,1.96789043745
554,554,0.785281983767,-1.61015633515
555,555,1.36843368013,-0.825509859273
556,556,-0.0254702882109,1.29080352399
557,557,-0.717026461451,0.36394025732
558,558,-0.532022133744,1.07404761091
559,559,0.475688544209,0.660026731156
560,560,-0.676625092604,1.3096990809
561,561,0.857031128113,-0.486613610528
562,562,1.77772603999,0.658711726014
563,563,2.395421289,0.402791835669
564,564,2.42941819476,0.0485235973206
565,565,1.29463925566,-1.43911213616
566,566,2.43165109274,0.000749640178624
567,567,2.15333927889,-0.0283644358453
568,568,2.32799005275,-0.0851065457582
569,569,2.73571380492,-0.0331671677348
570,570,-0.0287799256996,-2.35700510945
571,571,0.215140900883,-2.23664078154
572,572,-0.0371260499472,-2.30086057756
573,573,0.766817672415,0.157298969544
574,574,1.20765017556,-0.536968377088
575,575,0.359493619838,-2.28327182857
576,576,-0.0170441006189,2.39642470651
577,577,0.501041689604,-1.92143882111
578,578,1.55972594151,1.15994193762
579,579,-0.0158957514379,-2.45465269084
580,580,0.0368237864404,-2.61021579125
581,581,-0.20827024168,2.17923352437
582,582,-0.202857369698,1.97844261786
583,583,-0.284243492522,-2.01678270189
584,584,2.33372535762,0.331202193502
585,585,2.39338091,0.177306305036
586,586,-0.0355879144183,-2.6027409719
587,587,2.50176125147,-0.0585283870939
588,588,-0.125582398106,-2.48892000985
589,589,0.781246616876,-1.0190092785
590,590,-1.0060880556,1.87387201267
591,591,-1.26453298418,1.31587037547
592,592,-1.69553574828,1.46677638791
593,593,-2.64298199786,-2.62482405951
594,594,-0.758219458786,1.91620892035
595,595,-0.314603694946,-1.98269705948
596,596,0.772545240233,-0.465827832782
597,597,1.80461387463,0.139981611733
598,598,1.50232609573,1.5525122371
599,599,0.0995491802903,-2.04924775618
600,600,-0.275753898165,2.51173881307
601,601,0.0862976914404,2.06800089882
602,602,2.04551114076,-0.386604264708
603,603,0.135898563556,-2.370365259
604,604,0.118765509294,-2.59683733357
605,605,1.4592743378,1.32837521142
606,606,0.553525265459,2.53837773346
607,607,0.730304363271,-1.94440027341
608,608,-0.668710785724,1.43494789091
609,609,0.590035198416,-1.62534543756
610,610,-1.05495173417,2.28297972386
611,611,1.41343200837,-2.01215999673
612,612,2.57484027082,0.898334579685
613,613,1.35083722591,0.895773408171
614,614,1.13256625385,1.38599588702
615,615,0.702432309122,0.519932092719
616,616,0.510953437024,1.07490347032
617,617,0.521006900983,0.655202704298
618,618,0.669154811184,0.544140216159
619,619,0.366971369812,-1.79271203141
620,620,0.491978738074,1.36216090697
621,621,2.0145310281,-0.18713395926
622,622,0.676691449022,-2.21522386986
623,623,1.86572665413,1.08745160944
624,624,0.624645099863,2.50855635308
625,625,0.0201403486886,-1.02405192186
626,626,-0.572064369522,-0.653007131508
627,627,0.509128204829,1.13584149899
628,628,1.08992064662,0.493878436287
629,629,1.8130448188,0.598130201898
630,630,-1.07209569025,-1.78131793562
631,631,-0.490938269289,-2.12563484803
632,632,-1.52636042578,1.70398591666
633,633,-0.431726643039,-1.53571535332
634,634,2.32120854601,0.248208833589
635,635,-0.157798704676,-0.283677036191
636,636,-0.8702986677,0.839775223316
637,637,-0.0358139454836,0.703768348652
638,638,3.44173075178,0.692720956995
639,639,0.615485976487,0.550022520085
640,640,-0.760845214875,-1.94200429345
641,641,0.986027307073,0.626594499376
642,642,1.65280621158,1.46620158772
643,643,-0.33897559622,-1.3097381823
644,644,0.109560746167,3.27485260962
645,645,0.0340422874744,1.95508787161
646,646,0.766736795659,0.856200516517
647,647,1.39711563328,1.03976812318
648,648,1.43346993059,0.974917645209
649,649,0.743365095972,1.90229949474
650,650,1.83468887545,0.748653750889
651,651,-0.792461121003,-1.58854698821
652,652,-0.978834072503,-1.80686479028
653,653,2.70922862522,-0.300108553746
654,654,0.855222532903,2.16017779652
655,655,0.835453533681,0.869619859276
656,656,-0.885365237561,-1.85633460766
657,657,1.5123276887,0.952924816033
658,658,0.540432905918,1.91768858582
659,659,2.66908922926,-0.132412615414
660,660,1.36150156764,1.46426392193
661,661,1.31985611924,1.76148040042
662,662,1.542889681,2.02203161494
663,663,0.993877269896,1.9010724608
664,664,1.16009432525,1.67397542727
665,665,1.102922195,2.15728558225
666,666,1.00917997033,2.09338785245
667,667,0.750884127288,-2.65102923162
668,668,-0.218626942412,2.78210592536
669,669,0.850696812811,1.28411197117
670,670,0.00444099064053,-1.67889754822
671,671,1.0972314194,1.43763768692
672,672,2.39859745352,-0.695519621107
673,673,-0.759880384984,1.84542861149
674,674,-1.07665524885,1.30150208611
675,675,0.850016847988,-0.5805381413
676,676,0.53792823272,2.22350542028
677,677,1.17757689472,1.41920765352
678,678,1.9110151674,1.28514042923
679,679,-0.00288168153009,2.17979702554
680,680,1.21860685921,0.351944735238
681,681,2.00727212011,0.575410570449
682,682,2.59607219242,0.0485647345187
683,683,1.74638142399,1.39487579247
684,684,1.35477405074,1.88489759565
685,685,0.392015613433,2.27450357413
686,686,0.0666214436968,2.24170253863
687,687,0.460826343388,2.62664243515
688,688,-0.0254422873862,2.76459939647
689,689,0.710940732079,3.03544469245
690,690,0.135371116802,2.34734078819
691,691,1.52713863591,1.35922262264
692,692,1.93367166007,1.64821371401
693,693,0.17142987336,-2.27831217724
694,694,0.493235709194,1.57971382831
695,695,-0.255989481263,-1.62062340019
696,696,1.08509768179,1.67256627315
697,697,0.765173442202,1.81442225086
698,698,1.99469396429,0.425411165285
699,699,2.37355493775,-0.548184646332
700,700,-0.342599249697,-1.71335342516
701,701,-0.215633101904,1.40124169602
702,702,-0.147253789707,1.82675861021
703,703,-0.484614090025,3.20171783092
704,704,-0.47636251651,-1.51207945449
705,705,-0.487653547673,2.55845937629
706,706,0.833433245906,1.60403473129
707,707,-0.0959664741679,-1.83312529115
708,708,0.923313599231,1.70240675487
709,709,1.26785933587,1.18509306027
710,710,-0.283389604366,-2.30533940583
711,711,1.02982359407,0.490013399044
712,712,0.0760754805022,-0.522344164433
713,713,-0.849949020903,-1.56498467057
714,714,-0.396685835609,-2.7817391048
715,715,-0.102546042837,2.0628608343
716,716,0.0930292397698,3.32025476161
717,717,0.234841607618,-2.44207580409
718,718,0.870365397407,1.83407533221
719,719,0.120604355237,-1.62753990067
720,720,0.678996547181,2.26666237724
721,721,0.0618279391344,-2.07253593569
722,722,-0.86621100953,-1.78302690325
723,723,0.814271748775,1.24586766585
724,724,0.366747420735,1.29104170418
725,725,0.812519415966,0.99717468421
726,726,-0.340083440539,-2.04950263398
727,727,-0.418370361724,-2.1300627452
728,728,0.935061582966,-0.569316482356
729,729,2.16949606272,0.787272165438
730,730,-0.496298378649,-2.35332178448
731,731,0.14906878615,-2.93941187912
732,732,-0.11841752081,-2.28178159145
733,733,2.44015363697,0.253022148895
734,734,-0.355485514071,-2.44855589492
735,735,0.166881047212,2.40779025155
736,736,0.453622930942,-2.42463285562
737,737,-0.634997204661,2.01055234524
738,738,1.395422423,-1.371348365
739,739,-0.735270960748,2.03498765835
740,740,0.762601113868,-1.64843069571
741,741,0.333763022823,1.59620105426
742,742,-1.26035185795,1.62581081322
743,743,1.79835981539,-2.29500825237
744,744,0.906514808251,0.738278939551
745,745,-0.898903877871,-2.04505166976
746,746,0.18321482492,-1.77535447137
747,747,0.791222629157,-0.75910161946
748,748,1.69012354599,-1.05706470535
749,749,0.112114738923,-2.58263600939
750,750,-0.352744860911,-2.66609829268
751,751,-1.69827207605,-1.39237499543
752,752,-0.307813858879,2.13241298018
753,753,2.24267350079,-0.0764414674809
754,754,0.105654568616,-2.37584087435
755,755,-0.377377984705,-2.19369268566
756,756,0.414631152455,-2.71512588528
757,757,-0.250921696259,-1.95357302892
758,758,-0.116460257467,-2.45498102968
759,759,0.136251215969,-2.16112926798
760,760,-0.579394896865,-2.88266110133
761,761,-0.308413683647,-1.8647264498
762,762,0.451114090548,-2.8730539628
763,763,-0.0719780841876,2.36107872635
764,764,1.92627835674,0.582639984612
765,765,0.0611048286283,-2.67494115138
766,766,-1.08249781561,-1.55685438709
767,767,0.0631960170436,-2.68001846365
768,768,-0.0122173635093,-2.2740611981
769,769,-1.16500450648,-1.14341895709
770,770,-0.818238398413,-1.74336997934
771,771,0.113688875319,-2.1610852949
772,772,-0.366951128147,-2.798003427
773,773,1.10069914585,-2.05316649927
774,774,1.813266452,1.69205903584
775,775,0.660393637763,-2.8914806678
776,776,1.14678071118,-2.24426671932
777,777,-0.384595548455,2.32151499211
778,778,0.994757300896,1.17513268753
779,779,-0.280281778894,1.67258975679
780,780,0.285399109295,-1.4229152431
781,781,-0.0818798305206,1.8033781274
782,782,-0.146955448768,-2.33664428995
783,783,0.0669521250643,-2.08856397115
784,784,0.400215897401,-2.12263499726
785,785,-0.216963576517,1.86024457397
786,786,0.0745471453593,2.40275769935
787,787,-0.317377750274,2.12657637185
788,788,-0.130627674525,2.24253002608
789,789,0.249590122851,-1.97530768523
790,790,0.123386505641,-2.4853866143
791,791,-0.455053802119,1.98831467828
792,792,0.0225722325995,-2.24688094525
793,793,1.18189590503,-1.38893995842
794,794,-0.238293168929,2.22796685418
795,795,-0.342701531239,2.02071189633
796,796,-0.0855753338214,2.02619341772
797,797,0.667330033742,-2.15397218206
798,798,2.01200783199,0.829737226967
799,799,2.4218105624,0.161554357454
800,800,2.63834008662,-0.250857452152
801,801,2.32938136944,0.268532438551
802,802,0.344061182345,-2.28475477368
803,803,0.191378649748,-1.9323460509
804,804,2.41862313117,-0.00999900290958
805,805,0.0600407297463,2.23592533177
806,806,0.0721823378688,2.27160444939
807,807,-0.215666974388,2.05599972954
808,808,0.0592087099618,2.2264590462
809,809,0.314682202201,-2.10843359129
810,810,0.0191086756314,-2.42586949976
811,811,0.151349807641,-2.05514397688
812,812,-0.108705760829,1.98108703336
813,813,0.0713672342894,2.47564742226
814,814,0.237715820987,-1.8819360408
815,815,2.09214181018,0.182084398087
816,816,-0.286742110567,1.95550137615
817,817,0.0997021168574,2.33267288321
818,818,0.293338290542,-2.19080524906
819,819,-0.0978243365136,-2.38124012093
820,820,0.0757149399349,2.30425065225
821,821,0.233677096085,-1.95819621001
822,822,2.66166343696,0.0881531273553
823,823,2.66259672381,-0.248005375822
824,824,-0.281670853183,2.09844073126
825,825,0.0949664699389,2.18832337769
826,826,2.28876036674,0.0303950875634
827,827,0.0811087779882,2.15673581323
828,828,0.142546036542,-1.87177644796
829,829,0.304463627045,-2.50021277868
830,830,-0.103500771497,-2.24321269164
831,831,2.21047980456,-0.0450526271969
832,832,0.25213513873,2.03360411246
833,833,-0.283340470711,2.07574580892
834,834,-0.120338400729,-2.10790376095
835,835,1.82487925356,0.185492456366
836,836,1.55874710371,0.519790387791
837,837,2.30243656146,-0.300429357614
838,838,1.92375521345,0.235935444681
839,839,0.347679509107,-2.43445336235
840,840,0.319077118072,-2.3596856746
841,841,-0.0530263448654,2.26874368343
842,842,0.851566343095,-2.28560019824
843,843,-0.170610326687,-1.93051736546
844,844,-0.00615913656253,-2.25561178233
845,845,-0.075960109034,2.07174587859
846,846,0.145974596647,1.65785994073
847,847,0.0717239207956,2.26712644625
848,848,-0.0353535999313,2.23656006142
849,849,-0.156628051573,2.06522483204
850,850,0.341178159626,-2.00006351682
851,851,-0.1066698717,2.38304507022
852,852,1.02794287758,-2.41430225231
853,853,-0.120565726023,2.31273693162
854,854,0.350155922812,-2.29607743101
855,855,-0.0358581766132,-2.46975750285
856,856,2.55719370025,-0.000410177725436
857,857,-0.14375692786,-2.58367364009
858,858,-2.68797053592,-0.0975383644866
859,859,-0.997555080784,1.31243732571
860,860,-1.5878640381,1.20752527974
861,861,0.466303484576,-0.805385593739
862,862,-1.40652787565,-1.61986147471
863,863,-0.702449466571,1.73197095003
864,864,-0.239105354753,-2.08594444359
865,865,1.70379379277,0.215845711949
866,866,2.4898252851,0.00622623420757
867,867,2.62639928361,-0.262580127256
868,868,0.343909792186,-2.23352788205
869,869,0.329814301526,-2.08895666428
870,870,0.551162085865,-0.916721974245
871,871,2.10416862483,0.692274015007
872,872,0.219909958671,-2.32207073045
873,873,-0.821948415626,1.80024581893
874,874,0.00114600470652,1.46938657325
875,875,2.65297372151,0.15239858589
876,876,-0.0887700309235,-0.431297563197
877,877,0.0190807368307,-1.0689157107
878,878,-0.115708289784,-2.48684472078
879,879,-0.119774238562,-1.15833175978
880,880,-0.509238347964,1.39232860952
881,881,0.0349517389947,2.49393203259
882,882,1.70102960066,0.237546497163
883,883,2.17604945698,0.311638490104
884,884,2.36329057146,-0.0833626299026
885,885,0.13824239391,-2.26323261281
886,886,-0.0888765695445,-2.30038849571
887,887,0.365074042225,-2.37561419118
888,888,2.53184358545,0.1911542284
889,889,0.139861360591,-2.2340455367
890,890,0.162213359396,-2.3182410435
891,891,1.90920003697,1.00894087464
892,892,-0.0641197957005,2.61205512655
893,893,0.285225742669,-2.25088541012
894,894,1.03177203689,-2.02566894587
895,895,0.609462575102,-2.23028956771
896,896,0.0487459007902,-2.05895596533
897,897,0.159778806025,-2.12168527385
898,898,1.09766231648,1.10653758935
899,899,0.210331377207,-2.39581912297
900,900,1.25750489056,0.633338281214
901,901,0.0462028476115,2.28362098949
902,902,1.16961904364,-1.35270043078
903,903,-0.0912736937958,1.78271499187
904,904,-0.262796921071,1.74730303038
905,905,1.7107467328,0.791471578665
906,906,1.66794513961,0.43267736092
907,907,1.65709573473,0.780851628154
908,908,1.15877781781,-0.390847808204
909,909,2.2579132263,0.520377341873
910,910,2.29009454749,0.124893257554
911,911,-0.0583274707027,2.57174040544
912,912,2.26162212764,0.121774268074
913,913,2.12000556592,0.407181285008
914,914,1.91077652373,-0.670318114511
915,915,-0.0797946523146,1.4141025912
916,916,0.0323597755636,1.94566666237
917,917,-0.0742899559417,-1.92035505054
918,918,-0.137645550796,-1.82432118874
919,919,1.55598589528,-0.558518129522
920,920,0.821096023736,-1.87556603934
921,921,0.603346143404,-0.210453239261
922,922,0.105392963749,-2.07969209818
923,923,0.709343603062,-2.10491897291
924,924,-0.423842623366,1.85599601619
925,925,-0.086770978824,1.5292816938
926,926,-0.53403243074,-1.35140275779
927,927,0.204903824589,-1.80307753637
928,928,-0.0878119797902,1.20962306127
929,929,0.556854267868,1.53864297518
930,930,0.0919515354964,2.39422695381
931,931,2.24903788059,-0.0177426886506
932,932,0.988375480103,-0.729311169179
933,933,2.38432759663,0.0525622016155
934,934,2.4827826995,-0.217403583292
935,935,-1.53539619804,-1.5514461094
936,936,0.728377339223,0.396933190303
937,937,1.07771004678,-0.632538667836
938,938,0.0455771889886,-1.90663962238
939,939,-1.02430743721,1.32969351286
940,940,-0.277071377607,1.40687471073
941,941,1.01851658944,1.42110331817
942,942,1.58935205307,0.472812153873
943,943,-1.06764643714,0.236070189078
944,944,0.131258947451,0.934990919627
945,945,-0.414712738289,-1.63780675879
946,946,-1.23849032598,-1.42503422829
947,947,-0.431668243074,1.51978910043
948,948,-0.749626585921,-1.260025381
949,949,-0.502911260547,-1.73813701432
950,950,0.48139072862,1.08339484989
951,951,0.298553172439,1.11048741571
952,952,0.0985438722163,-1.83938653962
953,953,0.277204818591,-2.31467664393
954,954,0.377241332645,0.945287755842
955,955,-0.34666108602,-1.10433254791
956,956,0.4079631309,2.06162331957
957,957,0.312627787142,0.942816782264
958,958,0.384170696759,-2.15740624214
959,959,-0.0660636656993,-2.1854639852
960,960,-0.402177039286,-2.14341735288
961,961,0.192566340162,-2.02455225055
962,962,0.112327149909,2.53730595738
963,963,1.04149729081,-0.60348948301
964,964,0.0634330073984,-2.1907160354
965,965,-0.160856975827,2.32511612254
966,966,1.12986000619,-0.164148630919
967,967,2.32387773299,0.19725429033
968,968,-0.628263090397,-1.28842734666
969,969,-1.28023144804,-1.44084029289
970,970,-0.70153660582,-1.35604270526
971,971,-0.151753269644,1.56948811408
972,972,-0.730500522154,-0.63705746362
973,973,-1.20179568508,-1.47092344036
974,974,-0.912513532206,-1.38933566624
975,975,-1.15586327277,-1.22537176685
976,976,-0.614186904564,-1.57294510184
977,977,-0.566284451049,-1.99140600519
978,978,-0.953705634011,-1.74560076451
979,979,-0.244206916827,-2.10999068915
980,980,0.395459558387,-0.897109018039
981,981,2.37635656919,0.00336406857109
982,982,0.0817733572313,-2.06067450499
983,983,-1.02647982868,-1.45367836709
984,984,-0.201894176959,2.55042208357
985,985,-0.205998723352,-1.50219726603
986,986,-0.539303873402,-1.48834527804
987,987,-0.829909484985,-1.76174328818
988,988,0.157087745935,1.20307946512
989,989,-0.75690966569,-1.36842153763
990,990,-1.19002726564,-1.81368148886
991,991,0.0697483753371,2.48350217243
992,992,0.0842347679241,-1.57254283815
993,993,0.210497565382,-2.30971446152
994,994,0.141182732593,-2.67234493599
995,995,1.78562384909,0.518472910229
996,996,0.448157862488,-2.07431214384
997,997,-0.705294078122,-1.54542899277
998,998,-0.989750334272,-1.12011916979
999,999,0.178527967544,0.37365531992
1000,1000,-0.564715311858,0.963271070216
1001,1001,-0.599139885495,0.986011681032
1002,1002,-1.15520046489,-1.15652374313
1003,1003,-1.5511983958,-0.830905030604
1004,1004,-0.0639102139528,1.98568104436
1005,1005,-0.228092132805,2.40426900834
1006,1006,0.87995337259,-1.43326730994
1007,1007,0.296645062422,-0.360996397933
1008,1008,-0.12898481642,2.10078476689
1009,1009,0.897104288784,-1.57672274132
1010,1010,2.11493604236,-0.241802234753
1011,1011,2.63831138162,0.0565422762184
1012,1012,2.22724949087,-0.413914966574
1013,1013,0.618728956785,-1.69457284276
1014,1014,-0.00656595865581,2.23001783513
1015,1015,0.357750496185,-2.32638301769
1016,1016,-0.793004708464,-0.741177809894
1017,1017,-0.506520930721,1.56749907011
1018,1018,2.35298711711,0.0936047573543
1019,1019,-0.310033160756,1.78263079972
1020,1020,0.163606704418,-1.73039882411
1021,1021,0.623231388542,0.0596207131382
1022,1022,0.0102946399877,-1.55751479577
1023,1023,-0.759491376292,1.99150310805
1024,1024,-0.172491732233,0.848297455836
1025,1025,-0.231806293168,1.02877956233
1026,1026,0.589783157597,0.315665204353
1027,1027,-0.280034842478,-0.175682284507
1028,1028,-1.016258434,0.393913998907
1029,1029,2.15272020343,-0.0625093747781
1030,1030,-0.467185192955,0.890448397766
1031,1031,0.524198358329,1.88762777332
1032,1032,-0.494459743907,0.984264481751
1033,1033,-0.734493647555,-0.293429758898
1034,1034,-0.363266395408,-1.72342936836
1035,1035,0.668589275641,-1.02025870469
1036,1036,-0.436669696591,-0.754005616156
1037,1037,0.0386329550029,2.26728176221
1038,1038,1.21338356133,-0.827443155811
1039,1039,2.02867782434,-0.53476783011
1040,1040,-0.0454890047536,-1.9782876161
1041,1041,2.41691536909,0.290798080491
1042,1042,0.145733640237,-2.33697459401
1043,1043,0.0339275507388,-2.27047582295
1044,1044,-0.722609373573,1.60670012474
1045,1045,-0.524242599998,1.83172883613
1046,1046,-0.709006961804,2.02181585976
1047,1047,-0.615603079953,1.80779556024
1048,1048,0.895262117978,-1.82217461421
1049,1049,-0.116676333082,2.00021495633
1050,1050,1.24147968997,-1.90373376335
1051,1051,0.296711670395,-2.13690242692
1052,1052,-0.230306572261,2.18149139591
1053,1053,-0.602897983686,1.82368549688
1054,1054,-0.702060517333,2.1655463002
1055,1055,-0.290465741909,2.30503365379
1056,1056,0.790233657996,-1.99084266789
1057,1057,0.532356028631,-2.09495019424
1058,1058,0.241366172979,-2.09168896365
1059,1059,-0.125811566553,1.81801975328
1060,1060,-0.205897446812,2.23830431774
1061,1061,0.913024017482,-1.64499512501
1062,1062,-0.0150759873583,-2.47140201189
1063,1063,0.650386031787,-1.86935233928
1064,1064,-0.237067536695,1.95305512005
1065,1065,-0.177963141153,2.09253580697
1066,1066,0.171748528644,2.15335083575
1067,1067,-0.174581554653,1.94853751827
1068,1068,0.56012195625,-1.84577050873
1069,1069,-0.0838742111418,2.0366456207
1070,1070,-0.350695629728,2.19739068648
1071,1071,-0.0656944628397,-1.94317369925
1072,1072,2.04877627007,0.519525329384
1073,1073,0.0670288753998,-2.37181525341
1074,1074,2.5826113195,-0.0596228518916
1075,1075,-0.871471402751,-1.1635263559
1076,1076,0.498166188953,0.507901692483
1077,1077,-1.09785978619,-0.93093906535
1078,1078,-1.1248132951,-1.04535558794
1079,1079,-0.572249356183,1.74190965444
1080,1080,-1.0874864208,-1.08724860273
1081,1081,-1.44881934774,-1.2724937521
1082,1082,2.27584965725,0.310067058727
1083,1083,-1.22505130899,-1.39902990395
1084,1084,-0.364813553336,2.01914717817
1085,1085,0.301948644297,1.44538576384
1086,1086,-0.111304610846,0.397363769612
1087,1087,-1.20664853306,0.755259251647
1088,1088,0.372501828407,1.49754124686
1089,1089,-0.28346413428,1.203211308
1090,1090,-0.317871958898,-0.74330764455
1091,1091,-0.976497948123,0.827613082867
1092,1092,0.340448116963,1.38090128425
1093,1093,-0.663333509259,-1.64239468047
1094,1094,0.123646134123,-2.29760464789
1095,1095,-0.502795081925,2.41834428925
1096,1096,0.530795348178,-2.61528792204
1097,1097,-0.274610732002,-2.5777343058
1098,1098,0.240139479383,-2.17144846932
1099,1099,0.0731524049336,-2.19916838255
1100,1100,0.395472957708,-1.80766353404
1101,1101,-1.13309950594,-1.38449870893
1102,1102,-0.288101614546,-1.89496341127
1103,1103,0.267208501693,-2.25903976112
1104,1104,-1.13489751903,-1.56218094101
1105,1105,-0.0150101058565,-2.23662713448
1106,1106,2.52604224928,0.163932813299
1107,1107,-0.564143348079,2.02359248732
1108,1108,-1.5101970285,-1.69846994728
1109,1109,-0.318251155092,2.14475442762
1110,1110,0.306333416625,-1.36730348521
1111,1111,-0.384814487967,2.02001993524
1112,1112,0.684017793597,-1.6799112442
1113,1113,2.5698118856,-0.119795698138
1114,1114,1.60023569836,0.511577248316
1115,1115,0.30430955477,-2.36828795497
1116,1116,0.40780150866,-2.01932717503
1117,1117,-0.386981167487,1.10814138062
1118,1118,0.836417144719,-1.64596183296
1119,1119,1.34616329905,-0.946053861702
1120,1120,-0.664993587411,1.66254311149
1121,1121,-0.565490646845,1.96061222434
1122,1122,-0.447034065289,2.27067127911
1123,1123,1.33485315081,0.387611774182
1124,1124,-0.572488761052,-1.58435024315
1125,1125,1.33661379488,-1.68819068955
1126,1126,-0.420644225186,2.23147128927
1127,1127,0.557125947078,1.28298475155
1128,1128,1.58443431547,-1.05118756299
1129,1129,-0.429255652528,2.29375945818
1130,1130,0.873643327811,-1.57231951768
1131,1131,-0.95092429085,-1.57832747846
1132,1132,0.673683132299,-1.8451607598
1133,1133,-0.0773069452702,-2.09952143393
1134,1134,0.210450752615,-2.33149569334
1135,1135,0.776306173065,-1.94069314017
1136,1136,-0.12498283021,2.3658269417
1137,1137,-0.0572311682224,-1.92584033204
1138,1138,0.311511184676,-2.73134693001
1139,1139,0.483968810147,-2.14864070322
1140,1140,-0.196978969515,2.16770961804
1141,1141,0.134879133737,1.83470310818
1142,1142,-0.241295796048,2.27527608655
1143,1143,1.10590854025,-1.47331369688
1144,1144,1.50951382951,0.780675304703
1145,1145,2.59514742989,-0.00396292106128
1146,1146,0.924265675756,1.49589383481
1147,1147,0.209434988168,1.72382011407
1148,1148,-0.266573069714,-2.42357831027
1149,1149,0.320297682245,-2.51903106123
1150,1150,2.32586984365,-0.182437823558
1151,1151,-0.221020134829,2.69992633495
1152,1152,0.333363139838,2.40368165643
1153,1153,2.38081655711,-0.232403224887
1154,1154,-0.172002840883,-2.45753574745
1155,1155,0.0156060575168,-2.69771401683
1156,1156,1.9078717952,0.487224157919
1157,1157,-0.000632386172422,1.9709628179
1158,1158,2.13895944084,0.645881407591
1159,1159,2.26184644776,-0.196855694087
1160,1160,-0.0135966106325,1.87295129884
1161,1161,0.214712932465,-1.16829177892
1162,1162,0.00345329816681,2.1367055374
1163,1163,0.387778897692,1.91180499364
1164,1164,0.633957036161,-1.73386438622
1165,1165,1.65409698957,0.630166380243
1166,1166,0.58221930865,1.88106125229
1167,1167,2.38970442146,-0.0452645383898
1168,1168,0.81562495816,-1.69636857528
1169,1169,2.43850363356,-0.0290223815572
1170,1170,1.97654589263,0.17965966644
1171,1171,-0.282096044635,-2.41671280274
1172,1172,0.116301550314,-2.11245502958
1173,1173,-0.234387967533,2.06751448765
1174,1174,0.168158004866,2.47283744187
1175,1175,0.280120468314,2.15831310903
1176,1176,-0.119806399813,2.29035786074
1177,1177,0.259164807518,-1.67976816294
1178,1178,1.70058801005,0.622490145929
1179,1179,-0.0146247475169,-2.51130371205
1180,1180,0.178374048078,-2.52948977197
1181,1181,2.20753545017,0.219484601575
1182,1182,-0.237713265296,-2.37227221302
1183,1183,-0.129923590531,2.35390903947
1184,1184,-0.33690489346,2.37563114385
1185,1185,0.840733804371,-1.65982651882
1186,1186,-0.265181446553,-2.43526416092
1187,1187,-0.278873478932,-2.00556826892
1188,1188,0.97283457209,-1.59065810755
1189,1189,-0.259574966102,-2.50043313817
1190,1190,-0.228230916462,-2.36657596485
1191,1191,0.437955162575,-2.34162269183
1192,1192,-0.0898680661946,-1.84252598622
1193,1193,-0.128632519718,-2.16410563843
1194,1194,-0.308134701811,-1.91389988517
1195,1195,-0.0309846505692,2.04850870341
1196,1196,2.00908199532,-0.0805561923101
1197,1197,2.16397476906,0.0735542201463
1198,1198,2.43088738606,-0.0942638224244
1199,1199,2.46271657133,0.00228220792451
1200,1200,0.319465742335,-2.24821822013
1201,1201,0.52747545444,-1.64718973242
1202,1202,-0.699785350725,1.75819656408
1203,1203,-0.785612562873,2.15149914114
1204,1204,-0.610193555007,2.0373472551
1205,1205,1.07289454528,-1.84852464996
1206,1206,-0.330106517495,2.0367858919
1207,1207,0.0843944207366,-2.70270398008
1208,1208,0.467525506965,-2.3359897951
1209,1209,2.26656078438,0.0219377479332
1210,1210,2.60827288864,-0.0853521844119
1211,1211,0.179178499381,2.03371870321
1212,1212,0.984489709742,-2.02200778909
1213,1213,2.59862683412,0.181894501954
1214,1214,1.58412601759,0.47451434323
1215,1215,-0.220331281155,-2.45405617302
1216,1216,0.215774654249,-1.80773321051
1217,1217,0.148591467488,-2.34082681845
1218,1218,0.138865371944,-2.06121258986
1219,1219,2.15942122703,0.027207228139
1220,1220,1.30659895308,-1.17384506908
1221,1221,1.45186978459,-1.30555749204
1222,1222,1.26927653381,0.643372772235
1223,1223,1.30379176336,-0.951436473624
1224,1224,2.83513627163,0.0274416173252
1225,1225,2.39708541403,-0.0458790537508
1226,1226,0.255961551295,-0.186540420058
1227,1227,-0.130542548235,2.59075009086
1228,1228,0.683485850234,-0.00764500897816
1229,1229,-0.235545687508,2.04226253047
1230,1230,0.179989638251,-2.16882553692
1231,1231,0.534969710649,-2.34623222807
1232,1232,-0.110072406102,2.37316493081
1233,1233,0.920333815263,-1.91665228738
1234,1234,0.0103142792812,2.21827067729
1235,1235,0.167997925414,-2.02224858329
1236,1236,2.38441140618,0.153671797271
1237,1237,0.547585951377,-2.55668477094
1238,1238,0.0417544923291,2.36929891031
1239,1239,0.671657877987,-1.68889286936
1240,1240,-0.00593114030934,-1.99104650439
1241,1241,2.37500279109,-0.212613274822
1242,1242,0.179116466852,-2.2036121053
1243,1243,-0.0122839668548,-2.46880095731
1244,1244,0.270874275552,-2.33447881224
1245,1245,-0.115487704177,2.54347136983
1246,1246,-0.0999304218464,-2.40051653323
1247,1247,-0.191938829903,2.32303742902
1248,1248,-0.0946241150156,2.30861182048
1249,1249,0.407679255022,-2.27004987968
1250,1250,0.132142414836,2.3662956133
1251,1251,0.00784336533661,2.3394358184
1252,1252,-0.369749591873,2.34209350477
1253,1253,0.426720017877,-1.93584336298
1254,1254,1.74428270195,0.535465257975
1255,1255,2.73736326273,-0.124369841506
1256,1256,2.25815415308,-0.112294784211
1257,1257,2.61467108722,-0.00990239620554
1258,1258,2.00035512178,0.305895113867
1259,1259,2.29382784368,0.0233741883168
1260,1260,2.45253747362,0.279263136198
1261,1261,2.18610309242,0.0645467990169
1262,1262,-0.323275601139,-1.82831920475
1263,1263,0.235533547127,-2.11977793662
1264,1264,2.32960906351,-0.124603702942
1265,1265,-0.04427836657,2.46070381839
1266,1266,1.31699576649,0.068267133791
1267,1267,1.68406574067,-0.294354999383
1268,1268,-0.109041072806,-2.22824026697
1269,1269,0.298650309912,-2.25990224547
1270,1270,1.96660565971,-0.146296101346
1271,1271,-0.14396973903,2.29949471094
1272,1272,1.79194064809,0.67545617113
1273,1273,-0.115485547731,-1.97664271604
1274,1274,0.659033479614,-0.612310912059
1275,1275,-0.093053602992,2.61640870614
1276,1276,0.448039527013,-2.37345437836
1277,1277,0.142032460135,-2.02898645546
1278,1278,2.35997781814,0.221111694788
1279,1279,1.84852116731,0.262899511401
1280,1280,0.763892276254,-0.174511201887
1281,1281,2.34908404134,0.184176008578
1282,1282,2.39309298941,0.157288845508
1283,1283,2.21599639988,0.302148772646
1284,1284,-0.3933073169,-1.77631318068
1285,1285,1.10218487196,-1.81385498696
1286,1286,0.0956635312807,-0.609507521837
1287,1287,1.79529172073,0.735115788098
1288,1288,0.0587538950243,-2.01835537869
1289,1289,-0.00850969954777,-2.10016392415
1290,1290,0.0870527986567,-2.10573801206
1291,1291,1.03160567232,-0.606341559487
1292,1292,0.486986327562,1.79918714412
1293,1293,2.32651590081,0.229067163596
1294,1294,2.57335185944,0.212934333851
1295,1295,0.702654018646,-0.673947656891
1296,1296,0.284017614233,-2.16768767548
1297,1297,0.280993079091,-2.21737672958
1298,1298,1.3747263934,-0.833730609898
1299,1299,-0.259065815199,2.12196675592
1300,1300,0.37776574088,-1.95216164706
1301,1301,-0.0856384696915,2.70559247232
1302,1302,-0.344419257774,1.71825309037
1303,1303,0.886797938392,-2.10387030839
1304,1304,-0.270603546725,1.95526451474
1305,1305,-0.0733371339343,2.10631797964
1306,1306,-0.402134529401,2.10985264292
1307,1307,-0.399057091562,2.39322084293
1308,1308,-0.434638114975,2.20118501455
1309,1309,-0.18498547453,2.23303405385
1310,1310,0.425996156701,-2.18072240118
1311,1311,0.115047402423,-2.41069270003
1312,1312,-0.307077858377,2.3681612605
1313,1313,-0.175698167814,-2.16510338303
1314,1314,1.14554616183,-2.18001694838
1315,1315,0.444903645221,-2.18065490512
1316,1316,-0.731152069842,2.28461806097
1317,1317,-0.14297725779,2.00127793784
1318,1318,0.28369738337,-2.39349221004
1319,1319,-0.319949139285,2.25319124804
1320,1320,0.514703978998,2.31269856991
1321,1321,-0.574432335903,2.20266175101
1322,1322,0.0282741393063,1.93370254072
1323,1323,-0.0708104520882,2.02168152762
1324,1324,0.745463404205,-2.21671347879
1325,1325,1.12620605643,0.678582382672
1326,1326,1.98041945602,-0.0436943465346
1327,1327,-0.0368944229682,-2.43976305903
1328,1328,0.13353121608,-2.22017400556
1329,1329,2.2404022792,-0.0438622865249
1330,1330,-0.19603959927,2.32598130493
1331,1331,0.98840139781,-2.11926967333
1332,1332,1.75474282163,0.743593866791
1333,1333,0.122820274502,-2.40282859905
1334,1334,0.321599996667,1.88795594709
1335,1335,1.07897019739,2.04454055985
1336,1336,0.557676130479,2.08565357372
1337,1337,-0.239527474146,2.18358228446
1338,1338,1.82046963748,1.37982076679
1339,1339,-0.0638182431153,2.27725969409
1340,1340,1.09309419256,1.32309081959
1341,1341,0.854712281338,1.38603319998
1342,1342,1.48754726758,1.3872409701
1343,1343,-0.0794154912277,-2.65799878266
1344,1344,0.0283033806601,-2.13058131363
1345,1345,1.35517661199,1.1339906408
1346,1346,0.469121989605,2.15790085751
1347,1347,1.90773514669,0.468940345365
1348,1348,1.10544834505,2.06815169062
1349,1349,0.00916302806808,1.98990261316
1350,1350,-0.662541782754,-1.96493831624
1351,1351,1.71694996394,0.73761046327
1352,1352,-0.887130490377,-0.782258573748
1353,1353,0.493112095704,-1.89380970214
1354,1354,0.616061560581,2.30282194229
1355,1355,1.36730791816,0.70401405335
1356,1356,1.88604725126,0.653384278803
1357,1357,1.30048799499,1.55965902415
1358,1358,0.467582458471,2.04148448212
1359,1359,0.813475474508,0.75077306801
1360,1360,2.04371430752,0.015657895061
1361,1361,0.337277608555,0.365520691212
1362,1362,-1.04919625373,-1.64470434907
1363,1363,-0.45232605889,-1.62643535373
1364,1364,2.18235308395,0.170158635683
1365,1365,1.29302746865,-0.587429705245
1366,1366,2.54404513694,-0.225137855703
1367,1367,-0.229482478887,1.15112829944
1368,1368,0.39298805371,2.05888362444
1369,1369,0.572760262747,-2.17578354297
1370,1370,0.142022455808,1.87920638915
1371,1371,2.52979044034,0.145611930788
1372,1372,1.30178647309,0.384441032879
1373,1373,-0.123577061429,2.41848396044
1374,1374,1.64588444483,0.631018533032
1375,1375,1.34679107516,1.63564487784
1376,1376,0.518579852116,1.01842831757
1377,1377,-1.06969451315,-1.30432203445
1378,1378,0.561438428872,-2.0620693774
1379,1379,1.31099704417,0.850322339928
1380,1380,0.318869892514,2.91949364214
1381,1381,1.20001196514,1.95261939895
1382,1382,-0.0812688415752,-2.55822868057
1383,1383,0.301772501233,2.00238878681
1384,1384,1.39351732348,0.665606371235
1385,1385,2.09020568475,0.681193903822
1386,1386,1.21450555631,0.581233469131
1387,1387,1.90076179797,1.79762980786
1388,1388,2.93841922437,0.513934635193
1389,1389,1.05575399725,1.06732424673
1390,1390,0.616130605922,2.51658394947
1391,1391,-0.350370645104,2.48750230456
1392,1392,1.14300382766,-2.94137659226
1393,1393,0.862399916068,0.766073129368
1394,1394,0.89588419155,0.189901660448
1395,1395,2.22282896383,-0.424517140359
1396,1396,2.25617258592,0.3727667898
1397,1397,1.05457718248,-1.9028435696
1398,1398,0.495284223144,1.84407991066
1399,1399,-0.36072514803,-2.59029437011
1400,1400,1.0990491951,0.425718653142
1401,1401,-1.82057984834,-1.42002526776
1402,1402,0.503980358499,2.17256785261
1403,1403,1.39358427646,-0.13081808484
1404,1404,0.163370992426,2.65746927922
1405,1405,1.26408347521,1.74151825131
1406,1406,0.296006675379,2.40091017397
1407,1407,-0.0900026760824,3.37071401005
1408,1408,-0.128096140654,2.59181679952
1409,1409,0.119886100261,3.32942836247
1410,1410,-6.55182688931e-05,1.82659745454
1411,1411,-0.336181135307,2.65041156711
1412,1412,0.333238501129,2.20516668805
1413,1413,-0.0121718035064,1.93935511495
1414,1414,0.0570550054809,2.6636966714
1415,1415,0.628648197224,3.13782899002
1416,1416,0.192724443694,2.87555363839
1417,1417,2.14149457339,0.140597079427
1418,1418,0.140240057753,2.08409315703
1419,1419,1.05285955944,0.533315285524
1420,1420,-1.22444139888,-0.863778516903
1421,1421,0.204262410758,0.146334521848
1422,1422,0.882140418005,0.122066295594
1423,1423,1.83572472784,0.178637461622
1424,1424,-0.0977909999291,-2.01761429106
1425,1425,0.165646822839,2.22453400565
1426,1426,0.161713547539,0.645158040927
1427,1427,2.59777330353,0.653096310605
1428,1428,3.31869617703,-0.738530303574
1429,1429,2.32221830494,0.0560419200626
1430,1430,1.57931206617,0.571442505403
1431,1431,2.07004317072,0.136818450516
1432,1432,2.21598847926,0.188449435504
1433,1433,1.8714963261,0.0168411473219
1434,1434,0.718572076328,0.767418900586
1435,1435,1.19690642241,0.987385365123
1436,1436,0.590899045499,-2.91256705136
1437,1437,2.15386484754,0.312611293624
1438,1438,-0.495857398324,1.88869165906
1439,1439,1.38532333636,2.12610165767
1440,1440,1.08538531311,2.01801189382
1441,1441,0.484297257607,0.767515069012
1442,1442,0.639737835768,1.64747254626
1443,1443,0.686182014114,-2.58402830265
1444,1444,1.57516185364,2.19346223333
1445,1445,0.76710433761,1.91583558031
