,vote,alpha,beta
0,0,-0.0973698071463,1.60515432232
1,1,0.0654925595225,-1.51406065029
2,2,2.02240135493,0.215701428943
3,3,1.85271199081,-0.166200716062
4,4,0.388366160815,-1.26763781583
5,5,1.86156104548,0.0639801821232
6,6,1.61361051662,0.253179995988
7,7,1.71941528083,0.136003582131
8,8,0.083882070243,-1.43029337106
9,9,0.645207003889,-0.961508850589
10,10,1.70702736403,-0.0721490570581
11,11,1.88413423446,0.0194047134624
12,12,2.00551019693,0.0136019417746
13,13,1.92791955454,-0.225799561097
14,14,1.92978222003,-0.0333243279111
15,15,2.04176190725,0.148070027079
16,16,-0.150653059814,1.57357537168
17,17,0.523568750863,-0.589753983663
18,18,1.90099736964,-0.0173100079389
19,19,1.85072127622,0.214120254833
20,20,1.21601290163,-0.510305762593
21,21,0.188144220129,-1.71144710644
22,22,0.0141096486075,-1.74519988637
23,23,1.8404481027,0.0247752062527
24,24,0.360000528791,-1.67946471795
25,25,1.27552096962,-0.279853795268
26,26,-0.76678431309,0.0273741678942
27,27,-0.138997421481,1.86384188628
28,28,2.2274279708,0.439777389481
29,29,1.90808103544,-0.0959154381661
30,30,1.63889877822,0.0472712824192
31,31,1.88736397157,-0.0620564770264
32,32,0.106272896421,-1.71927321658
33,33,0.0600111498225,-1.75965841153
34,34,1.2199052377,-0.232965720553
35,35,-0.0583483900462,1.67920628175
36,36,-0.220669191084,-1.46825680811
37,37,0.0296036974732,-1.80893609277
38,38,0.13385997184,-1.61650104954
39,39,-0.610667587926,-1.29707001359
40,40,1.16363871478,-0.863127765975
41,41,-0.0842270935764,1.82275527064
42,42,0.109597222097,-1.65524263959
43,43,2.20798896285,0.145811949448
44,44,1.99083555677,-0.281605942659
45,45,1.87507381524,0.0768306177817
46,46,1.88780242275,0.0788495988258
47,47,1.7421291409,-0.0731401201442
48,48,2.07953807945,0.283048560245
49,49,1.04220119279,0.695313054329
50,50,0.107529979611,-1.67317459365
51,51,0.0793594413567,-1.65489107289
52,52,0.00835610881303,1.86978568576
53,53,0.152521673507,-1.7012773336
54,54,0.145676002495,-1.9041776511
55,55,0.158368275961,-1.81335659605
56,56,0.292547821403,-1.58230952184
57,57,-0.257992206446,1.49390505612
58,58,-0.131921464736,1.76322600319
59,59,0.0669247363499,-1.42742847101
60,60,0.252190311424,-1.58100776511
61,61,1.84851988725,0.0820203220897
62,62,1.89813394668,-0.0542511653701
63,63,1.67499606799,0.019352563533
64,64,1.91940842782,-0.0154758808449
65,65,1.8835166225,-0.0210124962126
66,66,0.000256635530581,-1.61812762995
67,67,0.193421585077,-1.65183786699
68,68,0.469205132757,-1.49063716757
69,69,-0.182479303533,-1.42519057298
70,70,-0.46409283049,1.32721989237
71,71,-0.254293362458,1.50324445476
72,72,-0.513233608458,1.43143870781
73,73,-0.478006895422,1.60952643355
74,74,-0.604492971204,1.683259546
75,75,-0.338150732718,1.56967600893
76,76,-0.199211060836,1.63118586061
77,77,-0.560519819897,1.20317950074
78,78,0.0161927559455,1.61244423994
79,79,0.460371185688,-1.62095109451
80,80,-0.0905496455072,-1.3512790098
81,81,-0.132323018366,-1.73011318157
82,82,0.200208954609,-1.53997834192
83,83,-0.0196307694017,1.74404742382
84,84,-0.0617990279444,-1.62504465725
85,85,1.98710225127,0.0461155392683
86,86,1.63243342272,-0.197378306107
87,87,0.10144775676,-1.83094818709
88,88,0.191861761979,-1.89890091699
89,89,-0.452691882692,-0.797470459081
90,90,0.165249262433,-0.549281107674
91,91,0.0183976941009,-1.63110927354
92,92,-0.489368639355,1.37577817529
93,93,-0.443463901974,-1.47997243866
94,94,0.0907228443227,1.75347228706
95,95,1.7847409158,-0.134873159862
96,96,-0.379186846586,1.31415194092
97,97,-0.18009299123,1.67552402473
98,98,-0.38626976934,0.395664220214
99,99,-0.343561312817,1.46011300183
100,100,-0.128593950831,1.48325451566
101,101,-0.973382738503,0.612190112008
102,102,-0.35106504212,-1.54496206425
103,103,-0.599660059731,1.42089923735
104,104,-0.282568369708,-0.93440191173
105,105,-1.19577502147,0.00396429523891
106,106,0.545969901905,0.768209707976
107,107,0.0327553181184,-1.55917289575
108,108,-0.570783892477,0.474604877922
109,109,-0.53387429461,0.561765636323
110,110,0.904230917658,1.18017291562
111,111,0.064012162902,-1.64902523364
112,112,-0.2541549878,-1.28815717292
113,113,-0.0335425674315,-1.51664872969
114,114,-0.144387933818,1.61888489674
115,115,0.122379707899,-1.34770847873
116,116,2.02578341539,0.0536712954735
117,117,1.90864754386,0.200661167782
118,118,0.131794243192,-1.71338428342
119,119,1.73913228159,-0.220046964923
120,120,1.80291959187,0.0429810678497
121,121,0.0445453221181,1.80293835208
122,122,0.738639751003,-0.907210922657
123,123,2.28194177483,-0.00290289139069
124,124,0.446092739035,1.36600670263
125,125,0.165802348423,-1.84041274575
126,126,0.102742915511,-1.63632312669
127,127,-0.85125662239,0.671182891249
128,128,-0.0365209452898,-1.77618673108
129,129,-0.127596603425,-1.00258518875
130,130,-0.539989231453,-1.06663848939
131,131,0.963682257026,0.766472017459
132,132,-0.235868587912,-1.45918024112
133,133,-0.0666096690854,1.45492556677
134,134,0.381255317077,-1.73851159952
135,135,0.355475039851,1.1885393334
136,136,-1.198167969,0.673012218728
137,137,-0.660752553522,0.765351140216
138,138,-0.999471875797,0.451356587599
139,139,-0.0153066750768,1.45810057297
140,140,-0.604069442905,0.0581330358932
141,141,-0.692995797904,0.624674481382
142,142,0.256345083034,-1.49861017798
143,143,-0.298424540814,1.46975091938
144,144,-0.81861877157,1.39612327143
145,145,-0.56139044456,1.20551308961
146,146,1.4882236203,0.551697894583
147,147,-0.00893040908074,1.28269306083
148,148,1.63500405372,0.0168908159452
149,149,2.13200155612,0.0177207411848
150,150,-0.174428560383,1.87084346289
151,151,0.610553494538,-0.714400215456
152,152,1.95643918403,0.166353370104
153,153,1.73484058144,-0.0423343480558
154,154,1.82107725885,0.0257914043246
155,155,-0.0471330334812,-1.82767815081
156,156,-0.0434372226634,-1.64415552459
157,157,1.8747918115,-0.0849615839874
158,158,0.140090118792,-1.70431886203
159,159,1.41220413586,0.21691337637
160,160,0.141427760657,-1.87825919178
161,161,0.374509863601,-1.39178021638
162,162,-0.153694561329,1.53555292862
163,163,0.451336495342,-0.417666465632
164,164,-0.807484490839,-0.783963899228
165,165,-0.338384854747,1.40858959085
166,166,0.283879870828,-1.85689645381
167,167,-0.556078985324,1.21527316514
168,168,0.694582217116,1.06410361517
169,169,-0.0715854282017,0.124764636219
170,170,-0.921737646247,-0.766443513591
171,171,-0.878512461006,-0.832947444983
172,172,-0.773642674744,1.06642786125
173,173,-1.10979741081,-0.57080862221
174,174,-0.294663458464,-1.39521597683
175,175,-0.0352496059076,1.30557703528
176,176,0.146639927431,0.800520748765
177,177,0.249106378014,-1.66951106775
178,178,0.00548318267735,1.10654024559
179,179,-0.357659757275,-1.19354662498
180,180,-0.603631732797,-1.03717498677
181,181,0.846744422863,-0.424059595867
182,182,-0.360291079476,-1.0659961416
183,183,0.103671794575,1.06088291432
184,184,-0.018086223208,0.554380777072
185,185,-0.276468051373,0.356361259124
186,186,0.492244009408,-0.393482351835
187,187,0.0592509893639,-0.511677615565
188,188,0.0103766961681,-0.617761175526
189,189,-0.105141037551,-0.320934218573
190,190,0.0286009659854,0.253846704985
191,191,-0.345120906306,-1.20389752267
192,192,-0.0221388989004,-1.73865064462
193,193,-0.14745931897,1.67254448321
194,194,-0.259241119167,-0.966837631311
195,195,2.03839880077,-0.234966326958
196,196,1.99143614814,0.15553559664
197,197,0.0650279676259,-1.87737631027
198,198,-0.5972860538,1.20950221015
199,199,0.110730479879,-1.62052736806
200,200,0.147085003112,1.48088635504
201,201,-0.226252553054,1.74105667454
202,202,0.542744438187,-1.5078120207
203,203,2.05595647393,-0.240219866906
204,204,-0.137203528232,1.61621595841
205,205,0.298142364421,-1.66062502854
206,206,0.192308762497,-1.31445875281
207,207,0.229257112628,-1.47643415503
208,208,-0.218754241794,1.51888941013
209,209,0.192273869079,-1.70896693113
210,210,0.478171685727,-0.659097980112
211,211,0.0839473085263,-1.57709219005
212,212,0.0708610371321,1.52160324442
213,213,-0.546277454832,1.66498163471
214,214,0.000673604111252,1.60162957829
215,215,0.208300421844,-1.58859664591
216,216,1.5036510754,-0.415809637196
217,217,1.19563107135,-0.797708580479
218,218,2.09674407492,0.332425043156
219,219,0.115683688487,-1.71971031612
220,220,0.114349877143,-1.5194324773
221,221,1.47643635647,0.381482797877
222,222,-0.509838141183,1.69294609412
223,223,-0.199583784922,1.44379266906
224,224,-0.628557651761,1.23070859976
225,225,-0.44648732763,0.180774021701
226,226,-0.747560490407,-1.14755611036
227,227,-0.431608013899,1.36320924556
228,228,-0.513204241728,-1.14806759788
229,229,-0.0326884076033,1.38632493885
230,230,-0.773199106808,-0.727114201742
231,231,1.21578189479,0.456747819006
232,232,-0.0585038132245,1.49737503593
233,233,-0.345570858415,1.57290035681
234,234,-0.467457561455,1.53134654214
235,235,-0.333891783993,1.34236202591
236,236,-0.446796312921,1.34274628717
237,237,-1.07263785579,0.713173405672
238,238,-0.454862728184,1.15082105721
239,239,-0.70421960108,1.21146676302
240,240,-0.585322596823,1.25455537555
241,241,-0.605969086849,1.48827399874
242,242,0.012288435598,-1.63676720808
243,243,-0.523176141472,-1.19352719513
244,244,-0.106026654154,1.53034961486
245,245,-0.13989136525,1.06474290308
246,246,-0.889721051233,-0.743768096616
247,247,-0.256849665255,1.22996752497
248,248,-0.611562857318,0.245774320851
249,249,-0.467620392972,0.289849019309
250,250,-1.0740001143,0.855424140979
251,251,0.218766831355,1.25222398913
252,252,-1.13344776429,-0.818743324749
253,253,0.103842767661,-1.79787577395
254,254,0.089677007712,-1.59471512137
255,255,-0.560451572267,1.24940573399
256,256,-0.269973950571,0.710502242902
257,257,-0.606602055369,-1.07099678682
258,258,-0.208941702676,1.59411396322
259,259,0.113311116377,-1.5034710066
260,260,-0.0886513712687,-1.97329813226
261,261,0.0530192209893,-1.66457249145
262,262,-0.0656064820757,1.6190338401
263,263,0.0915780224251,-1.58774680326
264,264,0.149645680176,-1.86454170248
265,265,-0.00036041340082,1.62686826429
266,266,-0.202402083606,-1.71371910978
267,267,2.0076680511,-0.12962262707
268,268,1.90400760125,0.110144299607
269,269,1.72879145626,0.0591945856485
270,270,0.0637739676988,-1.75632533786
271,271,0.31910925238,-1.76245426236
272,272,-0.959200118251,0.271385439032
273,273,-0.162091431298,1.825098958
274,274,0.477357790188,-1.43593079581
275,275,-0.236864470233,1.73781487224
276,276,0.547397785848,-1.48883804714
277,277,0.105270828137,-1.75089672937
278,278,0.0659898789324,-1.50097752144
279,279,0.774899502708,1.19772700591
280,280,0.0167705154487,-1.61766457847
281,281,0.25166788781,-1.71103107006
282,282,-0.216004409332,1.70641623108
283,283,0.098956146337,-1.6115374637
284,284,-0.186185853091,1.41951227444
285,285,0.00206286793955,1.79615689446
286,286,0.0116857452928,1.794564494
287,287,-0.11044524362,-1.55922862207
288,288,1.8250584414,0.0242548228801
289,289,1.81646552088,0.0437351612257
290,290,0.0641734843539,-1.66908811044
291,291,0.0306747654875,-1.73415147655
292,292,-1.41135968742,0.547958008648
293,293,0.42590021814,-1.43976031747
294,294,-0.393451155815,1.34336027431
295,295,-0.590155780014,1.1948853766
296,296,-1.22235553272,0.47571076217
297,297,-1.05116875858,-0.700244055678
298,298,-0.395015129351,1.3173513638
299,299,-0.407932734685,1.63902450732
300,300,-0.196024047684,-0.400531862391
301,301,0.462162096039,0.145340124516
302,302,-0.225127403162,0.503438091763
303,303,0.287519222701,0.350449929554
304,304,1.15582361591,-0.641005204177
305,305,0.85319744524,0.41301168581
306,306,-0.445817944175,0.540573340357
307,307,0.427792411388,-1.53003882374
308,308,0.823856783896,-0.310199202825
309,309,0.340705363832,-1.69379340354
310,310,0.890274234461,0.553702228079
311,311,-0.975030618722,0.94384791977
312,312,-0.65432874376,0.99906234941
313,313,-0.086075310636,-0.406816145889
314,314,0.122027932842,-1.70548562512
315,315,0.0210278205125,-1.67507927805
316,316,1.96863562894,-0.188997350877
317,317,0.166796250884,-1.55016362404
318,318,-0.144667339894,0.145101814259
319,319,0.143488811374,-1.45423792694
320,320,0.184005794295,1.11083960151
321,321,-0.645967500144,-0.710670413323
322,322,0.177728576452,-1.60889671036
323,323,0.375299616788,0.259091091321
324,324,0.731926561427,1.0786741428
325,325,-0.242603194105,1.38379045782
326,326,-0.130440716199,1.44767361169
327,327,0.105049815438,-1.73494083237
328,328,-0.173949722333,1.12511771238
329,329,1.75646111597,-0.254984891242
330,330,0.0994024287852,0.233765482031
331,331,-0.252450708674,1.74194479954
332,332,0.843754837423,-0.847282408977
333,333,-0.0534763727309,1.61373708441
334,334,-0.185863452163,1.55965299582
335,335,0.103076241489,1.64119185524
336,336,0.617917016195,-1.30075948243
337,337,1.02994869395,0.840680364438
338,338,0.0788451092052,-1.96601757745
339,339,0.221919500642,0.587140163071
340,340,-0.177041224165,-0.318724741302
341,341,-0.472176093463,-0.82016763238
342,342,-0.616096414354,1.16117996343
343,343,-0.89289122003,0.823856882295
344,344,-0.891891649612,0.885829803751
345,345,1.46613477713,-0.37710239903
346,346,1.52923391894,-0.329441710548
347,347,-0.0473047695081,1.5174353264
348,348,-0.0940449115421,1.60534708636
349,349,0.149041727029,-1.66646254427
350,350,0.406336027377,-1.53590104778
351,351,-0.133765377226,1.5549537394
352,352,0.162784831166,-1.55265893028
353,353,0.0604733609935,-1.71273394785
354,354,-0.0608501665288,-1.59795302877
355,355,1.65473186504,0.0396207003029
356,356,0.283187677549,-1.74476466072
357,357,0.344536727653,-1.72970548903
358,358,0.165290454827,-1.62875676829
359,359,0.760951771267,-1.5535828441
360,360,0.533632079026,-1.02506322736
361,361,-0.106446721931,1.58156504365
362,362,-0.247398376967,1.78161998215
363,363,0.0922348401141,1.57960859029
364,364,-0.106772286317,1.56918709525
365,365,-0.202571810439,1.84550799663
366,366,0.175268969333,-1.74238907611
367,367,-0.22069433255,1.87895048604
368,368,0.245741379897,-1.67490963674
369,369,1.49395995938,0.462439517747
370,370,2.23303740078,0.075186609325
371,371,1.83791809821,-0.0412077638651
372,372,1.75285629933,0.0573753463704
373,373,1.84845990943,0.202769422829
374,374,1.99045518816,0.000880100678524
375,375,1.76295257621,0.00664839451703
376,376,1.91810617187,-0.0984730229044
377,377,1.6465193778,0.129706448064
378,378,0.0339674942443,-1.85870075452
379,379,0.301156006089,-1.64391744943
380,380,0.332187148601,-1.72520804838
381,381,1.90307908408,0.0212004950291
382,382,1.84785043332,-0.125501918959
383,383,1.57615109154,0.360599473046
384,384,0.247259487041,-1.82419681783
385,385,0.0624033593088,-1.71445854486
386,386,1.59991793572,0.15498775776
387,387,-0.201891698026,1.61052713416
388,388,-0.300806718081,1.70051881894
389,389,-0.315806954564,1.52940807862
390,390,-0.157725828047,1.75260070003
391,391,1.9160679213,0.0623370820339
392,392,0.121045528856,1.72413463646
393,393,0.358274792855,-1.42214208737
394,394,0.0843724189229,-1.61629185796
395,395,0.066443929144,-1.68514062777
396,396,0.0595671069414,-1.6138378183
397,397,-0.0162588834531,1.6001441644
398,398,0.0209834219979,-1.67058368925
399,399,-0.0937824281645,1.76804360254
400,400,0.199323310944,-1.69942524161
401,401,-0.155517244543,-1.66596320407
402,402,0.376525327445,-1.66536350316
403,403,0.399726501647,-1.49281006339
404,404,-0.158487690091,1.61878269056
405,405,0.32132348296,-1.53592709871
406,406,0.765904280002,-0.734939025177
407,407,1.91013495546,0.0263865944235
408,408,2.0398954669,0.28545187076
409,409,1.94406413754,0.253126467385
410,410,-0.24026412683,1.76566310767
411,411,1.80755785368,0.0046195022822
412,412,0.168895421561,1.68438600709
413,413,2.04084418334,-0.112537128368
414,414,1.86200343397,0.034741593573
415,415,0.00616023971652,-1.49699558234
416,416,-0.125292465818,-1.58297120499
417,417,0.122710761281,-1.75264898498
418,418,1.6942884817,-0.0191734653225
419,419,0.247830759328,-1.53043417858
420,420,0.0931408711982,-1.63003778147
421,421,1.90817691397,-0.0922098899881
422,422,0.184682446522,1.54363652751
423,423,1.35589489387,0.351562400461
424,424,-0.0875862073207,-1.687850625
425,425,-0.00498227501443,-1.72302437101
426,426,1.77802014626,0.578488311813
427,427,0.119599011321,-1.50590105488
428,428,0.157251226703,-1.65558436307
429,429,0.347958255777,-1.43128752108
430,430,0.680504312476,-1.41274626587
431,431,0.43658309249,-1.44308034737
432,432,-0.0832314921749,-1.6859515207
433,433,0.132828957652,-1.57531113942
434,434,0.0697632009783,-1.55734331597
435,435,0.348473233362,-1.88842541377
436,436,0.290955915378,-1.47345616845
437,437,0.595216074643,-1.53439883041
438,438,0.0134152910329,-1.76665471713
439,439,0.578801114491,-1.52486348579
440,440,0.104511281464,-1.80624764356
441,441,0.568436559812,-1.30206302422
442,442,0.0610452460595,-1.76663657014
443,443,1.69845771014,0.159798447944
444,444,0.162869369142,-1.67232904375
445,445,0.139954574842,-1.77071399186
446,446,0.240044799547,-1.54272466284
447,447,0.0769131601127,-1.67912328919
448,448,0.287324347022,-1.42699440035
449,449,2.07419004319,-0.0571598807912
450,450,1.77537607446,0.0496725508349
451,451,-0.0223018784131,-1.72995165034
452,452,0.43177554862,-1.57866848498
453,453,0.0524616025242,-1.46910715756
454,454,0.448364924912,-1.60865658696
455,455,0.0745830879951,-1.59066377835
456,456,0.0790950023274,-1.70843834749
457,457,0.0442576544796,-1.78806325337
458,458,0.0877205218153,-1.74463254034
459,459,1.86503238139,0.00404086191507
460,460,0.139984512534,-1.6834708694
461,461,0.570863814027,-1.53078319119
462,462,1.97339583001,-0.139635966565
463,463,0.0523651173258,-1.40667511906
464,464,-0.480968938604,-1.10643506446
465,465,0.388087703704,-1.68656863921
466,466,0.044900594157,-1.82608767188
467,467,0.357238260716,-1.5794126137
468,468,0.10609204815,-2.0049353725
469,469,0.143609589698,-1.80484298524
470,470,-0.078444238947,-0.42255180317
471,471,0.116168003608,1.65329371467
472,472,6.75702922133e-05,-1.66813863635
473,473,0.249288363721,-1.4385999485
474,474,-0.222453530365,1.22730405866
475,475,0.915917703855,1.21144743134
476,476,0.632691315036,0.967917243848
477,477,1.97218398298,0.187260803087
478,478,2.06351270313,0.057907270072
479,479,0.12282837602,-1.70610370018
480,480,0.819725952185,-1.34029877479
481,481,-0.257567365651,1.39776974025
482,482,0.10899983506,-1.61601950932
483,483,-0.660818157143,0.880877579038
484,484,0.138083943892,0.140645805083
485,485,1.71667519203,0.504811964316
486,486,1.78947857495,-0.09732995824
487,487,1.98837386962,0.0527604415857
488,488,1.84223026102,0.0778211545014
489,489,0.160725698321,-1.81989378067
490,490,0.254908562705,-1.6013904977
491,491,-0.389051593348,1.65994539561
492,492,-0.122585079433,1.79872695916
493,493,0.371422884948,-1.51575621941
494,494,0.0625148096359,1.67356522329
495,495,0.74273004514,-1.00301913278
496,496,1.41343168713,-0.438354688221
497,497,0.0656773940394,-1.75966785713
498,498,1.95732485079,0.20791580408
499,499,2.0133616087,0.0976754243082
500,500,0.0556972828276,-1.63029213064
501,501,-0.00735068449024,-1.85057356162
502,502,0.0127745760951,1.63088006678
503,503,-0.0792008280472,1.63719152496
504,504,-0.0709596132711,1.86068293145
505,505,-0.211919654885,1.73439848877
506,506,0.135451785828,-1.50860846978
507,507,1.69333384222,0.0764002876116
508,508,0.0902427681399,1.55860542038
509,509,0.27997379436,-1.56534797288
510,510,1.03041312462,0.822531939244
511,511,0.265356307382,-2.02525929479
512,512,0.0400840297134,-1.65141450682
513,513,0.102093258917,-1.81844414794
514,514,-0.0572155394265,1.80606652799
515,515,0.533149495432,-1.14237842565
516,516,1.89853268315,0.145666007462
517,517,1.92111333189,-0.0719660373272
518,518,0.146837394892,-1.73776447835
519,519,0.198119651537,-1.64183790271
520,520,-0.0251205022326,-1.61890727258
521,521,0.103642371033,-1.90605613834
522,522,0.216227210656,-1.57333245607
523,523,0.0570814085527,1.59797031001
524,524,-0.100347943851,1.63406919178
525,525,-0.133391753446,1.54269716467
526,526,-0.025167535615,1.50190202258
527,527,-0.0787796373554,1.51408661326
528,528,-0.358216540237,1.52326690642
529,529,0.0866860936234,-1.78015841303
530,530,-0.0608773593043,-1.52200491409
531,531,0.107208028983,-1.80061398589
532,532,-0.0669561676827,1.58583438855
533,533,-0.768692156913,1.24790789204
534,534,-0.185005989995,1.73206651048
535,535,0.367441356538,-1.59149172342
536,536,-0.277005837502,1.5677842499
537,537,-0.318493111596,1.78638109418
538,538,-0.424629419787,1.66925629623
539,539,-0.345890998897,1.53368561134
540,540,-0.199368414119,1.43463954771
541,541,-0.00308523107238,1.91475838039
542,542,-0.228894538187,1.65606550374
543,543,0.567016737911,-1.58864335015
544,544,1.82604883882,0.133722795081
545,545,2.11643387537,-0.203786953202
546,546,2.01667432431,0.081911651466
547,547,1.74027453948,0.0278055489351
548,548,1.99776124376,0.0228744315235
549,549,-0.0293907583944,-1.57691390389
550,550,0.0836051178905,-1.66913425229
551,551,0.557339591035,-1.06599230753
552,552,-0.0666077456984,1.91973670846
553,553,-0.261288769389,1.57115068746
554,554,0.527265701663,-1.37645541459
555,555,1.15347827545,-0.665244535967
556,556,-0.056759145867,1.06870816156
557,557,-0.619933775858,0.213918934128
558,558,-0.505735283406,0.886238957904
559,559,0.440409981179,0.734702634785
560,560,-0.477067457055,1.07434444364
561,561,0.864433704508,-0.328860990923
562,562,1.51613043161,0.180245051013
563,563,1.79676891794,0.29466392093
564,564,2.04709807603,0.133040864725
565,565,0.925990765041,-0.96105596663
566,566,1.83498285725,0.114185571426
567,567,2.02954745179,-0.0808138629678
568,568,1.93647578535,0.0467962104964
569,569,1.79638397196,0.108307697183
570,570,0.0340942354564,-1.65938823594
571,571,0.0676938621314,-1.62356869391
572,572,0.0307541365612,-1.6080076947
573,573,0.836185829362,0.0861750996167
574,574,0.966579570513,-0.493486558187
575,575,0.0478576520977,-1.77446437676
576,576,-0.0986107587066,1.72140166613
577,577,0.28307812446,-1.53899582951
578,578,1.24702652743,0.738045787831
579,579,0.224010864657,-1.76094364081
580,580,0.265826243401,-1.76875273864
581,581,-0.129345677881,1.66845004761
582,582,-0.0610672704036,1.73190800683
583,583,-0.0933214829684,-1.55443845153
584,584,2.04192705527,0.0204460092477
585,585,2.21421628522,0.112966708835
586,586,0.0207998495194,-1.72106557909
587,587,1.86549960392,0.0167478463083
588,588,-0.0132560994714,-1.68829627889
589,589,0.518510045958,-0.877400537606
590,590,-0.232438868414,1.29544258788
591,591,-1.0094783931,0.999820040168
592,592,-1.08879334299,0.784460035192
593,593,-1.18362457441,-1.05344918653
594,594,-0.420067306935,1.30892405587
595,595,-0.157261364538,-1.64268718162
596,596,0.622057681706,-0.448291381038
597,597,1.76773819552,-0.0664012362162
598,598,0.879577962669,0.944250054036
599,599,0.301743532339,-1.68009790276
600,600,-0.145307764866,1.70365193009
601,601,-0.127624055804,1.80658059692
602,602,1.71934758827,-0.106164411476
603,603,0.108278844746,-1.81652107955
604,604,0.124351249341,-1.83751507127
605,605,1.43785699083,1.0312373087
606,606,0.492170994364,2.04711242131
607,607,0.619873329785,-1.30327827449
608,608,-0.771677930202,1.64937730915
609,609,0.612752067285,-1.75409616511
610,610,-0.205407051337,1.45600670396
611,611,1.21312722215,-1.51940890911
612,612,1.68906770712,0.315818419269
613,613,0.863503303271,0.812802677625
614,614,0.735944116432,1.68774260934
615,615,0.756245039507,0.709191961356
616,616,0.586287085247,0.753237659576
617,617,0.895099074808,0.424942661435
618,618,0.677610543533,0.973763051657
619,619,0.556627954098,-1.84584994807
620,620,0.537936696407,1.32689003796
621,621,2.0599645928,0.0183616964846
622,622,0.424807509913,-1.83270956704
623,623,1.4226770084,0.680805123075
624,624,0.53633676309,1.75970225912
625,625,-0.187203197314,-1.1173300195
626,626,-0.711055341367,-1.14153959884
627,627,0.51445407159,1.32230414268
628,628,1.27750774123,0.587101194153
629,629,1.22718818898,0.269653308019
630,630,-0.666801211514,-1.33828578354
631,631,-0.192719635144,-1.64144936032
632,632,-0.89534461941,1.19220763171
633,633,-0.720743892522,-1.13003280033
634,634,2.29715838352,-0.167635468209
635,635,-0.0886219006616,-0.146207817501
636,636,-1.04753525236,0.75705221168
637,637,-0.128195481389,0.522224533816
638,638,1.85160754576,-0.092486368297
639,639,0.51353706302,0.229574962931
640,640,-0.606594822496,-1.80434389066
641,641,1.01500791028,0.524715998069
642,642,1.02710439781,1.14444397721
643,643,-0.197300436112,-1.65270275694
644,644,0.0249768946399,2.27113827174
645,645,0.203812068533,1.6650044737
646,646,0.851169441839,0.742741186614
647,647,1.05215979962,0.832961912101
648,648,1.19904483679,0.674456273559
649,649,0.266902759864,1.30493746461
650,650,0.960374887061,0.325925889028
651,651,-0.322985956281,-1.66510420372
652,652,-0.278007573182,-1.49736700864
653,653,1.94509112123,0.164373374554
654,654,0.40938463268,1.68313986538
655,655,0.614373539992,0.666319782072
656,656,-0.462401333511,-1.56274031135
657,657,1.70140031266,0.636315235834
658,658,0.0265120341131,1.55552362309
659,659,1.40949957266,0.012884003332
660,660,0.946830613716,1.56376524129
661,661,1.11137776972,1.49929314298
662,662,1.00409363748,1.55338219086
663,663,0.574716574873,1.09648099197
664,664,0.925267618524,1.44759685998
665,665,0.729411196268,1.33338420014
666,666,0.929172685087,1.66254553598
667,667,0.286985029578,-2.1206362039
668,668,-0.201654209273,2.0419131031
669,669,1.18688298526,1.50923649082
670,670,-0.136051809044,-1.45975265228
671,671,0.999464451431,1.08154363611
672,672,2.23887147478,-0.163458331268
673,673,0.0417468295492,1.25659719281
674,674,-0.779638318567,1.38797045463
675,675,0.997997803269,-1.04237704683
676,676,0.378724839105,1.96270001733
677,677,0.826524482925,1.09534483305
678,678,1.5030426359,0.870795131518
679,679,-0.194251231273,2.17409460196
680,680,1.5294944577,0.3596308507
681,681,1.50459387949,0.148424032458
682,682,1.54425183233,-0.324280294424
683,683,1.17248405905,0.927299102681
684,684,0.742283512519,1.26870347145
685,685,0.223883738338,1.98124400434
686,686,0.269088604327,1.74224843273
687,687,-0.0098712222295,1.59717515535
688,688,0.149599137636,1.27828883978
689,689,-0.258899083453,1.90896143003
690,690,-0.0238320119097,1.6895646709
691,691,1.31621323261,0.953117824505
692,692,1.01752271672,1.01315662743
693,693,0.0340079781457,-1.6153740566
694,694,0.542486033795,1.42575064055
695,695,0.0235346135739,-1.69110066627
696,696,0.279458662549,1.07120189265
697,697,0.931728036669,1.9500730315
698,698,1.5532538429,0.296884829541
699,699,2.05004073443,-0.126419652245
700,700,-0.111912289177,-1.44653100228
701,701,-0.34659697498,1.15564556186
702,702,0.242271796399,1.98233268471
703,703,0.0853925301302,1.86290421858
704,704,-0.414046587666,-1.15147982197
705,705,-0.0796889877183,1.77596600438
706,706,0.343212865303,1.23848809821
707,707,-0.0536118652323,-2.02857954682
708,708,0.318655047343,1.3944213556
709,709,0.552905098783,1.30776403205
710,710,-0.0174696630758,-1.79195103698
711,711,1.28069524816,0.363778897814
712,712,0.0969613540721,-0.820508098526
713,713,-0.696702940568,-1.34038047374
714,714,-0.354692699691,-2.0614260694
715,715,-0.119713477018,1.77620080924
716,716,0.432936242557,2.08931647944
717,717,-0.345990103014,-2.3789932343
718,718,0.657082765647,0.939066771695
719,719,-0.0117359548399,-1.68184830917
720,720,0.738041738136,1.24896570854
721,721,0.210200843525,-1.36567453833
722,722,-0.703346170202,-1.88852090435
723,723,0.973415404016,1.12281536257
724,724,0.535577651634,1.48152254866
725,725,0.872252481303,1.19334760605
726,726,-0.0821513990167,-2.24151747701
727,727,-0.328599460465,-1.37451709903
728,728,1.0726721708,-0.515748213215
729,729,1.64832813378,0.224153332996
730,730,-0.301270615773,-1.59023619776
731,731,0.224038891773,-2.30361600758
732,732,-0.417750778977,-1.75124904474
733,733,1.30096587753,0.256864530578
734,734,0.140222536247,-2.22699621011
735,735,-0.00141532985887,1.62576294063
736,736,-0.203511227785,-1.66305861356
737,737,-0.233277949688,1.47870619973
738,738,1.07204024797,-1.30349344799
739,739,-0.993467164351,1.93184042766
740,740,0.55002204796,-1.98116283499
741,741,-0.125758203561,1.75158071795
742,742,-1.00965041779,1.56406261558
743,743,0.672966815581,-1.39657846007
744,744,0.619448785911,0.493704137672
745,745,-0.372522384146,-1.71081457191
746,746,0.218606101849,-1.57850945558
747,747,0.825837262913,-0.682851550811
748,748,1.03832254627,-0.575898081117
749,749,0.159823421148,-2.35084830416
750,750,-0.322352801983,-1.67951596396
751,751,-0.892324092066,-0.599387072656
752,752,0.257356717418,1.99853444903
753,753,2.04300260407,-0.185652746351
754,754,-0.0539987429007,-2.03447660815
755,755,-0.158901782491,-1.65912489347
756,756,0.154995068864,-1.78591750296
757,757,0.108489369744,-1.3468216
758,758,-0.339055046271,-1.56225113702
759,759,0.0409282681216,-1.73264706179
760,760,-0.234446584963,-2.01189163673
761,761,-0.561135790541,-1.90174028176
762,762,0.351808028483,-1.94680845491
763,763,0.157090131581,2.17420338808
764,764,1.72808166743,0.171153347776
765,765,0.119078844366,-1.71172957491
766,766,-0.819505938749,-1.24935137895
767,767,-0.408652083664,-1.9984249704
768,768,-0.171920430619,-2.12075452475
769,769,-0.787808470123,-0.745294800275
770,770,-0.305542746318,-1.68416315794
771,771,-0.0481212932844,-1.66897148332
772,772,0.155420131634,-1.86759541744
773,773,0.919539874572,-1.28312008715
774,774,1.50028010256,1.12350204955
775,775,0.0497943254106,-1.33714001897
776,776,0.451825721276,-1.70684290353
777,777,-0.366128376095,1.73425338452
778,778,0.638032440616,1.05732488958
779,779,-0.276406111119,1.79884273601
780,780,0.416227292753,-1.06650015861
781,781,0.40489300252,1.43117136997
782,782,-0.0119686780704,-1.93417081016
783,783,0.0903165328443,-1.77696578613
784,784,0.275993444639,-1.74364477836
785,785,-0.121989876271,1.61553274949
786,786,0.00364917680636,1.63089496209
787,787,-0.105169858512,1.6614189884
788,788,-0.187548499656,1.66598060698
789,789,0.272242511926,-1.68972697917
790,790,-0.16657104187,-1.96043874183
791,791,-0.0697488981519,1.49968354157
792,792,0.15812783486,-1.69053250755
793,793,0.911626321984,-1.19451007067
794,794,-0.195599466165,1.8176675195
795,795,0.0567727436672,1.62016541096
796,796,0.148996334438,1.83961712003
797,797,0.42027049654,-1.78854388579
798,798,1.65074238871,0.333302190577
799,799,2.05221033388,0.0711121258365
800,800,1.93810795447,0.0830671808755
801,801,1.73044832123,0.0366514407188
802,802,0.186997241775,-1.83882019944
803,803,0.104101016753,-1.67293509608
804,804,1.88848308409,0.140725735736
805,805,-0.107060962441,1.81194865736
806,806,-0.106360395479,1.64892636059
807,807,-0.126674565404,1.83304371842
808,808,-0.0257619854691,1.66343580459
809,809,0.101335730828,-1.62881173905
810,810,0.201769020209,-1.8666538747
811,811,0.0858154288089,-1.82128940959
812,812,-0.0181437923416,1.58981037452
813,813,-0.124653955749,1.57420092222
814,814,0.245550254298,-1.56689141979
815,815,1.8310184439,0.1508442876
816,816,-0.369001644721,1.69373797302
817,817,-0.189692451332,1.77997123667
818,818,0.342269650569,-1.57573965948
819,819,0.112933264455,-1.64874357642
820,820,-0.0556110009924,1.82154007668
821,821,0.254294924902,-1.70510018383
822,822,2.20994234256,-0.178101970989
823,823,2.02592400165,0.177027552047
824,824,-0.0515405411764,1.64635060994
825,825,0.0222201060307,1.63618754695
826,826,1.86585226388,0.101842944689
827,827,-0.105268735745,1.6503302518
828,828,0.128635330196,-1.53741633109
829,829,0.297998964122,-1.62035731753
830,830,0.153537049998,-1.67948740764
831,831,2.13985503312,0.121295189016
832,832,-0.0460320443683,1.46813335539
833,833,-0.198963026377,1.55327078082
834,834,-0.0159988903967,-1.58215695166
835,835,1.54691650475,0.441398823188
836,836,1.44142274266,0.385821460852
837,837,2.04238775726,-0.16286838491
838,838,1.67399462614,0.139833063722
839,839,0.2136980547,-1.64045798275
840,840,0.204316024857,-1.60593460103
841,841,-0.0416294475981,1.61282259242
842,842,0.388914350202,-1.60655095771
843,843,0.261309071383,-1.55951942715
844,844,0.148194068834,-1.72315153444
845,845,-0.143938328408,1.45325636802
846,846,-0.0830359641044,1.73307582504
847,847,-0.0765622997133,1.50640206208
848,848,-0.201381021591,1.6257991717
849,849,0.0363679696371,1.69093730643
850,850,0.0700693982387,-1.7231014307
851,851,-0.277695865494,1.76877760319
852,852,0.460621512812,-1.5914000353
853,853,-0.125402984151,1.79104946011
854,854,0.141507169445,-1.73348540147
855,855,0.07370917713,-1.89844536378
856,856,1.99179165255,-0.167747875096
857,857,0.136259587522,-1.82335953338
858,858,-2.11641110689,-0.0379750975793
859,859,-1.04228045767,1.16560606377
860,860,-0.807746705886,0.822033933381
861,861,0.518403165424,-1.09533433232
862,862,-0.773328657089,-0.957735214197
863,863,-0.487363948301,1.46712508488
864,864,-0.0413853598871,-1.55312824085
865,865,1.63701628872,0.082065179653
866,866,1.86844259632,-0.00953685837271
867,867,1.95335699787,0.0973109791564
868,868,0.166832443993,-1.82853566064
869,869,0.207104601468,-1.56741151265
870,870,0.62074298973,-0.934552974005
871,871,1.93706294935,0.478112775711
872,872,0.132673062805,-1.76463953989
873,873,-0.462435834213,1.56758525538
874,874,-0.048218111671,1.31584425503
875,875,1.98815201445,0.108027942479
876,876,-0.101154577613,-0.443125259158
877,877,-0.1386021668,-1.01880456911
878,878,0.145796676444,-1.7360676608
879,879,-0.0764706706695,-1.00738584475
880,880,-0.438729025493,1.40885932182
881,881,-0.0878516787613,1.55700932872
882,882,1.70614955748,0.0796577153565
883,883,1.82886306846,0.202149911252
884,884,1.88397190146,0.23802173924
885,885,0.0938953972842,-1.6780152971
886,886,0.205843646824,-1.6250739105
887,887,0.215562379221,-1.65749988731
888,888,1.9066455094,0.085412416204
889,889,0.121807385576,-1.70914530147
890,890,0.258427507927,-1.73188639774
891,891,1.49331819234,0.453706078786
892,892,0.0918947010106,1.8729104295
893,893,0.0628748198453,-1.87360321134
894,894,0.605614061707,-1.48320504877
895,895,0.407728655771,-1.62011390107
896,896,0.35049031722,-1.76192475839
897,897,0.075041712371,-1.82480055699
898,898,0.860998020295,0.826300336059
899,899,0.375703051854,-1.65842850186
900,900,0.996306741073,0.596822657494
901,901,0.0114528462482,1.74079082115
902,902,0.66979712978,-1.25094070063
903,903,0.0290117296076,1.56638414758
904,904,-0.176958883217,1.43680756539
905,905,1.38963495519,0.264177104896
906,906,1.52393013855,0.287501832786
907,907,1.5319730861,0.572221108059
908,908,1.23950667645,-0.205356558482
909,909,1.74351954388,0.0764253662524
910,910,1.91967077937,0.195153424333
911,911,-0.156055918271,1.66270039352
912,912,1.96417507935,0.0554039404701
913,913,1.97232442186,0.260602044087
914,914,1.51328008447,-0.414641886011
915,915,-0.136262864732,1.33916412312
916,916,-0.128807769869,1.5401426497
917,917,0.0645142536167,-1.6748008653
918,918,-0.0508896727568,-1.5764726785
919,919,1.35048910769,-0.298527944799
920,920,0.497624328615,-1.57311387034
921,921,0.658449250351,-0.245518703627
922,922,0.0236998110868,-1.68402369006
923,923,0.287645698431,-1.55601944651
924,924,-0.455100358364,1.51544212566
925,925,0.0481020821022,1.35498719733
926,926,-0.383547585621,-1.29418402818
927,927,0.135903831286,-1.63209541595
928,928,-0.181698627337,1.19141966489
929,929,0.342055931504,1.34066898538
930,930,-0.132310936163,1.76718096017
931,931,1.97386129806,-0.0706208687167
932,932,0.943286641149,-0.76491581331
933,933,1.88129601794,-0.0468693856159
934,934,2.04709158515,0.0460759995015
935,935,-0.761674563951,-1.11153775299
936,936,0.804939298187,0.487366399898
937,937,1.16896258312,-0.53615940739
938,938,0.0650828976685,-1.40106409822
939,939,-0.723655770773,1.00690838375
940,940,-0.16359452218,1.28595059309
941,941,0.628612343317,0.991233999183
942,942,1.51949778527,0.495784246995
943,943,-0.970905889265,0.295142565461
944,944,-0.0668427537527,0.796016679512
945,945,-0.297592820357,-1.32393300981
946,946,-0.855452835857,-0.931426234464
947,947,-0.21002899696,1.39728433785
948,948,-0.656142861727,-1.00052652863
949,949,-0.302588333285,-1.51448126701
950,950,0.226490250814,0.905085523313
951,951,0.18562101756,0.929916465584
952,952,0.109956946716,-1.6511645332
953,953,0.0409552440876,-1.67222383845
954,954,0.417745472589,0.849693430976
955,955,-0.120165282082,-0.817341157552
956,956,0.0687114196272,1.65559563127
957,957,0.292513342523,1.005550784
958,958,0.1907607472,-1.5201381112
959,959,-0.16345992299,-1.69829555259
960,960,-0.156612266457,-1.62837262571
961,961,0.180093184107,-1.75936408928
962,962,-0.0688713382929,1.90537297605
963,963,0.863872510851,-0.534318438468
964,964,0.027802004353,-1.81876808362
965,965,-0.133358196377,1.74002588145
966,966,0.988496589936,-0.23491609491
967,967,1.93118122567,0.105231073844
968,968,-0.652586721459,-1.21987997517
969,969,-0.872722294856,-1.08277680045
970,970,-0.604097346533,-1.11949434573
971,971,0.06525814604,1.4971829449
972,972,-0.793656377788,-0.575546916905
973,973,-0.738274011002,-0.932610031442
974,974,-0.552697918345,-1.08307421831
975,975,-0.966126587939,-1.07028750456
976,976,-0.478020633193,-1.28350957309
977,977,-0.279845947379,-1.42368227121
978,978,-0.433182825548,-1.23103128994
979,979,-0.0104026583661,-1.59024829611
980,980,0.351272847887,-1.07248569172
981,981,1.8915776473,0.155845192984
982,982,0.203393689037,-1.36686379445
983,983,-0.567803887532,-0.89700055866
984,984,-0.142032909024,1.68585418759
985,985,-0.284899686885,-1.25518488396
986,986,-0.451378982514,-1.18974511588
987,987,-0.476693817549,-1.1983841517
988,988,0.064286217085,1.10929676364
989,989,-0.650180242761,-1.23601443844
990,990,-0.519230499273,-1.10545192097
991,991,-0.05527952408,1.91799938313
992,992,0.0875097610087,-1.48777541382
993,993,-0.0235688413629,-1.63372739192
994,994,0.225577232967,-1.87640849453
995,995,1.52134044356,0.402369473002
996,996,0.0698590463975,-1.54381961601
997,997,-0.518695704994,-1.19401923702
998,998,-0.74824255877,-0.991928540035
999,999,0.0236777157304,0.397851256533
1000,1000,-0.47004657762,0.994532386045
1001,1001,-0.498476770841,0.849377079936
1002,1002,-0.763469446275,-0.828613806354
1003,1003,-1.10221624276,-0.423218406163
1004,1004,-0.204880683376,1.8310665788
1005,1005,-0.260736994262,1.64095078927
1006,1006,0.602319541484,-1.31564747771
1007,1007,0.267451372491,-0.506522712683
1008,1008,-0.144938198171,1.86342078351
1009,1009,0.598324343044,-1.36794783182
1010,1010,1.82014047838,0.0327506966397
1011,1011,1.7195514714,0.110709150279
1012,1012,1.81480121605,-0.0330085562856
1013,1013,0.457623659561,-1.40695229987
1014,1014,-0.0312679873104,1.72370181875
1015,1015,0.261836487771,-1.62946068876
1016,1016,-0.529913912731,-0.577544472295
1017,1017,-0.409622321899,1.5917843013
1018,1018,1.85770937265,0.0196037559364
1019,1019,-0.290461328441,1.41999665382
1020,1020,0.179299987557,-1.5406388215
1021,1021,0.664235098804,0.250644021545
1022,1022,0.201219943812,-1.49924746553
1023,1023,-0.468346705193,1.45982866628
1024,1024,-0.293116870159,1.06067624046
1025,1025,-0.201675995908,0.858856850118
1026,1026,0.514954272351,0.271755150942
1027,1027,-0.272864096459,-0.147784872435
1028,1028,-1.21125886424,0.403944219458
1029,1029,1.8800452352,-0.0414462665216
1030,1030,-0.389426288068,0.934068163598
1031,1031,0.263450529243,1.27807615362
1032,1032,-0.368926668583,0.996343009893
1033,1033,-0.943444871743,-0.256272077681
1034,1034,-0.0867880452525,-1.24441375384
1035,1035,0.559930815078,-0.81344278298
1036,1036,-0.335776897014,-0.821567996496
1037,1037,-0.00894988197164,1.83244093972
1038,1038,1.01391497532,-0.718628891928
1039,1039,1.76275708914,-0.13585238082
1040,1040,-0.0784171715149,-1.73973130467
1041,1041,1.88739575545,-0.0105039962661
1042,1042,-0.0666699066713,-1.60207058476
1043,1043,-0.0503170559976,-1.7353254818
1044,1044,-0.499333805017,1.26077774352
1045,1045,-0.450981311568,1.45957783667
1046,1046,-0.338455743516,1.6425286632
1047,1047,-0.091080264952,1.33189526556
1048,1048,0.646318091093,-1.3028878694
1049,1049,-0.0603822904308,1.75581372965
1050,1050,0.657400832882,-1.24803047571
1051,1051,0.0788139480701,-1.66346436095
1052,1052,-0.318971634611,1.51445719601
1053,1053,-0.341193122364,1.6006134772
1054,1054,-0.204920824192,1.60387875918
1055,1055,0.0158709894254,1.64426845974
1056,1056,0.355574804564,-1.57143418956
1057,1057,0.278299851289,-1.48528073973
1058,1058,0.108451825394,-1.61970827775
1059,1059,0.0373391708602,1.4718240683
1060,1060,0.0447852896068,1.68880894147
1061,1061,0.65162868095,-1.24054168127
1062,1062,-0.110542881181,-1.74405019017
1063,1063,0.155395778416,-1.50904760673
1064,1064,-0.112663316288,1.54625157569
1065,1065,-0.233997950869,1.78285827445
1066,1066,0.0577942804998,1.68895215157
1067,1067,-0.120363924863,1.75330607256
1068,1068,0.395200678009,-1.60260505275
1069,1069,0.102112422588,1.68460025362
1070,1070,-0.156374663864,1.74704649422
1071,1071,0.223573275888,-1.67447255995
1072,1072,1.49487196996,0.348939761003
1073,1073,0.182444274656,-1.69741167951
1074,1074,2.04513056836,-0.0819065910338
1075,1075,-0.789962767685,-1.00081725363
1076,1076,0.494376773299,0.709559803503
1077,1077,-0.96950549079,-0.882171440214
1078,1078,-0.826401949653,-0.883560857558
1079,1079,-0.306653420287,1.34160571583
1080,1080,-0.835555000204,-0.889169615154
1081,1081,-0.903019492806,-0.857887752011
1082,1082,1.78455444998,-0.0558596615112
1083,1083,-0.783917986568,-0.975963032127
1084,1084,-0.156198004811,1.49566451786
1085,1085,0.337890747757,1.26294873232
1086,1086,-0.181491762066,0.347481351887
1087,1087,-1.08369425912,0.723238906658
1088,1088,0.238410230529,1.31346586145
1089,1089,-0.288264421128,1.1880833054
1090,1090,-0.227675887306,-0.975947415659
1091,1091,-0.931523242597,0.771193516804
1092,1092,0.299922708989,1.18490100316
1093,1093,-0.434709132131,-1.31368295356
1094,1094,-0.151330647474,-1.67009836208
1095,1095,-0.382762534976,1.612623673
1096,1096,0.160198147462,-1.65564702713
1097,1097,-0.00637000726966,-1.82562920464
1098,1098,0.235373027197,-1.68197096115
1099,1099,-0.0347894505313,-1.54655966796
1100,1100,0.372754819339,-1.48809782594
1101,1101,-0.924885295755,-1.26337237786
1102,1102,-0.0294946512463,-1.53148258219
1103,1103,0.32974161944,-1.77600599715
1104,1104,-0.776682729137,-1.27054517074
1105,1105,-0.0238741328543,-1.67660436587
1106,1106,1.77247182528,-0.0356423483897
1107,1107,-0.252103137528,1.68700907263
1108,1108,-0.937267550172,-1.19455124134
1109,1109,-0.114496410382,1.38461758737
1110,1110,0.277265663147,-1.11688755988
1111,1111,0.0566563411311,1.61318079825
1112,1112,0.535302399702,-1.57404567366
1113,1113,1.93463610112,-0.021623065509
1114,1114,1.24172046207,0.273055499086
1115,1115,-0.00474549048476,-1.67147174949
1116,1116,0.00594525916828,-1.71744575677
1117,1117,-0.689005463756,1.10315989588
1118,1118,0.539972746126,-1.31010788744
1119,1119,1.06342557346,-0.763033939618
1120,1120,-0.222193719311,1.37033052254
1121,1121,-0.431271676899,1.76331920491
1122,1122,-0.186547539645,1.69576751697
1123,1123,1.06519174504,0.233264383284
1124,1124,-0.21741109986,-1.20622651906
1125,1125,0.732608103417,-1.38656898458
1126,1126,-0.126545326165,1.60739981419
1127,1127,0.121413015972,1.1511057855
1128,1128,1.13637778882,-0.602034155233
1129,1129,-0.329503610679,1.6128909371
1130,1130,0.732031827491,-1.3187565349
1131,1131,-0.403244615155,-1.0208300988
1132,1132,0.39182375873,-1.58439684326
1133,1133,0.0358946386262,-1.4410029909
1134,1134,-0.0195213216509,-1.71710966679
1135,1135,0.279464646587,-1.46900504239
1136,1136,-0.180885545361,1.69896188815
1137,1137,0.0595273279838,-1.62162197673
1138,1138,0.0586395410291,-1.58617270426
1139,1139,0.222295652026,-1.7055881453
1140,1140,-0.120874123162,1.84611883512
1141,1141,0.109912546972,1.66197144665
1142,1142,-0.218683411044,1.77996737857
1143,1143,0.864599071832,-1.13028229239
1144,1144,1.29717837334,0.577955302409
1145,1145,2.0546942921,-0.222397215906
1146,1146,0.830205110634,1.17947041495
1147,1147,0.0272708906427,1.56300838291
1148,1148,0.131610258393,-1.81836314984
1149,1149,0.0850348134635,-1.6629453049
1150,1150,1.93562363436,0.051685920255
1151,1151,-0.0118314057978,1.58252242584
1152,1152,-0.0895016749571,1.76037452392
1153,1153,1.72518657423,0.0488913252963
1154,1154,0.145798696336,-1.77128324264
1155,1155,0.0701816309613,-1.77300865648
1156,1156,1.60828604088,0.0573391464943
1157,1157,-0.161089293384,1.68797013317
1158,1158,1.72852074467,0.0315463739858
1159,1159,1.88278519472,-0.122329398058
1160,1160,0.0479336164399,1.66608218582
1161,1161,0.165114427914,-1.09290618412
1162,1162,-0.200652732929,1.75887897164
1163,1163,0.0144703094922,1.49407927655
1164,1164,0.211907797711,-1.40180833673
1165,1165,1.28085770659,0.318182751036
1166,1166,0.244578428612,1.51487002185
1167,1167,1.88795915567,0.0357172973904
1168,1168,0.618204198206,-1.2471359665
1169,1169,1.97137780541,-0.0972511165253
1170,1170,1.78484941302,0.0726096980519
1171,1171,0.0153697235205,-1.51741748117
1172,1172,0.058036167686,-1.71844970036
1173,1173,-0.178021107379,1.60998855108
1174,1174,-0.187174302606,1.69537799861
1175,1175,0.120354787107,1.64916982172
1176,1176,-0.0537563143958,1.67023536273
1177,1177,0.153695112628,-1.36254258808
1178,1178,1.44087287973,0.28528670905
1179,1179,0.0968490340772,-1.64419158262
1180,1180,0.0234879400232,-1.74109085094
1181,1181,1.69853843368,-0.00807393075276
1182,1182,0.0429923137825,-1.62203747353
1183,1183,-0.272652255069,1.67093912322
1184,1184,-0.222042137704,1.80540909014
1185,1185,0.506531379209,-1.39445963917
1186,1186,-0.0815959072789,-1.68978455151
1187,1187,0.0181317526751,-1.56504808741
1188,1188,0.753093787399,-1.29751787247
1189,1189,-0.0863703709102,-1.67887948877
1190,1190,0.0873561666224,-1.62729476493
1191,1191,0.304436331711,-1.50549934363
1192,1192,0.00262454811637,-1.56019169641
1193,1193,-0.00895213778893,-1.75592255895
1194,1194,-0.0595192700668,-1.5715794456
1195,1195,-0.159628659698,1.54629840207
1196,1196,1.7332169751,0.0688399054965
1197,1197,1.84522422622,-0.0342670342521
1198,1198,1.97440317231,-0.0331625815118
1199,1199,1.87371796264,-0.133571293702
1200,1200,0.100961969669,-1.60028881005
1201,1201,0.450597288598,-1.60188748417
1202,1202,-0.374427874382,1.56846135574
1203,1203,-0.276198621149,1.49771306551
1204,1204,-0.460795026869,1.69729670061
1205,1205,0.4255881183,-1.32612060595
1206,1206,-0.221830273067,1.71715466412
1207,1207,0.147529618071,-1.86449239141
1208,1208,0.322789376408,-1.46758489587
1209,1209,1.81782257658,0.243043823675
1210,1210,1.93328242218,-0.0592739133271
1211,1211,-0.274715962499,1.68000162694
1212,1212,0.548377025455,-1.49317089076
1213,1213,1.83577129327,0.0356824365899
1214,1214,1.63616016725,0.486262965028
1215,1215,-0.0047243582854,-1.74076051885
1216,1216,0.212941887407,-1.62633307974
1217,1217,0.0336883300837,-1.49480667949
1218,1218,-0.144902194388,-1.55099615851
1219,1219,2.00395261396,0.0111675173826
1220,1220,0.99524282352,-0.93114502781
1221,1221,1.07518331006,-0.953132683155
1222,1222,1.13303116476,0.49666330565
1223,1223,1.14557342184,-0.934680552598
1224,1224,2.1296196106,-0.126715986736
1225,1225,2.07038956231,-0.0503062524436
1226,1226,0.406845018696,-0.155437298094
1227,1227,-0.187232130841,1.72892556943
1228,1228,0.663415429114,-0.0990062080695
1229,1229,-0.0874460382698,1.77384709772
1230,1230,-0.0447364206954,-1.77577123385
1231,1231,0.291709216158,-1.65124553288
1232,1232,-0.0933246525576,1.82066832204
1233,1233,0.663712445384,-1.49019014054
1234,1234,-0.190850961235,1.79937768883
1235,1235,0.0631516359621,-1.4444494981
1236,1236,2.03788756335,-0.112245740049
1237,1237,0.237354520287,-1.54746390543
1238,1238,-0.188394914377,1.55035654412
1239,1239,0.72140188565,-1.51942608059
1240,1240,0.0348914290588,-1.70268617859
1241,1241,1.90438858454,0.197479372897
1242,1242,0.128442208846,-1.79056178076
1243,1243,0.000578229975764,-1.55622057584
1244,1244,0.2587625945,-1.75843818389
1245,1245,-0.106229564107,1.70199361668
1246,1246,0.150752003681,-1.93907486013
1247,1247,0.0211886112202,1.70158494997
1248,1248,-0.10946825576,1.66375017207
1249,1249,0.171024934968,-1.72356754261
1250,1250,-0.123200796878,1.7964212932
1251,1251,-0.014062310054,1.58993298173
1252,1252,-0.0974640065629,1.64182797101
1253,1253,0.186555905396,-1.45151951413
1254,1254,1.58455399353,0.193239990637
1255,1255,2.17171703164,-0.0751235419512
1256,1256,1.90272743832,-0.00148844215146
1257,1257,2.01415707364,0.146116200468
1258,1258,1.90160202132,0.308319479862
1259,1259,1.88558069944,0.176259985053
1260,1260,1.92899410415,-0.123133488555
1261,1261,1.88778422172,0.0287570177622
1262,1262,0.083642168168,-1.5780021907
1263,1263,0.249946747619,-1.51309864492
1264,1264,1.97872574023,-0.148941069306
1265,1265,0.00466472362931,1.70517540022
1266,1266,1.24179625304,-0.0942769626649
1267,1267,1.73134474912,-0.104587351506
1268,1268,0.00345660440391,-1.42893241363
1269,1269,0.161125129898,-1.51222985051
1270,1270,1.78578238797,-0.06103698858
1271,1271,-0.165933691164,1.51553759142
1272,1272,1.72379614796,0.328208177092
1273,1273,0.0896047156052,-1.61987511669
1274,1274,0.554093543094,-0.559749053249
1275,1275,-0.255825577691,1.72895982317
1276,1276,0.144494631092,-1.61110863953
1277,1277,0.217841691751,-1.45266482829
1278,1278,1.9179552318,-0.149262639312
1279,1279,1.79466915883,0.0848468706836
1280,1280,0.614540347481,-0.241363521245
1281,1281,1.9487151445,0.109700824322
1282,1282,1.78871699097,0.0342759987489
1283,1283,1.80275004944,0.121764559639
1284,1284,-0.269278705083,-1.45314327064
1285,1285,0.625402011648,-1.40298789286
1286,1286,-0.0547686859124,-0.602295520727
1287,1287,1.32131759628,0.407842119034
1288,1288,0.0181414262321,-1.65696705299
1289,1289,-0.0797867862353,-1.60477972176
1290,1290,-0.0284407778026,-1.72391358375
1291,1291,0.983823816975,-0.586240213704
1292,1292,0.243308085258,1.45351978872
1293,1293,1.884751251,0.112208462205
1294,1294,1.91076598661,-0.12359561831
1295,1295,0.683718599332,-0.771177784
1296,1296,0.0229103739918,-1.66128386466
1297,1297,0.22398432092,-1.76889817515
1298,1298,1.26103972674,-0.708311588505
1299,1299,-0.047059900337,1.66889225105
1300,1300,0.305914647372,-1.66166313698
1301,1301,-0.0270709277735,1.74701347531
1302,1302,-0.293444284223,1.75005395954
1303,1303,0.514257059332,-1.58405175709
1304,1304,-0.170223827298,1.62547881433
1305,1305,-0.0267745312097,1.67743600041
1306,1306,-0.189467590755,1.82484926427
1307,1307,-0.0968725501256,1.81423503833
1308,1308,-0.109922494876,1.81234888006
1309,1309,-0.177841931229,1.74216516988
1310,1310,0.130529525529,-1.67238827453
1311,1311,0.0317782527165,-1.6458094901
1312,1312,-0.423896423792,1.73488568326
1313,1313,0.203215560715,-1.74682008407
1314,1314,0.515847894485,-1.62754360267
1315,1315,0.280431731079,-1.59616678956
1316,1316,-0.372421106657,1.73511377033
1317,1317,-0.101580749585,1.7693299823
1318,1318,0.290483386122,-1.75804357314
1319,1319,-0.271057369777,1.63471554791
1320,1320,0.117599953187,1.68995618792
1321,1321,-0.288979171834,1.6571266712
1322,1322,0.0659023622291,1.60728106115
1323,1323,-0.0132110243603,1.80493592432
1324,1324,0.157130135907,-1.47493144398
1325,1325,0.906033704041,0.708438301598
1326,1326,1.97816044067,-0.136826383161
1327,1327,0.145560037276,-1.90952510875
1328,1328,0.200826821032,-1.92349158752
1329,1329,1.92333755066,-0.000855467249644
1330,1330,-0.152082541999,1.8631244493
1331,1331,0.570928434237,-1.46071027945
1332,1332,1.43054205577,0.355432384414
1333,1333,0.254265399215,-1.69623431353
1334,1334,-0.203326788113,1.845293603
1335,1335,0.234112062512,1.91623613657
1336,1336,0.617260068803,1.72058058728
1337,1337,0.0811885194368,1.98395639436
1338,1338,1.64695035688,0.968234618976
1339,1339,0.208356279038,2.02413916003
1340,1340,0.838044064334,1.30618431529
1341,1341,0.844060589944,1.13958255446
1342,1342,1.41512553759,0.944860931955
1343,1343,0.0827591219562,-1.90186991646
1344,1344,-0.149983458204,-2.08117660459
1345,1345,1.22570803059,0.878921115002
1346,1346,0.47662747358,1.4828101185
1347,1347,1.91342530939,0.139109976655
1348,1348,0.768038397719,1.8902735883
1349,1349,-0.0842572971476,1.69759480314
1350,1350,-0.612055745148,-1.33180976917
1351,1351,1.31101666811,0.388691588902
1352,1352,-0.82179815992,-0.824346630672
1353,1353,-0.154111388264,-1.59357579312
1354,1354,0.153855754755,1.45331125661
1355,1355,0.983733165198,1.1276945065
1356,1356,2.03329972633,0.663527266549
1357,1357,0.896296930136,1.25475194444
1358,1358,0.448254553838,1.56968408108
1359,1359,1.09133779311,0.677227226669
1360,1360,1.78022442299,0.035062902219
1361,1361,0.148862163423,0.536610268882
1362,1362,-0.587872880028,-1.10395304614
1363,1363,-0.456986543421,-1.7468712136
1364,1364,1.57426254887,0.238179629606
1365,1365,1.39845011356,-0.660120290593
1366,1366,2.0879920944,0.214541719609
1367,1367,-0.468954823049,0.92935042455
1368,1368,0.169682801896,1.61352385847
1369,1369,0.408040036462,-1.74694536811
1370,1370,0.63618683063,1.54153267733
1371,1371,2.33666769529,0.0505420202288
1372,1372,1.42558815663,0.372689896161
1373,1373,-0.0705768174826,1.54313689144
1374,1374,1.2795307008,0.154426081878
1375,1375,0.501184790844,1.04721633485
1376,1376,0.499886607413,0.937948885885
1377,1377,-0.897528247928,-1.2539929569
1378,1378,0.212125099111,-1.43225847787
1379,1379,1.09285889331,0.938009828878
1380,1380,0.0177586861682,1.43566348913
1381,1381,0.651534833576,1.20951960369
1382,1382,0.0491967462794,-1.83633169554
1383,1383,0.15247483014,1.9863303127
1384,1384,1.37631490914,0.512367498292
1385,1385,1.71790837677,0.413312400599
1386,1386,1.16267162559,0.231709343321
1387,1387,0.886665449645,0.860719986152
1388,1388,2.52252248114,-0.0969155966964
1389,1389,0.889235273381,1.15775205038
1390,1390,0.0735726877293,1.66377535341
1391,1391,-0.261148635176,2.49212290783
1392,1392,0.17998416275,-1.4253881309
1393,1393,0.499471949947,0.537398779114
1394,1394,0.625057231431,-0.0862222031438
1395,1395,2.13138642314,0.0683200878388
1396,1396,2.04409386871,0.168069178474
1397,1397,0.672719758543,-1.34414622953
1398,1398,0.181162962819,1.53741228982
1399,1399,-0.194968932504,-2.07298852024
1400,1400,1.00384865135,0.156851844605
1401,1401,-1.33797068803,-1.02553913195
1402,1402,-0.0040248341085,1.93568349116
1403,1403,0.964567621701,-0.0809788361104
1404,1404,0.151041616165,2.02510709753
1405,1405,0.723892372067,1.64252780987
1406,1406,-0.207088129874,1.6038344488
1407,1407,0.116781878361,2.04205267378
1408,1408,0.569244661188,1.75321290335
1409,1409,0.339836873982,2.38090634546
1410,1410,0.184677958487,1.79628776531
1411,1411,-0.154895915833,1.82808736293
1412,1412,0.487526150894,1.94249107794
1413,1413,0.245032509128,1.83811091748
1414,1414,0.170140484317,2.23348166257
1415,1415,0.115626985982,1.33833632429
1416,1416,-0.0494554260866,2.22625668458
1417,1417,1.68829511206,0.680215276649
1418,1418,0.503340347293,1.69660473145
1419,1419,0.828232934078,0.296238363005
1420,1420,-1.09468976899,-0.874187848236
1421,1421,0.122412596126,-0.0800029027569
1422,1422,0.804175744558,-0.169284865737
1423,1423,1.76501434637,0.245173484988
1424,1424,0.0046769126438,-1.95009541067
1425,1425,0.554574010344,2.24312067106
1426,1426,0.152998184158,0.831508291125
1427,1427,1.55118236483,0.00282030340433
1428,1428,1.84254976613,-0.205178023328
1429,1429,1.69912239293,-0.0633085037706
1430,1430,1.49146661439,0.204119073972
1431,1431,2.40147157347,0.536467287583
1432,1432,2.00581801594,-0.100004007809
1433,1433,1.36433652014,0.0426741803369
1434,1434,0.551077756025,0.699887694508
1435,1435,0.896301004307,0.824994773755
1436,1436,-0.412848103839,-1.57396146263
1437,1437,1.66689299878,0.268661221367
1438,1438,-0.22417442146,1.80067431548
1439,1439,0.913507176156,1.84245376467
1440,1440,0.765998131569,1.45565523094
1441,1441,0.530382741234,0.98012363678
1442,1442,0.444639676844,1.42138291203
1443,1443,-0.103250597192,-1.74685324786
1444,1444,0.910702439835,1.76942623672
1445,1445,0.473607807245,1.81636678633
