,vote,alpha,beta
0,0,-0.142554441575,2.47514712676
1,1,-0.524133271755,-2.58718477546
2,2,2.86652695889,-0.0571350120492
3,3,2.35650477715,0.0193605870818
4,4,0.545444504991,-1.31775844584
5,5,3.09633808346,-0.502525698171
6,6,2.09022604465,0.320808967116
7,7,2.42411806665,0.847596167484
8,8,0.0813884046284,-1.72583425595
9,9,1.1677410384,-1.32713645902
10,10,2.56570524296,0.0552874564344
11,11,2.65076405577,-0.643885450233
12,12,2.73474359641,0.534039846854
13,13,2.54286932344,0.196116993172
14,14,2.8923895106,0.177452159618
15,15,2.14024953812,0.0446742843346
16,16,0.0624703171679,2.33155130196
17,17,0.52925869579,-0.549487001205
18,18,2.62804412328,0.0113065925221
19,19,2.41362419073,-0.101284917759
20,20,1.58780711298,-0.818992499712
21,21,-0.261404002025,-2.90233114568
22,22,-0.187581959166,-2.56722871568
23,23,3.21000227412,-0.150588728755
24,24,0.794301418234,-1.9236312712
25,25,1.1817628133,-0.24818796772
26,26,-0.759485163758,-0.122928054959
27,27,-0.427993709697,2.70723712961
28,28,2.16727348418,0.0388890322669
29,29,2.52145455648,0.201727790099
30,30,2.36730819009,-0.0287097215979
31,31,2.26869004853,0.0821372622929
32,32,-0.082022514082,-2.47420018
33,33,0.224272982832,-3.0970698688
34,34,1.37978536104,-0.467144308963
35,35,0.277458616185,2.36149099221
36,36,-0.372990805766,-2.76671475549
37,37,0.17383814865,-2.29920098668
38,38,0.452982079371,-2.71278998405
39,39,-0.850222645235,-1.500929178
40,40,2.01764055587,-1.55922456709
41,41,0.260122457366,2.76018353608
42,42,-0.419041770817,-2.33189442243
43,43,2.9392119567,0.456733317614
44,44,2.90260025594,0.0629816086585
45,45,3.53239891588,-0.273068717849
46,46,2.52775146736,-0.053921520487
47,47,2.22398504254,-0.371429825672
48,48,2.68279774027,0.624532303699
49,49,2.20711766776,1.82944880688
50,50,0.00527140889968,-2.6417505339
51,51,0.192825478038,-2.47810660188
52,52,-0.501934639298,2.73695706677
53,53,-0.350252092322,-2.77678163133
54,54,-0.0177651896328,-2.6461778647
55,55,0.0621191477139,-2.35180574644
56,56,1.05477742361,-2.71938325533
57,57,-0.770832125395,2.2261773303
58,58,-0.181704620212,2.89655044552
59,59,-0.127992428694,-1.76822608061
60,60,1.11158119832,-2.42578172253
61,61,2.09570368893,0.0968025238558
62,62,2.25210152747,0.150565563961
63,63,3.02827555338,-0.119873624359
64,64,2.85494946357,-0.238651495054
65,65,2.68692297618,-0.277820691284
66,66,0.120099395717,-2.66967306151
67,67,0.624312171897,-2.72020002397
68,68,1.0829525693,-2.18470256441
69,69,-0.519118806383,-1.81906423834
70,70,-1.37251982175,1.8840574789
71,71,-0.88752686067,1.99605923812
72,72,-0.686472887124,2.09406102067
73,73,-1.01203218199,2.50967510536
74,74,-1.01846842132,2.3268736034
75,75,-0.820529600002,2.39350026621
76,76,-0.402190056749,2.24203907915
77,77,-0.853124047266,1.45826145044
78,78,0.277850255362,3.10027045823
79,79,0.929127038622,-2.23868279385
80,80,-1.10615642739,-2.29918214845
81,81,-0.430604226146,-2.85723807463
82,82,0.0431140742712,-3.30659149601
83,83,-0.315862095834,2.4692252261
84,84,-0.130243015379,-2.05558364673
85,85,2.63257411798,-0.190273518716
86,86,2.12676282322,-0.696189255615
87,87,-0.0883255246879,-2.80177031426
88,88,0.0735335883486,-2.71979865376
89,89,-0.759800661114,-0.988528828517
90,90,0.202606146928,-0.368405246282
91,91,-0.45355860433,-2.23905045587
92,92,-0.821000887316,2.05569875405
93,93,-0.73737234777,-1.915864525
94,94,0.116033773121,2.60760142472
95,95,2.35687182835,-0.183884180807
96,96,-1.0557766229,2.1980610129
97,97,-0.751743876933,2.01262911003
98,98,-0.216039700667,0.235261524421
99,99,-0.400882449598,1.69391284921
100,100,-0.0764010025195,1.95308223824
101,101,-1.02494901369,0.522616560961
102,102,-0.530381068909,-1.68635401108
103,103,-0.897841118674,1.73814872212
104,104,-0.301593092079,-0.903787672364
105,105,-1.20422175687,-0.0524992222648
106,106,0.689595791379,0.779748217296
107,107,0.204815222716,-1.57559456831
108,108,-0.371467748412,0.511327329516
109,109,-0.506984269327,0.53177819919
110,110,1.43510223953,1.6271436739
111,111,-0.0926642019115,-2.16365428244
112,112,-0.257187487482,-1.35900850644
113,113,-0.0818563558268,-1.84623487003
114,114,0.25133077531,3.02819744207
115,115,0.274162005503,-1.4043516661
116,116,2.88347196282,-0.0986570308675
117,117,2.80169576318,-0.352251240887
118,118,0.461904635708,-2.37221311827
119,119,2.28986213351,-0.568648425671
120,120,2.47049933912,-0.276924304416
121,121,-0.132310365894,2.2776206599
122,122,1.3078571845,-1.4573671954
123,123,2.45221116159,-0.0800904542149
124,124,0.758725581509,1.6042239066
125,125,0.564434222646,-2.80863669438
126,126,0.661699836003,-2.30992519315
127,127,-0.741209210991,0.707207459072
128,128,0.127344975005,-2.0557685275
129,129,-0.21464371071,-1.23551014966
130,130,-0.817087107674,-1.5574442669
131,131,0.913581851694,0.920971524717
132,132,-0.248734543944,-1.5675464407
133,133,0.0561084357557,1.54873053184
134,134,0.566637724114,-2.26923423511
135,135,1.05646163612,1.87914415687
136,136,-2.09764764431,1.37479854686
137,137,-0.644089056653,0.722098378185
138,138,-1.59948036855,0.974050260342
139,139,0.0100546032779,1.83413620132
140,140,-0.556872378781,0.181834154669
141,141,-0.740988041161,0.403144096472
142,142,0.220668151862,-2.05812415783
143,143,-0.880973135165,2.28041238392
144,144,-1.46965835795,2.12018745167
145,145,-0.861553129844,1.30937530639
146,146,1.83034133267,0.761840269188
147,147,-0.198091546418,1.2399645303
148,148,2.70798355849,0.30702361322
149,149,2.88925133638,-0.155936294437
150,150,0.138887194806,2.36525025374
151,151,0.954253989152,-0.701563877437
152,152,3.03099578294,0.149519038911
153,153,2.33799207846,-0.0746880624293
154,154,2.93060811362,0.552474141116
155,155,0.263440580608,-2.73549294097
156,156,0.209128885798,-2.17583369266
157,157,2.91306088174,-0.298910185723
158,158,-0.0109963630119,-2.23573208809
159,159,1.94235746734,0.539564393629
160,160,0.178126050757,-2.30261317571
161,161,0.600004872073,-1.97271438418
162,162,-0.475394582454,2.46627293111
163,163,0.419572837245,-0.426173243232
164,164,-1.21974251949,-1.17818796023
165,165,-0.213994322129,1.64263059909
166,166,0.179245971052,-3.10796090238
167,167,-0.736978148414,1.37686258008
168,168,0.933957584689,1.31344315625
169,169,-0.0597453223079,0.0597730753691
170,170,-0.919967304315,-0.73628017757
171,171,-1.2667640531,-1.04903028141
172,172,-1.00087463088,1.21687069918
173,173,-1.37684301436,-0.761349468131
174,174,-0.696209905981,-1.95094680949
175,175,0.225284866309,1.49025520392
176,176,0.148288395784,0.797913407239
177,177,0.575383362012,-2.16974590934
178,178,0.0601314068035,1.07994774978
179,179,-0.444571990026,-1.42994238644
180,180,-0.870463939416,-1.34146249343
181,181,0.805893829764,-0.28788232605
182,182,-0.382186039032,-1.1427510785
183,183,0.0187656013379,0.983295863309
184,184,-0.0637373224998,0.546244477246
185,185,-0.311464400578,0.23570606792
186,186,0.524037382362,-0.413460107354
187,187,0.096924787299,-0.498292210717
188,188,0.0386587735343,-0.68416504879
189,189,0.00299651707171,-0.361441932153
190,190,0.110044884173,0.324861874246
191,191,-1.49574533496,-2.17949569899
192,192,-0.330199674445,-2.61065507026
193,193,0.131504867862,2.93999560763
194,194,-0.338481308124,-0.672314638355
195,195,2.13125441541,0.0748642498063
196,196,2.82686410025,0.306883092204
197,197,-0.0514822249576,-2.90092488171
198,198,-0.960172091867,1.35281615953
199,199,0.320188673954,-2.04628628238
200,200,0.352936863944,1.71916366483
201,201,-0.201886326012,2.4286221716
202,202,1.44076094979,-2.21541639845
203,203,3.01983163088,-0.0047374935388
204,204,-0.502207509269,2.22265221785
205,205,0.16875005668,-2.25086551287
206,206,0.420202610638,-1.3925840769
207,207,0.3233315243,-1.97758398504
208,208,-0.511851331266,1.8462449296
209,209,0.246809607045,-2.53993068005
210,210,0.515069351754,-0.560430889273
211,211,-0.158535615479,-2.29394746341
212,212,0.46922270438,2.04604611659
213,213,-0.695281250096,2.06664747485
214,214,-0.0371909574695,2.63802205949
215,215,0.511801541583,-2.05335458474
216,216,2.18754012364,-0.913080047557
217,217,1.78600204529,-1.31068857764
218,218,2.18769925272,0.0366002046166
219,219,0.0586482732239,-2.52857890264
220,220,0.549446381139,-2.01256629442
221,221,1.97420997993,0.539728235276
222,222,-0.538971828631,2.04331522268
223,223,-0.00768210789534,1.98791272626
224,224,-1.02943976313,1.63591229174
225,225,-0.449311932256,0.215359234107
226,226,-1.49974917116,-1.92585504253
227,227,-0.969257139606,1.79753081686
228,228,-1.48055359108,-1.96797622399
229,229,0.224253487253,1.78310729268
230,230,-1.50974946028,-1.62208512018
231,231,1.67838343548,0.862159231879
232,232,-0.249476446142,1.78513947602
233,233,-0.33425521972,1.47053204537
234,234,-0.833708131022,2.21204464447
235,235,-1.05243986711,1.77307775452
236,236,-0.758230007616,1.71653479054
237,237,-1.25619810654,0.770344922578
238,238,-0.975099093667,1.6525122882
239,239,-1.12077854574,1.38088802125
240,240,-1.07454896318,1.66401089717
241,241,-1.35794153522,1.84996756416
242,242,0.0873147882047,-2.77013848628
243,243,-1.10354577443,-1.87781140665
244,244,-0.671024480889,2.2522784332
245,245,-0.0922064124464,0.892292586338
246,246,-1.32840828763,-0.87681164143
247,247,-0.238566330731,1.20504020385
248,248,-0.618900692582,0.217746697408
249,249,-0.539093505584,0.288581480083
250,250,-1.07293136293,0.662667040321
251,251,0.226066917237,1.12069706735
252,252,-1.4398048104,-1.25337937431
253,253,0.389101707178,-2.4451729917
254,254,0.352320248507,-2.04441155476
255,255,-0.659083951993,1.5102278743
256,256,-0.268094097297,0.620560314052
257,257,-1.09590957502,-1.35992155458
258,258,-0.247902036821,2.17000799539
259,259,-0.0186027520437,-1.83758653604
260,260,0.153928204988,-2.32785144585
261,261,-0.426677320038,-3.03650877707
262,262,0.0417608770279,2.27935263804
263,263,0.225361941102,-2.64367789073
264,264,0.169106388733,-2.58509344135
265,265,0.0115712270634,2.81346055039
266,266,-0.308417711206,-1.91083744279
267,267,2.17153996511,-0.0486154958168
268,268,3.08718331781,0.00986642390887
269,269,3.27952533192,0.0442998807041
270,270,0.0919220075261,-3.28933428359
271,271,0.456471080215,-2.41721166629
272,272,-0.995803462591,0.211232110656
273,273,-0.037247429333,3.12197239133
274,274,1.24249058994,-2.11673109919
275,275,-0.349285762529,2.29907148998
276,276,0.734746872404,-1.82201464938
277,277,0.296307200499,-2.41408295209
278,278,0.195532947018,-2.61346971607
279,279,1.14751461764,1.67012584452
280,280,0.867254687802,-2.44219568233
281,281,0.346527801565,-1.97639841996
282,282,-0.0361597834381,2.62797789865
283,283,-0.0911167808346,-3.10441311473
284,284,-0.199245400983,1.85386823805
285,285,-0.15471131445,1.8974302833
286,286,0.149809258453,2.86101845682
287,287,-0.644257023233,-2.76185267355
288,288,2.07414002672,0.0852236015504
289,289,2.98848903216,0.0321001660252
290,290,0.266648038216,-2.72015531157
291,291,-0.430307239811,-2.50934185106
292,292,-1.51295778397,0.745644004211
293,293,1.03084619244,-2.07054256991
294,294,-0.626617106936,1.5368770457
295,295,-0.792269660792,1.23190070377
296,296,-1.63131146606,0.767497259489
297,297,-1.090334286,-0.906967073777
298,298,-0.651673598203,1.38189801128
299,299,-0.468093474346,1.83859377389
300,300,-0.099112046533,-0.368024269078
301,301,0.362001378521,-0.0206957547625
302,302,-0.252653212352,0.564137877089
303,303,0.305504306666,0.311533258503
304,304,1.13272024056,-0.617622781248
305,305,1.04659605965,0.398551647838
306,306,-0.463095903909,0.472926579587
307,307,0.682949540295,-1.67358880811
308,308,0.932094836707,-0.385963867827
309,309,0.316721724488,-2.55567554285
310,310,1.09315823504,0.728243029757
311,311,-1.38896090067,1.20813833064
312,312,-1.34993380427,1.70419108263
313,313,-0.303589973674,-0.336519088239
314,314,-0.280523284885,-3.06506186049
315,315,0.21147874382,-2.63386790175
316,316,2.25537158823,0.194514566963
317,317,0.841318734874,-2.86211196905
318,318,-0.225315548146,0.323549832435
319,319,0.262921403495,-1.8659425146
320,320,0.12675114616,0.969750452206
321,321,-0.79530515828,-0.777471506924
322,322,0.61162929403,-2.38849186356
323,323,0.423131096451,0.4330310239
324,324,0.892283837553,1.30130243457
325,325,-0.293147692095,1.46270898955
326,326,-0.272170278035,1.69091410483
327,327,0.275792370723,-3.01477169911
328,328,-0.0244510644735,0.977969608788
329,329,2.57597561934,-0.636504539924
330,330,0.0177263828247,0.177693063442
331,331,-0.388804933813,2.16664606969
332,332,1.16868528328,-1.08802173061
333,333,-0.556749838349,2.28868774677
334,334,-0.504240521379,2.1104690348
335,335,-0.219947440393,3.46520467033
336,336,1.19045137001,-1.82259028614
337,337,1.49092259878,1.20473578287
338,338,0.0681226783614,-2.32048188643
339,339,0.291019805126,0.709275501355
340,340,-0.0560010528328,-0.340026745894
341,341,-0.430479539658,-0.943654810935
342,342,-0.519717344,1.12521191426
343,343,-0.946779200429,1.04201341097
344,344,-0.834724449022,1.00841261713
345,345,1.70963130818,-0.539969009241
346,346,1.75847585125,-0.428412203936
347,347,-0.323397644418,2.50860283781
348,348,-0.163679631622,2.79824339622
349,349,0.0323477817125,-2.20737198774
350,350,0.227986358062,-1.74119056662
351,351,-0.0591219745305,2.53092925345
352,352,0.558330523999,-2.19130326861
353,353,0.0243334888386,-2.51106127624
354,354,0.287338411718,-2.32739896498
355,355,2.39271514917,0.335083001704
356,356,0.32824353859,-2.34875321545
357,357,0.483623918256,-2.63516448706
358,358,0.039756904391,-2.32364037257
359,359,1.6854893247,-2.26656716072
360,360,0.662173401059,-1.28970701312
361,361,-0.20538770398,2.29073347733
362,362,-0.579042790467,2.10170484186
363,363,-0.002947138641,2.42338150396
364,364,-0.144348702207,2.50911684126
365,365,0.0246626458273,2.91733052381
366,366,0.342833611782,-2.16488414035
367,367,-0.558730607983,2.4750051071
368,368,0.179397888904,-2.29400529114
369,369,2.4855166625,1.25575340248
370,370,3.17516986142,-0.00588879253992
371,371,2.5047669424,-0.0405038258895
372,372,2.2245136525,0.288353399384
373,373,2.17284699865,0.446926950142
374,374,2.46387972562,0.131053677484
375,375,2.6251472037,0.144529280286
376,376,2.62736698853,0.0161308723248
377,377,2.24267610276,0.208331443195
378,378,0.184894850191,-2.98400534932
379,379,-0.257789818848,-2.44718834903
380,380,0.165412446188,-2.82727115254
381,381,2.70414718346,0.252319427401
382,382,2.98917117065,0.299723050646
383,383,2.49704091195,0.941966542047
384,384,0.118415395102,-2.5469932871
385,385,0.413638144748,-2.279911506
386,386,1.92518937502,0.633918572158
387,387,-0.547563739622,2.40266143802
388,388,-0.280698042054,2.2907237225
389,389,-0.217078121014,2.14813921014
390,390,-0.788753828451,2.60402820335
391,391,3.28198773968,-0.0662692395355
392,392,0.190827711623,2.4710536142
393,393,0.50026729513,-2.14936757019
394,394,-0.243119576479,-2.78350038103
395,395,0.39383043233,-2.83120405549
396,396,0.0622634979489,-2.20707069552
397,397,-0.351848397435,2.51060945378
398,398,-0.55419969265,-2.41862528548
399,399,-0.0278892665081,3.17814718738
400,400,-0.0015859042417,-2.91262265671
401,401,-0.416501300033,-2.12277661786
402,402,0.645209316136,-2.15104525427
403,403,0.66927471298,-2.24289756196
404,404,0.28839017481,2.56018390491
405,405,0.902791418485,-2.40327209926
406,406,1.0268481075,-0.789942198285
407,407,2.68980579539,0.0921687996957
408,408,3.16051379886,-0.296525287972
409,409,2.34857490268,-0.104975961045
410,410,-0.286897639231,2.25960033932
411,411,2.44110729137,0.288161912333
412,412,0.328261339056,2.4117250548
413,413,3.06687623611,-0.176579563928
414,414,2.52507268672,-0.00390435583464
415,415,-0.0698439093931,-2.3519734198
416,416,-0.352496808299,-2.48120576677
417,417,0.0130729748898,-2.57697025506
418,418,1.99688849497,-0.0308193774902
419,419,0.95581494561,-2.53415897934
420,420,-0.123443997322,-2.44421936202
421,421,2.50174809085,0.18198813297
422,422,0.0369618965614,2.72225112445
423,423,1.51233414271,0.563900808695
424,424,-0.175641951921,-2.60878050838
425,425,-0.160272083692,-2.25312184654
426,426,2.27458623976,1.27587062588
427,427,-0.117132635293,-1.77473180271
428,428,-0.105175093074,-2.19104042996
429,429,1.16286113079,-1.96327886121
430,430,0.838375668693,-1.42671724316
431,431,0.723952006483,-1.8363181967
432,432,-0.172384183579,-2.37509067456
433,433,-0.00287718764114,-2.31140943328
434,434,-0.288719841323,-2.71327413456
435,435,-0.229220596634,-3.01156777958
436,436,1.00815518439,-2.25572517158
437,437,1.08572337077,-1.77478167507
438,438,0.490115028617,-3.24160948056
439,439,1.28345079126,-2.1681761857
440,440,-0.199654006144,-2.89970697563
441,441,1.21119347404,-2.15631716909
442,442,0.0825743118902,-2.87162859243
443,443,2.12057463641,0.41043098221
444,444,-0.13545794537,-2.49257748614
445,445,-0.27807550441,-2.64426312934
446,446,1.1729483923,-2.32198100749
447,447,0.316990625341,-2.91688255638
448,448,1.20886382167,-2.39023900857
449,449,3.38154814235,-0.0185093056389
450,450,3.33949701188,-0.375269144751
451,451,0.118028434504,-3.48803453893
452,452,0.881398474972,-2.0378952958
453,453,-0.20741368042,-2.83451013256
454,454,0.600333477395,-1.80447484866
455,455,-0.251248869565,-2.57854412144
456,456,0.0955691926984,-2.50943165528
457,457,0.315553830199,-2.6222310379
458,458,-0.17001426656,-2.44032787952
459,459,3.47889029901,-0.328114059519
460,460,0.153461436467,-2.61290724327
461,461,0.981279362023,-2.41855624337
462,462,2.50482717078,-0.0215281201536
463,463,0.51407049832,-2.64461144989
464,464,-0.876430376692,-1.38670220482
465,465,0.935463349652,-2.19536098466
466,466,0.0121168759568,-2.86414495802
467,467,1.03435595476,-2.04188846008
468,468,0.415374012013,-2.40690740176
469,469,0.380368950563,-2.50009096661
470,470,-0.0964761326792,-0.353801621062
471,471,0.776548129854,2.33774548722
472,472,-0.0933966397899,-2.67248912752
473,473,1.08184398365,-2.46915488496
474,474,-0.352296789512,1.51024997479
475,475,1.80449419093,2.03163442535
476,476,1.61632863107,1.83672106146
477,477,2.46930300711,0.186134505689
478,478,3.15264737715,-0.0714391289958
479,479,0.147404570532,-2.3838444851
480,480,1.22379951222,-1.5691828404
481,481,-0.503251029633,2.41208621471
482,482,0.0758321001519,-2.01775331535
483,483,-0.781348399252,1.0519978793
484,484,0.178795554314,-0.0156265362597
485,485,1.52959700044,0.289379462157
486,486,2.2878357608,-0.0629477541864
487,487,2.64815661115,-0.00359772597996
488,488,2.70685579578,0.273525834215
489,489,-0.366061429714,-3.10600677276
490,490,0.495200319097,-2.59888042634
491,491,-1.09100388381,2.23628633797
492,492,-7.92622546623e-05,2.85483345176
493,493,1.03859748254,-1.89506374872
494,494,0.00375451040276,2.92240268216
495,495,1.16635236781,-1.24445503533
496,496,2.64625144225,-1.16316818135
497,497,0.0812877822641,-2.23764261192
498,498,2.9214312076,0.544208460754
499,499,2.3416029709,-0.173779247394
500,500,-0.189941843404,-2.85277469507
501,501,-0.300913289041,-3.28545536101
502,502,0.119882233578,2.2409025355
503,503,-0.254561297828,2.8150786535
504,504,-0.159171891876,2.74857761559
505,505,0.389403885379,3.16619280522
506,506,-0.124290622631,-2.02303524818
507,507,2.84850282008,0.647661972352
508,508,0.363489117858,2.81213418628
509,509,-0.100944825838,-2.87258159779
510,510,2.60947829302,2.07792262621
511,511,0.563400400569,-3.27710262514
512,512,0.0863057933034,-2.58172382556
513,513,0.339826298423,-3.0452596482
514,514,-0.173433665167,2.56385048534
515,515,0.939085329425,-1.52589973039
516,516,2.72543459313,-0.155871622
517,517,3.07888839524,-0.180971357854
518,518,-0.171932670005,-2.75375458104
519,519,0.234255339,-2.48077926708
520,520,0.206856567597,-2.78605482519
521,521,0.00184906538741,-2.42199281564
522,522,0.0685062199876,-1.97822167937
523,523,0.065777049922,2.06913654618
524,524,-0.462691950166,2.81554697785
525,525,-0.175873809483,2.0658883122
526,526,-0.104832856491,1.91862141694
527,527,-0.150256193219,2.03953864112
528,528,-0.495155025805,2.60130881513
529,529,-0.0201447819235,-2.84589309802
530,530,-0.176826009296,-1.67261406518
531,531,0.44507403053,-2.62940815404
532,532,-0.631492149294,2.65224854544
533,533,-1.11418838431,1.57746523116
534,534,-0.528377237902,2.26904375935
535,535,0.693222066445,-2.04316203849
536,536,-0.522323699633,2.09000196511
537,537,-0.457273377764,2.61797132358
538,538,-0.471394661683,2.19098371476
539,539,-0.829149391407,2.22883485897
540,540,-0.806322554005,2.21359932128
541,541,-0.227598133168,2.63446005485
542,542,-0.912879560235,2.51571049436
543,543,0.653062168715,-1.6911330067
544,544,2.42234910879,0.367959798377
545,545,2.42696073776,0.146526214434
546,546,2.90558147203,-0.0862444136746
547,547,2.77891343896,0.233066621291
548,548,2.57444969326,0.42226986873
549,549,-0.326722211725,-2.43208517898
550,550,0.387220687575,-2.22809714201
551,551,0.475341268139,-1.10743044039
552,552,-0.327569523941,2.161413563
553,553,-0.429756094059,2.05099157823
554,554,1.0283636656,-1.9987145211
555,555,1.25879848814,-0.805389638404
556,556,-0.0333318776839,1.02941527205
557,557,-0.615292079026,0.27765143352
558,558,-0.551552195364,0.910914368288
559,559,0.490229493565,0.656351696041
560,560,-0.733173829032,1.41205969909
561,561,0.747992179302,-0.243663867489
562,562,1.77631583738,0.45315641292
563,563,2.72733622563,-0.0598344040204
564,564,2.63870243575,-0.240948370712
565,565,1.58702419688,-1.58715751628
566,566,2.87264408445,-0.324537392457
567,567,2.89528692853,-0.0998880207116
568,568,2.9124669843,0.115248471564
569,569,2.52271951859,-0.178206027545
570,570,-0.0356764919123,-2.52584564483
571,571,-0.0406216490319,-3.14675289286
572,572,0.0146162213968,-2.50792115216
573,573,0.708840556172,0.0590056590958
574,574,1.01214646448,-0.376355183525
575,575,0.0295398717003,-2.5679205233
576,576,0.388468192334,2.65115056131
577,577,0.352072407468,-1.60856583021
578,578,1.95075328624,1.34349151973
579,579,0.00997300133759,-2.65265509189
580,580,0.116879606241,-2.85237884636
581,581,-0.105650001187,2.69411622236
582,582,-0.333579874582,2.13074389066
583,583,-0.268090552938,-1.76837164096
584,584,2.81410362811,-0.355779624631
585,585,2.48582698107,0.22318878959
586,586,0.321459707348,-3.09124786513
587,587,3.07102327941,0.116894252049
588,588,0.713058795969,-2.70440798361
589,589,0.627350878789,-0.963681809381
590,590,-1.82047235607,2.51347712734
591,591,-1.51418693249,1.5503292109
592,592,-1.74666954874,1.31617270806
593,593,-2.97745685932,-2.69983984835
594,594,-1.55218586243,2.4568274378
595,595,-0.467061112891,-2.57396239638
596,596,0.68716928413,-0.529919676073
597,597,2.05759117331,-0.113822382908
598,598,1.9183327866,2.00264358814
599,599,0.20985647967,-2.31007247544
600,600,-0.563548166945,2.98071912234
601,601,-0.198312509843,2.94675139493
602,602,2.40780379566,-0.296921686333
603,603,-0.20219770735,-2.78388788049
604,604,0.0152718344856,-2.8962152174
605,605,0.93515951795,0.515459460177
606,606,-0.0415958135791,2.40765514924
607,607,1.2382060976,-2.00900879257
608,608,-0.969934367002,1.44594971074
609,609,1.36003901912,-2.06878528782
610,610,-1.53254030137,2.35421210537
611,611,1.59618122372,-1.7719451356
612,612,1.86428997027,0.0207492648442
613,613,1.06606776824,0.613005951283
614,614,0.982332270618,1.44985293009
615,615,0.665691853015,0.367374496371
616,616,0.391583027782,0.812855856157
617,617,0.619985893242,0.624941587989
618,618,0.750322875551,0.551570373126
619,619,0.852606376192,-1.75164584642
620,620,1.22393381373,1.4421743322
621,621,2.39965349146,0.382310509584
622,622,0.949558288553,-1.91495034256
623,623,2.0350251987,0.885062633984
624,624,0.403304510102,1.5191067543
625,625,-0.309837297592,-0.97441087581
626,626,-0.614191767082,-0.700860708406
627,627,0.7176678804,1.10494027761
628,628,1.24017866968,0.767921095244
629,629,1.48020105628,0.749240040598
630,630,-0.985357711294,-1.30838580869
631,631,-0.540281601511,-2.62970025351
632,632,-1.8538979849,1.54594487301
633,633,-0.705709275862,-1.26461993613
634,634,2.10423212276,0.229794989728
635,635,-0.244127218523,-0.159773893892
636,636,-0.980336435214,1.12038076128
637,637,-0.31239899566,0.396646748198
638,638,3.98790393606,0.291037453695
639,639,0.360849118532,0.309406025683
640,640,-0.390999557473,-2.48793642831
641,641,0.870343360767,0.418509853536
642,642,1.58768199396,1.21139611324
643,643,-0.602496907217,-1.10186189984
644,644,-0.523802749946,2.37056782051
645,645,-0.246182007769,2.08172585754
646,646,0.655129727517,0.906733100103
647,647,1.83544990705,1.41039284699
648,648,1.95441201233,1.27385940266
649,649,0.840104858316,2.22630124765
650,650,2.20006684741,0.704350701726
651,651,-0.485347953379,-1.79522203343
652,652,-0.993212630114,-1.57487382215
653,653,2.30885341805,0.162272098584
654,654,1.65097962242,2.52568708684
655,655,0.679866402457,0.472124665267
656,656,-1.11685131131,-2.2839674657
657,657,1.86705706445,1.05750422611
658,658,0.203318950943,1.22797653814
659,659,3.56250572732,-0.0560890058799
660,660,1.94176474236,1.84256615863
661,661,2.09339591821,2.34090247211
662,662,2.06895991275,1.84868859741
663,663,1.27751208868,1.55830546371
664,664,1.98236271637,2.11631942631
665,665,0.975294204373,1.64942023537
666,666,1.72640833461,2.17881281972
667,667,-0.111428420093,-2.87090283694
668,668,-0.400905934872,2.36354701502
669,669,1.49241168644,1.56235218
670,670,-1.27854011552,-1.91209689077
671,671,1.30427336623,1.40654398403
672,672,2.22388209401,-0.58250362521
673,673,-0.868007070076,2.12050757471
674,674,-1.66033617792,2.11276576612
675,675,1.18030955781,-0.672544448756
676,676,0.533231030548,1.70293891686
677,677,1.90244865705,1.45326398647
678,678,2.04450530411,0.997650816168
679,679,0.367851340473,2.98461831175
680,680,1.46247751624,0.472992860725
681,681,2.22841621042,0.285836931267
682,682,2.857614131,0.0852264039351
683,683,1.87680688061,1.51822718861
684,684,1.57972115741,1.93682286482
685,685,0.421532774391,3.20054390676
686,686,0.421962150506,2.02419880454
687,687,-0.310218223451,2.58765569753
688,688,0.293219860469,2.22348738989
689,689,-0.416714229474,2.65928401857
690,690,-0.390469492364,2.65745165898
691,691,1.45541892271,1.24608194389
692,692,1.95600671608,1.28586648783
693,693,-0.958294367251,-2.96254557069
694,694,0.890766772109,2.24402385973
695,695,-0.756050172094,-2.07869838047
696,696,1.03554735355,2.09188937286
697,697,1.07528416918,1.73221128806
698,698,2.04721964462,0.469872115474
699,699,2.54637965642,0.013400429644
700,700,-0.54529217881,-1.61129515222
701,701,-0.596969272635,1.92684832379
702,702,-0.154176077582,1.93056725717
703,703,-0.348800644062,1.87653061688
704,704,-0.496683040237,-1.37780793125
705,705,-0.163186722071,2.34754746857
706,706,0.994990599451,1.58006060761
707,707,0.232353092113,-2.1028992845
708,708,1.62217388317,2.16184746237
709,709,0.756350880266,0.830672320646
710,710,0.172927890372,-2.18257178649
711,711,0.868663493357,0.418084095616
712,712,0.0272201182981,-0.664708023574
713,713,-0.764353345991,-1.28016532174
714,714,0.380056055525,-2.49706712734
715,715,-0.395735631404,1.91239914182
716,716,-0.0647510420341,2.38188313102
717,717,-0.206952708144,-1.73347780666
718,718,1.14070114538,1.55300487576
719,719,-0.0656217362824,-1.22166366468
720,720,1.03742659707,1.834961981
721,721,0.171575386457,-1.94858540361
722,722,-0.724661360224,-1.51291999507
723,723,0.952696025769,0.974041502536
724,724,0.721392840953,1.44037608822
725,725,1.1411292157,0.973635301573
726,726,-0.136249050943,-2.23480485713
727,727,-0.919702242522,-1.92069688633
728,728,1.55247093457,-0.803901087864
729,729,2.00178023553,0.524109866314
730,730,-0.802610282851,-2.32339009497
731,731,0.0803851451895,-2.97050049588
732,732,-0.310746923127,-2.3536987188
733,733,3.42507050102,-0.264578241617
734,734,0.23593976208,-2.61543676033
735,735,0.120068612251,2.173217118
736,736,-0.83985527688,-2.05314128497
737,737,-0.447320272386,2.084235399
738,738,1.22937880269,-1.26900301245
739,739,-1.88209712895,2.3297037874
740,740,1.40406202715,-2.16698757258
741,741,0.333280081553,1.39667648639
742,742,-1.6325676587,1.89373833765
743,743,1.36852210679,-1.54408531641
744,744,0.677035289106,0.548195507413
745,745,-1.06994741741,-1.57251262829
746,746,0.310792742218,-2.24517998157
747,747,0.783454107516,-0.665651210764
748,748,1.26903638769,-1.04907882668
749,749,-0.0827902248126,-2.69412317894
750,750,-0.4198027943,-3.10643207652
751,751,-2.09574258947,-1.67853448286
752,752,0.276247200218,2.40500648691
753,753,2.36036197854,0.18126246909
754,754,-0.77759255171,-2.3241799506
755,755,-0.0220976152861,-2.05086338762
756,756,0.402992285252,-2.0109106868
757,757,0.238375685223,-2.28187982405
758,758,-1.33558227552,-2.62480182736
759,759,0.401980066931,-2.38511604541
760,760,-1.16106648529,-2.83633297229
761,761,-0.334109613444,-1.4938634557
762,762,0.625814981417,-2.03056329621
763,763,-0.0560886245332,2.45790635383
764,764,1.85565923636,0.382867413585
765,765,0.134417394838,-2.30152515458
766,766,-1.64956502357,-1.45612376597
767,767,-0.347469128291,-2.76274703605
768,768,-0.0443565139303,-2.16440635823
769,769,-0.957680528974,-1.25123391683
770,770,-1.52446507718,-1.99589614162
771,771,0.289670884165,-1.43599589347
772,772,-0.366593608992,-3.11015145698
773,773,1.65912651799,-1.50264705405
774,774,1.94688164211,1.40214675939
775,775,2.01394520498,-2.75556982925
776,776,1.16060691851,-2.19904647572
777,777,-0.372151504519,2.0308344486
778,778,1.32634842374,1.6687600937
779,779,-0.0142871276459,1.44214874901
780,780,0.352117807499,-1.46281381856
781,781,0.11861437416,1.82305857933
782,782,-0.0519860053593,-2.38477798028
783,783,0.167190586033,-2.78734811467
784,784,0.499169617778,-2.40695275486
785,785,-0.230635379158,2.30440987286
786,786,-0.0701648208689,2.27307068241
787,787,-0.799916339263,2.63863093773
788,788,-0.406011444692,2.55309551105
789,789,0.365842026146,-2.18797208864
790,790,0.324710447508,-2.99228354753
791,791,-0.354400896305,2.75404869671
792,792,0.0598660330363,-2.36443359037
793,793,1.50517240683,-1.65401347145
794,794,-0.219240753345,2.10868796747
795,795,0.20215307276,2.13559208652
796,796,0.250291979733,2.30838533864
797,797,0.636076120555,-2.55508010026
798,798,2.16219343107,0.783948880845
799,799,2.55913446782,-0.164759728187
800,800,2.73560690206,-0.174120432212
801,801,2.21340759707,0.424429692042
802,802,0.363702985183,-2.84625267868
803,803,0.338796797,-2.79749425884
804,804,2.67004900065,0.134359499283
805,805,-0.159957927306,2.92916472302
806,806,0.162933470264,2.37674549996
807,807,-0.341984331597,2.39212534967
808,808,0.436804883013,2.46046122041
809,809,0.140765152949,-2.33709009918
810,810,0.321763415328,-2.92569279445
811,811,-0.0141204177835,-2.87017994862
812,812,-0.121485282807,2.35897728047
813,813,0.233940861238,2.90025083432
814,814,0.729984679718,-2.14077902618
815,815,2.45749960234,0.420450112051
816,816,-0.251287836152,2.31166194445
817,817,-0.306143474598,2.85494418831
818,818,0.86093449972,-2.65489022122
819,819,0.0157249706979,-2.74847795546
820,820,-0.24381783394,2.69033404448
821,821,0.494865619598,-2.34498967918
822,822,3.14429890403,0.0859934706818
823,823,2.84766967149,0.155747558993
824,824,-0.0479427303881,2.59830727205
825,825,0.185617572515,1.98681600077
826,826,2.80786981108,0.225042899695
827,827,0.629996027574,2.69450211257
828,828,-0.0560226679804,-1.96220134114
829,829,0.0275774624735,-3.06771205037
830,830,0.0887000640593,-2.48022719248
831,831,2.80789942134,0.0753617197596
832,832,0.478406933221,2.33289412155
833,833,0.240239304809,2.67010979204
834,834,-0.194567864014,-2.09851058904
835,835,1.54425049221,0.249732707211
836,836,1.81193945886,0.5985187812
837,837,2.36702751644,-0.0108608270896
838,838,1.70946357349,0.144047073091
839,839,0.521445009076,-2.20044470544
840,840,0.589983490404,-2.54390301465
841,841,-0.391379683573,2.61032080888
842,842,0.854245237908,-2.53578664618
843,843,0.110268155545,-2.60652189065
844,844,0.00536659620589,-2.46521191809
845,845,0.0818124476297,1.91890300232
846,846,0.0390628766625,2.07758563139
847,847,0.284553429806,2.65067270275
848,848,0.0376350207743,2.27308357346
849,849,0.0347445276415,2.30260935904
850,850,0.465864594775,-2.39368773366
851,851,0.259007339958,2.93226815235
852,852,0.740400250085,-2.45069881191
853,853,0.305300193784,2.4877348231
854,854,0.57673218044,-2.53872470479
855,855,0.0396056871713,-2.90473337121
856,856,2.69583080367,-0.169328015651
857,857,-0.348150100066,-3.39282626708
858,858,-2.62411035679,-0.127570861372
859,859,-1.76982122827,1.68060408107
860,860,-1.86013014989,1.43607379647
861,861,0.284177382861,-1.00706419966
862,862,-2.15867112971,-2.23041168886
863,863,-1.73270796037,2.54220828831
864,864,-0.468214748018,-1.95595322956
865,865,1.92810955268,0.42211760889
866,866,2.58535095663,0.265670928686
867,867,2.87337966534,0.157779594995
868,868,0.0524778801273,-2.6259643675
869,869,0.661119033018,-2.38743467749
870,870,0.463158309856,-1.02752603963
871,871,2.05276281126,0.34002026758
872,872,0.187719802659,-2.42630076092
873,873,-0.662888629039,1.76425227372
874,874,0.0389143690674,1.50566225164
875,875,3.02907652495,0.650230107076
876,876,-0.139304140572,-0.322774682365
877,877,0.000830116167436,-1.11688746331
878,878,-0.210664865068,-3.11286700034
879,879,-0.240483095125,-1.15828386441
880,880,-0.512382018441,1.19454927214
881,881,0.263701748484,2.69740588341
882,882,1.80536147197,0.197955268718
883,883,2.30311901864,0.436183419562
884,884,2.5213358624,-0.106876028513
885,885,-0.471827903048,-2.80339478251
886,886,0.189381651649,-2.67191735341
887,887,-0.461174705341,-3.13725619245
888,888,2.87436630444,-0.0760329803348
889,889,0.247729701969,-2.32083570141
890,890,0.505499638502,-2.51860730518
891,891,1.91671675958,0.806693405302
892,892,0.105452197578,2.59419674432
893,893,0.626003504598,-2.63039248176
894,894,1.15192573443,-2.24350242461
895,895,0.344573321473,-1.96060632003
896,896,0.0317475032617,-2.97139975088
897,897,0.0218123503323,-2.88510654327
898,898,1.45639740258,1.53156445242
899,899,0.483823917281,-2.47772778217
900,900,1.32602158416,0.642696200929
901,901,0.0281639681858,2.57327389575
902,902,0.83170564125,-1.19321758716
903,903,0.123576967767,1.61172962358
904,904,-0.469381192559,1.86730482177
905,905,1.90519280489,0.698879102502
906,906,1.88335373304,0.553437988402
907,907,2.01370311183,1.01781208124
908,908,1.57648892316,-0.557153246033
909,909,2.07911196447,0.30605438973
910,910,3.06215765739,0.000421090719468
911,911,-0.363860812602,2.56119079519
912,912,2.25259726276,0.424088968422
913,913,2.50021647559,-0.0585452941249
914,914,2.51351586577,-0.598322863097
915,915,-0.11909673687,1.47811094342
916,916,-0.0872495205424,2.3009892492
917,917,0.0113006668354,-1.88911902142
918,918,0.154532842879,-2.04367567424
919,919,1.75873162373,-0.792653042104
920,920,1.1559939794,-2.08608655786
921,921,0.602453595565,-0.171011323247
922,922,0.0927467795789,-2.42875678612
923,923,0.699271232872,-2.15058571221
924,924,-0.268089099251,1.89761597506
925,925,-0.086857567119,1.44808554782
926,926,-0.82879517696,-1.63356274019
927,927,0.129143927352,-2.15721310707
928,928,-0.072247304501,1.12911894919
929,929,0.660257520579,1.80266760072
930,930,-0.251008475578,2.55156048837
931,931,2.40161984476,-0.104058516976
932,932,1.05284826572,-0.830385734885
933,933,2.34648914198,-0.170811469081
934,934,2.97919025065,0.189940142669
935,935,-1.92773447155,-2.13302942446
936,936,0.587925512236,0.487392150296
937,937,1.12905072187,-0.605405507039
938,938,-0.259409328966,-1.72905217167
939,939,-1.15069402525,1.36433877098
940,940,-0.482376914605,1.44420592038
941,941,1.00876470323,1.40714153917
942,942,1.75372702063,0.595685519011
943,943,-1.08984037396,0.17866023618
944,944,-0.0636935545367,0.7640675324
945,945,-0.229551064599,-1.7735331139
946,946,-1.88632872636,-2.03830464193
947,947,-0.403888048659,1.41030885789
948,948,-0.791512654782,-1.12586092083
949,949,-0.667160778496,-1.90048501621
950,950,0.404219428952,0.939291741389
951,951,0.38057483393,1.07607239479
952,952,-0.262752369111,-2.03670094631
953,953,-0.109823220888,-3.00642252516
954,954,0.516029771858,0.80445122438
955,955,-0.26601064834,-0.951225755281
956,956,0.385157095871,2.00145145836
957,957,0.336428614025,1.02559326546
958,958,0.482077051093,-2.21776429973
959,959,-0.242089062631,-2.42988570645
960,960,-0.23073208384,-1.95382391729
961,961,0.291875648642,-2.23533123373
962,962,0.216637955097,2.90365784834
963,963,0.988861323944,-0.370656805896
964,964,-0.0813756613487,-2.57169877415
965,965,0.032837961255,2.63879443402
966,966,1.00297614861,-0.150783559794
967,967,2.88669841563,0.543930825974
968,968,-1.12185517894,-1.51340013168
969,969,-2.25659949504,-2.29833079573
970,970,-1.23001817751,-1.70727453095
971,971,0.214168889837,1.64271818511
972,972,-0.775492895619,-0.506962613588
973,973,-1.75719240737,-2.00531025151
974,974,-1.3582270832,-1.81543219995
975,975,-1.53124664282,-1.68283543913
976,976,-0.91522655636,-1.61910334294
977,977,-0.527983652142,-2.012297739
978,978,-1.13553682113,-1.8801797027
979,979,-0.157101397618,-1.97433170629
980,980,0.346964562874,-0.799490120724
981,981,2.98202860322,0.0100124835936
982,982,0.208539981388,-2.51930639402
983,983,-0.998861336481,-1.51421308494
984,984,0.404959531962,2.80035815942
985,985,-0.32672034701,-1.51028289792
986,986,-0.710617303987,-1.62735742158
987,987,-1.06880361745,-2.00354772502
988,988,-0.063267407856,1.24713988948
989,989,-1.39426154555,-1.95913150407
990,990,-1.53482864886,-2.22514619108
991,991,0.0825683840931,2.94301231291
992,992,-0.0383501969819,-1.52769502857
993,993,-0.168612741377,-2.47369681904
994,994,0.356658938346,-2.87346534177
995,995,1.98112730151,0.393562020203
996,996,0.2289483505,-2.41699779411
997,997,-0.700732933484,-1.34029189614
998,998,-1.28793940816,-1.46629128119
999,999,0.155797483077,0.408082539502
1000,1000,-0.500147598286,0.978934245116
1001,1001,-0.40310565356,0.860590816051
1002,1002,-0.991942933425,-1.01604441206
1003,1003,-1.62174204504,-1.01909736754
1004,1004,0.068150166526,1.98251833652
1005,1005,-0.388971451552,2.4600074836
1006,1006,1.35862243081,-1.68830195289
1007,1007,0.27485464012,-0.151825719256
1008,1008,-0.414990781105,2.44872924832
1009,1009,1.60683367204,-2.16624790781
1010,1010,2.4739908501,0.167512546084
1011,1011,2.65012948871,0.173800972065
1012,1012,2.8249523305,0.298210762139
1013,1013,0.975307000772,-2.09646964107
1014,1014,-0.011828243472,2.20690339983
1015,1015,0.592787022021,-2.80259432291
1016,1016,-0.574628324303,-0.533119176286
1017,1017,-0.610812029819,1.80990778603
1018,1018,2.28611249548,0.0388410185749
1019,1019,-0.278815766489,1.81180308167
1020,1020,0.473785035567,-1.74610018731
1021,1021,0.609986318553,0.0867707029925
1022,1022,0.213833261739,-1.79338517605
1023,1023,-0.606404258083,1.87801528744
1024,1024,-0.276518355711,1.01456902133
1025,1025,-0.0957446573493,1.01728607939
1026,1026,0.685728474715,0.352185299478
1027,1027,-0.224664365405,-0.101550018394
1028,1028,-1.1673300397,0.247000905689
1029,1029,2.4844585145,0.106999990931
1030,1030,-0.496840998892,1.07449376934
1031,1031,1.01596416179,2.45186232983
1032,1032,-0.404961889566,1.0250549209
1033,1033,-0.82773339249,-0.271374192288
1034,1034,-0.467377760937,-1.80467043694
1035,1035,0.676089426078,-0.867140439615
1036,1036,-0.473133810182,-0.851961003342
1037,1037,0.403909208404,2.89847634956
1038,1038,1.33948790969,-0.944764212917
1039,1039,2.22006920263,-0.568081229251
1040,1040,0.176444291055,-3.0681447904
1041,1041,2.28604367971,0.279090686633
1042,1042,0.370890043515,-2.66840359943
1043,1043,0.0621563260881,-2.81016978504
1044,1044,-0.739945965035,1.43193905914
1045,1045,-0.934554430512,1.85413103445
1046,1046,-0.732035055761,2.09728224123
1047,1047,-0.401566785713,1.59831251612
1048,1048,0.992902847666,-1.7763743011
1049,1049,0.137412290879,2.95563713998
1050,1050,1.68864534611,-2.30486650851
1051,1051,0.651761735274,-2.37353826831
1052,1052,-0.535449481842,2.27175897684
1053,1053,-1.08561945598,2.0415093889
1054,1054,-0.943483416038,2.40837622749
1055,1055,-0.289016678645,2.67536146894
1056,1056,0.782421530096,-2.75936575469
1057,1057,0.676445883116,-2.07187269446
1058,1058,0.35189653043,-2.49872179238
1059,1059,0.0244097443244,1.72873560676
1060,1060,-0.173730661702,2.50192351776
1061,1061,1.21519734179,-1.55283611509
1062,1062,0.000578137075491,-2.40980371739
1063,1063,0.945659009158,-2.15007570492
1064,1064,-0.127914994856,2.10247320709
1065,1065,-0.104153252779,2.49399227145
1066,1066,-0.106083405265,1.99222866044
1067,1067,-0.474107156499,2.51616923149
1068,1068,0.607720311995,-1.98466179879
1069,1069,-0.0503405996763,3.05309103561
1070,1070,-0.899657908667,2.21987208971
1071,1071,-0.00110303310176,-2.03131065201
1072,1072,2.22823634941,0.949991712923
1073,1073,0.0989559087411,-2.89152451419
1074,1074,3.3703464423,0.790731188203
1075,1075,-1.03285145054,-1.19602482852
1076,1076,0.538607681571,0.596226876835
1077,1077,-1.33479906451,-1.14921896446
1078,1078,-1.40603811675,-1.25668926223
1079,1079,-0.660489940715,1.62411680433
1080,1080,-1.79153337754,-1.77688338777
1081,1081,-2.02709178972,-1.79978833057
1082,1082,2.26215810849,0.0212262033372
1083,1083,-1.65142035501,-1.77076093569
1084,1084,-0.285388609164,1.56852666951
1085,1085,0.529368421017,1.36094772499
1086,1086,-0.12443271743,0.336516709242
1087,1087,-1.27946067491,0.724982539645
1088,1088,0.625388277196,1.62086976478
1089,1089,-0.12925720475,1.09652974757
1090,1090,-0.297296505837,-0.81657601513
1091,1091,-1.16213518941,1.01090983777
1092,1092,0.368898118322,1.46523569029
1093,1093,-0.94688728736,-1.69100390989
1094,1094,-0.0919704269875,-2.81606469403
1095,1095,-1.17494117508,2.91450067123
1096,1096,0.74972950125,-2.95678965772
1097,1097,0.301452644509,-2.53762626522
1098,1098,0.588635580673,-2.56252068113
1099,1099,-0.135420050936,-2.62631233183
1100,1100,0.106195140866,-2.13614460262
1101,1101,-1.38031875124,-1.69526376502
1102,1102,-0.499370970138,-2.14982759054
1103,1103,0.344012958614,-2.48043714882
1104,1104,-1.11397760979,-1.53400410867
1105,1105,0.198096798993,-2.22283025582
1106,1106,2.85394389573,-0.148843261523
1107,1107,-0.0500791240945,2.16140865742
1108,1108,-1.81077528559,-1.95761488523
1109,1109,-0.174703639787,1.95069916837
1110,1110,0.436026987097,-1.2639077148
1111,1111,-0.394310578429,2.63805665197
1112,1112,0.894643942984,-1.54114550296
1113,1113,2.88582436209,-0.275884053172
1114,1114,1.92032561735,0.814988234677
1115,1115,0.167655204553,-2.70035678533
1116,1116,0.875764177828,-2.37695881135
1117,1117,-0.484258471973,0.973116607633
1118,1118,1.29290508613,-1.96958014812
1119,1119,1.37511794476,-0.979320259325
1120,1120,-0.71508228559,1.61873003851
1121,1121,-0.569821210952,2.14762801281
1122,1122,-0.152567727471,2.40427016883
1123,1123,1.31332517527,0.361874497116
1124,1124,-0.829910582974,-1.75251803257
1125,1125,1.37474360991,-1.92256817739
1126,1126,-0.044094831854,2.35413183333
1127,1127,0.433211927702,1.17793632826
1128,1128,1.59786504001,-0.859295064285
1129,1129,-0.90853872661,2.00961589488
1130,1130,0.974033205145,-1.8204952628
1131,1131,-1.32478561502,-2.01746396595
1132,1132,0.53784618164,-1.87118773181
1133,1133,-0.411998235638,-2.55117437261
1134,1134,0.392528416668,-3.05327252203
1135,1135,0.616425794998,-2.04326352369
1136,1136,-0.165378503668,2.90601639281
1137,1137,0.174645634931,-2.05028322137
1138,1138,0.364730226716,-2.56844449598
1139,1139,0.661574354656,-2.61251847632
1140,1140,-0.412241117057,1.97146507195
1141,1141,0.534798358256,1.9842723354
1142,1142,-0.696543541802,2.42236400776
1143,1143,1.21558421969,-1.48482680056
1144,1144,2.3140473956,1.4818265847
1145,1145,2.51413080192,0.0852489931369
1146,1146,1.20322688614,1.58455692908
1147,1147,0.561514814171,2.16433240226
1148,1148,0.207810483632,-2.61421929632
1149,1149,0.350438410052,-2.58606596254
1150,1150,2.92189335658,0.471319388823
1151,1151,0.258342372772,2.53043233286
1152,1152,0.581487106635,2.92521769601
1153,1153,3.0731409615,-0.230874017893
1154,1154,-0.34029482481,-2.59208818553
1155,1155,-0.0336455468767,-2.74315167045
1156,1156,2.14716642574,0.443875359675
1157,1157,0.336920309971,2.4308811218
1158,1158,2.30842278376,0.496580781229
1159,1159,2.47163470336,-0.0335111107751
1160,1160,0.0789551186357,2.82231931094
1161,1161,-0.00136897251914,-0.987366098237
1162,1162,0.0341806559559,2.45547650581
1163,1163,0.496021036491,2.09079867608
1164,1164,0.673484817567,-2.17744994583
1165,1165,1.51008510215,0.548965683586
1166,1166,0.394655404425,1.92006732161
1167,1167,2.70281890683,0.00124737841473
1168,1168,1.30543439535,-1.91319123544
1169,1169,2.65425103227,0.0781985028821
1170,1170,2.23302991808,0.423274047045
1171,1171,0.100808252281,-2.86049905664
1172,1172,0.730762234296,-2.74758154937
1173,1173,-0.374106581111,2.54967968155
1174,1174,-0.430150116679,2.99466712541
1175,1175,0.443662713538,2.42990158291
1176,1176,-0.0592597842771,2.91600967585
1177,1177,0.348720157185,-1.84726474207
1178,1178,1.82024814105,0.592555778847
1179,1179,-0.630660507109,-2.86834766305
1180,1180,-0.109196287177,-2.92139012575
1181,1181,2.58090182768,0.509498537548
1182,1182,-0.686902409766,-2.76148934732
1183,1183,-0.211406382834,2.8366355504
1184,1184,-0.193706951601,2.7505153072
1185,1185,1.4719804545,-2.09800498928
1186,1186,-0.245155198913,-2.44689662681
1187,1187,-0.511873572611,-2.28015046776
1188,1188,1.20712761937,-1.54478421555
1189,1189,-0.0499114251071,-2.9837657485
1190,1190,-0.69577841614,-2.53504788407
1191,1191,-0.0801635778611,-2.29781002181
1192,1192,-0.512021520457,-2.42383850032
1193,1193,-0.440526187828,-2.41316251034
1194,1194,0.158831824611,-1.88107459201
1195,1195,-0.224373489598,2.67578300647
1196,1196,2.15430825897,-0.0185304748202
1197,1197,2.78551458325,0.230909897436
1198,1198,2.9891191691,0.286578825284
1199,1199,2.56286055952,-0.0715566973147
1200,1200,0.78555819002,-2.92522502668
1201,1201,0.898781016905,-2.24231423489
1202,1202,-0.49247281261,1.78836473591
1203,1203,-0.777953316196,2.86436417465
1204,1204,-0.322160306298,1.99634603506
1205,1205,1.67726017993,-2.40078521193
1206,1206,-0.333263571187,2.55524843915
1207,1207,-0.193455811327,-2.32098002101
1208,1208,0.468945647635,-2.38940356937
1209,1209,2.29181987357,0.158901767078
1210,1210,3.18421940969,0.481744207811
1211,1211,-0.131019279112,2.48591763639
1212,1212,1.08167064991,-2.11523711081
1213,1213,2.34304735785,0.233211022191
1214,1214,1.89627547127,0.498643406259
1215,1215,0.0438158606492,-2.92146727568
1216,1216,0.213309674093,-1.88712988559
1217,1217,0.214665238353,-2.52672923432
1218,1218,0.260058232284,-1.92537293539
1219,1219,2.23040755113,0.156662774161
1220,1220,1.68484977916,-1.54134998254
1221,1221,1.51971684858,-1.3543535977
1222,1222,1.22667739333,0.659157375695
1223,1223,1.66611635249,-1.18736448966
1224,1224,2.69988269716,-0.137122142682
1225,1225,2.77812519524,-0.125650824784
1226,1226,0.366284280632,-0.256536050128
1227,1227,-0.269722021478,3.16414712304
1228,1228,0.72949085955,-0.0453630431596
1229,1229,-0.0376884819653,2.64604399517
1230,1230,0.0561843160685,-2.92531464679
1231,1231,0.276235323629,-2.84323569687
1232,1232,-0.103480077555,2.84030523443
1233,1233,1.17097009799,-2.31308525742
1234,1234,0.0495102423759,2.64797370365
1235,1235,0.147728177481,-2.18965124069
1236,1236,2.62674704907,0.383631808787
1237,1237,0.212614096212,-2.17664315523
1238,1238,-0.0412364327074,2.99459989053
1239,1239,0.858919555259,-1.77434793922
1240,1240,-0.267445011395,-2.09162175565
1241,1241,3.1543683027,0.243832465375
1242,1242,0.292841274422,-2.35613352915
1243,1243,0.16935379755,-2.69657037933
1244,1244,0.638211526922,-2.47316309584
1245,1245,-0.0298142734108,2.9148538812
1246,1246,0.234451365312,-2.47977684321
1247,1247,0.0204195780228,2.59806159305
1248,1248,0.052917115135,3.22900495117
1249,1249,1.15802446168,-2.72556679539
1250,1250,-0.0862413850736,2.40418548033
1251,1251,-0.108598757657,3.0467413575
1252,1252,0.0651993505156,3.18112165193
1253,1253,0.795133944198,-2.32010256089
1254,1254,2.3886852869,0.664793724173
1255,1255,2.58468869236,-0.0187356196786
1256,1256,2.54091119791,-0.270840748974
1257,1257,2.56999601269,0.255275815864
1258,1258,2.3381815544,0.670035754068
1259,1259,2.60956582329,0.216278035584
1260,1260,2.75567266855,-0.0386597365296
1261,1261,2.73527157369,0.492470091904
1262,1262,0.214479978671,-2.16814978364
1263,1263,0.215317827421,-1.91472267871
1264,1264,2.53035889648,-0.113503494896
1265,1265,0.48047857357,3.10083706969
1266,1266,1.45520539261,-0.117067838873
1267,1267,1.7082444814,-0.306073015799
1268,1268,-0.0884118278885,-2.5208075188
1269,1269,0.374650794715,-2.33129968334
1270,1270,2.14950155697,-0.197774047192
1271,1271,0.45508326921,2.79796424155
1272,1272,1.83749812009,0.458954682299
1273,1273,-0.463074087075,-2.1065008074
1274,1274,0.656979811089,-0.480889863225
1275,1275,-0.109842415573,2.93281753774
1276,1276,0.238288431446,-2.39149759335
1277,1277,0.741417794087,-2.98518613963
1278,1278,2.54227955759,-0.170915669761
1279,1279,2.11255412659,-0.00221611067453
1280,1280,0.749299005451,-0.165814893563
1281,1281,2.43949282999,-0.0871391886965
1282,1282,2.52227685454,-0.173347583951
1283,1283,2.47660020988,0.319077125715
1284,1284,-0.454176308925,-1.89377991701
1285,1285,1.4578881642,-2.04984513125
1286,1286,0.0509715576347,-0.393300101693
1287,1287,1.60471078631,0.633141670633
1288,1288,0.0758491094294,-2.36383425393
1289,1289,-0.130478474836,-2.47884108603
1290,1290,0.222694425813,-2.59452070807
1291,1291,0.865726848925,-0.50307523416
1292,1292,0.637961696944,1.79928300746
1293,1293,2.21701767667,0.382134050498
1294,1294,2.43875837847,-0.189311592767
1295,1295,0.66092559087,-0.577756408702
1296,1296,-0.0435651294987,-2.85772092004
1297,1297,0.362518704584,-2.50074672122
1298,1298,1.41077141591,-0.876423060024
1299,1299,-0.316340973596,3.02849734928
1300,1300,0.837568373721,-2.48094770835
1301,1301,-0.128947854239,2.66241298376
1302,1302,-0.280082425067,1.96630075892
1303,1303,1.32048760643,-2.40406581966
1304,1304,-0.633335086086,2.52680260456
1305,1305,-0.54856308747,2.18244758155
1306,1306,-0.580539141347,2.26710550734
1307,1307,-0.493596692983,2.64773340293
1308,1308,-0.38888938423,2.5147386271
1309,1309,-0.668408943621,2.59384181503
1310,1310,0.790162617784,-2.58572586938
1311,1311,-0.179569057237,-2.8073182493
1312,1312,-0.368926468517,2.97072744009
1313,1313,0.436301864457,-2.39991924819
1314,1314,1.67578479227,-3.07376448323
1315,1315,0.396155481413,-2.05602918282
1316,1316,-0.775354009517,2.6172638829
1317,1317,0.38350415248,2.68699595978
1318,1318,0.832935114107,-2.41229584585
1319,1319,-0.437289502388,2.73178775291
1320,1320,0.241840541682,2.78616765426
1321,1321,-0.61387753263,1.92297005098
1322,1322,0.262320425594,2.34305771832
1323,1323,-0.168859617564,2.4405780821
1324,1324,0.628154045518,-1.98397486524
1325,1325,1.0872516363,0.928903243004
1326,1326,2.71298287021,0.0253270721866
1327,1327,0.0717412475134,-2.75993209075
1328,1328,0.18672777702,-2.42222857179
1329,1329,3.20105777859,0.386397825496
1330,1330,0.0203550713158,2.80541838341
1331,1331,1.13276646736,-2.27817740088
1332,1332,1.52234488057,0.384260072858
1333,1333,-0.0656010365655,-2.6661409345
1334,1334,-0.247592263051,2.45584394505
1335,1335,0.487964826187,1.72748983361
1336,1336,0.987346191724,1.76519458994
1337,1337,-0.485427932245,1.21304813821
1338,1338,1.39573726657,0.793085358306
1339,1339,0.337156406173,2.2192901936
1340,1340,1.28050310674,1.56717765115
1341,1341,1.60015735203,1.59075435011
1342,1342,2.04736831513,1.49594443547
1343,1343,-0.243633553607,-2.48565089983
1344,1344,-0.0988906507895,-2.04211868239
1345,1345,1.97774473078,1.19931546858
1346,1346,0.310806357984,1.85312289368
1347,1347,1.81212105387,0.325488002259
1348,1348,1.15412694693,1.80039763387
1349,1349,-0.222412074939,2.52399300196
1350,1350,-0.985016171207,-1.43370234456
1351,1351,2.42538439169,1.15511022775
1352,1352,-0.99485210666,-0.972610697878
1353,1353,0.486386445947,-1.98711458848
1354,1354,0.0764909088717,1.67791878554
1355,1355,1.35900095591,0.900000202999
1356,1356,1.75204184609,0.45868703182
1357,1357,1.30311660345,1.78489826275
1358,1358,0.667897687255,1.82224008912
1359,1359,0.799097970313,0.545856351222
1360,1360,2.42466150684,0.755136097773
1361,1361,0.423920311894,0.49379168173
1362,1362,-1.10546782422,-1.37813272886
1363,1363,-0.319882632842,-1.75700093614
1364,1364,2.53729979539,1.01541687804
1365,1365,1.24837415585,-0.351167624834
1366,1366,2.49154393303,-0.53906711284
1367,1367,-0.569011977894,0.996908548241
1368,1368,0.550043928145,1.87279807388
1369,1369,0.777355798773,-1.72364486646
1370,1370,0.766177395739,1.96089291656
1371,1371,2.37272597055,-0.376440408474
1372,1372,1.90703379129,0.450077469988
1373,1373,0.326950137494,1.74117156869
1374,1374,1.95749644274,0.785089305747
1375,1375,0.975880090204,1.02085911721
1376,1376,0.728279234312,0.923526993124
1377,1377,-1.27085649627,-1.27459648313
1378,1378,-0.0757195882742,-1.9023209999
1379,1379,1.5957954442,0.86714394847
1380,1380,0.164877092936,2.50652493483
1381,1381,0.584764679502,0.989576303399
1382,1382,0.565441681209,-2.63959751036
1383,1383,0.170494240555,1.69039396759
1384,1384,1.32802407938,0.381230365345
1385,1385,2.06726319351,0.88075334251
1386,1386,1.91714580005,1.03945014119
1387,1387,1.69696817465,1.23754664683
1388,1388,3.17959169634,0.768777672759
1389,1389,1.91539003131,1.6974857659
1390,1390,-0.277379855169,2.76865750861
1391,1391,-0.536635168074,2.16490943088
1392,1392,0.530474804234,-2.49933269876
1393,1393,0.831262094651,0.397377707429
1394,1394,0.833029547316,0.203016982666
1395,1395,2.20697891193,0.151234638918
1396,1396,2.66427743665,-0.0420445327028
1397,1397,2.05107248962,-2.30094776802
1398,1398,0.00865113621985,1.34802129225
1399,1399,0.264480774427,-2.61345412144
1400,1400,1.10021932745,0.290671129515
1401,1401,-0.962081200578,-0.990885033651
1402,1402,-0.0517390656223,1.93594258978
1403,1403,1.15741133855,0.230811436601
1404,1404,0.619787446526,1.89922436271
1405,1405,1.31666502681,1.69420824474
1406,1406,-0.20424578815,2.79278583487
1407,1407,0.110911480868,4.6634204905
1408,1408,-0.271777671635,3.21466628891
1409,1409,-0.0978956364254,2.8892328911
1410,1410,0.148197994544,2.16810551375
1411,1411,-0.10567367197,2.35750271391
1412,1412,0.604372048184,2.73557049253
1413,1413,0.128610064684,2.74982350263
1414,1414,0.0483907069912,2.27136273512
1415,1415,0.619728329967,2.95984310301
1416,1416,-0.227736073577,2.78769356417
1417,1417,1.57793930258,-0.109675495446
1418,1418,-0.166835942585,2.10731611197
1419,1419,0.95799959671,0.302759278862
1420,1420,-1.04966167113,-1.21608416645
1421,1421,0.113580178785,0.0426424899457
1422,1422,0.91479420471,0.0506680880681
1423,1423,3.04795403613,-0.107272149615
1424,1424,-0.524039400125,-3.05891126522
1425,1425,0.0187376518221,1.56564039157
1426,1426,0.092249879626,0.472668039239
1427,1427,2.35105298969,0.042893001692
1428,1428,3.91258982993,-1.24569172594
1429,1429,2.55675699403,-0.103238301901
1430,1430,2.08158464009,0.875820461672
1431,1431,2.56246856853,0.50424258229
1432,1432,3.5608113499,0.610884742164
1433,1433,2.10131591233,0.08958800317
1434,1434,0.996116019135,0.722889373135
1435,1435,1.78419738992,1.26414631683
1436,1436,-0.666167943845,-2.40388092928
1437,1437,2.06443056739,0.196605771678
1438,1438,-0.170683956257,1.85996722828
1439,1439,1.15058733729,1.71203690601
1440,1440,1.56151866409,2.01673727098
1441,1441,0.482313216029,0.639180022789
1442,1442,1.21613150577,2.24243279081
1443,1443,0.619159866304,-2.57893225425
1444,1444,2.34305775823,2.01671782161
1445,1445,0.759743911964,2.30453038458
