,vote,alpha,beta
0,0,-0.19904022298,1.30389431816
1,1,-0.0698677277135,-1.20576083317
2,2,1.34601381468,0.0112404510303
3,3,1.63008077816,-0.0259401007111
4,4,0.292044578928,-1.00628456601
5,5,1.64025865624,0.00648856406436
6,6,1.39357869579,-0.0153325090355
7,7,1.36213041332,0.15651299537
8,8,0.226988796378,-1.18779863373
9,9,0.40045825398,-0.741851338902
10,10,1.57283163589,0.0342825695074
11,11,1.58529899166,0.0213839063054
12,12,1.57516919018,-0.0217657900734
13,13,1.6103725541,-0.0911250949203
14,14,1.57653129081,-0.0543028078664
15,15,1.33227367945,0.135133404886
16,16,0.0232490889158,1.19020737931
17,17,0.471599901657,-0.638334391767
18,18,1.47476704117,0.0456003669093
19,19,1.41702448902,0.0196798537147
20,20,0.935520960085,-0.286401806386
21,21,0.063208851075,-1.20913279778
22,22,0.118045841893,-1.3863271146
23,23,1.57629295343,0.0632256406031
24,24,0.285075539907,-1.22671027804
25,25,1.30430288349,-0.26753361742
26,26,-0.762586798903,-0.110329035184
27,27,-0.22100942507,1.30983617005
28,28,1.77315415105,0.343660543551
29,29,1.61975324031,-0.136794457985
30,30,1.52548198078,-0.0762970504407
31,31,1.6195231997,0.119049940265
32,32,0.191381675426,-1.232502842
33,33,-0.0176134744929,-1.22329222917
34,34,0.98270030525,-0.166314661552
35,35,-0.0423963008076,1.26308623373
36,36,0.00325575002321,-1.25900779887
37,37,0.118553220158,-1.25421567988
38,38,-0.0292967032413,-1.29014938667
39,39,-0.292334351781,-0.900524030957
40,40,0.982609124804,-0.774831936898
41,41,-0.142776387265,1.29596849153
42,42,0.0301084546259,-1.28946851038
43,43,1.6340868203,0.0826924405594
44,44,1.56205110754,-0.167920469582
45,45,1.47691653873,-0.0369647251457
46,46,1.52226438653,-0.0463913091102
47,47,1.40660979512,-0.115630471884
48,48,1.56969088293,0.196193119124
49,49,0.886799066993,0.555451006309
50,50,0.081207012765,-1.32482692735
51,51,0.0449489291127,-1.21563776833
52,52,-0.110154702667,1.25552497096
53,53,0.197505638455,-1.18995704017
54,54,0.189741679844,-1.509977132
55,55,0.159647780978,-1.22602267168
56,56,0.157294443498,-1.11799833172
57,57,-0.270390291108,1.16241931096
58,58,-0.117211586931,1.16862830349
59,59,0.0532822733574,-1.20825695145
60,60,0.324662656144,-1.13833092874
61,61,1.46837246488,0.0617248440837
62,62,1.68439003155,-0.0930407285867
63,63,1.4144789226,0.0267069379162
64,64,1.63613690895,0.00744549875912
65,65,1.42458630159,-0.00351528846273
66,66,0.0855043189202,-1.2176927804
67,67,0.209996190651,-1.22864684408
68,68,0.251529394214,-1.09785074243
69,69,-0.21444737795,-1.17337190282
70,70,-0.423741599396,0.980837331764
71,71,-0.134990913936,1.21684104076
72,72,-0.21575510144,1.35198802699
73,73,-0.129828110021,1.308688616
74,74,-0.345868161647,1.4644301347
75,75,-0.180700302818,1.22133848837
76,76,-0.00298942489895,1.13238967659
77,77,-0.378408750819,1.00731121617
78,78,-0.110440986375,1.09056024334
79,79,0.412500627172,-1.21331232637
80,80,-0.118231931214,-1.0518446144
81,81,0.128632927457,-1.2768106238
82,82,0.123041915419,-1.29253453563
83,83,-0.111007803606,1.2815060184
84,84,-0.0843177534029,-1.21047599361
85,85,1.65601071058,-0.0733584911623
86,86,1.4018883257,-0.214081962663
87,87,0.123131488905,-1.33524429516
88,88,0.091803495291,-1.50174827536
89,89,-0.418632229402,-0.624357998486
90,90,0.193651194881,-0.561670054104
91,91,0.000696111650255,-1.20762772494
92,92,-0.150292689724,1.21091562831
93,93,-0.164252238472,-1.0367787
94,94,0.13277542841,1.15643062485
95,95,1.62890154054,0.00127282085789
96,96,-0.360848789139,0.914262456013
97,97,-0.327265338383,1.15616302138
98,98,-0.368453539256,0.209957347856
99,99,-0.22755636079,1.21604114985
100,100,-0.115714330845,1.09547129332
101,101,-0.774094142162,0.548064633694
102,102,-0.0311235954318,-1.26639185051
103,103,-0.364783472085,1.15216517109
104,104,-0.285764959317,-0.67572485438
105,105,-1.07554208279,0.112198772094
106,106,0.483167742511,0.74121133242
107,107,0.086915006375,-1.11621048819
108,108,-0.518003218053,0.545942831682
109,109,-0.378825116684,0.576210641998
110,110,0.573088266471,0.845713268405
111,111,0.0998834778858,-1.20509264952
112,112,-0.0538102293531,-0.983814268212
113,113,0.00118363084632,-1.2346075662
114,114,-0.0581057020295,1.27342981745
115,115,0.210458153669,-1.20007825152
116,116,1.59561091798,-0.0873605042932
117,117,1.53382340206,0.122922573156
118,118,0.055825931819,-1.18344143603
119,119,1.61827231352,-0.269053185556
120,120,1.57980863764,-0.0313676398679
121,121,0.0462181598169,1.22398350374
122,122,0.55148594937,-0.750690514913
123,123,1.76499234387,-0.208925578518
124,124,0.325620123314,1.05374240796
125,125,0.159260465484,-1.37449629282
126,126,0.166718159361,-1.19079724385
127,127,-0.548613482774,0.516149688344
128,128,-0.0340061054562,-1.16559011184
129,129,-0.155806766847,-0.94434027892
130,130,-0.239913610908,-0.87260407943
131,131,0.734859374808,0.709466697155
132,132,-0.140239868662,-1.08339270455
133,133,-0.0725271344899,1.17937114899
134,134,0.25461861795,-1.34513109079
135,135,0.206157729812,0.972456804672
136,136,-0.879504480448,0.493356282749
137,137,-0.498378740227,0.538216625787
138,138,-0.820999861372,0.380882167579
139,139,-0.00112028594404,1.17225838007
140,140,-0.583784417238,-0.0275124701634
141,141,-0.701810606854,0.477165069817
142,142,0.172005367422,-1.11522209429
143,143,-0.123655553714,1.24502128602
144,144,-0.462147501263,1.12660830407
145,145,-0.558520005778,1.00650456753
146,146,1.18698245075,0.193665816739
147,147,-0.0912742365144,0.938416095909
148,148,1.39512045761,-0.119899846037
149,149,1.61202745583,-0.00353878405589
150,150,-0.140213810956,1.19645696784
151,151,0.653742787366,-0.579993639355
152,152,1.62329230153,0.0905744584529
153,153,1.36623541413,-0.0362003091644
154,154,1.29814047155,-0.0154080933604
155,155,0.0726990985795,-1.31867691126
156,156,-0.0487500461808,-1.37173429629
157,157,1.68936149832,0.0589793447373
158,158,0.0687205877268,-1.27425145662
159,159,1.40291188488,0.117813991951
160,160,0.0924471095166,-1.17953745119
161,161,0.269935299011,-1.07816634101
162,162,-0.177134316228,1.18416556546
163,163,0.247093369157,-0.43091867026
164,164,-0.584206737001,-0.517261844507
165,165,-0.127442307074,1.19446970006
166,166,0.100843936865,-1.15610323637
167,167,-0.423267606421,0.949859018716
168,168,0.493049007606,0.77429215797
169,169,-0.0597831101063,0.0962122757611
170,170,-0.70514082298,-0.41014846509
171,171,-0.833374162454,-0.798954197625
172,172,-0.613285647482,0.81612055523
173,173,-0.738497164483,-0.388616428328
174,174,-0.0929919157135,-0.962106410534
175,175,0.100506578019,1.1888485018
176,176,0.263587894573,0.694627931698
177,177,0.224920854856,-1.29154800796
178,178,0.0272349422732,0.920336524348
179,179,-0.197133207063,-1.02082187549
180,180,-0.473680494875,-0.860125979013
181,181,0.66842312366,-0.207360856152
182,182,-0.0832698438617,-0.873333283264
183,183,0.0181833058252,0.867656580712
184,184,-0.0048703360988,0.365448819495
185,185,-0.287861228094,0.27910892089
186,186,0.494089932887,-0.401847488673
187,187,0.0941140337716,-0.373862037762
188,188,-0.0715943443171,-0.733234580036
189,189,-0.115992257962,-0.249815249547
190,190,0.142636610075,0.394740555308
191,191,-0.267659993122,-0.84763162048
192,192,0.102324740349,-1.29870662162
193,193,-0.0494207580231,1.23674228516
194,194,-0.215560820469,-0.705205362364
195,195,1.58267535656,-0.239457464831
196,196,1.47702009878,0.170813907205
197,197,0.0624329643031,-1.31930719254
198,198,-0.593914786157,0.906466804962
199,199,-0.0265482221592,-1.23596870903
200,200,0.11933273621,1.30094619977
201,201,-0.114450266404,1.3365049504
202,202,0.320815538297,-1.2962755604
203,203,1.46031977543,-0.135134578687
204,204,-0.0894028714667,1.33581837233
205,205,0.101513488311,-1.24440877367
206,206,0.165892246555,-1.00695558171
207,207,0.187998915016,-1.2772759446
208,208,-0.202693665829,1.03831521361
209,209,-0.0537287117701,-1.2400774799
210,210,0.349202894978,-0.562927603127
211,211,-0.0828082920986,-1.28879350675
212,212,-0.00242138504164,1.13745880106
213,213,-0.139916832371,1.16678542834
214,214,-0.0619829528502,1.2809499764
215,215,0.117232640328,-1.23435729075
216,216,1.36871448381,-0.350623254627
217,217,1.10878155135,-0.569854038692
218,218,1.66512717269,0.217159396369
219,219,0.146598692996,-1.3782813996
220,220,0.0190131570165,-1.04195211927
221,221,1.155452861,0.218212385608
222,222,-0.501961821845,1.43853592811
223,223,-0.0893856909114,1.21393696976
224,224,-0.389289027983,0.888940963002
225,225,-0.461671315234,0.183883035379
226,226,-0.395665581633,-0.875354506942
227,227,-0.332086819644,1.31996591787
228,228,-0.324076201259,-0.876125820105
229,229,-0.0884502047815,1.27065284757
230,230,-0.690451744224,-0.702949672692
231,231,0.939327809172,0.246292281376
232,232,-0.18497406225,1.1251762585
233,233,-0.342305741814,1.29462029952
234,234,-0.453807219563,1.18578336614
235,235,-0.327237628884,1.12418213361
236,236,-0.185593850851,1.11072094754
237,237,-0.842020404942,0.457307181726
238,238,-0.416831408624,0.886604834692
239,239,-0.433292234798,0.860194085963
240,240,-0.404550021371,1.01463957367
241,241,-0.342354847822,1.06165767259
242,242,0.0360284648563,-1.2519262999
243,243,-0.270039231015,-0.971797901584
244,244,-0.19548865808,1.10324368677
245,245,-0.160018794795,0.82696218358
246,246,-0.893104997766,-0.487874861449
247,247,-0.319985952848,0.991724387249
248,248,-0.66049545832,0.213341698626
249,249,-0.558374713135,0.209731470832
250,250,-0.988937353297,0.636393603221
251,251,0.168060501573,1.01916228447
252,252,-0.87704925012,-0.653687537979
253,253,0.213168347375,-1.24065230893
254,254,0.189485757486,-1.14121131013
255,255,-0.238713088661,1.03939828976
256,256,-0.252063594766,0.639567956004
257,257,-0.428409120498,-0.781989560655
258,258,-0.192390805087,1.32196031317
259,259,0.0245116035722,-1.21462672461
260,260,-0.0484715425826,-1.39401167124
261,261,0.105414229038,-1.24532973139
262,262,-0.0619326477507,1.25263227609
263,263,0.00368970119386,-1.23834859998
264,264,0.0291149992028,-1.3587563006
265,265,-0.104732553844,1.13653720329
266,266,-0.0310906288708,-1.28856330709
267,267,1.42441957439,-0.080448178332
268,268,1.52565022835,-0.0431402202612
269,269,1.54641367498,-0.134143187731
270,270,0.243825932673,-1.14312108168
271,271,0.203770660445,-1.21571494322
272,272,-0.834057271472,0.0998523602184
273,273,-0.0864129477316,1.2302087112
274,274,0.449558457584,-1.06770276097
275,275,-0.161365863879,1.23890340045
276,276,0.228998073533,-1.17624735163
277,277,0.0829647234617,-1.21663271819
278,278,0.151851574164,-1.27673585287
279,279,0.372316131639,1.00026098458
280,280,0.115845012898,-1.23294314728
281,281,0.173357332739,-1.22087649542
282,282,-0.0773896727282,1.20330921855
283,283,0.017390993408,-1.15163675241
284,284,-0.115991738271,1.255717676
285,285,-0.0385580963486,1.28996264173
286,286,-0.00138341348873,1.37877643207
287,287,0.0666607417127,-1.14997084004
288,288,1.55727309327,0.0634121411116
289,289,1.4869697496,0.0631177495914
290,290,0.158201649311,-1.41019156192
291,291,-0.102449119208,-1.24471069893
292,292,-1.1498411971,0.36359493119
293,293,0.344615715725,-1.05238675402
294,294,-0.232007401395,1.04042272068
295,295,-0.40567258499,0.986168377789
296,296,-0.919661423493,0.431838722762
297,297,-1.08602082571,-0.743447708025
298,298,-0.292278578379,1.09207017879
299,299,-0.225737262435,1.0757405704
300,300,-0.156694263027,-0.448617400279
301,301,0.403743963002,0.0562221797755
302,302,-0.206430150778,0.548380269046
303,303,0.307301985075,0.359802432084
304,304,1.0724121449,-0.685201982045
305,305,0.899934760087,0.230187467628
306,306,-0.486047903154,0.369537830578
307,307,0.0897268747394,-1.20634992523
308,308,0.687192145402,-0.314788759638
309,309,0.141604452709,-1.33464270622
310,310,0.750142221389,0.46350630699
311,311,-0.908722124042,0.826798145707
312,312,-0.455770392114,0.907120228244
313,313,-0.0772292945739,-0.445377848835
314,314,0.144812257704,-1.31548584501
315,315,0.247101119138,-1.33527001306
316,316,1.55785280042,-0.112557842682
317,317,0.289435579749,-1.19169960942
318,318,-0.274699907969,0.123272097981
319,319,0.0847826910617,-1.01322466138
320,320,0.144228251537,0.910516970151
321,321,-0.537417576478,-0.558357459718
322,322,-0.0246372292826,-1.19130101819
323,323,0.366296415913,0.254371402643
324,324,0.512212846814,0.711998457624
325,325,-0.0731679178507,1.02916973159
326,326,-0.145800020835,1.24834244149
327,327,-0.0138869274206,-1.28537461477
328,328,-0.173313820615,0.894394063708
329,329,1.28297933461,-0.292328836083
330,330,-0.0179846271988,0.196188582144
331,331,-0.0857460727875,1.30761051194
332,332,0.72709043528,-0.696228160667
333,333,0.143448684944,1.26867634876
334,334,-0.169560279198,1.24592408054
335,335,-0.0754452490992,1.18957532955
336,336,0.509931315582,-1.08858726425
337,337,0.82935741207,0.601440425877
338,338,0.186330463873,-1.31510315271
339,339,0.154464133067,0.589882192685
340,340,-0.123495694362,-0.504123779519
341,341,-0.312378314521,-0.796588051625
342,342,-0.40496735863,0.998277500582
343,343,-0.660611948298,0.792613511636
344,344,-0.553093514599,0.640726852071
345,345,1.36729395906,-0.240762582396
346,346,1.3809925227,-0.127066053488
347,347,-0.198676238292,1.21956030981
348,348,-0.261121013769,1.20752491703
349,349,0.0391433051245,-1.25772046792
350,350,0.0565107878982,-1.22453678272
351,351,-0.0999724009704,1.34509995729
352,352,0.103221444702,-1.22123635758
353,353,0.0782903481064,-1.30342541181
354,354,0.0184764150662,-1.33233258334
355,355,1.46310283822,-0.0198726726267
356,356,0.285681362161,-1.22880043084
357,357,0.117226549,-1.36825146913
358,358,0.192719545858,-1.11949130697
359,359,0.564103185373,-0.95219270714
360,360,0.512584061099,-0.908265672008
361,361,-0.0678770150796,1.37062664941
362,362,-0.0094171018972,1.26694814112
363,363,-0.067480383704,1.25726329593
364,364,-0.0637510602379,1.22767859352
365,365,-0.212863132135,1.2852210531
366,366,0.0534408925542,-1.44943199329
367,367,-0.00343449019352,1.27453640671
368,368,0.142028310303,-1.1950972778
369,369,1.15193380118,0.169652876713
370,370,1.66340332164,0.0225063331471
371,371,1.42558996146,-0.0286761187641
372,372,1.52054107898,-0.0961604541513
373,373,1.53500053864,0.164007492065
374,374,1.59731662804,0.187002775849
375,375,1.48010237391,-0.124719258277
376,376,1.51664843581,-0.0640574723459
377,377,1.31378992683,0.0827335942251
378,378,0.0601687345796,-1.2131059981
379,379,0.354461862065,-1.23656651349
380,380,0.0629494266666,-1.30391826847
381,381,1.46238691505,-0.0877636063188
382,382,1.71031491816,-0.0578171816562
383,383,1.28606821221,0.155573384567
384,384,0.34045529787,-1.3333582001
385,385,0.177839496238,-1.31940095228
386,386,1.36802510444,0.108734982955
387,387,-0.0845390708788,1.23998076458
388,388,-0.0613138360996,1.33211853043
389,389,-0.178392043985,1.35697852187
390,390,-0.220662495899,1.33731282445
391,391,1.52164782416,-0.00601153615763
392,392,0.0490378020047,1.35562360854
393,393,0.271423578251,-1.11636355396
394,394,-0.0352679559609,-1.12053741072
395,395,-0.0906581329214,-1.27529359708
396,396,-0.0806026003537,-1.37387975658
397,397,-0.00193556194244,1.35179497401
398,398,-0.13308711036,-1.26396800939
399,399,0.0588144483949,1.32872205528
400,400,0.00579506266645,-1.21968582228
401,401,0.0589568763589,-1.35657504429
402,402,0.142657005875,-1.26520521056
403,403,0.3001246743,-1.17434332236
404,404,-0.141259816325,1.26904363389
405,405,0.148748938272,-1.34642693425
406,406,0.753264077762,-0.577798377768
407,407,1.62411629938,-0.0314242841096
408,408,1.84628658326,0.0425827727342
409,409,1.59469894997,0.0394447785339
410,410,-0.111562277756,1.3873770927
411,411,1.34039209858,-0.0357423838164
412,412,0.0197278418574,1.23919437818
413,413,1.72816207882,-0.198584818536
414,414,1.44308569252,0.017945001964
415,415,0.0623898956428,-1.17240938556
416,416,-0.0694903693218,-1.31242065005
417,417,-0.137640634858,-1.17820294062
418,418,1.54595506279,-0.0186020682538
419,419,0.390233894627,-1.21874854259
420,420,-0.0482000964554,-1.19452011788
421,421,1.69245631644,-0.100071804128
422,422,-0.0470748783734,1.28349759456
423,423,1.32439230441,0.183686974435
424,424,-0.0518622064911,-1.15668958538
425,425,0.051023537759,-1.34411372181
426,426,1.47972234751,0.256015326408
427,427,-0.0335886859568,-1.37730139578
428,428,0.219438202556,-1.28596516139
429,429,0.428276993636,-1.11155093654
430,430,0.444379095047,-1.02325721525
431,431,0.368635285725,-1.04365974024
432,432,0.107306546294,-1.25037006335
433,433,0.178810341545,-1.2205097395
434,434,0.295601644936,-1.4034689677
435,435,0.192256563365,-1.32083241522
436,436,0.174697230252,-1.30649027978
437,437,0.261340217871,-1.14294987899
438,438,0.129231246498,-1.39480765786
439,439,0.543526136276,-1.25155316704
440,440,-0.0993268131359,-1.39038789538
441,441,0.373519622037,-1.02890366157
442,442,0.0189813551304,-1.3178309807
443,443,1.34874401514,0.0367218777164
444,444,0.0933587111228,-1.27148375888
445,445,0.0521174995763,-1.09206119672
446,446,0.281519363596,-1.21734153929
447,447,0.0967296029144,-1.20887706926
448,448,0.18144871396,-1.09892860999
449,449,1.67696120924,-0.172979623969
450,450,1.59704783639,0.062869532174
451,451,0.0421440344227,-1.39088744176
452,452,0.0535755000678,-1.22218809956
453,453,0.060814290084,-1.26552470124
454,454,0.282238918362,-1.19701304995
455,455,0.197611191638,-1.26816393274
456,456,0.176228854848,-1.37407442949
457,457,0.140385754049,-1.31122678599
458,458,0.0792204940542,-1.23694159854
459,459,1.50644908099,0.0292905787353
460,460,0.0851231721461,-1.28973468403
461,461,0.409742217995,-1.21068513641
462,462,1.60832575998,-0.0275034209171
463,463,0.0948377521006,-1.25006190634
464,464,-0.372852151115,-0.877976025342
465,465,0.285085808281,-1.21057792705
466,466,0.224981359581,-1.24169549525
467,467,0.351950351613,-1.12741013098
468,468,0.0153447351722,-1.45797153727
469,469,0.0141950421287,-1.40600453248
470,470,-0.0948243420881,-0.382806019185
471,471,-0.134657064798,1.25936639269
472,472,0.0728740249743,-1.21646744253
473,473,0.196785381802,-1.11033212256
474,474,-0.188832282754,1.0742994268
475,475,0.496804400844,0.894856667102
476,476,0.612382677613,0.716491254748
477,477,1.60811738715,-0.0355388415715
478,478,1.59385928038,0.0579842748914
479,479,0.0743837529444,-1.20437980725
480,480,0.469050307844,-1.07981766577
481,481,-0.0311498423463,1.31171045904
482,482,0.0541620080636,-1.2964010604
483,483,-0.477070322784,0.763432699213
484,484,0.160755527689,0.0121434982734
485,485,1.34339824096,0.37412811807
486,486,1.60516240978,0.119086230463
487,487,1.71896689078,0.157940096027
488,488,1.51644419883,-0.164100568075
489,489,0.0677704063266,-1.32088344695
490,490,0.201723940085,-1.32608339732
491,491,-0.272450426169,1.38194749037
492,492,-0.0281930986227,1.28192201745
493,493,0.357071377523,-1.10845689643
494,494,-0.0466349652815,1.25717549583
495,495,0.601454979612,-0.776314327577
496,496,1.21574345773,-0.280186023054
497,497,0.015030831075,-1.55636431847
498,498,1.63507096827,0.0763460494599
499,499,1.51365414097,0.0243273271523
500,500,0.108559227088,-1.30293367074
501,501,0.0425746662701,-1.27313238233
502,502,-0.131169730806,1.23676076345
503,503,-0.14703124494,1.16777226749
504,504,-0.200832769119,1.25777067299
505,505,-0.0564260154612,1.28330668384
506,506,0.105492644328,-1.0577824453
507,507,1.50109002566,-0.127942391214
508,508,-0.024228558579,1.1451275722
509,509,0.109820695133,-1.33862574751
510,510,0.925821436304,0.54030116573
511,511,0.0953329919093,-1.47240970848
512,512,-0.0113091560081,-1.24421126716
513,513,0.01837658573,-1.33359194001
514,514,-0.118736712926,1.3173354008
515,515,0.36929398227,-1.12702520087
516,516,1.37181853347,0.142972138581
517,517,1.60481975568,-0.111477417566
518,518,-0.0304256768926,-1.11841845773
519,519,0.110620258049,-1.21378066327
520,520,0.18108067528,-1.28177826366
521,521,0.0220517199483,-1.26500415173
522,522,0.212926770007,-1.21164970441
523,523,-0.170949050959,1.34852119171
524,524,-0.275768040661,1.31034198671
525,525,0.0253412909993,1.12602287838
526,526,-0.0475752306686,1.22003261101
527,527,-0.137287190653,1.16857515664
528,528,-0.155061135061,1.40008105057
529,529,0.0832558084006,-1.37080213796
530,530,0.0284174465981,-1.17554165534
531,531,-0.0144307638183,-1.36230614604
532,532,-0.149685222386,1.17122004113
533,533,-0.37887360187,0.988380237432
534,534,-0.156754822446,1.25411082283
535,535,0.137006277287,-1.155857928
536,536,-0.206623849166,1.16468076743
537,537,-0.158781759569,1.3270705559
538,538,-0.288727115226,1.18500426635
539,539,-0.148350737775,1.14497723104
540,540,-0.141685090179,1.2232280429
541,541,-0.163503214939,1.25374854288
542,542,-0.200813173349,1.29018107199
543,543,0.239371007423,-1.21727809545
544,544,1.4311127159,0.0973050410803
545,545,1.63295474213,-0.0741612873783
546,546,1.821631932,-0.0230647329149
547,547,1.45462132961,-0.0421937830789
548,548,1.53314781093,0.145185938067
549,549,0.061254643129,-1.18459726459
550,550,0.115447918977,-1.32459322776
551,551,0.497474283103,-0.909241173948
552,552,-0.145595243093,1.28716684892
553,553,-0.203163695193,1.22140771723
554,554,0.406664944969,-1.03447802648
555,555,0.978474954137,-0.548045162852
556,556,0.131742596114,1.04187173006
557,557,-0.530980039593,0.284388033857
558,558,-0.457743704687,0.837169629812
559,559,0.425213008722,0.660161797568
560,560,-0.226608548011,0.897990028121
561,561,0.73762911926,-0.25459548308
562,562,1.35291718786,0.0838195014215
563,563,1.51655323076,0.0276365171425
564,564,1.77006754689,0.0763410569276
565,565,0.64889430906,-0.940406664038
566,566,1.40126698669,-0.00778907333826
567,567,1.65858391331,-0.274871366332
568,568,1.68243101674,0.0961810334287
569,569,1.58058375644,0.0653828095769
570,570,0.213082103849,-1.32981576945
571,571,0.0574096673051,-1.3466084788
572,572,0.0650675826354,-1.20794433378
573,573,0.777003859449,0.00013244316438
574,574,0.878523372724,-0.274508491289
575,575,0.0861072377635,-1.23950572116
576,576,-0.107141387887,1.36828560317
577,577,0.240397017089,-1.12183072313
578,578,1.03412513975,0.42525988675
579,579,0.0191572793543,-1.36570083851
580,580,0.0590757153683,-1.13365706116
581,581,-0.150635588401,1.34803667351
582,582,-0.236474318076,1.34839917351
583,583,-0.0951420604193,-1.19160163356
584,584,1.61414884939,-0.0359214485268
585,585,1.74728946591,0.195770981835
586,586,-0.00109763350502,-1.28256206286
587,587,1.57470621261,0.05266143456
588,588,0.00686031309765,-1.27379774691
589,589,0.518795705194,-0.823821450016
590,590,-0.263349763586,1.02561068247
591,591,-0.744141807882,0.751449833907
592,592,-0.74837924974,0.575029179109
593,593,-0.868688386461,-0.763281061686
594,594,-0.166723009118,1.07623789176
595,595,-0.0826360253881,-1.41409545656
596,596,0.566426751436,-0.52794267395
597,597,1.52317512204,-0.168975143763
598,598,0.65964565108,0.756798406962
599,599,0.117952125343,-1.36022435768
600,600,-0.153692079495,1.24796320297
601,601,-0.0571097527534,1.28986202983
602,602,1.54931225004,-0.141383706758
603,603,-0.0321805050945,-1.44954703185
604,604,0.0476401140526,-1.33113427846
605,605,0.856893801863,0.542245325657
606,606,0.362985047865,1.00061495558
607,607,0.0939170272177,-1.13849436744
608,608,-0.265456586293,1.02000212046
609,609,0.524486692894,-1.08472682386
610,610,-0.174370695482,1.25663443965
611,611,0.978554279514,-1.30412992984
612,612,1.47282126996,0.0590026113688
613,613,0.716510564907,0.515206599143
614,614,0.367908925542,1.2832357438
615,615,0.727821401736,0.280299714232
616,616,0.460361920798,0.532831357567
617,617,0.695367591091,0.663898865438
618,618,0.66548904464,0.874042002126
619,619,0.0438180570875,-1.12199449644
620,620,0.288935620865,1.06405901352
621,621,2.05862245355,0.0356783798166
622,622,0.12855543592,-1.36511995527
623,623,1.03720730493,0.357092076362
624,624,0.262558110937,1.47021566303
625,625,0.0519137767566,-0.695514476936
626,626,-0.373266769201,-0.806090148144
627,627,0.264145071326,0.953038561859
628,628,0.826701299852,0.370673844293
629,629,1.09720878741,0.195766762477
630,630,-0.464679216099,-1.30456898573
631,631,-0.222917368273,-1.32576087654
632,632,-0.830493406406,0.778390571564
633,633,-0.195316129637,-1.09221889438
634,634,1.79181468542,0.284440550952
635,635,-0.0415550868243,-0.25036913618
636,636,-0.769209513784,0.160992782474
637,637,-0.232395671544,0.520467087087
638,638,1.69801729072,0.00075011524706
639,639,0.556625127487,0.511603008049
640,640,-0.480964393096,-1.28175112655
641,641,0.891281105571,0.373448031238
642,642,0.753480221046,0.848172483501
643,643,-0.278982483954,-1.23365790517
644,644,0.23018136817,1.40587878271
645,645,0.0956345963414,1.71325638398
646,646,0.331303908012,0.888871209724
647,647,1.2247460215,0.626884376809
648,648,0.813585935702,0.447231856991
649,649,0.268760351461,1.17225751128
650,650,1.4920819805,0.216245383554
651,651,-0.220963819832,-1.07553604538
652,652,-0.349672362093,-1.0290034331
653,653,1.09684237387,0.23711677505
654,654,0.491233262146,0.814364072064
655,655,0.737947393795,0.715780714677
656,656,-0.449960545784,-0.938372197953
657,657,1.50302934082,0.700754948748
658,658,-0.010315236655,1.18621315097
659,659,1.28264587855,-0.0996463307032
660,660,0.363520138061,0.722541802551
661,661,0.543632832202,0.914958678003
662,662,0.625155168913,1.10518022822
663,663,0.53185660624,0.826200488272
664,664,0.835429131687,1.12513109383
665,665,0.656422042372,1.24075532336
666,666,0.756725209915,1.14276907164
667,667,-0.0464616038432,-1.4511479136
668,668,-0.311518672549,1.29666658652
669,669,0.666945276608,1.12065060262
670,670,-0.267151609743,-1.14794641113
671,671,0.644068089964,0.861439511724
672,672,1.35297535089,-0.0659509202201
673,673,-0.187567120231,1.25371805821
674,674,-0.483361589982,0.912949709098
675,675,1.16429243613,-0.820707522378
676,676,-0.156599525524,1.16015479154
677,677,0.70728877506,0.74921897394
678,678,1.29519513518,0.61134049124
679,679,-0.0580872748733,1.34759536113
680,680,1.02480298613,0.0391812879296
681,681,1.79202445282,-0.375769617588
682,682,1.52183146539,0.271700345072
683,683,0.708481521043,0.864140431132
684,684,0.451454177868,0.854038476234
685,685,0.244550867033,1.66399604396
686,686,0.0944617785178,1.26372322992
687,687,0.0238806495506,1.56008285076
688,688,0.181156569319,1.23860378611
689,689,-0.244393309551,1.45493449818
690,690,-0.185591800244,1.06495975232
691,691,1.00426384522,0.799400427733
692,692,0.903047564316,0.615712116657
693,693,-0.124682473222,-1.2011983269
694,694,0.360626162471,1.12804474458
695,695,-0.171078261155,-1.43069933475
696,696,0.457731823049,1.28487235484
697,697,0.67103979691,1.36536699367
698,698,1.3393958954,0.247014007022
699,699,1.80096479248,-0.291903053737
700,700,0.0601906733685,-1.01230031309
701,701,-0.349502441536,1.26066463322
702,702,0.161027449215,0.973156132742
703,703,-0.164180252022,1.53696257077
704,704,-0.337742698174,-1.11906943556
705,705,-0.044244354039,1.20924845137
706,706,0.477641609179,1.0613848897
707,707,0.154796043377,-1.49062891048
708,708,0.514568741239,1.13668039196
709,709,0.599350776927,1.00512527322
710,710,-0.069197690933,-1.34114555387
711,711,0.590406343835,0.190621662013
712,712,-0.0761313033619,-0.695724910565
713,713,-0.156305506605,-0.995970738292
714,714,-0.285928055307,-1.71365326695
715,715,-0.385269568235,1.5540667135
716,716,0.184312195275,1.38531837957
717,717,-0.0834794899385,-1.51785585062
718,718,0.42233306207,1.24517797599
719,719,-0.0629064129399,-1.48084454479
720,720,0.280905370249,1.00200027318
721,721,0.203763390203,-1.56528659761
722,722,-0.393845303269,-1.32104077057
723,723,0.870895241339,0.83659442259
724,724,0.386769725554,1.25646265333
725,725,0.8533735329,0.724466637935
726,726,-0.343609722573,-1.59000060096
727,727,-0.335324150211,-1.27443914989
728,728,0.694856144378,-0.211944299889
729,729,1.40431877844,0.179140855592
730,730,0.00984257444205,-1.21499821906
731,731,-0.124975715132,-1.53202530292
732,732,-0.116811754565,-1.50882876309
733,733,1.41746867032,0.0668988297643
734,734,0.0419804433641,-1.71272996844
735,735,-0.0533411018015,1.04075568946
736,736,-0.256607633189,-1.41635422363
737,737,0.102608775092,1.48462735819
738,738,0.624356607409,-1.12188107649
739,739,-0.323960086148,1.32506857529
740,740,0.404153604059,-1.56841489589
741,741,-0.191050229296,1.51764744448
742,742,-0.806349284402,1.02477240074
743,743,0.614488729785,-1.18004165125
744,744,0.719060844158,0.732391799522
745,745,-0.19116201154,-1.50801610274
746,746,-0.12049733611,-1.26512405183
747,747,0.575968190183,-0.685104604161
748,748,0.959898304083,-0.81354328537
749,749,-0.0474283066859,-1.55956862735
750,750,-0.197648427467,-1.33286325988
751,751,-0.811605490753,-0.557910691287
752,752,0.0704413385925,1.5778901348
753,753,1.58549328698,-0.180353655633
754,754,-0.160213405833,-1.35051293608
755,755,-0.165667782838,-1.68826087419
756,756,0.060308533659,-1.22950156748
757,757,-0.273073449387,-1.37138039239
758,758,-0.198279875233,-1.0954580043
759,759,0.240201565302,-1.11998479629
760,760,-0.0534439781287,-1.58467879918
761,761,-0.0226147220867,-1.33184068416
762,762,0.105888711044,-1.6100297125
763,763,-0.0746668094383,1.51198496657
764,764,1.31201900889,0.579655924788
765,765,0.103644934812,-1.40502392476
766,766,-0.668557770421,-0.744070862195
767,767,-0.226098363987,-1.21840597296
768,768,0.123450473741,-1.55252464616
769,769,-0.623132373192,-0.459882262996
770,770,-0.443312885233,-1.27385739869
771,771,-0.067116162319,-1.31617924907
772,772,-0.103903916847,-1.5674877871
773,773,0.559317694432,-1.21250631532
774,774,0.860982343545,0.672371478772
775,775,-0.0241931886719,-1.21380979722
776,776,0.216479251673,-1.00607214743
777,777,-0.256088772242,1.66422347994
778,778,0.557269318924,0.709968869722
779,779,-0.123716490166,1.10220382178
780,780,-0.00912719992983,-1.03852821348
781,781,0.157599706597,1.38881059063
782,782,0.0956516174846,-1.24992123073
783,783,0.00427230487842,-1.33339762599
784,784,0.30814176213,-1.44411005551
785,785,-0.163590447136,1.28456682011
786,786,-0.286812188228,1.2764710585
787,787,-0.224814131754,1.28193896359
788,788,-0.148348919941,1.34266060631
789,789,0.0752400868781,-1.23650198597
790,790,0.015649306132,-1.41486132328
791,791,-0.151843417737,1.16571176023
792,792,0.107048356628,-1.30458043683
793,793,0.703771123723,-0.938798565287
794,794,-0.11380602745,1.26664568353
795,795,-0.15805794528,1.22868086785
796,796,-0.0759056344699,1.24530182886
797,797,0.198687563829,-1.30492949115
798,798,1.2387550034,0.0717231958901
799,799,1.54170264384,0.0434272123977
800,800,1.58478143381,-0.0694676034655
801,801,1.48059398027,0.0039486919698
802,802,0.085970942863,-1.30291188425
803,803,0.048672556894,-1.24154362233
804,804,1.62752060491,0.0615336492781
805,805,-0.104941652226,1.32824567163
806,806,-0.0127766095894,1.08803999917
807,807,-0.0478552606601,1.48729946942
808,808,-0.0944665729931,1.15123352769
809,809,0.225086952719,-1.1901170391
810,810,0.180270248707,-1.26675126486
811,811,0.0806927740221,-1.48238556439
812,812,-0.0774756456141,1.2417609695
813,813,0.0536388583987,1.45996076606
814,814,0.0082763832667,-1.17043049832
815,815,1.50497626189,-0.0449244914639
816,816,-0.161999978339,1.03004804855
817,817,-0.136009697883,1.35609971254
818,818,0.167329315265,-1.29813108038
819,819,0.0173216157745,-1.42925295259
820,820,-0.0243616759822,1.28144620083
821,821,0.236327721251,-1.26488945341
822,822,1.52143170836,0.0671620160692
823,823,1.63285273305,-0.136656083158
824,824,-0.105249653687,1.18587977486
825,825,-0.0568930536875,1.25192655295
826,826,1.49170163988,-0.0937999977455
827,827,0.0710696404931,1.14732193302
828,828,0.058349901308,-1.18008880896
829,829,0.0338182214236,-1.25034424804
830,830,0.19194672496,-1.24450102247
831,831,1.52013672666,0.0567710080856
832,832,-0.11813074913,1.2040272746
833,833,-0.0968916365872,1.24656640274
834,834,-0.00575453682461,-1.08320859316
835,835,1.2839219099,0.184070044427
836,836,1.17969588224,0.217558361183
837,837,1.58459541231,-0.131176718198
838,838,1.39844971763,0.136797430748
839,839,0.156842409234,-1.2283520314
840,840,0.092591409259,-1.25053450769
841,841,0.00334230309599,1.26618909987
842,842,0.21109241991,-1.13288819082
843,843,0.258395189797,-1.15485950153
844,844,0.0377354569035,-1.39327063634
845,845,-0.0477600246627,1.19315671754
846,846,-0.0106361899401,1.39799633611
847,847,0.0620727738787,1.25152848707
848,848,-0.263487541118,1.16955388385
849,849,-0.00027490680328,1.27567408774
850,850,0.134957762345,-1.27515115468
851,851,-0.101677346992,1.22714647517
852,852,0.186232987094,-1.15736531334
853,853,-0.101866547873,1.26293408366
854,854,0.110465721556,-1.47047052931
855,855,0.0590163565652,-1.47043677005
856,856,1.63129499593,-0.14343263173
857,857,-0.0130407317691,-1.24030446553
858,858,-1.41055163334,0.199605249875
859,859,-0.630271738223,0.878475444734
860,860,-0.785746263366,0.661630674527
861,861,0.224919322945,-0.723383990243
862,862,-0.58906251965,-0.83377817437
863,863,-0.417590169535,1.12198143543
864,864,0.0192685177228,-1.25137614567
865,865,1.21379160125,0.00800965289112
866,866,1.5510268263,0.0132559197952
867,867,1.48143700926,-0.0854503429731
868,868,0.105326452786,-1.2477694346
869,869,0.262104309528,-1.24327711189
870,870,0.330255804196,-0.870581127771
871,871,1.57762229969,0.143794426192
872,872,0.0431678865812,-1.22840678582
873,873,-0.262967955107,1.1351356963
874,874,-0.0224226172164,1.19426167608
875,875,1.48258029494,0.119968005747
876,876,-0.0723155246098,-0.28097316547
877,877,0.0176686144169,-0.819729466361
878,878,0.189511765524,-1.31341738112
879,879,-0.0793870945863,-0.927146689436
880,880,-0.284780396006,0.935073092859
881,881,-0.0563139038088,1.25962103158
882,882,1.41764589688,0.14763322066
883,883,1.45439351456,0.186928066885
884,884,1.76464908769,0.282996465723
885,885,-0.145079413902,-1.20268163185
886,886,0.116372999654,-1.23248846548
887,887,0.0264977199693,-1.35490006368
888,888,1.55366188072,0.0130413221573
889,889,0.153654260469,-1.1657831882
890,890,0.289825569086,-1.30537935325
891,891,1.41398628916,0.312564196395
892,892,0.0887265082227,1.35679938188
893,893,0.180529113469,-1.29317724762
894,894,0.315411224212,-1.06617339525
895,895,0.189991803354,-1.15125591598
896,896,0.340492162272,-1.37160994291
897,897,0.170086528563,-1.29645286465
898,898,0.713298426084,0.717687497853
899,899,0.173600531826,-1.17065174023
900,900,0.978273243717,0.324093646225
901,901,-0.0892676601362,1.30688328425
902,902,0.584405620342,-0.927673351353
903,903,-0.111944039239,1.26691415988
904,904,-0.0375313459518,1.04393844202
905,905,1.13665558633,0.228590335224
906,906,1.3221807985,0.204479521859
907,907,1.37534231091,0.213537286002
908,908,1.03855636659,-0.237673296957
909,909,1.46122686344,0.107849249463
910,910,1.52318452636,0.0135343729689
911,911,-0.115313334148,1.20332163933
912,912,1.51674983043,-0.0223936939775
913,913,1.76687367506,0.141031464967
914,914,1.30602727662,-0.213066555354
915,915,-0.142521784014,0.973333784723
916,916,0.159972984446,1.1927100564
917,917,0.0575143729117,-1.24242927841
918,918,-0.0229132773493,-1.08361657909
919,919,1.21420078126,-0.110414193103
920,920,0.381231195862,-1.04932604388
921,921,0.550753520855,-0.215079518306
922,922,0.0447742911665,-1.25055005741
923,923,0.165904697444,-1.20871974723
924,924,-0.247129811337,1.04701126583
925,925,0.0498675132486,1.16495178376
926,926,-0.224082932211,-0.906037074153
927,927,0.188148989202,-1.30109611425
928,928,-0.0538911155486,0.943894409305
929,929,0.194562148885,1.17724459246
930,930,-0.233133247474,1.17030332007
931,931,1.47405025242,0.00665636469168
932,932,0.681934480326,-0.595854965439
933,933,1.49275336137,0.212201805
934,934,1.66474592615,-0.0749273146066
935,935,-0.654274285817,-0.711790140513
936,936,0.631764361873,0.421997533165
937,937,1.03949183158,-0.474259104952
938,938,0.0526446414818,-1.22421835379
939,939,-0.533592483185,0.882371271743
940,940,-0.277354603152,1.12188414197
941,941,0.553570764651,0.776054086841
942,942,1.39684071324,0.306151996388
943,943,-0.832313737685,0.14752367282
944,944,-0.0283532388986,0.69617046387
945,945,-0.0411789702498,-1.15289254628
946,946,-0.612566634565,-0.796113857501
947,947,-0.305142271863,1.01069067259
948,948,-0.396248920225,-0.904008643684
949,949,-0.190034014945,-1.20559760218
950,950,0.294829492644,0.798499638313
951,951,0.0765476012002,0.906578520276
952,952,-0.111175312085,-1.29622643304
953,953,0.100991581475,-1.36284880996
954,954,0.313156372116,0.8165065238
955,955,-0.0783477000448,-0.866060506481
956,956,0.087284037538,1.15831342684
957,957,0.225426743084,0.940458517868
958,958,0.282243686695,-1.31072185715
959,959,0.0654152207244,-1.23244830724
960,960,0.0622839416575,-1.25256642518
961,961,0.317007528949,-1.35511932209
962,962,-0.0575008109244,1.29159257215
963,963,0.832884664617,-0.407444412631
964,964,0.148275868292,-1.17622435737
965,965,0.0391012940329,1.26334837934
966,966,0.949970601112,-0.187367674171
967,967,1.53170681931,0.0430819919488
968,968,-0.453282270942,-0.796987755636
969,969,-0.647996845464,-0.820829898433
970,970,-0.525503881208,-0.874478257859
971,971,-0.0138181508212,1.16899040978
972,972,-0.771515340163,-0.538895254847
973,973,-0.506244586578,-0.823576659425
974,974,-0.476176392795,-0.856139998288
975,975,-0.682617809552,-0.873462015482
976,976,-0.276423005913,-0.98043701863
977,977,-0.0504568049472,-1.25678234915
978,978,-0.320137913741,-1.00257972451
979,979,0.0314113409222,-1.36888051927
980,980,0.378215485634,-0.859736505813
981,981,1.47360140499,0.0713519186217
982,982,0.271156360439,-1.1338691214
983,983,-0.365408023945,-0.925534795874
984,984,-0.233170368935,1.27120792863
985,985,-0.110587164878,-1.09509016759
986,986,-0.0967885944617,-1.10971772967
987,987,-0.40830031717,-1.01516187228
988,988,-0.0235296084863,1.15246727614
989,989,-0.463118889531,-0.899288831242
990,990,-0.493929944929,-1.01198125913
991,991,0.0642914605327,1.34472882824
992,992,0.104920318109,-1.18655913335
993,993,-0.0644433521154,-1.28183668275
994,994,0.078469086599,-1.29811708254
995,995,1.34237544101,0.127459039669
996,996,0.0580149591495,-1.27924715957
997,997,-0.234636808122,-1.01683134437
998,998,-0.717930242662,-0.854357057608
999,999,0.0848483324968,0.435159535496
1000,1000,-0.360133288036,0.837875129241
1001,1001,-0.432262179047,0.709809795028
1002,1002,-0.668907278748,-0.644896154661
1003,1003,-0.986875095539,-0.478745161428
1004,1004,-0.189333007706,1.35397785114
1005,1005,-0.098259953955,1.35358841813
1006,1006,0.480890358644,-0.839453125942
1007,1007,0.40130715774,-0.276075960183
1008,1008,0.0273839652521,1.33398182073
1009,1009,0.435618220359,-0.956259324583
1010,1010,1.40343280784,-0.0961544282517
1011,1011,1.51434563761,-0.00633520474206
1012,1012,1.5088982366,0.100135194608
1013,1013,0.254722310225,-1.19644116715
1014,1014,-0.248415090415,1.29044923985
1015,1015,-0.0530888326708,-1.48117318283
1016,1016,-0.57297510206,-0.53733888109
1017,1017,-0.308259562825,1.19560233206
1018,1018,1.72538587235,-0.117291538414
1019,1019,-0.0689882425311,1.12170283249
1020,1020,0.115803320665,-0.953197588638
1021,1021,0.734649642185,0.099624429228
1022,1022,0.0498722262783,-1.1180584608
1023,1023,-0.145846925289,1.14378322184
1024,1024,-0.28417489475,0.762819015965
1025,1025,-0.17050089097,0.702667918394
1026,1026,0.629924585277,0.307461600839
1027,1027,-0.164584408823,-0.0796686532773
1028,1028,-0.934602391971,0.1958018642
1029,1029,1.63980999346,-0.062014146751
1030,1030,-0.274018019559,0.761737819259
1031,1031,0.164558193781,1.14359713179
1032,1032,-0.354693229801,0.761440736054
1033,1033,-0.799286783708,-0.121055414049
1034,1034,-0.0468174225468,-1.18347774338
1035,1035,0.475527692256,-0.638682716474
1036,1036,-0.246083352223,-0.555131513494
1037,1037,-0.0292097169263,1.09793515093
1038,1038,0.858193765448,-0.645067020501
1039,1039,1.35665746984,0.0253026581521
1040,1040,-0.0537347296042,-1.25086658989
1041,1041,1.60357939713,0.0385288014118
1042,1042,0.0947034392533,-1.13875019415
1043,1043,0.0234307054387,-1.14295086449
1044,1044,-0.0883506273885,1.10754107145
1045,1045,-0.136122848936,1.13662565949
1046,1046,-0.155199189034,1.27070474586
1047,1047,-0.432726176728,1.05400552604
1048,1048,0.323898386379,-1.15753476694
1049,1049,-0.0712776715988,1.27758759275
1050,1050,0.453326719791,-0.94841548044
1051,1051,0.137333729851,-1.20449023753
1052,1052,-0.151083544806,1.30476636506
1053,1053,-0.362635552881,1.28899681937
1054,1054,-0.358190511065,1.06864994674
1055,1055,-0.100237971546,1.15977132003
1056,1056,0.306730365099,-1.24364017778
1057,1057,0.208086807601,-1.20356714962
1058,1058,0.0809519005533,-1.27193608815
1059,1059,-0.0543480377798,1.0522989755
1060,1060,0.0264967631848,1.3587120472
1061,1061,0.373780636742,-1.07988376562
1062,1062,-0.0403542587435,-1.25712671743
1063,1063,0.115214312067,-1.0731309933
1064,1064,-0.0830710312629,1.15693688693
1065,1065,-0.121260548609,1.25402278527
1066,1066,0.0659450287616,1.12971020059
1067,1067,-0.05768047907,1.34329125053
1068,1068,0.184290989216,-1.19597693301
1069,1069,-0.124310109988,1.39816272711
1070,1070,-0.142870546892,1.2610403171
1071,1071,-0.00575487328197,-1.19309508636
1072,1072,1.38268745634,0.0916897912829
1073,1073,0.0948448914975,-1.1664943055
1074,1074,1.59615864398,-0.172249763314
1075,1075,-0.535833963611,-0.703686915656
1076,1076,0.555048680619,0.533000508036
1077,1077,-0.664201717583,-0.660541872684
1078,1078,-0.654335103019,-0.732290840824
1079,1079,-0.17988168262,1.23971250222
1080,1080,-0.825195421253,-0.691259410231
1081,1081,-0.966947096328,-0.692774498364
1082,1082,1.40237270524,-0.0189940082583
1083,1083,-0.528690250334,-0.677661989675
1084,1084,-0.019137938315,1.09148951794
1085,1085,0.267318113867,1.05273012506
1086,1086,-0.145602786638,0.370298361263
1087,1087,-0.991709393107,0.479834328341
1088,1088,0.144912801394,1.08982166876
1089,1089,-0.0971981984639,0.92767537392
1090,1090,-0.286707742476,-0.878512337412
1091,1091,-0.80434705437,0.602689100277
1092,1092,0.18904868624,1.07683033171
1093,1093,-0.307646784509,-1.09722550791
1094,1094,-0.0691931118578,-1.44302899815
1095,1095,-0.142860749387,1.23265887146
1096,1096,0.108426801007,-1.14209833316
1097,1097,0.0787372355086,-1.28523151635
1098,1098,0.225579616421,-1.37283685184
1099,1099,0.111940723462,-1.17133051519
1100,1100,0.179897526562,-1.29703733325
1101,1101,-0.671793374543,-0.913150663896
1102,1102,-0.0893609043376,-1.29295207241
1103,1103,0.0433791411846,-1.23432420663
1104,1104,-0.522640876292,-0.815789448046
1105,1105,-0.0117068453228,-1.30833653551
1106,1106,1.52265273306,-0.0867544559976
1107,1107,-0.0769248098796,1.27816780217
1108,1108,-0.637586988049,-0.707060674804
1109,1109,-0.177847961562,1.13060209329
1110,1110,0.261701302217,-1.05609259015
1111,1111,0.0546737370425,1.3389435955
1112,1112,0.384593683189,-1.2546473499
1113,1113,1.70142171073,0.035176895279
1114,1114,1.03815588144,0.263300433444
1115,1115,0.0356517815869,-1.16295484009
1116,1116,0.0217959586408,-1.20681774716
1117,1117,-0.432096245667,0.840435638586
1118,1118,0.367748309636,-0.935802725315
1119,1119,1.13546795061,-0.672655851906
1120,1120,-0.252630174226,1.14075924675
1121,1121,-0.152467542825,1.32110263645
1122,1122,0.00592110909197,1.18826183202
1123,1123,1.18773240258,0.184391719765
1124,1124,-0.267096872378,-0.880289906122
1125,1125,0.412279320626,-0.936726869295
1126,1126,-0.0352533982225,1.49828312626
1127,1127,0.234222066804,0.88781123346
1128,1128,1.04729333709,-0.386763695112
1129,1129,-0.115197320625,1.21173574235
1130,1130,0.468874096348,-1.023692224
1131,1131,-0.386813231432,-1.07871482991
1132,1132,0.0887172731834,-1.26366642801
1133,1133,0.11492985082,-1.28745967373
1134,1134,0.0844395869926,-1.31235095706
1135,1135,0.191226789567,-1.0702689944
1136,1136,-0.0316904853466,1.37604065536
1137,1137,0.0986866962027,-1.13274694668
1138,1138,0.028352349671,-1.21392844051
1139,1139,0.160145003169,-1.20950819767
1140,1140,-0.194448004546,1.32427497586
1141,1141,0.0759596898747,1.24097487045
1142,1142,-0.0292027692195,1.41205372649
1143,1143,0.468637971625,-0.935705190012
1144,1144,0.966011589625,0.232542118758
1145,1145,1.66157061156,-0.01754300038
1146,1146,0.635631981858,1.02883659243
1147,1147,0.101989480018,1.22458634893
1148,1148,-0.00940981684198,-1.20253978564
1149,1149,0.177676142851,-1.20585628936
1150,1150,1.58773557165,0.0450023539498
1151,1151,-0.0391710307524,1.34153473373
1152,1152,-0.0608078091326,1.27845016775
1153,1153,1.55366406279,-0.00818593676694
1154,1154,0.127436916961,-1.31637733268
1155,1155,-0.181586537993,-1.4222046221
1156,1156,1.39821961146,0.189255237582
1157,1157,-0.0664593839588,1.32531562445
1158,1158,1.55013859094,-0.116334025759
1159,1159,1.59052464512,-0.23209477057
1160,1160,-0.0375527072254,1.34172578139
1161,1161,0.14461106438,-0.984419341251
1162,1162,-0.128753448286,1.28770803195
1163,1163,0.00638241780217,1.02855005175
1164,1164,0.201326880793,-1.09619960083
1165,1165,1.22801640848,0.299164475928
1166,1166,0.0707285863083,1.06912756814
1167,1167,1.6024253394,0.055839598215
1168,1168,0.423370356525,-1.00831162986
1169,1169,1.49604403753,0.0630112425539
1170,1170,1.52810578029,-0.0366682301135
1171,1171,0.221169153591,-1.29246286763
1172,1172,0.127761092791,-1.20606843808
1173,1173,-0.15904948132,1.25479559621
1174,1174,-0.240147780967,1.40874308882
1175,1175,0.154060651366,1.18158901108
1176,1176,-0.120563218105,1.39991505936
1177,1177,0.0830442953867,-1.15884953667
1178,1178,1.10382928488,-0.0500383220185
1179,1179,0.0598074788275,-1.2163090267
1180,1180,0.044760901939,-1.24426506643
1181,1181,1.33214527498,0.0137273921765
1182,1182,0.035817010453,-1.26280114831
1183,1183,-0.261514945347,1.20844137752
1184,1184,-0.220919099525,1.219482187
1185,1185,0.211925647845,-0.986396455419
1186,1186,-0.0758442597497,-1.46473955748
1187,1187,0.019081238022,-1.16211164006
1188,1188,0.281863655986,-1.0094612152
1189,1189,0.0843550067128,-1.35417980641
1190,1190,0.0125044079885,-1.35710900137
1191,1191,0.0808770218463,-1.21090003042
1192,1192,-0.0535642733218,-1.15229394119
1193,1193,0.0173453240699,-1.44664727085
1194,1194,-0.00609185399297,-1.23878304879
1195,1195,-0.154423953715,1.20761390576
1196,1196,1.52997155357,0.0594308009979
1197,1197,1.34785807495,-0.193060683152
1198,1198,1.61918953343,-0.0209714877559
1199,1199,1.63002205464,0.0107744299442
1200,1200,-0.0315821173983,-1.23174071315
1201,1201,0.278621657138,-1.0641003866
1202,1202,-0.190075448679,1.09022550327
1203,1203,-0.132217262634,1.17993673394
1204,1204,-0.10276327754,1.19166003216
1205,1205,0.465950013223,-1.08447748567
1206,1206,-0.136176795231,1.3796054431
1207,1207,0.0814283587133,-1.27608091277
1208,1208,0.106673070049,-1.28481704426
1209,1209,1.47052109051,0.0867219306471
1210,1210,1.51467628011,-0.0453685976504
1211,1211,-0.209870909174,1.28002083078
1212,1212,0.261761377703,-1.19340517032
1213,1213,1.36512538046,-0.00959278242162
1214,1214,1.38257122613,0.117487370046
1215,1215,-0.00100873821967,-1.29875748576
1216,1216,0.0932806580426,-1.20493999568
1217,1217,0.0947975336055,-1.39735075234
1218,1218,0.0237075191088,-1.10649190358
1219,1219,1.42144159656,-0.0373446203136
1220,1220,0.73919419508,-0.773467718426
1221,1221,0.891638921639,-0.737992608141
1222,1222,0.97896768201,0.210735032982
1223,1223,0.913936869154,-0.685226816537
1224,1224,1.66656438197,0.0414472901677
1225,1225,1.7478845693,0.10966734751
1226,1226,0.352938853913,-0.213185935458
1227,1227,-0.0902082032432,1.52186057608
1228,1228,0.561538877401,-0.0129110006229
1229,1229,-0.105876002681,1.32275659448
1230,1230,0.0164730434001,-1.31207161543
1231,1231,-0.0251771081902,-1.24995542699
1232,1232,-0.0102941275681,1.26835716848
1233,1233,0.228108871855,-0.951646896586
1234,1234,-0.168159034682,1.38817461777
1235,1235,0.171404793371,-1.1658261765
1236,1236,1.59438200488,-0.0842605980288
1237,1237,0.10292203843,-1.17125834919
1238,1238,-0.238678631999,1.20260329661
1239,1239,0.398691684742,-1.11870798145
1240,1240,0.197778047453,-1.32412746562
1241,1241,1.24594435216,-0.00606130063541
1242,1242,0.0431434476193,-1.25157847047
1243,1243,0.111006957221,-1.21278492732
1244,1244,0.146276137321,-1.30506617549
1245,1245,-0.210330066571,1.24867295887
1246,1246,0.190891309445,-1.42344944262
1247,1247,-0.0631071495539,1.32167906878
1248,1248,-0.190188039787,1.3560958995
1249,1249,0.196925583469,-1.30122486891
1250,1250,-0.0704280459647,1.3106053735
1251,1251,-0.120993426461,1.25999741256
1252,1252,-0.101267849088,1.31415941207
1253,1253,0.195841209937,-1.09132694946
1254,1254,1.41283765316,0.178811852625
1255,1255,1.73839402991,-0.0399134718582
1256,1256,1.64447162144,0.0493195015838
1257,1257,1.57763911152,0.00485411376758
1258,1258,1.55529201318,0.186202857057
1259,1259,1.62812646944,0.282708249107
1260,1260,1.42634162693,-0.0447690227461
1261,1261,1.45708816973,0.102057812591
1262,1262,0.0744388185488,-1.12073927818
1263,1263,0.17294202082,-1.09759300195
1264,1264,1.69828333395,-0.231233597357
1265,1265,-0.016497092069,1.0995838008
1266,1266,1.03348711114,-0.0436336320776
1267,1267,1.65869766387,0.0616079597692
1268,1268,0.0917716013322,-1.24773672143
1269,1269,-0.00421688353456,-1.3476933717
1270,1270,1.55230435406,-0.13234667054
1271,1271,-0.0425452985069,1.11277342444
1272,1272,1.46649560911,0.0827266725233
1273,1273,0.0874803258148,-1.2928088819
1274,1274,0.516962677097,-0.575816998319
1275,1275,-0.167714031506,1.36136174101
1276,1276,0.102692144193,-1.32934028631
1277,1277,0.0656055197423,-1.19122685432
1278,1278,1.50861620147,-0.166023550909
1279,1279,1.54253447215,0.0135090439299
1280,1280,0.723456959387,-0.0926505967598
1281,1281,1.68943872696,-0.0631413534989
1282,1282,1.49434604491,0.0342131724975
1283,1283,1.39811704624,0.0440633194619
1284,1284,-0.148551602289,-1.00465256575
1285,1285,0.344842143308,-1.08642456458
1286,1286,0.0709447878529,-0.535509030648
1287,1287,1.2849686629,0.185918328022
1288,1288,0.0822047032601,-1.3591601167
1289,1289,0.102578726535,-1.21131141843
1290,1290,-0.0600154267881,-1.24862140811
1291,1291,0.785941479289,-0.417559548013
1292,1292,0.0614384835433,1.05912570307
1293,1293,1.58563631562,0.0516758725218
1294,1294,1.40259102419,-0.0454579500384
1295,1295,0.610837876971,-0.542721479842
1296,1296,0.134768426623,-1.3436431053
1297,1297,0.0114381374024,-1.28769782264
1298,1298,1.03881901382,-0.535072028846
1299,1299,-0.066107478108,1.3154871393
1300,1300,0.318808918965,-1.27551375317
1301,1301,-0.103189154854,1.22079267417
1302,1302,-0.0910168678524,1.25398287227
1303,1303,0.451268795778,-1.16671187878
1304,1304,-0.236984202046,1.12522125678
1305,1305,-0.0150663301977,1.23212077665
1306,1306,-0.0287722568488,1.37503230241
1307,1307,-0.0178285559856,1.26816769966
1308,1308,-0.0973935001442,1.17250806419
1309,1309,0.0785667809718,1.32023968174
1310,1310,0.0877294435192,-1.30304334821
1311,1311,-0.0938507681203,-1.24045814183
1312,1312,-0.068248151981,1.32213065459
1313,1313,0.150474753167,-1.39397155215
1314,1314,0.279268605413,-1.23450803057
1315,1315,0.194519034205,-1.30833399836
1316,1316,-0.0557231095596,1.30364963724
1317,1317,-0.0960960435097,1.33945092646
1318,1318,0.153534034993,-1.34750561358
1319,1319,-0.124592159471,1.32381820961
1320,1320,0.0139146339381,1.28806935205
1321,1321,-0.139012436729,1.34988431096
1322,1322,-0.152721178804,1.31439838307
1323,1323,-0.113115626539,1.35930825335
1324,1324,0.246728838122,-1.30343393486
1325,1325,0.706071611734,0.527482483095
1326,1326,1.44190979846,-0.0739772697629
1327,1327,0.104449846895,-1.35431904677
1328,1328,0.114119375998,-1.45826984311
1329,1329,1.77958443855,-0.123106533205
1330,1330,-0.0716887084632,1.34054776814
1331,1331,0.442971831596,-1.06881868815
1332,1332,1.13525916991,0.197195600976
1333,1333,0.1409838958,-1.25056811094
1334,1334,-0.209647831856,1.43352870504
1335,1335,0.288816425031,1.35323342234
1336,1336,0.122095786571,1.27764239942
1337,1337,-0.162005311641,1.2487379627
1338,1338,1.15491826403,0.75095188288
1339,1339,0.301612860135,1.46731176109
1340,1340,0.482717915738,0.798850913243
1341,1341,0.93609792996,0.745905038866
1342,1342,0.774309710588,0.867924522204
1343,1343,-0.0453798706501,-1.46048522782
1344,1344,-0.256321754833,-1.66494466458
1345,1345,1.32411792466,0.249890634662
1346,1346,0.736747221808,1.29831390274
1347,1347,1.34369492773,-0.0137444246458
1348,1348,0.541662877521,1.26109181407
1349,1349,0.374001906686,1.49274369277
1350,1350,-0.225017709493,-1.12082814066
1351,1351,0.776745345267,0.50321764283
1352,1352,-0.816597190122,-0.426357808775
1353,1353,-0.0338225790817,-1.10905252418
1354,1354,0.291893051823,1.06166168901
1355,1355,0.568584745189,1.00121576939
1356,1356,1.62329891931,0.32563336007
1357,1357,0.295401507701,0.867241511387
1358,1358,0.36680091655,1.38014958749
1359,1359,0.945449132048,0.606748270095
1360,1360,1.63829530061,-0.033925690063
1361,1361,0.153674772117,0.475740749393
1362,1362,-0.448690989837,-0.950431990333
1363,1363,-0.492095586077,-1.30660195794
1364,1364,1.51181465818,0.457873188534
1365,1365,1.21060994871,-0.622751103759
1366,1366,1.55344179854,0.331875077659
1367,1367,-0.465910775134,1.09034642613
1368,1368,0.329347999431,1.38618919846
1369,1369,-0.0776448849023,-1.74419560132
1370,1370,0.306909817797,1.048129124
1371,1371,2.13355060895,0.0411726532635
1372,1372,1.41964559458,0.00238378228207
1373,1373,-0.0635680626871,1.40495892531
1374,1374,1.08026420322,0.357951293286
1375,1375,0.675006019059,0.819114708147
1376,1376,0.516020140606,0.864384730951
1377,1377,-0.615756790385,-0.766942933971
1378,1378,0.0824816727643,-1.31150699378
1379,1379,0.945047044939,0.679530212282
1380,1380,0.0966474779442,1.18253343905
1381,1381,0.363227105895,1.20312329008
1382,1382,0.205198046119,-2.0076589509
1383,1383,-0.162751008281,1.37497475087
1384,1384,1.18400553943,0.404336638672
1385,1385,1.56916594958,0.263796995889
1386,1386,1.0983878577,0.150264038303
1387,1387,1.09738743989,0.570721794241
1388,1388,2.02053327418,-0.338567488697
1389,1389,0.832229776828,0.700599463307
1390,1390,0.0112608637818,1.70120559822
1391,1391,-0.0338255986249,1.2531554912
1392,1392,0.113135680911,-1.91317204743
1393,1393,0.574669880273,0.50193418509
1394,1394,0.680516470388,0.17514560201
1395,1395,1.60612916374,-0.19376335772
1396,1396,1.69130779414,0.105375267834
1397,1397,0.392031201346,-1.23208904917
1398,1398,-0.0207106442777,1.06986919483
1399,1399,-0.203983713407,-1.51180080441
1400,1400,0.925734514481,-0.0299589140582
1401,1401,-0.617115859436,-0.503773108944
1402,1402,0.143544584223,1.41535197436
1403,1403,1.12360459938,0.23277345057
1404,1404,0.370643912586,1.78201921428
1405,1405,0.588067373859,1.06317104222
1406,1406,0.0633562750693,1.30073533536
1407,1407,0.0829879728149,1.61691259229
1408,1408,0.291602816945,1.52750548785
1409,1409,-0.168162731133,1.92564060578
1410,1410,-0.0174980113542,1.21773096645
1411,1411,0.234328523808,1.61283430285
1412,1412,0.0913929586176,1.34744874647
1413,1413,0.369672115416,1.37317244651
1414,1414,0.0926107464355,1.71751381443
1415,1415,0.00414437650877,1.37795165864
1416,1416,-0.107047221478,1.77619194816
1417,1417,1.4612688572,0.285663155078
1418,1418,0.370132417355,1.88172774885
1419,1419,0.614836078011,0.240911141677
1420,1420,-0.706797504586,-0.960334177651
1421,1421,-0.0483035759365,-0.0966488790541
1422,1422,0.954896775742,-0.256227148744
1423,1423,1.49286700901,0.210198193805
1424,1424,-0.0882582511378,-1.51626513533
1425,1425,0.232694471325,1.42861951273
1426,1426,0.0157716979509,0.654363697488
1427,1427,1.58582037271,-0.113781739197
1428,1428,1.5542640599,0.0875492140251
1429,1429,1.88739735315,-0.268917496108
1430,1430,0.935363355692,0.346792799492
1431,1431,1.77874597595,0.29565496711
1432,1432,1.75090476415,-0.0750325141451
1433,1433,1.28243558448,0.00397941163719
1434,1434,0.824818432945,0.77721595534
1435,1435,0.858978254006,0.661245290978
1436,1436,-0.150163941975,-1.30110838643
1437,1437,1.60297512436,-0.0672040928808
1438,1438,0.0147931571647,1.34051753479
1439,1439,0.64943791223,1.15372026647
1440,1440,0.576361405623,1.25838183672
1441,1441,0.468984539711,1.07229023831
1442,1442,0.487342877193,1.34606554545
1443,1443,-0.0987699488828,-1.1892295901
1444,1444,0.292178926768,1.08580295004
1445,1445,0.268953754143,1.71601688556
