,vote,alpha,beta
0,0,-0.387143258758,2.26695297453
1,1,-0.143750700331,-2.22931487932
2,2,2.43765300618,0.176042263494
3,3,2.39154465326,-0.0258150122767
4,4,0.558676143286,-1.34389666289
5,5,2.75455982305,-0.265254484669
6,6,1.92251072702,0.455747331287
7,7,1.88308692113,0.329753518164
8,8,0.250657931965,-2.1493000137
9,9,1.31055669944,-1.49500357212
10,10,2.53827581884,0.000907774293454
11,11,2.31355066278,-0.0830936454189
12,12,2.54765863253,0.243104424077
13,13,2.72027685868,-0.10650559398
14,14,2.17754229251,-0.107902311399
15,15,2.10060074514,0.138174881307
16,16,-0.109294871878,2.32210065036
17,17,0.660683392086,-0.724498110797
18,18,2.39233737965,0.408412801881
19,19,2.67336452685,-0.124875939744
20,20,1.59227656894,-0.808728791367
21,21,0.190801135952,-2.32950848913
22,22,-0.144107419077,-2.00355288199
23,23,2.43833647172,-0.233443650958
24,24,0.548275255692,-1.8511573643
25,25,1.34190850082,-0.383988331188
26,26,-0.946672431347,0.0658048535142
27,27,-0.0793520724684,2.6686617856
28,28,2.46761372884,0.315086825071
29,29,2.3374701716,0.0391229215976
30,30,2.37581389394,0.0175887607319
31,31,2.42514041335,-0.0970785478994
32,32,0.301309283668,-2.42918098313
33,33,0.143565196839,-2.34109929201
34,34,1.50765182967,-0.369123208925
35,35,-0.229852327625,2.10189895574
36,36,-0.247298063322,-2.00554795511
37,37,0.114680716626,-1.86825418647
38,38,0.192362898731,-2.2118897426
39,39,-0.633551074188,-1.24440548676
40,40,1.77053793118,-1.37965483141
41,41,-0.24906693194,2.13905516985
42,42,-0.409033161889,-2.24402571983
43,43,2.00351743833,0.05182145118
44,44,2.42108777034,-0.0938740189378
45,45,2.48335994925,-0.132891648696
46,46,1.98656586624,0.214094414309
47,47,1.98550333105,-0.122779785478
48,48,2.3352140243,0.291471857905
49,49,1.21713826361,0.972865311254
50,50,-0.164253432561,-2.10080265704
51,51,0.411552121553,-2.33881320806
52,52,-0.191316652342,2.27332688049
53,53,0.173991393285,-2.37276909136
54,54,0.129007534351,-2.20548798913
55,55,0.124767801795,-1.99740452139
56,56,0.410839619857,-2.0909311192
57,57,-0.50252294404,1.95789535188
58,58,0.0406829421283,2.43126421313
59,59,0.0187159536165,-1.68909897797
60,60,0.757206793188,-2.04626536947
61,61,2.06867915529,0.235827150332
62,62,2.17082004465,0.00885081390277
63,63,2.39663631641,-0.0301010339703
64,64,2.42965267036,0.0301992710856
65,65,2.3325586142,-0.313216749929
66,66,0.0437295354971,-2.25703322818
67,67,0.666476419909,-2.54531129586
68,68,0.838460936144,-2.07940475826
69,69,-0.227566545026,-1.72176237645
70,70,-1.07214838303,1.64901632771
71,71,-0.425655006393,1.67033214197
72,72,-0.419420575187,1.9492392515
73,73,-0.75380907097,1.96695052582
74,74,-0.931032384927,2.4437818667
75,75,-0.444122457309,1.97340713114
76,76,-0.332877094604,1.98079012964
77,77,-0.853834473857,1.47291186862
78,78,-0.0969500013674,2.16093236801
79,79,0.40878701182,-1.7188265707
80,80,-0.438606500039,-1.6604156702
81,81,0.0240619398032,-2.17613786873
82,82,-0.025232407106,-2.36211819334
83,83,0.149789127067,2.35793825139
84,84,-0.0326855435008,-2.10891355044
85,85,2.23685643074,-0.129493084516
86,86,2.08242309772,-0.465766661791
87,87,-0.114109207418,-2.29940080423
88,88,0.135152119651,-2.26838522308
89,89,-0.787850797216,-1.03873989935
90,90,0.246818903895,-0.518181577158
91,91,-0.533948529924,-1.9666842645
92,92,-0.821944756056,1.76567776088
93,93,-0.491297831392,-1.62245812852
94,94,0.0775864828386,2.021015607
95,95,2.0343243985,-0.137289495151
96,96,-0.870802232616,1.8229768612
97,97,-0.472692933217,1.95261808417
98,98,-0.348227871717,0.292636711756
99,99,-0.26533848527,2.01973215396
100,100,-0.126017443118,1.83224603437
101,101,-1.06756024194,0.550933767018
102,102,-0.427386938562,-1.71837605273
103,103,-0.721652175679,1.770164675
104,104,-0.308914304678,-0.931506179956
105,105,-1.15779018654,-0.135917242516
106,106,0.748693266252,0.918748874608
107,107,0.179381189763,-1.53753971353
108,108,-0.509397892473,0.629716302246
109,109,-0.555537253034,0.601389974292
110,110,0.97905331219,1.23209965029
111,111,-0.106606504684,-2.11481645705
112,112,-0.354917031035,-1.36095326679
113,113,-0.141068032064,-1.95923057134
114,114,-0.0863763532724,1.9171238374
115,115,0.318995168518,-1.3736293137
116,116,2.40846417601,0.00489703543962
117,117,2.64107152597,0.00575764774809
118,118,0.174301694083,-1.97707111635
119,119,1.79012053147,-0.281968269005
120,120,2.09219542484,-0.170568178922
121,121,-0.169902384608,2.19009812379
122,122,1.05586547628,-1.19708916228
123,123,2.30802211608,-0.0206537805394
124,124,0.521832263333,1.53795945198
125,125,0.417017759108,-2.09906578136
126,126,0.23912757552,-1.98847945248
127,127,-0.744260032118,0.640382792767
128,128,0.334899893571,-2.00229474571
129,129,-0.237964303224,-1.24554700679
130,130,-0.636389711008,-1.54309363314
131,131,0.716149423838,0.81504522307
132,132,-0.435773560515,-1.62706360579
133,133,0.129726733809,1.52285350309
134,134,0.20941358483,-1.91365766454
135,135,0.877387133121,1.70484357312
136,136,-1.44281038458,0.924357803674
137,137,-0.445640078925,0.775517382366
138,138,-1.38841786027,0.720006560902
139,139,-0.0575576310022,1.9205953179
140,140,-0.476313081691,0.0551587656897
141,141,-0.778416517317,0.506246890897
142,142,0.467736194576,-1.98021973976
143,143,-0.607206308924,1.89821649901
144,144,-1.03998801651,1.89670882064
145,145,-0.661462021378,1.24990358333
146,146,1.64609623407,0.612721841246
147,147,0.0257505570355,1.37557798717
148,148,2.42822779194,0.170788133583
149,149,2.19329900224,-0.207236690074
150,150,-0.155385360861,2.0082232918
151,151,0.830086079067,-0.67571566779
152,152,2.56795212968,-0.194680615366
153,153,2.31969131929,-0.0739187340397
154,154,2.39323399302,0.145880872062
155,155,0.225363184384,-2.56704000067
156,156,-0.125795244094,-2.15805283863
157,157,2.51012167843,0.0829393008811
158,158,-0.129471486943,-2.28655849242
159,159,1.74190391296,0.503759529306
160,160,0.415723352282,-2.49465236673
161,161,0.275662950794,-1.81008143624
162,162,-0.134977774043,2.07511703037
163,163,0.296003666275,-0.347116781952
164,164,-0.978471032411,-0.835111472517
165,165,-0.373583545826,1.74845134984
166,166,0.0470163420621,-2.17352271403
167,167,-0.779575550835,1.48211165961
168,168,1.0873479987,1.38802025887
169,169,-0.0029838967853,0.0693397498795
170,170,-1.04197806607,-0.731752321723
171,171,-1.08065043212,-0.986464932274
172,172,-1.02633991739,1.24557269364
173,173,-1.17033466402,-0.754943768237
174,174,-0.734853674501,-1.65040788521
175,175,0.358011088593,1.60564744648
176,176,0.064171203018,0.769854818863
177,177,0.111802414675,-2.11030277486
178,178,-0.00576247552723,1.07006375941
179,179,-0.389972655746,-1.17334866715
180,180,-0.81369148461,-1.35339707167
181,181,0.836277588727,-0.383772049644
182,182,-0.375276996676,-1.14996694091
183,183,-0.0284154309209,1.20476418146
184,184,-0.0238102665015,0.455105167478
185,185,-0.246921794575,0.341776071168
186,186,0.522814544758,-0.44547528934
187,187,0.194542146489,-0.559422069635
188,188,-0.0638236013838,-0.727878567685
189,189,-0.0815216892179,-0.30703630777
190,190,0.175650519671,0.304042318166
191,191,-0.972790258546,-1.61977593383
192,192,0.041546345308,-1.90027828107
193,193,0.104281647676,2.85219301496
194,194,-0.228758345258,-0.857576860964
195,195,2.21241757107,-0.143086699059
196,196,2.1380867415,0.22400121526
197,197,0.0658109866727,-2.26156505241
198,198,-0.885402102602,1.34508488563
199,199,0.176637886403,-1.81121516059
200,200,0.337224681567,1.70653890012
201,201,-0.293901396468,1.9951837204
202,202,0.980106357957,-2.0584070094
203,203,2.1880655084,-0.433570818138
204,204,-0.495367391474,2.39609673729
205,205,0.533864612459,-1.98515470116
206,206,0.43868307447,-1.47113807757
207,207,0.212456409788,-1.82531856242
208,208,-0.227103261228,1.83858461022
209,209,0.0390674457528,-2.05931518232
210,210,0.418738963512,-0.60216621167
211,211,0.00851907101016,-2.03923774495
212,212,0.151726671703,1.80846343809
213,213,-0.820398986659,2.05037494876
214,214,0.00913734312235,2.260749127
215,215,0.303894359219,-1.91093802675
216,216,1.78688408587,-0.429485175696
217,217,1.50126528436,-1.02525791556
218,218,2.21758218171,0.37478914995
219,219,0.199493899298,-2.22959949507
220,220,0.421482073096,-1.99847722499
221,221,1.56711882236,0.502859891636
222,222,-0.524657414738,2.3686736845
223,223,-0.0246065516376,1.56964132686
224,224,-1.01425492407,1.75787484451
225,225,-0.413090810343,0.38504956284
226,226,-0.738014409831,-1.39444616869
227,227,-0.730189672159,1.76745206755
228,228,-0.888619450064,-1.58088061791
229,229,0.349776520732,1.84524012586
230,230,-1.11647220579,-1.07278735089
231,231,1.59561911372,0.902982113781
232,232,-0.0524735282273,1.62325126322
233,233,-0.618800175247,1.67382051497
234,234,-0.501584122968,1.75928776872
235,235,-0.908531700269,1.66041120185
236,236,-0.732097641577,1.50111823483
237,237,-1.03129248795,0.707273108735
238,238,-0.985521034037,1.44068635797
239,239,-0.780614776626,1.25715549267
240,240,-0.884329187235,1.52073441657
241,241,-1.04561002235,1.87035294289
242,242,0.12362477653,-2.23320763978
243,243,-1.05815425318,-1.64136507186
244,244,-0.496862746234,1.911024906
245,245,-0.12247021639,1.05738989661
246,246,-1.39996073179,-1.17370193401
247,247,-0.406787492362,1.34573664949
248,248,-0.559403488729,0.320255787567
249,249,-0.490070013068,0.355460403443
250,250,-1.19843523055,0.897465921225
251,251,0.211133115841,1.38766772603
252,252,-1.68686283482,-1.34380067254
253,253,-0.0385568876026,-2.07794701802
254,254,0.112563038538,-1.81758515362
255,255,-0.676807079668,1.41921638197
256,256,-0.292497239517,0.736375830773
257,257,-1.04143279493,-1.56389891286
258,258,-0.254183757012,2.0046467899
259,259,-0.123274652833,-1.79359086575
260,260,0.253027200716,-2.47028727478
261,261,0.209379033637,-2.122511189
262,262,-0.137308133631,1.86363737375
263,263,-0.0394464286276,-2.30409930673
264,264,0.468053240942,-2.39872822923
265,265,0.0529000188432,2.3055895961
266,266,-0.545790532028,-2.25840875351
267,267,2.44970543979,-0.145399449396
268,268,2.35113387507,0.0538035869319
269,269,2.60734361408,-0.113149385176
270,270,-0.0922132457909,-2.31638728765
271,271,0.143160005029,-2.08936687919
272,272,-1.11440378064,0.314192712916
273,273,-0.251535372439,2.35021874942
274,274,0.863954953612,-1.67384719574
275,275,-0.204293245906,2.41453590441
276,276,0.80546013848,-1.87519579659
277,277,0.141569231106,-1.85334242164
278,278,0.0309246168777,-2.24366054012
279,279,0.901565519903,1.40042598084
280,280,0.352644137816,-2.23040977308
281,281,0.529360761287,-2.30012063554
282,282,-0.168579717597,2.03552289341
283,283,-0.0630921332481,-2.13741965748
284,284,-0.337865324502,1.95083665433
285,285,-0.22531045136,1.94238792881
286,286,0.233627051978,2.74691171511
287,287,-0.00196862279009,-1.76440539384
288,288,2.20273832179,0.0243737449617
289,289,2.45256395576,-0.0136573719212
290,290,0.106787486225,-2.04100297723
291,291,0.0641051891386,-2.32714206315
292,292,-1.48032572969,0.815525335817
293,293,0.748869501157,-1.77404887404
294,294,-0.661369456458,1.62533137511
295,295,-0.778313134347,1.1863472263
296,296,-1.50499354488,0.737168539061
297,297,-0.872132022208,-0.803116004365
298,298,-0.369834797667,1.31508168072
299,299,-0.596483384707,1.83637774948
300,300,-0.247169482133,-0.409120521828
301,301,0.451272065411,0.135749561401
302,302,-0.1518049879,0.527988661346
303,303,0.177099874935,0.370572130962
304,304,1.0973607477,-0.62044844348
305,305,1.0775604752,0.553589349552
306,306,-0.392856270769,0.525782235022
307,307,0.604342515382,-1.65671641035
308,308,0.798948749524,-0.168534997612
309,309,0.489958336058,-2.34476760115
310,310,0.972440047648,0.722178666423
311,311,-1.07656360897,1.11003151426
312,312,-1.11941102082,1.52207497036
313,313,-0.165465741114,-0.553456468851
314,314,0.310463601214,-2.35623330225
315,315,0.0599524631452,-2.50590391209
316,316,2.28195991222,-0.106458040107
317,317,0.408443571004,-2.10220221152
318,318,-0.2526286532,0.175520501856
319,319,0.28091017169,-2.13325516666
320,320,0.163163853602,1.1760409107
321,321,-0.686492586199,-1.03040674758
322,322,0.607848419088,-2.07915101446
323,323,0.364873902933,0.259813915464
324,324,0.900282716883,1.23391791579
325,325,-0.372924651603,1.66400946294
326,326,-0.286102753938,1.86688776918
327,327,0.251291825179,-2.46384742383
328,328,-0.25393043393,0.952153856581
329,329,2.38679261973,-0.623805945462
330,330,0.0492917320675,0.207702071295
331,331,0.0477445064652,2.2332079657
332,332,1.05455774751,-1.10411694359
333,333,-0.339088111841,2.16742006899
334,334,-0.549714265552,2.17593480746
335,335,-0.17422438252,2.44331395932
336,336,0.759455684219,-1.54723781165
337,337,1.3833940203,1.04547241783
338,338,-0.0550466801484,-2.3917230278
339,339,0.372739474287,0.782512540748
340,340,-0.163751774593,-0.423425262838
341,341,-0.542004586483,-0.955952768924
342,342,-0.636206006504,1.29284318586
343,343,-0.798299139281,0.90524682317
344,344,-0.900959853112,0.862154677201
345,345,1.49702300573,-0.29148048735
346,346,1.77443988433,-0.359974353253
347,347,-0.311843954212,2.17131343803
348,348,-0.393368701342,2.37234230473
349,349,0.268162492243,-2.21484507283
350,350,0.286490713947,-1.70154168459
351,351,-0.466621021625,2.21523629285
352,352,0.271012946215,-1.85092522288
353,353,0.204710665019,-2.13477400554
354,354,0.0115231151185,-2.03513892873
355,355,2.15969733702,0.000814947820513
356,356,0.65800418205,-2.00545084686
357,357,0.531357579674,-2.25009881452
358,358,0.317538041901,-1.81896606991
359,359,1.02434295544,-1.94441832786
360,360,0.582598222724,-1.34920290024
361,361,-0.299371860552,1.81653126321
362,362,-0.284130878774,2.07253303731
363,363,-0.0723904974704,2.21235343653
364,364,-0.197919438459,2.37086560345
365,365,-0.181593819176,2.09754758195
366,366,0.133777115229,-2.09871677972
367,367,-0.0537434906201,2.37922855466
368,368,-0.243535829771,-2.18952522384
369,369,1.72129046838,0.828587815453
370,370,2.5933104668,0.019246096005
371,371,2.18948981516,0.0615911408815
372,372,2.23206831217,0.279204697843
373,373,2.04377315123,0.161935845664
374,374,2.78321038234,-0.287147586522
375,375,2.29489564523,0.0918780499454
376,376,2.22606647851,-0.0206537087611
377,377,2.00603022914,0.107332990204
378,378,0.0235207984964,-2.34722925207
379,379,0.0405534493427,-2.011453517
380,380,0.21120075464,-2.1984116387
381,381,2.41042174052,0.139661622003
382,382,2.50316317636,0.0351112477401
383,383,1.63654133087,0.698433007768
384,384,-0.0403817744119,-2.32036749728
385,385,-0.00719500971381,-2.25388971996
386,386,1.84767237716,0.22903829893
387,387,-0.456051844326,2.44037022198
388,388,-0.233350107647,2.22772733607
389,389,-0.51289052094,2.33052629427
390,390,-0.38403899346,2.45172323254
391,391,2.57610366826,-0.0121247553515
392,392,-0.0929059474886,2.02320873818
393,393,0.724501994615,-2.06843613552
394,394,0.246505635352,-2.07545637099
395,395,-0.345172797415,-2.33374134486
396,396,-0.198523622831,-2.46146507721
397,397,-0.225485960226,2.04198738031
398,398,-0.251622857545,-1.81353813795
399,399,-0.138089606519,2.23543497843
400,400,0.355217736828,-2.06831415833
401,401,-0.324368869215,-2.10591097183
402,402,0.203243342731,-1.83116641814
403,403,0.850110037601,-2.08392165781
404,404,-0.245538488816,2.19496708357
405,405,0.41393176349,-1.79360864579
406,406,1.18759506589,-0.940193908004
407,407,2.58693736891,-0.417703532453
408,408,2.8466104714,-0.252690221232
409,409,2.4658794673,-0.0581037683678
410,410,-0.495709572615,2.00148196872
411,411,2.33827740358,0.295853021203
412,412,0.286631649981,2.17521828548
413,413,2.23695978878,0.230106336323
414,414,2.56363848482,0.186183436171
415,415,0.200054748296,-1.78964662342
416,416,0.329234524565,-2.35234770935
417,417,0.272933953085,-2.26574223128
418,418,2.53909513792,0.191065411504
419,419,0.528060954784,-1.91495565875
420,420,-0.239864454355,-2.5657756324
421,421,2.65772832592,-0.0837789390002
422,422,-0.0773886226557,2.18357915766
423,423,1.55905647546,0.49207378321
424,424,-1.68670040303e-05,-2.41797768865
425,425,0.0200624065141,-2.08396171855
426,426,1.62362261098,0.649306231677
427,427,0.0609503614326,-1.93490420039
428,428,-0.0529133677219,-1.92301708949
429,429,0.871048125145,-1.73940278191
430,430,0.848515867193,-1.59514628827
431,431,0.739926090439,-1.94416842821
432,432,-0.161526466576,-2.18156639875
433,433,0.104082298216,-2.26456180292
434,434,0.016754649499,-2.35076579225
435,435,-0.0130707642085,-2.54795766677
436,436,0.656849580296,-1.70942092779
437,437,0.724519011687,-1.76892710691
438,438,0.171226639576,-2.23217237798
439,439,0.773320498099,-1.70164657279
440,440,0.131155389544,-2.12232479885
441,441,1.00167043449,-1.77960677178
442,442,0.128211805152,-2.44183343063
443,443,2.05649623193,0.272147119857
444,444,-0.150485201284,-2.06749695843
445,445,-0.0632160081155,-2.53504589859
446,446,0.652238137255,-1.73247661415
447,447,0.0443447736585,-2.24637309018
448,448,0.81482186493,-1.88560884256
449,449,2.97429018836,-0.0596286870946
450,450,2.45734786827,-0.18599036695
451,451,-0.295580459082,-2.17601700268
452,452,0.743448145727,-1.93077096307
453,453,-0.253471464424,-2.31881797554
454,454,0.73845868174,-2.19451649611
455,455,-0.0984369819754,-2.54261153755
456,456,0.269496167899,-1.98664572356
457,457,-0.0875935995181,-2.52490451355
458,458,-0.177268667658,-2.11245234831
459,459,2.68550391461,0.134539209834
460,460,-0.00405847250313,-2.27814337824
461,461,0.360125867444,-1.59826260369
462,462,2.30289755653,-0.156425394756
463,463,0.103395916592,-2.14901622389
464,464,-0.937318361485,-1.34357019965
465,465,0.798261825681,-2.03909238487
466,466,0.254061156046,-2.3723029731
467,467,0.630323419809,-2.01118733022
468,468,-0.0243452489597,-2.21312545621
469,469,0.0332294911898,-2.06873331077
470,470,-0.0946662151908,-0.241948634795
471,471,0.292294172062,1.81223572954
472,472,0.141873472881,-2.21276494286
473,473,0.68096331642,-2.11108135124
474,474,-0.642989450572,1.56800909846
475,475,1.00597105069,1.42637925322
476,476,0.901045084918,1.26135853692
477,477,2.22728747312,0.0888276949171
478,478,2.48823059271,0.152663713716
479,479,0.240066563656,-2.42341166501
480,480,0.883146212365,-1.46592297984
481,481,-0.409117559111,2.057554487
482,482,-0.0492748510828,-1.97123352408
483,483,-0.813690097761,1.21296045892
484,484,0.032383679576,0.0757499097176
485,485,1.67412068101,0.515344214892
486,486,2.06301976275,0.188016104953
487,487,2.50413784392,-0.0806410317025
488,488,2.38558010546,0.223393587706
489,489,0.412140355423,-2.24295340397
490,490,0.449701276256,-2.0467491633
491,491,-0.71180244989,1.92406819368
492,492,0.0137670882996,2.13251727707
493,493,0.720728847806,-1.80597324507
494,494,0.137036391393,2.20758201771
495,495,1.22045683581,-1.42115288276
496,496,1.68203027302,-0.635516211967
497,497,-0.191312559819,-1.76238329702
498,498,2.45745159871,0.137402890706
499,499,2.35639631284,-0.0166188782054
500,500,-0.0539756532206,-2.25157925413
501,501,0.168728919207,-2.2673594241
502,502,-0.016591719954,2.09329021734
503,503,-0.0282578563623,2.36080316133
504,504,0.195943150742,2.37341317397
505,505,0.0343915629222,2.12559672392
506,506,0.00457320773493,-1.90826493239
507,507,2.185527798,0.234662868747
508,508,0.0229755352709,2.03197713131
509,509,0.26280312732,-2.22410435114
510,510,1.59430379537,1.07087697825
511,511,0.212332417299,-2.36637002606
512,512,0.17728269384,-2.34285772102
513,513,-0.167101603528,-2.80383864573
514,514,0.0689419023111,2.2421078381
515,515,0.577905709398,-1.55499405021
516,516,2.35440815023,0.0410160547338
517,517,2.32317797532,0.199360348792
518,518,-0.0294054750462,-2.37428870689
519,519,0.14414006786,-2.35279217383
520,520,-0.116990211621,-2.26439536717
521,521,-0.187401458714,-2.24733208257
522,522,-0.00314380251736,-1.80508011081
523,523,0.0368598477391,1.87546805369
524,524,-0.271248775568,2.23637193517
525,525,0.129413979075,2.16671040887
526,526,0.0614384125739,1.89957688186
527,527,-0.0373326195013,2.27418021354
528,528,-0.246174073556,2.04952587509
529,529,0.145780665546,-2.36019670217
530,530,-0.353184535578,-1.80767334804
531,531,0.410775884032,-2.28320343963
532,532,-0.242148439912,2.04500418726
533,533,-0.93481772912,1.43313913157
534,534,-0.0789045228483,2.28481170633
535,535,0.450028360979,-2.38592499446
536,536,-0.329018908707,1.87778948811
537,537,-0.4317338481,2.4377802723
538,538,-0.408429613911,1.80830500689
539,539,-0.569105037865,1.94444328177
540,540,-0.473130769613,2.0981463663
541,541,-0.0337526938232,2.22387072075
542,542,-0.414148332444,2.11478828183
543,543,0.780342538046,-1.70228609334
544,544,2.20830589533,0.142484707215
545,545,2.56754285665,-0.281639393223
546,546,2.31126260767,0.236620154376
547,547,2.21268681917,-0.181699923284
548,548,2.54809351639,0.0473396754268
549,549,0.146913178595,-2.18286995075
550,550,0.389370982053,-2.08153286462
551,551,0.406006012671,-1.13259142412
552,552,-0.0177662033892,2.41352380617
553,553,-0.227319849224,1.93564533668
554,554,0.819332162821,-1.67451667505
555,555,1.32712440407,-0.828662976253
556,556,-0.108780341419,1.16727150214
557,557,-0.597743395598,0.414993114894
558,558,-0.607157862553,1.05691823876
559,559,0.40822872245,0.664216185747
560,560,-0.857112570139,1.31891133083
561,561,0.823999637077,-0.268040986073
562,562,1.73265319054,0.55982105616
563,563,2.4786695239,0.283003962139
564,564,2.52024444175,0.023592501814
565,565,1.26740939174,-1.3184059578
566,566,2.26255582382,0.0783766436943
567,567,2.04286354193,-0.0550795283984
568,568,2.45549052506,-0.143182683621
569,569,2.69836144399,0.00564310611164
570,570,-0.00219953530724,-2.27925962698
571,571,0.15483272866,-2.18198101835
572,572,-0.0700281149171,-2.28639559274
573,573,0.812745959086,0.130729847164
574,574,1.2216499263,-0.554529763254
575,575,0.326544439818,-2.27368278513
576,576,0.0274635836313,2.26298286819
577,577,0.547550876664,-1.86109089198
578,578,1.57060556796,1.22329024117
579,579,-0.0135003715127,-2.44539408423
580,580,-0.00393726431777,-2.4779437786
581,581,-0.199251624093,2.32103278062
582,582,-0.307822496775,2.00538673447
583,583,-0.395278137146,-1.9951917935
584,584,2.31510779,0.251203720168
585,585,2.35431614801,0.144087623739
586,586,-0.0421690695874,-2.546972482
587,587,2.47270617188,-0.0127600158173
588,588,-0.0636383170158,-2.42077029411
589,589,0.746213823496,-1.08683396284
590,590,-0.933485771529,1.86217375556
591,591,-1.20431937845,1.32669896319
592,592,-1.73707895827,1.43731135007
593,593,-2.60610832611,-2.45405811181
594,594,-0.738776829373,2.03187128439
595,595,-0.402293969156,-1.99701740781
596,596,0.781702565184,-0.543942905103
597,597,1.85058997752,0.228801178059
598,598,1.31265068449,1.47853339491
599,599,0.0795854079709,-2.07592720929
600,600,-0.0802497360929,2.50492648684
601,601,-0.0191011240472,2.06215704379
602,602,1.98897326909,-0.344706974917
603,603,0.235972913805,-2.3502427926
604,604,-0.015786450254,-2.61951732021
605,605,1.53257705224,1.36374509245
606,606,0.197634150188,2.52868528281
607,607,0.940098777684,-1.94103144144
608,608,-0.828015435304,1.30331848627
609,609,0.740422908145,-1.59191422318
610,610,-1.14327287968,2.33561698829
611,611,1.65108837823,-2.00455685374
612,612,2.43167983319,0.883150576019
613,613,1.28734496561,0.900384170778
614,614,0.769917206628,1.46082367984
615,615,0.741671985119,0.441581507718
616,616,0.602471752482,1.05639263022
617,617,0.640026549309,0.463683797093
618,618,0.51327907598,0.521156167635
619,619,0.532597834661,-1.82103416199
620,620,0.68468274512,1.4472257368
621,621,2.13187782929,-0.25297183708
622,622,0.561617067093,-2.20045818384
623,623,1.99939533371,1.00530144245
624,624,0.517241685778,2.45521693084
625,625,0.0205280924686,-1.09393240745
626,626,-0.474499987109,-0.78904907544
627,627,0.423020082316,1.13223649397
628,628,1.18144308145,0.850577837405
629,629,1.71697697045,0.651020858536
630,630,-1.00270511626,-2.0108659239
631,631,-0.236330687339,-1.89571870139
632,632,-1.48344730979,1.69645896008
633,633,-0.731778371778,-1.39215645204
634,634,2.41082094145,0.000564201401314
635,635,-0.0564478857569,-0.070468635225
636,636,-1.00620023608,0.732713912592
637,637,0.0742900007201,0.572159195393
638,638,3.27716596043,0.730836674096
639,639,0.666274592575,0.311101382321
640,640,-0.550549973354,-2.25510692792
641,641,0.930506758867,0.705167832162
642,642,1.1759494473,1.69728290611
643,643,-0.289278407575,-1.50373264714
644,644,0.0413814202752,3.06410416999
645,645,0.0549429225982,1.89232568619
646,646,0.531544641433,0.896821239709
647,647,1.34186878921,0.970524720825
648,648,1.26713534175,1.03771141496
649,649,0.878301818972,2.02216848401
650,650,1.87564788401,0.952119151991
651,651,-0.785850007489,-1.43897485505
652,652,-0.871790960918,-1.79752498078
653,653,2.7163351969,-0.369195186686
654,654,0.409297372429,2.2116164905
655,655,0.701837012333,0.94198562396
656,656,-0.660646100346,-1.96518804745
657,657,1.64122672456,0.86881390398
658,658,0.695135394434,1.97711274374
659,659,2.5906767421,-0.0568614350748
660,660,1.17711168322,1.29380710713
661,661,1.46173059271,1.85940891586
662,662,1.76464524423,2.10140062931
663,663,0.887759918118,1.84497661772
664,664,1.11612737068,1.81533198707
665,665,1.12292734765,1.90982348483
666,666,1.08968581213,2.07768002847
667,667,0.478884316813,-2.82347945713
668,668,-0.0856543382677,2.51420196007
669,669,1.06869155202,1.38175799794
670,670,-0.158018908431,-1.59835714599
671,671,1.20559287753,1.40190939883
672,672,2.51185591459,-0.949834183802
673,673,-0.612077147336,1.81212813872
674,674,-1.08274062586,1.47714013034
675,675,0.913410101305,-0.732176721467
676,676,0.757451838777,2.31412470505
677,677,1.23705675402,1.34034490398
678,678,1.65480112551,1.29460163597
679,679,0.13547764271,2.13104866381
680,680,1.15848562043,0.396911241303
681,681,1.90093204346,0.65397880102
682,682,2.49849025019,5.62790123297e-05
683,683,1.70838373345,1.26443221325
684,684,1.14323488554,1.78075772882
685,685,0.330291657774,2.37391345282
686,686,0.133583179488,2.48334551629
687,687,0.519056676437,2.44255227776
688,688,0.10516125027,2.62804224636
689,689,0.313562591468,3.00753982995
690,690,0.243175380649,2.17898108388
691,691,1.37492034502,1.22847577694
692,692,1.89198547096,1.74064575915
693,693,0.106364159566,-2.24791068204
694,694,0.232879865201,1.61389659306
695,695,-0.201510629675,-1.56686878759
696,696,1.07285021482,1.66665121712
697,697,0.709069871803,2.08184989099
698,698,2.09245595019,0.475549872127
699,699,2.19152917735,-0.669504583398
700,700,-0.393583910228,-1.6707260675
701,701,-0.349187357327,1.57060785739
702,702,-0.198259510315,1.76146443967
703,703,-0.315233061518,3.00631053221
704,704,-0.464518977717,-1.75805224733
705,705,-0.410333212343,2.52355276794
706,706,0.849188911314,1.63325844151
707,707,-0.235604405274,-1.90231601116
708,708,0.892378192874,1.73673070387
709,709,1.07972047207,1.11682636225
710,710,-0.237467134934,-2.70057546264
711,711,1.12256586084,0.787322463546
712,712,-0.163463203988,-0.583966100283
713,713,-0.825954999076,-1.65246734653
714,714,-0.320167970226,-3.0307009921
715,715,-0.25116717513,2.0259509532
716,716,-0.212834230482,3.26808008744
717,717,-0.128405927605,-2.45826411876
718,718,0.74347685465,1.89750722555
719,719,0.257874982842,-1.46105764365
720,720,0.756507199363,2.05719058343
721,721,0.129738753335,-2.02692655049
722,722,-0.811402889842,-1.74704644394
723,723,0.928740143904,1.03693140207
724,724,0.376194149337,1.20231117417
725,725,0.882578274197,0.818837778588
726,726,-0.334256063341,-2.02990529936
727,727,-0.450376637522,-2.14220577978
728,728,0.877542583353,-0.545239904557
729,729,2.0175970687,0.610918714799
730,730,-0.233486093528,-2.25769447769
731,731,0.146518232366,-2.99393915702
732,732,0.177855151876,-2.49127698162
733,733,2.46385921306,0.280174366881
734,734,-0.206483786987,-2.59698127588
735,735,0.0667122064253,2.59315591291
736,736,0.27684033039,-2.33939002293
737,737,-0.640080618762,2.07926840893
738,738,1.34600138536,-1.54181635312
739,739,-0.803237934135,1.97989124088
740,740,0.602858527027,-1.66306771252
741,741,0.32194434641,1.81991950232
742,742,-1.05512816293,1.37518118327
743,743,1.69440581883,-2.28365858993
744,744,0.806513466613,0.647843424129
745,745,-0.883360713037,-2.12800703273
746,746,0.340880018056,-1.7042529983
747,747,0.734852502643,-0.574386629686
748,748,1.63446269386,-1.10817356675
749,749,-0.0381998616123,-2.41778066311
750,750,-0.436177057422,-2.51306226025
751,751,-1.82726806465,-1.39878671834
752,752,-0.136967451835,1.89119517062
753,753,2.38495814878,-0.0574118327624
754,754,0.180876384909,-2.7216840555
755,755,-0.333298188512,-2.07859515512
756,756,0.550251764664,-2.6349801685
757,757,-0.143922786549,-2.07746623236
758,758,-0.158448036153,-2.57080242874
759,759,0.148378173194,-2.26625527167
760,760,-0.416958293254,-2.62867285653
761,761,-0.420797735469,-2.04340426754
762,762,0.168102643115,-2.67556345192
763,763,-0.0530180340504,2.269227906
764,764,2.03043568397,0.751141417064
765,765,0.201294979532,-2.72642558702
766,766,-1.12491791211,-1.42923493139
767,767,0.0694514201861,-2.93595529199
768,768,0.0384488178594,-2.22257214494
769,769,-1.189484667,-0.982271851694
770,770,-0.766788214893,-1.80304077766
771,771,0.106479453232,-2.08903581417
772,772,-0.332507531847,-2.65477124806
773,773,1.15047097612,-2.23402798522
774,774,1.72090909382,1.55999794666
775,775,0.508418089036,-2.67206437012
776,776,1.12469350064,-2.35649176267
777,777,-0.349980640406,2.30901519286
778,778,0.845766910774,1.06513112662
779,779,-0.00456129430721,1.75049318782
780,780,0.178712466309,-1.18781342349
781,781,0.0121525043919,1.85719560703
782,782,-0.130384739933,-2.38603070941
783,783,0.0330391463064,-2.06846099848
784,784,0.296124910203,-1.99844547674
785,785,-0.20373898183,1.89218654634
786,786,0.102510396855,2.39181768068
787,787,-0.314293186292,2.03061815001
788,788,-0.143815304415,2.20119158531
789,789,0.331083234584,-1.95694394752
790,790,0.171153056957,-2.5714876257
791,791,-0.375640006059,1.93122095018
792,792,0.0401628560929,-2.08125059568
793,793,1.09789660819,-1.42855990612
794,794,-0.199691693068,2.192028232
795,795,-0.305024638839,2.10229097538
796,796,-0.03954415081,1.98128096777
797,797,0.591808505753,-2.09761886994
798,798,2.00815152159,0.732849452616
799,799,2.47834349689,-0.0481222557166
800,800,2.6327011122,-0.250833655954
801,801,2.23980935725,0.277221527882
802,802,0.371248037786,-2.23979151738
803,803,0.152108491095,-1.89448294297
804,804,2.46048353118,-0.0308452941258
805,805,-0.0114064307308,2.25092109481
806,806,-0.0389664407508,2.20258220529
807,807,-0.059248540631,2.01239654032
808,808,0.0427053329602,2.26517240861
809,809,0.33553365012,-2.04614692184
810,810,0.0434515609226,-2.49039403197
811,811,0.206189791587,-2.02292592846
812,812,-0.0987053365285,1.89701458513
813,813,0.0855033451171,2.43502113345
814,814,0.237503103593,-1.8298832085
815,815,2.06145991721,0.183119360617
816,816,-0.262237021435,1.98661209714
817,817,-0.0402538927748,2.27379763502
818,818,0.41204575072,-2.13455766177
819,819,-0.0224832065211,-2.28982770465
820,820,0.0634404323354,2.27766141846
821,821,0.202207569155,-1.86066119663
822,822,2.69752306254,0.0711792939868
823,823,2.62284399835,-0.266069854786
824,824,-0.270183382303,2.19935060798
825,825,0.114388589253,2.11212319603
826,826,2.23351276803,-0.0236462541946
827,827,0.200851664562,2.15713845951
828,828,0.175470268214,-1.94340451721
829,829,0.228063493779,-2.50203397722
830,830,-0.0377031786952,-2.27630602623
831,831,2.21642568142,-0.0117016018042
832,832,0.137438319225,2.04097152948
833,833,-0.190680247194,1.91110380734
834,834,0.00646993939813,-1.96871592236
835,835,1.74647757198,0.213662757797
836,836,1.68302590688,0.563846647756
837,837,2.31875710744,-0.211849489381
838,838,1.804032111,0.24778960578
839,839,0.234231570156,-2.36058067168
840,840,0.335629826779,-2.169491623
841,841,-0.0519620153164,2.16773218027
842,842,0.912094877479,-2.23981763923
843,843,0.0082806146251,-1.9382594546
844,844,-0.0189044134026,-2.31174452249
845,845,-0.0770671482706,2.01932874041
846,846,0.127948106687,1.67358098914
847,847,0.0138462461522,2.14084646016
848,848,-0.0575802359169,2.20235072368
849,849,-0.112952729813,2.12488428946
850,850,0.270752594833,-2.01025798403
851,851,-0.202046539592,2.32243552536
852,852,0.869038544589,-2.3673629346
853,853,-0.124919188557,2.18540759603
854,854,0.254741758516,-2.33521601168
855,855,0.0493551053707,-2.36076684794
856,856,2.47814957465,0.0612499266279
857,857,-0.0611549797506,-2.51862142428
858,858,-2.57849415325,-0.0985806246315
859,859,-1.03374752283,1.17886369411
860,860,-1.43605499805,1.2910081102
861,861,0.326898764751,-0.713862861526
862,862,-1.31807571884,-1.61760161157
863,863,-0.751539141954,1.68190102246
864,864,-0.228520045373,-2.00931916291
865,865,1.7092812898,0.287337659777
866,866,2.64130305386,-0.0539275213086
867,867,2.66372527124,-0.184267703898
868,868,0.376099360426,-2.22039153702
869,869,0.373947618635,-2.07772268568
870,870,0.527206614131,-1.00280312574
871,871,2.09339195064,0.620063280473
872,872,0.24894594956,-2.33074949464
873,873,-0.801242741579,1.81227045556
874,874,0.0197118156733,1.41874481031
875,875,2.63075953768,0.12586791101
876,876,-0.0395402503038,-0.374513421328
877,877,-0.0900719943825,-1.07418099046
878,878,-0.0653732149127,-2.44152993071
879,879,-0.116200387906,-1.18981134489
880,880,-0.488095301073,1.33656222241
881,881,0.0652295250943,2.52418723839
882,882,1.71798281991,0.287729496389
883,883,2.15427220006,0.321014963141
884,884,2.44172937075,-0.141725091704
885,885,0.0834165752751,-2.30963826722
886,886,0.0009184067066,-2.214282933
887,887,0.279633145074,-2.28444372461
888,888,2.47744483518,0.200060392567
889,889,0.176411310141,-2.12560485436
890,890,0.169963196592,-2.29883848656
891,891,1.95842270491,0.950042483966
892,892,-0.167263431388,2.52163169129
893,893,0.388116157319,-2.28952991017
894,894,1.04158333973,-2.00594880768
895,895,0.494273803773,-2.23721351195
896,896,-0.0618675437444,-2.08698458588
897,897,0.159567011847,-2.09737202987
898,898,1.2107823732,1.07039288641
899,899,0.14347208974,-2.39036533502
900,900,1.22890284251,0.719756381401
901,901,0.0476262963834,2.23545432725
902,902,1.07668288446,-1.42307919046
903,903,-0.160456354087,1.75336034071
904,904,-0.301259864868,1.7220420776
905,905,1.79405043492,0.691125487351
906,906,1.61431195274,0.489834200259
907,907,1.62187130433,0.73911585934
908,908,1.21435103293,-0.353642620086
909,909,2.10011370858,0.643850286392
910,910,2.33640599078,0.182168219251
911,911,-0.00632006651358,2.48724923029
912,912,2.20256402473,0.099950449092
913,913,2.16835360012,0.346549023732
914,914,2.00620640071,-0.679757799663
915,915,-0.0156302151691,1.46197207583
916,916,0.0793947988671,2.00307893378
917,917,-0.173468352981,-1.86128550466
918,918,-0.0633646295386,-1.87937001597
919,919,1.62145334405,-0.53612352119
920,920,0.856801823688,-1.87724000627
921,921,0.600929039677,-0.128988546754
922,922,0.187384848621,-2.00050691396
923,923,0.755438244427,-2.13869841595
924,924,-0.431194264526,1.87296971937
925,925,-0.0544710658345,1.46770668384
926,926,-0.562487631601,-1.27768746416
927,927,0.146103319829,-1.85258406812
928,928,-0.109888035755,1.20928169148
929,929,0.500558522079,1.57302856904
930,930,-0.0788367686819,2.37065051202
931,931,2.33848867616,-0.0246566193568
932,932,0.989549742227,-0.81992791773
933,933,2.22954965846,-0.027324423642
934,934,2.52883512892,-0.131244478363
935,935,-1.41312712567,-1.56984343485
936,936,0.794407607164,0.471616958244
937,937,1.1196638345,-0.549394521259
938,938,-0.0432385079805,-1.90615053624
939,939,-1.0093475041,1.27369711627
940,940,-0.351072178929,1.37432554815
941,941,0.993646051916,1.31294341669
942,942,1.5556801617,0.537685387694
943,943,-1.13901633975,0.24298218696
944,944,0.0943375049311,0.946294889543
945,945,-0.373264826545,-1.73164113381
946,946,-1.18591018858,-1.40026242198
947,947,-0.450167360402,1.53997871541
948,948,-0.683875682165,-1.21782958326
949,949,-0.473141806391,-1.74900639833
950,950,0.559129667428,1.05073009473
951,951,0.297672708441,1.11960198581
952,952,0.0289400039122,-1.77171361992
953,953,0.212803286365,-2.43643524306
954,954,0.403761386286,0.90615825582
955,955,-0.296891023668,-1.0281769056
956,956,0.498755537217,1.99214645024
957,957,0.214331429518,0.912070918556
958,958,0.266131808499,-2.07882831045
959,959,0.00740448034098,-2.12735077927
960,960,-0.342074929401,-2.07563331255
961,961,0.122833560875,-2.07227587937
962,962,0.132547238914,2.69218478748
963,963,0.950045440408,-0.663626741856
964,964,0.156254717676,-2.20991069977
965,965,-0.166681707273,2.21494303968
966,966,1.07491249555,-0.156022921193
967,967,2.29519665467,0.262694618069
968,968,-0.826584055783,-1.27760368916
969,969,-1.34884162758,-1.51973102765
970,970,-0.89157508834,-1.49374747801
971,971,-0.118373209409,1.50428587096
972,972,-0.914944560125,-0.661821402837
973,973,-1.28818787072,-1.39385121834
974,974,-1.01477035315,-1.29068680227
975,975,-1.06959673721,-1.29989674555
976,976,-0.614700084825,-1.58413927777
977,977,-0.511881056403,-1.98002049502
978,978,-1.01688325429,-1.75269864442
979,979,-0.202469712306,-2.13051447401
980,980,0.366006439721,-0.81039628892
981,981,2.40717625739,0.0767488273606
982,982,0.111544617575,-1.85214877647
983,983,-0.912011406736,-1.42576066613
984,984,-0.232158848884,2.41728240856
985,985,-0.172414911233,-1.54471478275
986,986,-0.529447162033,-1.38051390272
987,987,-0.901291687575,-1.89119871991
988,988,0.183017992308,1.25898386399
989,989,-0.836471890383,-1.39310372559
990,990,-1.02899748442,-1.7525874705
991,991,0.142382341083,2.49685697857
992,992,0.15600021779,-1.74325991992
993,993,0.180678714936,-2.41883249473
994,994,0.100017186556,-2.60473331167
995,995,1.81180767563,0.44175332562
996,996,0.399795823155,-1.99926314144
997,997,-0.757623614628,-1.52633454326
998,998,-0.820859721765,-1.13412132501
999,999,0.107726980627,0.306100657578
1000,1000,-0.566576729726,0.992892125957
1001,1001,-0.513524619543,0.995811981149
1002,1002,-1.16462396679,-1.10236359257
1003,1003,-1.5511861496,-0.995851845146
1004,1004,0.0549657854239,2.10728284859
1005,1005,-0.295109967061,2.31722593493
1006,1006,0.756960658212,-1.46329297358
1007,1007,0.312509820542,-0.305238292311
1008,1008,-0.108950633084,2.04622110412
1009,1009,0.869837343537,-1.65029762446
1010,1010,2.24854059616,-0.237139897383
1011,1011,2.56917320192,-0.0141084315657
1012,1012,2.14328832586,-0.440057364776
1013,1013,0.693712979381,-1.66493476414
1014,1014,0.0463757009612,2.15738363113
1015,1015,0.323182065749,-2.29819746631
1016,1016,-0.80333251724,-0.717629608104
1017,1017,-0.495597105585,1.66873927003
1018,1018,2.38739881764,0.174861470865
1019,1019,-0.262484134217,1.82647291926
1020,1020,0.162520443117,-1.86118832781
1021,1021,0.631564192086,0.0073343855489
1022,1022,0.0395422684419,-1.61545056968
1023,1023,-0.648712296269,1.94222649618
1024,1024,-0.328835013198,0.91081498093
1025,1025,-0.19179177515,0.988981256504
1026,1026,0.589215026709,0.349731845531
1027,1027,-0.258389352991,-0.0952679896497
1028,1028,-1.02347222947,0.375284568458
1029,1029,2.12792239941,-0.118111245894
1030,1030,-0.430633977804,0.960963585427
1031,1031,0.468891188673,1.91141960504
1032,1032,-0.392107941163,0.957194038021
1033,1033,-0.750262919183,-0.362082112634
1034,1034,-0.309466367619,-1.76339873287
1035,1035,0.666561598679,-1.03850852207
1036,1036,-0.388505097079,-0.714420165613
1037,1037,-0.00629572751401,2.34131450332
1038,1038,1.17616871999,-0.770124431346
1039,1039,1.91790674801,-0.520160560301
1040,1040,0.029026321327,-1.95876263027
1041,1041,2.461745261,0.333026905269
1042,1042,0.0890638232626,-2.32279895175
1043,1043,-0.0948571129688,-2.29748667534
1044,1044,-0.701245578776,1.70022108872
1045,1045,-0.594491028474,1.81431490925
1046,1046,-0.6889700305,2.11039422598
1047,1047,-0.548037156907,1.7478856163
1048,1048,0.944527827435,-1.73690986371
1049,1049,-0.147890604667,1.87898828133
1050,1050,1.14083036312,-1.92448104214
1051,1051,0.284076767742,-2.11565663572
1052,1052,-0.115651950126,2.18395085013
1053,1053,-0.614514476094,1.80925842264
1054,1054,-0.716974499511,2.17929528889
1055,1055,-0.392526717804,2.28744874195
1056,1056,0.821330062978,-2.06581384775
1057,1057,0.579113530984,-2.0115178661
1058,1058,0.210312528953,-2.06022456645
1059,1059,-0.0258204488864,1.86024704503
1060,1060,-0.193984440991,2.2640880462
1061,1061,1.07472402317,-1.62916379176
1062,1062,0.0464492936988,-2.42253523173
1063,1063,0.609920768904,-1.76140603209
1064,1064,-0.224347095378,1.91873357164
1065,1065,-0.121473975073,2.05266017741
1066,1066,0.16762164086,2.14844721796
1067,1067,-0.193792624346,1.8724475893
1068,1068,0.608404786662,-1.83896100154
1069,1069,-0.121639692121,1.9581274904
1070,1070,-0.313983365114,2.25005474887
1071,1071,-0.0341051636987,-1.82730993782
1072,1072,2.03378349866,0.47318501957
1073,1073,0.123816382934,-2.41570269553
1074,1074,2.57651590308,0.0380152550329
1075,1075,-0.895025938809,-1.14326956109
1076,1076,0.44654346851,0.557975285293
1077,1077,-1.18166622489,-1.00291046348
1078,1078,-0.943024712609,-0.956215662141
1079,1079,-0.572179641328,1.78391411534
1080,1080,-1.1612939362,-1.09096725976
1081,1081,-1.26384196095,-1.26955641847
1082,1082,2.1957471902,0.158780704833
1083,1083,-1.20707022175,-1.31493526002
1084,1084,-0.33516713811,2.07195250572
1085,1085,0.416391144019,1.48403650983
1086,1086,-0.101990101066,0.40227582617
1087,1087,-1.23126989549,0.695640520072
1088,1088,0.432732751847,1.54213381057
1089,1089,-0.14211828081,1.20545619005
1090,1090,-0.400716513886,-0.98142615556
1091,1091,-1.02842517045,0.818707134114
1092,1092,0.303552316859,1.40929664335
1093,1093,-0.727506751556,-1.55611786531
1094,1094,0.0341536658709,-2.35518208672
1095,1095,-0.517737992609,2.3176807293
1096,1096,0.489419774804,-2.53078491688
1097,1097,-0.25377256692,-2.51440064119
1098,1098,0.229608145506,-2.24408293733
1099,1099,0.0663282581141,-2.13069307095
1100,1100,0.415383592105,-1.7567726322
1101,1101,-1.07463326255,-1.33535475407
1102,1102,-0.263477961134,-1.91072088819
1103,1103,0.34308501666,-2.27453701666
1104,1104,-1.22014018589,-1.45739173256
1105,1105,0.093926639397,-2.25893292894
1106,1106,2.44633619606,0.132014111875
1107,1107,-0.419752352873,1.98387341145
1108,1108,-1.5089986533,-1.67222476392
1109,1109,-0.305984260378,2.13036613374
1110,1110,0.440952778404,-1.34297857896
1111,1111,-0.265697379199,1.96645431225
1112,1112,0.702568105635,-1.62855110036
1113,1113,2.54991433462,-0.373286892092
1114,1114,1.6057435041,0.642483339979
1115,1115,0.177906856851,-2.29082103327
1116,1116,0.447526760221,-2.10371833342
1117,1117,-0.428807667267,1.15162504696
1118,1118,0.930659660243,-1.67224561316
1119,1119,1.37454578957,-0.983376521054
1120,1120,-0.576976069195,1.62939106649
1121,1121,-0.496461456203,1.99612348993
1122,1122,-0.515634646947,2.20728171811
1123,1123,1.23927518934,0.41163662836
1124,1124,-0.735437462166,-1.625549924
1125,1125,1.1465249638,-1.74852730067
1126,1126,-0.495657571662,2.30474223736
1127,1127,0.55589298835,1.32725537609
1128,1128,1.57171833807,-1.11415270153
1129,1129,-0.527664596251,2.31284037791
1130,1130,0.744155304869,-1.61464085889
1131,1131,-1.01238253819,-1.59345316846
1132,1132,0.613021573462,-1.86209581148
1133,1133,-0.073240227158,-2.00113086407
1134,1134,0.181327025835,-2.25564588707
1135,1135,0.759470511312,-1.91586094633
1136,1136,-0.205274050361,2.31457562014
1137,1137,-0.0817307408869,-2.00476740246
1138,1138,0.239221914663,-2.6200924968
1139,1139,0.427756110841,-2.14864087981
1140,1140,-0.245893838082,2.15106986877
1141,1141,0.169124718826,1.91393290171
1142,1142,-0.352871939522,2.21002833203
1143,1143,1.09826109751,-1.52121040899
1144,1144,1.48896949699,0.908622865738
1145,1145,2.62754573457,-0.0573741515033
1146,1146,0.923065584358,1.37309108401
1147,1147,0.262110403477,1.8113326055
1148,1148,-0.22741935656,-2.44823081152
1149,1149,0.258357836751,-2.44597645412
1150,1150,2.34770049504,-0.150444844912
1151,1151,-0.205623617395,2.66485210854
1152,1152,0.26939488254,2.30705567323
1153,1153,2.40301762068,-0.239983941291
1154,1154,-0.144053502529,-2.35930553835
1155,1155,-0.0619236162924,-2.68525715474
1156,1156,1.92212516439,0.485198997125
1157,1157,0.086192594489,1.95470580183
1158,1158,2.09705186263,0.537555657709
1159,1159,2.22977727464,-0.14554862739
1160,1160,-0.111939255739,1.86019188506
1161,1161,0.0766272364237,-1.13487204385
1162,1162,0.00996345508394,2.07632653682
1163,1163,0.306664214443,1.84670180564
1164,1164,0.665943693043,-1.74648084443
1165,1165,1.61897492493,0.653131640895
1166,1166,0.554587326885,1.84112719685
1167,1167,2.36399966436,-0.0706876198966
1168,1168,0.802987754012,-1.64326339012
1169,1169,2.30037819733,-0.0669494501319
1170,1170,2.10076275875,0.169587938367
1171,1171,-0.148174278419,-2.41376620279
1172,1172,0.0361528992363,-2.07411684787
1173,1173,-0.284195537429,2.12856644111
1174,1174,0.161322010967,2.47263976856
1175,1175,0.147795998665,2.07954932801
1176,1176,-0.162513876022,2.33742526857
1177,1177,0.231429411418,-1.79213578223
1178,1178,1.64048560634,0.602093071008
1179,1179,-0.144648024242,-2.52916475593
1180,1180,0.183903708725,-2.47703548816
1181,1181,2.16332604365,0.170855263491
1182,1182,-0.2210076105,-2.29511358194
1183,1183,-0.138864765259,2.33362597739
1184,1184,-0.264013515107,2.52185929138
1185,1185,0.753162082557,-1.64539974127
1186,1186,-0.1122145965,-2.41137583211
1187,1187,-0.186474253739,-2.08140842753
1188,1188,0.921613607896,-1.56815548267
1189,1189,-0.297808770054,-2.54793165581
1190,1190,-0.15111643594,-2.27944402623
1191,1191,0.376527369265,-2.51428703815
1192,1192,-0.0504196646028,-1.86820907296
1193,1193,-0.078623593119,-2.28740868702
1194,1194,-0.169147143157,-1.87163658572
1195,1195,-0.0718165211901,2.03859800963
1196,1196,2.01709572629,-0.00456907176088
1197,1197,2.10019141386,0.0173855756166
1198,1198,2.37547408948,-0.14064587653
1199,1199,2.41697438614,0.0863599534803
1200,1200,0.260031490338,-2.2252388726
1201,1201,0.554631907613,-1.80079772215
1202,1202,-0.668484548673,1.6750861495
1203,1203,-0.730469926057,2.07823311226
1204,1204,-0.529803742191,2.1506884204
1205,1205,1.11052452543,-1.8520756042
1206,1206,-0.221543103663,2.05501894742
1207,1207,0.0742450723538,-2.68190682053
1208,1208,0.504661439688,-2.33724009005
1209,1209,2.2341889686,0.0768660959022
1210,1210,2.52464500756,-0.0313585910725
1211,1211,0.179151947496,2.09304148593
1212,1212,0.990547796031,-1.93361786856
1213,1213,2.48452338747,0.290951056223
1214,1214,1.68971963457,0.441042843609
1215,1215,-0.332605450347,-2.4151238568
1216,1216,0.10283942263,-1.75923562627
1217,1217,0.223237878159,-2.3453793846
1218,1218,-0.00191061698704,-2.07536171092
1219,1219,1.93333488701,0.0186907373983
1220,1220,1.25173860899,-1.21618036944
1221,1221,1.51250750083,-1.35844007284
1222,1222,1.28192214413,0.627752400341
1223,1223,1.28420556653,-0.939783583744
1224,1224,2.74010040751,0.0183115157538
1225,1225,2.51172868195,-0.0211238046843
1226,1226,0.211498115405,-0.145816247257
1227,1227,-0.14316923821,2.53388312326
1228,1228,0.72784375364,-0.0602934937781
1229,1229,-0.272543347753,2.02263147969
1230,1230,0.1523730802,-2.18516506924
1231,1231,0.542325814303,-2.29007137887
1232,1232,-0.11776479144,2.36758048723
1233,1233,0.910341227801,-1.96686551717
1234,1234,0.0214736034416,2.17819033307
1235,1235,0.11800367875,-2.05566894277
1236,1236,2.34822004951,0.0755527088684
1237,1237,0.589634034606,-2.46735124041
1238,1238,0.106065718586,2.38513214174
1239,1239,0.630394555435,-1.6686925553
1240,1240,-0.0652123332441,-2.02917436904
1241,1241,2.40175296986,-0.115589410394
1242,1242,0.119269691958,-2.26893415873
1243,1243,0.035001010317,-2.39854017823
1244,1244,0.304555117927,-2.35690002278
1245,1245,-0.100555030103,2.46879699687
1246,1246,-0.00701496183282,-2.37244255881
1247,1247,-0.207795333748,2.42123900147
1248,1248,-0.118262888996,2.37855768878
1249,1249,0.342880294435,-2.26106965609
1250,1250,0.161245912502,2.23391842632
1251,1251,0.147709440243,2.38744512626
1252,1252,-0.396450248423,2.2782165901
1253,1253,0.417562259918,-1.93881054722
1254,1254,1.79912973026,0.447828398353
1255,1255,2.65703469217,-0.0857409697401
1256,1256,2.38413927546,-0.128739156536
1257,1257,2.52599300589,0.137526935
1258,1258,2.00029676115,0.310283490667
1259,1259,2.30322736662,0.00747182523306
1260,1260,2.49928615518,0.252541669902
1261,1261,2.20466585928,0.00842560259158
1262,1262,-0.247661361684,-1.78136527679
1263,1263,0.201157323301,-2.12149414811
1264,1264,2.20619960549,-0.177109446749
1265,1265,-0.0158591094491,2.42412983362
1266,1266,1.26035320802,0.0783922710059
1267,1267,1.68704936565,-0.294667419769
1268,1268,-0.115325929287,-2.2152448165
1269,1269,0.270494245575,-2.17783484224
1270,1270,1.94399431595,-0.210608770771
1271,1271,-0.111565360303,2.20966605273
1272,1272,1.8934469569,0.508436843414
1273,1273,-0.101298805755,-1.99122658184
1274,1274,0.734250235734,-0.563827005324
1275,1275,-0.146876077629,2.64981933348
1276,1276,0.364548776735,-2.36827479612
1277,1277,0.128845055767,-1.94007548103
1278,1278,2.28691475194,0.0965043925142
1279,1279,1.94961298491,0.218119360911
1280,1280,0.763728389968,-0.170620227403
1281,1281,2.34241739509,0.168612465557
1282,1282,2.38671807061,0.221019843665
1283,1283,2.21337575348,0.266207341692
1284,1284,-0.350808875654,-1.80427458021
1285,1285,1.04728616263,-1.77319574655
1286,1286,0.140287020169,-0.627848101857
1287,1287,1.69868445296,0.68195988049
1288,1288,0.00103577985478,-2.10749186557
1289,1289,0.0238462045173,-2.0973774319
1290,1290,0.131844963516,-2.18633465819
1291,1291,0.945844114585,-0.624102654389
1292,1292,0.412638102833,1.75104695811
1293,1293,2.25414199695,0.285274703326
1294,1294,2.57325098395,0.265472115555
1295,1295,0.702102190968,-0.693954645242
1296,1296,0.188768159367,-2.17291903811
1297,1297,0.168405191727,-2.19371486523
1298,1298,1.5359352004,-0.866145510586
1299,1299,-0.215183564331,2.22502966998
1300,1300,0.435441295414,-1.94119492919
1301,1301,-0.108832059152,2.57664391683
1302,1302,-0.40508888535,1.69847999862
1303,1303,0.815894076441,-2.03253135754
1304,1304,-0.331276678085,1.92249597071
1305,1305,-0.0661311406992,2.16558560711
1306,1306,-0.286360685293,2.09933075733
1307,1307,-0.403605174845,2.37845067632
1308,1308,-0.358196037442,2.15505205539
1309,1309,-0.120572158139,2.26897373103
1310,1310,0.47536309222,-2.16547011327
1311,1311,0.180961246662,-2.35586857469
1312,1312,-0.330968799546,2.50247193783
1313,1313,-0.189574389132,-2.22392148158
1314,1314,1.07278550075,-2.24955736551
1315,1315,0.358887917583,-2.23776515641
1316,1316,-0.661323854569,2.37128637209
1317,1317,-0.211656895671,2.03731376734
1318,1318,0.24439153469,-2.35838752569
1319,1319,-0.447413717263,2.1604243004
1320,1320,0.320985284202,2.35371441817
1321,1321,-0.500583474851,2.27023217091
1322,1322,0.070930959544,1.95781400693
1323,1323,-0.200714372737,2.01487982481
1324,1324,0.831441359211,-2.088054592
1325,1325,0.9604383738,0.727555026642
1326,1326,2.04356918002,-0.00683137456835
1327,1327,-0.0452097140316,-2.42578384234
1328,1328,0.24405613953,-2.19905505255
1329,1329,2.37898224952,0.0483217046047
1330,1330,-0.236533251912,2.18750236935
1331,1331,0.842511870293,-2.01356486034
1332,1332,1.76508558882,0.763258511083
1333,1333,0.173522324661,-2.34257101973
1334,1334,0.125996378278,2.11479179622
1335,1335,0.992360398457,2.26120863715
1336,1336,0.552975832506,1.91788506472
1337,1337,-0.310394616694,1.97662295281
1338,1338,1.99018615927,1.36004345814
1339,1339,-0.0636161910041,2.2416903803
1340,1340,1.21002951876,1.35677057326
1341,1341,0.784383503679,1.1743941489
1342,1342,1.45938285928,1.40603236515
1343,1343,0.0154772327467,-2.57313243585
1344,1344,0.183706904177,-2.29028805869
1345,1345,1.50592446443,1.05076357575
1346,1346,0.649266830677,2.19659070374
1347,1347,1.83734467319,0.379576838704
1348,1348,1.12344837488,2.08192335151
1349,1349,-0.237371977344,2.16900796719
1350,1350,-0.872430104751,-2.10901101155
1351,1351,1.72065501351,0.929559376255
1352,1352,-0.907828251074,-0.795476149407
1353,1353,0.509461446058,-1.87908678462
1354,1354,0.658936203352,2.2399184346
1355,1355,1.10601768629,0.919009247746
1356,1356,1.87736834929,0.710692768236
1357,1357,1.13522479271,1.68266166364
1358,1358,0.587909454127,2.19724835504
1359,1359,1.05954662276,0.785520845668
1360,1360,1.95890622411,0.178655139603
1361,1361,0.469449814114,0.45483075608
1362,1362,-0.880137547545,-1.7929005425
1363,1363,-0.462325997124,-1.48384954842
1364,1364,2.03595953658,0.246797470475
1365,1365,1.17533559374,-0.739458444777
1366,1366,2.42515258014,0.0390256177797
1367,1367,-0.291464259708,1.09271633733
1368,1368,0.29612488819,2.10021012489
1369,1369,0.691883248695,-2.15367492738
1370,1370,0.238952772236,1.91273553566
1371,1371,2.47947035726,0.389214614504
1372,1372,1.47132425141,0.354964134299
1373,1373,-0.12775691689,2.36323623729
1374,1374,1.76067648079,0.625546466271
1375,1375,1.36339939471,1.60269070772
1376,1376,0.255832323482,0.967133808891
1377,1377,-1.00986268589,-1.45004576259
1378,1378,0.285507730378,-2.16153868491
1379,1379,1.18009875505,0.905564988952
1380,1380,0.35763174226,3.00722244891
1381,1381,1.17974261281,1.91354331333
1382,1382,-0.266862635145,-2.30126795474
1383,1383,0.0694383612913,2.23669814621
1384,1384,1.53669875751,0.589407628764
1385,1385,2.2998309125,0.675562229839
1386,1386,0.989898423025,0.504727453972
1387,1387,2.01591186021,1.80810894957
1388,1388,2.98687938935,0.57499899249
1389,1389,0.979312796013,1.23837916222
1390,1390,0.623859512311,2.28429801922
1391,1391,-0.284124757228,2.60258773598
1392,1392,0.890848179901,-2.592805032
1393,1393,0.557457417606,0.803105596514
1394,1394,0.922509347914,0.309384293573
1395,1395,2.13358166524,-0.156828180921
1396,1396,2.61549266103,0.261367714963
1397,1397,0.965200680424,-1.93984453753
1398,1398,0.423533274221,1.80773480366
1399,1399,-0.432516983759,-2.44359676335
1400,1400,1.18229048528,0.333937337753
1401,1401,-1.55104972181,-1.47586271157
1402,1402,0.568602255301,2.42747981986
1403,1403,1.26064805813,0.248006405062
1404,1404,0.180374020335,2.41914943362
1405,1405,1.37911393538,1.96400829758
1406,1406,0.195438495652,2.37117789412
1407,1407,0.170718431818,3.26307575956
1408,1408,-0.0731025581665,2.75840114379
1409,1409,-0.0882370285906,3.26300042617
1410,1410,-0.0976156602744,2.21383795837
1411,1411,-0.0949238265484,2.78616280092
1412,1412,0.279585836385,2.22436608724
1413,1413,0.130293958682,1.93408330112
1414,1414,0.0118134034406,2.36663168744
1415,1415,0.709579128179,3.08451098002
1416,1416,0.144043765119,2.84632597627
1417,1417,2.15837587605,0.110733347385
1418,1418,0.251861102729,1.94881454824
1419,1419,1.12418992953,0.453832047088
1420,1420,-1.01265410757,-0.927669961419
1421,1421,0.139631622323,0.172794866325
1422,1422,0.659981707875,0.160587209189
1423,1423,1.76620032787,0.123497543732
1424,1424,-0.22870498258,-2.02359092916
1425,1425,0.189818851084,2.24548667248
1426,1426,-0.0278121319377,0.765729067895
1427,1427,2.45649404474,0.708780251591
1428,1428,3.16460764145,-0.533598095709
1429,1429,2.43554291811,0.0716985201342
1430,1430,1.4451502613,0.750538503736
1431,1431,2.21017713326,0.313449140111
1432,1432,2.40243786953,0.176114269522
1433,1433,1.93883725839,-0.244251457231
1434,1434,0.538814745849,0.794395803036
1435,1435,1.13890717135,1.07381635535
1436,1436,0.484470261876,-2.5976586074
1437,1437,2.17320330566,0.10922140744
1438,1438,-0.291842147166,1.98860810344
1439,1439,1.3290949285,2.17240224091
1440,1440,1.27639525676,1.99650932684
1441,1441,0.455006668739,0.808353133621
1442,1442,0.687161857389,1.90280104137
1443,1443,0.672720968612,-2.56300766077
1444,1444,1.72179945154,2.1821975897
1445,1445,0.631355404565,1.94020660645
