,vote,alpha,beta
0,0,-0.128409985943,1.68063246655
1,1,-0.159724847242,-1.52986545404
2,2,2.06101329891,0.205516386502
3,3,2.06912604095,-0.136243876732
4,4,0.488342402205,-1.21722232442
5,5,2.17942015638,-0.0302361272017
6,6,1.80226146151,0.326345243767
7,7,1.84648862503,0.165485691863
8,8,0.0563186718176,-1.47985917775
9,9,0.729763387304,-1.13373026244
10,10,1.862091855,0.0712730477638
11,11,1.94324533922,-0.0480210758456
12,12,2.19464329166,0.0688788865237
13,13,1.99404076147,-0.11626451328
14,14,2.13536025262,-0.169965750873
15,15,1.97074370851,0.262887248156
16,16,-0.239739234727,1.81647847066
17,17,0.553993901745,-0.666640823811
18,18,2.15584507896,0.0799495525647
19,19,2.0405185299,0.175886971496
20,20,1.28187111514,-0.620583332387
21,21,0.110063480307,-1.98939343745
22,22,0.0594643306709,-1.9715868355
23,23,2.01773066472,-0.119463116798
24,24,0.345231707312,-1.79402425387
25,25,1.36827158292,-0.221802733256
26,26,-0.767709614275,0.110359135734
27,27,-0.0928154206764,2.00389058334
28,28,2.20772710179,0.280802584578
29,29,2.02530724495,-0.164087917105
30,30,1.94763281498,-0.0766472898946
31,31,2.01842665306,-0.0353098537504
32,32,0.170527607449,-1.80272503931
33,33,0.209823506301,-1.96383548361
34,34,1.32399771488,-0.382411765874
35,35,-0.0243328107043,1.67714860182
36,36,-0.0987436770034,-1.64527813701
37,37,-0.0505421049097,-1.92981792678
38,38,0.18563646169,-1.902390444
39,39,-0.675846385198,-1.37963131192
40,40,1.13691727124,-0.974157077182
41,41,0.133383415159,1.93033729782
42,42,-0.106547520392,-1.87428231873
43,43,1.97363228702,0.110331714178
44,44,2.09713882865,-0.266641193468
45,45,2.09631772179,0.116590103492
46,46,2.01638143287,0.166509753299
47,47,2.01910925386,-0.0577991249624
48,48,2.16389166725,0.0463348159003
49,49,1.18689058268,0.94274097817
50,50,-0.206533803861,-1.85939055119
51,51,0.108545262865,-1.90262544305
52,52,-0.266564604583,1.94532459117
53,53,0.161673822129,-1.87904891558
54,54,-0.074620974353,-2.02434755259
55,55,0.149000039247,-1.85229327996
56,56,0.394056587084,-1.62144657822
57,57,-0.407582438178,1.68722341634
58,58,-0.15309070079,2.01834153714
59,59,-0.0285747393829,-1.64496493435
60,60,0.40912481561,-1.62704742835
61,61,2.04362596326,0.130890377547
62,62,2.07815825921,-0.0949816178807
63,63,2.09712341654,-0.0320532770254
64,64,2.15296521783,0.0244787358032
65,65,2.06055119447,-0.0780268168936
66,66,-0.100115729153,-1.79361053018
67,67,0.233068768932,-1.94402303376
68,68,0.617485645648,-1.73459848271
69,69,-0.168225644188,-1.49824643487
70,70,-0.690792843036,1.32636965856
71,71,-0.32727527305,1.42113740668
72,72,-0.552088494823,1.6059739613
73,73,-0.616703348016,1.87250252382
74,74,-0.532759371458,1.94242886708
75,75,-0.330305586654,1.75931068774
76,76,-0.30778626677,1.81079317812
77,77,-0.589434822691,1.17202892147
78,78,0.017398182392,1.78641793553
79,79,0.691332652994,-1.63323156418
80,80,-0.398642866088,-1.47406248931
81,81,-0.143864382109,-1.87103231066
82,82,0.139107615033,-1.67563824326
83,83,0.124825709526,1.95831984797
84,84,-0.0147655718567,-1.62727743904
85,85,2.08455526788,-0.155111669334
86,86,1.72259146596,-0.32064783715
87,87,0.223642353412,-1.94783627053
88,88,0.171900560583,-1.96044221755
89,89,-0.607043292558,-0.928087470404
90,90,0.19674064456,-0.669658882028
91,91,-0.209356611243,-1.57544333164
92,92,-0.525073288241,1.578304152
93,93,-0.512216513959,-1.66043891276
94,94,-0.0370107462767,1.9726458938
95,95,1.75335490057,-0.13413956284
96,96,-0.557162688588,1.35105213254
97,97,-0.258796617233,1.66493578222
98,98,-0.416944710719,0.241697087402
99,99,-0.235918972987,1.55601022332
100,100,-0.140408581426,1.48304663835
101,101,-1.15483194693,0.646574480905
102,102,-0.20205039,-1.56581394148
103,103,-0.611608558727,1.47866227236
104,104,-0.328214554489,-0.828054560594
105,105,-1.21327709587,0.0309530404812
106,106,0.398555722667,0.839725388983
107,107,0.0492292070096,-1.47079994255
108,108,-0.45113028555,0.564433089186
109,109,-0.421829578723,0.434166783501
110,110,0.946856614589,1.11924400064
111,111,0.0529841651641,-1.73442034316
112,112,-0.323896010089,-1.31994898307
113,113,-0.00379535702071,-1.75432915297
114,114,-0.262618863758,1.84274156645
115,115,0.17435764039,-1.3606769002
116,116,1.97237985316,0.0924573302108
117,117,2.22972505173,-0.0131259283297
118,118,0.321456563622,-1.63234086876
119,119,1.81715120033,-0.318849522363
120,120,2.00227400457,-0.00174874390355
121,121,-0.186342768278,2.1031644888
122,122,0.882972267328,-1.02804165742
123,123,2.3004234162,0.0326292782049
124,124,0.58030518813,1.66330840157
125,125,0.218079058447,-1.93210935379
126,126,0.0981869869579,-1.6794865266
127,127,-0.818618089266,0.547770900787
128,128,-0.107170491724,-1.90496314024
129,129,-0.140235370752,-1.11826506974
130,130,-0.575715679223,-1.37486271278
131,131,0.985163373087,0.951060317848
132,132,-0.357314767867,-1.59986190982
133,133,-0.0632844531092,1.59173599007
134,134,0.304616609385,-1.91733859
135,135,0.606520627268,1.25868148995
136,136,-1.31171581274,0.766951644343
137,137,-0.531560893737,0.683858638192
138,138,-1.22571857766,0.644524278461
139,139,-0.0161051967717,1.5804146186
140,140,-0.563878993758,0.0844263220871
141,141,-0.704161151738,0.499077117723
142,142,0.217870612958,-1.66578061634
143,143,-0.421783490744,1.62578017636
144,144,-1.02857346276,1.54110524984
145,145,-0.600017814733,1.27221667531
146,146,1.750683651,0.411809644399
147,147,-0.129485139568,1.31089104509
148,148,1.85947638503,0.10731744859
149,149,1.9885207435,-0.0390508874325
150,150,-0.0581974739429,1.90737489187
151,151,0.715964525697,-0.707733568292
152,152,2.17695618955,0.0432342498979
153,153,2.11728229956,-0.148083741466
154,154,2.03054368394,0.113924685549
155,155,0.22853502688,-2.13528540397
156,156,0.0815008350288,-1.79450918516
157,157,1.9884619984,-0.153524291077
158,158,-0.0150623682961,-1.97199837451
159,159,1.37580736979,0.381976636985
160,160,0.218226817417,-2.02298034766
161,161,0.277023405212,-1.57015201588
162,162,0.0992038674467,1.62498208679
163,163,0.286733087428,-0.39831202752
164,164,-0.840007391824,-0.830097229093
165,165,-0.244006795194,1.37882669273
166,166,0.120079528002,-1.96001615183
167,167,-0.509148981959,1.52849893368
168,168,0.748995248004,1.07238275119
169,169,-0.0799783447835,0.134308621506
170,170,-1.04992693072,-0.693437748849
171,171,-1.12594905361,-0.970900787652
172,172,-0.800391187756,1.18624863372
173,173,-1.23331380373,-0.643730451661
174,174,-0.453843272677,-1.48560256146
175,175,0.0236901557528,1.45014140838
176,176,0.230017616191,0.872187453279
177,177,0.258803758786,-1.83597086174
178,178,-0.0607205784041,1.24064268581
179,179,-0.412333647586,-1.29563013888
180,180,-0.758996441792,-1.16426711399
181,181,0.963007030833,-0.337475409891
182,182,-0.40119970783,-1.14169555329
183,183,0.165340313137,1.16561288261
184,184,-0.00155058346611,0.410267225531
185,185,-0.296419187,0.355325982505
186,186,0.567535569272,-0.354616317309
187,187,0.0645562537511,-0.46462883866
188,188,-0.0180079837172,-0.73888784032
189,189,-0.0145444324463,-0.219650206851
190,190,0.162545537039,0.413976839385
191,191,-0.547640898059,-1.34954895353
192,192,-0.00833439002666,-1.93014643642
193,193,-0.0995409245904,2.05696546341
194,194,-0.117936409977,-0.81953848542
195,195,1.85602839946,-0.0335221800806
196,196,2.00826895352,0.0456643426861
197,197,0.206603612339,-2.0601760205
198,198,-0.752305753094,1.21782589471
199,199,0.0462670566648,-1.77451602844
200,200,0.224131550468,1.61992568417
201,201,-0.181382355446,1.86437700747
202,202,0.610824091243,-1.65632662473
203,203,2.04535526535,-0.330950431773
204,204,-0.203769247061,1.66929891601
205,205,0.22821942529,-1.78839738896
206,206,0.232767987846,-1.50310476129
207,207,0.2020273354,-1.51394769299
208,208,-0.111491712297,1.72400079458
209,209,0.230255525202,-1.95478993649
210,210,0.437422839481,-0.557630891186
211,211,-0.140155789728,-1.76766015047
212,212,0.151553567042,1.72225788226
213,213,-0.634568762894,1.89421115635
214,214,-0.0814154418063,1.75222288301
215,215,0.354100961783,-1.64512497741
216,216,1.41329650628,-0.279563386233
217,217,1.32112552791,-0.877247824918
218,218,2.12172902443,0.25739426573
219,219,0.0317572865859,-1.74367857552
220,220,0.192308336557,-1.57348549712
221,221,1.56261608569,0.456223401965
222,222,-0.41030937182,1.88188067335
223,223,-0.135949077996,1.46088853613
224,224,-0.792977750217,1.29692699569
225,225,-0.489912325514,0.393004513508
226,226,-0.784106220212,-1.33039988701
227,227,-0.625746196886,1.62554610943
228,228,-0.552445370057,-1.168218895
229,229,-0.00593177590085,1.64907284627
230,230,-0.933804865551,-0.930400988454
231,231,1.30210938428,0.593974948016
232,232,-0.122917171399,1.59628679215
233,233,-0.513908347546,1.66849344011
234,234,-0.644726923758,1.564703271
235,235,-0.611472667382,1.46672325687
236,236,-0.469119064068,1.49760269276
237,237,-1.1675674024,0.766432380755
238,238,-0.406292050271,1.17422730622
239,239,-0.739728770236,1.14816872411
240,240,-0.647309041945,1.37009223005
241,241,-0.645648181177,1.45666201354
242,242,0.234503759811,-1.71676018502
243,243,-0.595978511104,-1.33091326761
244,244,-0.361087253368,1.60298632232
245,245,-0.0196544149429,1.04416579901
246,246,-1.08186421603,-0.690281328165
247,247,-0.322154340386,1.16995613203
248,248,-0.633279173165,0.274535028097
249,249,-0.395548728139,0.320254503549
250,250,-1.12748298334,0.840879011039
251,251,0.326159919462,1.35347418598
252,252,-1.14609797197,-0.940074303735
253,253,0.129439265611,-1.91410219571
254,254,0.1587933747,-1.53028567598
255,255,-0.416349990094,1.26214674768
256,256,-0.320055937698,0.667303439051
257,257,-0.67209495649,-1.12255019765
258,258,-0.184961125358,1.78187771278
259,259,-0.0307998979082,-1.53296484015
260,260,0.0232363477122,-2.01285953249
261,261,-0.0446777860512,-1.80751236922
262,262,-0.0652339176876,1.63447309046
263,263,0.228889413163,-1.81010509517
264,264,0.142688026412,-2.04517094159
265,265,-0.255616977953,1.91179647653
266,266,-0.372737227403,-1.84807533599
267,267,2.25659024647,-0.137821249221
268,268,2.05277476699,0.263364454373
269,269,1.90115263409,0.199364153528
270,270,-0.265487655125,-2.13261810668
271,271,0.259142633754,-2.04647493278
272,272,-0.944168761518,0.294167304335
273,273,-0.218289816528,1.91639757597
274,274,0.619587789515,-1.59307535542
275,275,-0.140459529737,1.67013154446
276,276,0.583870112159,-1.64853975937
277,277,0.0362643152301,-1.84361628606
278,278,0.0521573353555,-1.61783886081
279,279,0.936750889236,1.38782740157
280,280,0.0638380320168,-1.79465921974
281,281,0.422167791067,-1.81774665076
282,282,-0.478792753274,1.78635223267
283,283,0.0373950337475,-1.73464343039
284,284,-0.147513097655,1.67132757106
285,285,-0.0914742727166,1.82027049247
286,286,-0.119687607205,2.14277315799
287,287,-0.243644886585,-1.64522741572
288,288,1.82585886358,0.045955651651
289,289,1.89906527474,-0.0842257396434
290,290,0.191469194721,-1.76685674786
291,291,0.169247332919,-2.00857980992
292,292,-1.50690000037,0.563234417898
293,293,0.570406866667,-1.49550571849
294,294,-0.339405892285,1.46285374946
295,295,-0.728575030987,1.27125058293
296,296,-1.33920374247,0.526033085736
297,297,-1.02260536078,-0.829846089975
298,298,-0.453810917601,1.38793917984
299,299,-0.406533770417,1.63785546137
300,300,-0.146447304342,-0.295333669834
301,301,0.437051897499,0.147458255554
302,302,-0.155451913492,0.482654502905
303,303,0.307992183534,0.47696363164
304,304,1.15980094274,-0.56469293949
305,305,0.990512667928,0.570747301706
306,306,-0.429621620812,0.506681501778
307,307,0.522335597632,-1.58939826808
308,308,0.846863293502,-0.278752056965
309,309,0.39106696361,-1.77309191511
310,310,0.955782083407,0.745403235749
311,311,-1.08005340395,1.04635895967
312,312,-0.733535144218,1.26644885449
313,313,-0.297375330909,-0.526348501991
314,314,0.199994225613,-1.84502331168
315,315,0.192332365734,-1.88183612965
316,316,2.38428103745,-0.411994693935
317,317,-0.0291107779454,-1.78901608926
318,318,-0.252631117925,0.233142972303
319,319,0.20189760513,-1.45943949168
320,320,0.10390669395,1.14676349426
321,321,-0.761433613695,-0.845707038422
322,322,0.214516573359,-1.86863708709
323,323,0.321513959957,0.456707106189
324,324,0.837618328862,1.05974183181
325,325,-0.212487148099,1.43215337303
326,326,-0.0300149452549,1.61452229052
327,327,0.342391281411,-1.94152094273
328,328,-0.292652666677,0.915122658092
329,329,1.841370812,-0.339618768889
330,330,-0.0894966024347,0.24738188171
331,331,-0.26797840433,1.95457903016
332,332,0.948096843409,-1.05799193235
333,333,0.0708628636328,1.98730249937
334,334,-0.208713374164,1.61123511054
335,335,-0.194041030066,1.8684819328
336,336,0.705414188993,-1.32885166014
337,337,1.06634082531,0.9100325097
338,338,-0.080627282347,-2.0504425907
339,339,0.26831679698,0.633512993205
340,340,-0.118132822626,-0.319072346969
341,341,-0.405912664887,-0.86667923276
342,342,-0.590849754517,1.30954866289
343,343,-0.756439728371,0.752913879827
344,344,-0.763570615166,0.82949970657
345,345,1.61073422874,-0.404851911253
346,346,1.82627820985,-0.348964642276
347,347,-0.119279789212,1.86405378083
348,348,-0.0598035319878,1.94448968137
349,349,0.0337925941044,-1.90637504137
350,350,0.435057415176,-1.59215967795
351,351,-0.133427942672,1.81579242767
352,352,0.160687894248,-1.78457291318
353,353,-0.00394363840547,-1.62952348254
354,354,0.0485428004926,-1.72706671962
355,355,1.99548101551,-0.0838896670194
356,356,0.388183585101,-1.77767654989
357,357,0.479382102625,-1.90597135194
358,358,0.340220987658,-1.73235423959
359,359,0.813515817805,-1.61674183893
360,360,0.503113601118,-1.19393710646
361,361,-0.0561479487681,1.58147434208
362,362,-0.320051851054,1.75964220814
363,363,-0.0849508157269,1.89827959744
364,364,-0.180898093681,2.02859133479
365,365,-0.20906462734,2.05343156457
366,366,0.253773376291,-1.81100893688
367,367,-0.169667834858,2.04159497198
368,368,0.194850770441,-2.20612258906
369,369,1.63430349609,0.56711120187
370,370,2.31387963091,0.202838479379
371,371,1.94435814258,0.0990089804237
372,372,1.75689114549,0.0782971550641
373,373,1.91769721598,0.230625381902
374,374,2.12625883151,0.0329119953565
375,375,1.92762748148,0.0766134914642
376,376,2.11036911974,-0.0307689101199
377,377,1.81302038521,0.185374647089
378,378,0.0359329497073,-1.83882682515
379,379,0.123149623949,-1.69055575416
380,380,0.421934332311,-1.8157930426
381,381,1.99614237441,-0.0222127736589
382,382,1.89887365082,-0.0158460617326
383,383,1.55401850026,0.381462173298
384,384,0.167662366981,-2.12347273526
385,385,0.245754161792,-1.87383709229
386,386,1.73242473123,0.304474961775
387,387,-0.216610204226,1.76927530401
388,388,-0.342497298635,1.98724431993
389,389,-0.511514470716,1.69254397637
390,390,-0.193117168906,1.94950869099
391,391,1.98142621789,0.0671751290451
392,392,-0.0759558170693,1.79220891506
393,393,0.384914792922,-1.69622276264
394,394,0.195906638014,-1.73465633291
395,395,-0.0771249799429,-1.85559713231
396,396,0.0966237141339,-1.90380607248
397,397,-0.0263115976363,1.63824377807
398,398,-0.0219810429719,-1.63944972468
399,399,-0.179486698792,1.85451253515
400,400,0.014120006223,-1.72631840416
401,401,-0.0929786467547,-1.8380876648
402,402,0.541504333137,-1.77335468218
403,403,0.734340850451,-1.76879621048
404,404,-0.192605621077,1.69689298246
405,405,0.409982388157,-1.57183235538
406,406,0.952153512173,-0.930358315748
407,407,2.37450087005,-0.0917084683291
408,408,2.26940702959,0.0774557742673
409,409,2.15201931914,0.149374772619
410,410,-0.385498431645,1.65788568561
411,411,1.9313106439,0.148581290793
412,412,0.141289411088,1.81372851373
413,413,2.17784767014,0.0407159930015
414,414,2.13880923469,0.124083466136
415,415,0.0466068346132,-1.67616331233
416,416,0.0668132024852,-1.85153710771
417,417,0.311239610653,-1.9694579816
418,418,1.80041447912,0.069259805071
419,419,0.311716023413,-1.63134008908
420,420,-0.0296561808601,-1.82867534852
421,421,1.81765944988,-0.285304115518
422,422,0.0456629804516,1.6826004267
423,423,1.42499960228,0.523841300423
424,424,-0.0593870737149,-1.97744776792
425,425,-0.0645575870936,-1.86979375388
426,426,1.66218066636,0.479479655894
427,427,0.134780512242,-1.52086614618
428,428,0.135823263727,-1.74109292862
429,429,0.578785488807,-1.67825890637
430,430,0.816999601916,-1.59491579099
431,431,0.581451112435,-1.64952525251
432,432,-0.0468739449834,-1.79579120293
433,433,0.227367429593,-1.84391774445
434,434,0.274397475211,-1.88248512129
435,435,0.135676852954,-1.94381136706
436,436,0.564411987248,-1.61308391439
437,437,0.571178336756,-1.66684659719
438,438,0.00987169609807,-1.92071295836
439,439,0.782506984615,-1.59529831127
440,440,0.143974360686,-1.85051923434
441,441,0.609275788607,-1.47049624751
442,442,0.050823907925,-2.0319429607
443,443,1.76922922589,0.093537581957
444,444,0.149038035005,-1.79790689658
445,445,0.0577663023858,-1.88028079072
446,446,0.428344961097,-1.44656539505
447,447,0.0648353943881,-1.71458588125
448,448,0.463313091449,-1.64217472729
449,449,2.38058940065,-0.10269471201
450,450,2.02855007071,-0.173406820506
451,451,-0.0372400247316,-1.82678307149
452,452,0.553334623404,-1.53943992546
453,453,-0.0896842915022,-1.77606677787
454,454,0.577878938463,-1.70809136197
455,455,0.12402564914,-1.69573157177
456,456,-0.0615988592008,-1.84778154767
457,457,0.0380647870194,-1.9575727225
458,458,0.0210878162139,-2.03807701417
459,459,1.99156145326,-0.0563679982665
460,460,-0.0258691297321,-1.87075751882
461,461,0.630486821588,-1.80759883585
462,462,1.90419960234,-0.0533466175615
463,463,0.07752441485,-1.82258738248
464,464,-0.417800451603,-1.13036050488
465,465,0.577210745787,-1.86446213273
466,466,0.145668970458,-1.80388477933
467,467,0.508068536836,-1.63776867753
468,468,0.197559181148,-2.06679051001
469,469,0.00968152626237,-1.77886415313
470,470,-0.0261406806614,-0.375200825586
471,471,0.446902094718,1.81988893814
472,472,-0.0130530777157,-1.71658387283
473,473,0.481063758902,-1.47004873266
474,474,-0.420482214237,1.56159494663
475,475,1.03549761409,1.39903658813
476,476,0.806338283696,1.07915803068
477,477,2.17805236511,-0.0114044057786
478,478,2.05728197699,0.000996025717194
479,479,0.115263798584,-1.85798309347
480,480,0.94602667837,-1.50450266441
481,481,-0.264689576097,1.54018137308
482,482,0.203225087086,-1.76643160363
483,483,-0.866945589943,1.10698641277
484,484,0.196747031733,0.0600739186642
485,485,1.88074395499,0.584027101428
486,486,1.82814523568,-0.0419921858281
487,487,1.94323961858,-0.0330160973898
488,488,2.0403904927,-0.0654247023816
489,489,0.285939524615,-1.73907870332
490,490,0.418687735884,-1.76282065601
491,491,-0.433111013941,1.76955183199
492,492,-0.0287729457741,1.86440807284
493,493,0.673570996483,-1.47260333147
494,494,0.0273754433501,1.92397864799
495,495,0.880894634849,-1.11623810816
496,496,1.51535297626,-0.457216632532
497,497,-0.0370017130023,-1.94051180678
498,498,2.45873210609,0.194960995178
499,499,2.13290930093,0.0399220208612
500,500,0.0746064141338,-1.76377912179
501,501,0.0553462567215,-1.88983509527
502,502,0.107224515915,1.68892623257
503,503,-0.157043533145,1.77643235643
504,504,-0.0284467387458,1.9852292828
505,505,-0.230054928824,1.81070753707
506,506,0.0172169428752,-1.84144915605
507,507,1.98074827184,0.215904924668
508,508,-0.0602985650184,1.77903728992
509,509,0.252720840457,-1.70729077061
510,510,1.27731002832,0.910025290793
511,511,0.220326049122,-2.11848907987
512,512,0.13681116152,-1.90730065887
513,513,0.0680710484491,-2.00321152801
514,514,-0.0843808128491,2.08828288417
515,515,0.557765415055,-1.31621328497
516,516,2.04353011289,0.137642721738
517,517,2.05517491018,-0.15225943467
518,518,0.259906156917,-1.87555800429
519,519,0.254049943796,-1.82060225767
520,520,-0.0206639287024,-1.79542302501
521,521,0.312505914846,-2.30804976692
522,522,0.185051523457,-1.80609600998
523,523,0.0670679646732,1.75214814008
524,524,-0.0653181221368,1.85183623874
525,525,-0.14393838821,1.70076729024
526,526,-0.132133919684,1.7635975709
527,527,0.0974807192602,1.84648735123
528,528,-0.412399832106,1.90175720915
529,529,-0.0703528949506,-2.02131879401
530,530,-0.226234655622,-1.62759255757
531,531,0.0634165927544,-1.83151709678
532,532,-0.185390677339,1.83948817041
533,533,-0.854929834925,1.22713738716
534,534,-0.403697432483,1.85141767313
535,535,0.549261379206,-1.72740114306
536,536,-0.391259323658,1.72072371889
537,537,-0.342123947358,2.0536385202
538,538,-0.384643304067,1.71887959538
539,539,-0.445901047065,1.62844975134
540,540,-0.512089720235,1.59421275386
541,541,-0.112184496934,1.85175126465
542,542,-0.244477058691,1.66906220278
543,543,0.686613087068,-1.66831653628
544,544,1.93356093256,0.203881124593
545,545,2.10961419769,-0.263621681466
546,546,2.18226609984,0.0216580305345
547,547,1.99754431608,-0.0153909466391
548,548,2.1373923789,0.183588513928
549,549,0.0628184956626,-1.85485054815
550,550,0.18658045034,-1.81651483346
551,551,0.525672182795,-1.18776171698
552,552,-0.011277843947,1.93218221377
553,553,-0.371965091461,1.82659681001
554,554,0.67287939295,-1.45904778571
555,555,1.22781099133,-0.745154309263
556,556,0.0522620279222,1.16016444906
557,557,-0.487230336142,0.253231723889
558,558,-0.639389164595,0.865635894498
559,559,0.515022311219,0.691993646602
560,560,-0.578914658022,1.22150287723
561,561,0.849912470415,-0.390799015896
562,562,1.60417296446,0.100542046005
563,563,2.10944285385,0.143135654007
564,564,2.17053364399,0.267487009669
565,565,0.941990522936,-1.01341379977
566,566,2.05207086084,0.127313300235
567,567,2.0447901603,-0.246237391477
568,568,2.23274803115,0.0116071247894
569,569,2.37137189871,0.180557022537
570,570,0.0645111794653,-1.97075931051
571,571,0.162406557649,-1.8750228639
572,572,0.0793535070144,-1.65692274512
573,573,0.902059668568,0.0612387534175
574,574,1.02990822725,-0.390978048139
575,575,0.0605255683485,-1.94211360316
576,576,-0.0869810629582,1.92482266059
577,577,0.387774978848,-1.57127542144
578,578,1.34429850367,0.779787776403
579,579,0.237643821513,-1.78186174361
580,580,0.211450181096,-1.97268334373
581,581,0.0426490180512,1.87716340828
582,582,-0.180229681459,1.8981761058
583,583,0.0832362635048,-1.71241442131
584,584,2.08125836414,0.0514931676832
585,585,2.13675367212,0.00156583362481
586,586,-0.0645068869127,-2.10848761778
587,587,2.0673072999,-0.0839630709322
588,588,0.140435458311,-1.77248312568
589,589,0.609032535254,-1.0090576712
590,590,-0.509267204196,1.50289430687
591,591,-1.0577024405,1.00214283042
592,592,-1.24473947337,0.9944232983
593,593,-1.29482731417,-1.22067118721
594,594,-0.455670785281,1.49052557819
595,595,-0.0840361150276,-1.76304986582
596,596,0.651925132993,-0.412758496643
597,597,1.90557417722,-0.163142745004
598,598,0.992494174906,1.17340039149
599,599,0.378802278063,-1.7830652431
600,600,-0.190555977046,2.02113548031
601,601,-0.156245775169,1.82675343546
602,602,2.00107493876,-0.16067483093
603,603,0.112664620133,-1.89488675623
604,604,0.119338712336,-2.15721869857
605,605,1.44553607012,0.959079292123
606,606,0.483230773143,2.47891971957
607,607,0.620014492187,-1.50489417283
608,608,-0.793661300702,1.55152097564
609,609,0.846423453395,-1.80889563394
610,610,-0.3534190726,1.5008690111
611,611,1.32056260165,-1.58341202344
612,612,1.58659363088,0.230118160688
613,613,1.13727294698,0.536749153447
614,614,0.676044992776,1.87333397631
615,615,0.693716937178,0.299156000603
616,616,0.569773792099,0.910348367998
617,617,0.821316528123,0.677849587057
618,618,0.570183374609,0.957815194077
619,619,0.865822999794,-2.19032445645
620,620,0.831413854546,1.34531914408
621,621,2.07531043686,-0.346424215858
622,622,0.443083977799,-1.94126166579
623,623,1.44284773941,0.784389048909
624,624,0.602085878528,1.89562096515
625,625,-0.551800319416,-1.34765954695
626,626,-0.756812468795,-1.29290153705
627,627,0.637134793785,1.31316769536
628,628,1.23998496676,0.926117250744
629,629,1.07041231075,0.445927392948
630,630,-0.556959232047,-1.53280911526
631,631,0.06520488465,-1.98419401576
632,632,-0.732556040546,0.962765828173
633,633,-0.6221480472,-1.31488765098
634,634,2.04155407087,-0.0125586794757
635,635,0.0471415385467,-0.303836484086
636,636,-0.856173185591,0.89929836253
637,637,-0.564736879453,0.85240913169
638,638,1.98081147273,-0.202272168157
639,639,0.0262685968632,0.30228287886
640,640,-0.433691773329,-1.63488710567
641,641,0.763409443799,0.683878223483
642,642,1.43420616517,1.25272571696
643,643,-0.67683657398,-1.82369693821
644,644,0.0389114697302,2.24889755875
645,645,-0.0231915947766,1.59692443189
646,646,0.4489143565,0.8749821303
647,647,1.16102269435,1.05364074005
648,648,1.14732743657,0.903936751997
649,649,0.327986814792,1.39274767785
650,650,1.21519196059,0.448924889235
651,651,-0.0146441404786,-1.91175877005
652,652,-0.433994762087,-1.76016340296
653,653,2.06570120601,-0.22532668626
654,654,0.732901889286,1.99385987865
655,655,0.751687214449,0.28519123574
656,656,-0.558270073119,-1.56901926268
657,657,1.5918390494,0.770286813294
658,658,0.222713505367,1.73187416117
659,659,1.74788137451,0.0994841493163
660,660,1.00509197825,1.69930669014
661,661,1.5106825607,2.08408458489
662,662,0.842376451268,1.69263839881
663,663,0.922044708091,1.64166726771
664,664,0.853516417945,1.23342525439
665,665,0.861229057793,1.36457107486
666,666,1.16393337513,1.77750630637
667,667,0.0644703559883,-2.5432581834
668,668,-0.348368754688,2.25443385528
669,669,1.20782760595,1.40387179658
670,670,-0.296707520369,-1.71593203761
671,671,0.910179186146,1.24632407064
672,672,1.95418439371,0.200188976584
673,673,-0.452069792813,1.76127586633
674,674,-1.15283989808,1.64760908603
675,675,1.32705866989,-0.899966063658
676,676,0.273283700779,2.3179966883
677,677,1.26262296807,1.04644391799
678,678,1.51791845367,1.18037410682
679,679,-0.139673130484,2.16776952935
680,680,1.54415340471,0.461024730004
681,681,1.89723354282,0.284271309983
682,682,2.26534857863,-0.431185462341
683,683,1.14905974854,1.13415538368
684,684,0.994178352022,1.41614507949
685,685,0.412129954504,2.15420959929
686,686,-0.0400005964364,2.22965070819
687,687,0.0101147718415,1.761270671
688,688,0.0629630795962,1.60883199682
689,689,-0.0371539546011,2.19959158779
690,690,-0.0525697474561,1.96021790666
691,691,1.47712631371,0.848740379908
692,692,1.52533026662,1.14396944961
693,693,-0.172780674486,-1.71836218269
694,694,0.419348029024,1.28122877471
695,695,-0.104213023335,-1.65577750905
696,696,0.690970806126,1.01752440655
697,697,0.910311184376,2.03211181977
698,698,1.66869694758,0.204309888871
699,699,2.57736073166,-0.442985548047
700,700,-0.280084083328,-1.4624750791
701,701,-0.344472735243,1.47236629013
702,702,-0.0199868292784,2.20381807541
703,703,-0.356198035522,2.29333684039
704,704,-0.513593071812,-1.50582836443
705,705,-0.0809271515338,2.07023546166
706,706,0.590032541116,1.40080087918
707,707,0.465398021672,-2.30165672929
708,708,0.257371198215,1.41906980769
709,709,0.78410087206,0.973983381273
710,710,-0.0421780535292,-1.93952097206
711,711,1.1958028151,0.614699298771
712,712,0.0178822777857,-0.828817598393
713,713,-0.940829536127,-1.58086817251
714,714,-0.357227524442,-2.41157669341
715,715,-0.385370000611,1.86126268832
716,716,0.178660540809,2.00545998384
717,717,-0.174933825684,-2.28148830997
718,718,0.898986500642,1.38221207611
719,719,0.196476336709,-1.46908391757
720,720,0.809942966023,1.67309341315
721,721,0.307337588165,-1.58007890487
722,722,-0.545848069816,-1.48445914574
723,723,0.838853336198,1.13287149276
724,724,0.536729132245,1.71431663223
725,725,1.18061546948,1.1982587591
726,726,-0.181911704806,-2.45982319872
727,727,-0.227861097522,-2.25887308733
728,728,0.91022441558,-0.865547944722
729,729,1.96707479508,0.439878427987
730,730,-0.472277255635,-1.90634227299
731,731,0.220123485361,-2.79092358565
732,732,-0.0575883341088,-2.19874828468
733,733,1.58972569456,-0.00256661789095
734,734,0.08242077073,-2.50986501208
735,735,0.199206526197,2.02418283258
736,736,-0.440907801199,-1.65344633128
737,737,-0.4833899737,1.56318631295
738,738,1.16700775576,-1.27139992543
739,739,-0.770477388601,1.95080686813
740,740,0.665614451046,-2.0050855039
741,741,0.134584235111,1.97061779167
742,742,-0.899117677571,1.60337009684
743,743,1.09510897646,-1.81057151993
744,744,0.526438102026,0.465788645346
745,745,-0.517029194264,-2.3356208396
746,746,0.211289856865,-1.66997454141
747,747,0.776855971048,-0.484290909017
748,748,1.14701485729,-0.827290438706
749,749,0.0206183034601,-2.52150293709
750,750,-0.232149068646,-2.15129819554
751,751,-0.88026070851,-0.766233957357
752,752,0.168952003869,1.99592998216
753,753,2.00981236601,-0.278293118
754,754,-0.432280171349,-2.28802330056
755,755,0.0102906651934,-1.74564559598
756,756,-0.0701052330244,-1.91856606363
757,757,-0.120165640589,-1.77032284393
758,758,-0.0589079457366,-2.33351891937
759,759,0.197662958622,-1.91353760573
760,760,-0.128266287324,-2.43799015186
761,761,0.0458038846036,-1.77695791352
762,762,0.39149316636,-2.27448370026
763,763,0.251317209527,2.27368586657
764,764,1.66321922627,0.193776515231
765,765,0.0688268075901,-1.8439274571
766,766,-1.18696784544,-1.39437690355
767,767,-0.364831713925,-2.1885170756
768,768,-0.00174849858595,-2.2588188382
769,769,-0.863035875188,-0.836816551593
770,770,-0.40626911237,-1.25612120105
771,771,0.308149767642,-1.55288469199
772,772,0.104764798365,-2.39460877494
773,773,0.772376133763,-1.44595734003
774,774,1.56224931097,1.26096836501
775,775,0.450868032515,-1.64276406648
776,776,0.204749072679,-1.80920657443
777,777,0.0811223357662,1.80557955576
778,778,0.645574354665,0.870523434678
779,779,0.182756952523,1.98002180616
780,780,0.101642258244,-1.44000669249
781,781,0.248051721867,1.96617079446
782,782,-0.0035412253816,-2.02102342488
783,783,-0.0377578340038,-1.94036955838
784,784,0.297568714558,-1.86753443202
785,785,-0.23344242859,1.81723667048
786,786,-0.0870048987112,1.75554992608
787,787,-0.243686631727,1.74513539631
788,788,-0.130969529447,1.88383256244
789,789,0.250503710631,-1.75542720894
790,790,-0.0625533467525,-2.17832118869
791,791,-0.17725736022,1.65249616482
792,792,0.19468469157,-1.81543506949
793,793,0.973674076895,-1.23199103918
794,794,-0.0412581690282,2.04988579659
795,795,-0.0940740321803,1.82780192181
796,796,0.00792048898034,2.08604986822
797,797,0.587863826603,-1.84158910306
798,798,1.72142469862,0.383971840308
799,799,2.21217182581,0.0116388561224
800,800,2.01639774213,-0.182095091264
801,801,1.92579921724,0.0627328636153
802,802,0.159016052957,-2.0359663295
803,803,0.0884770582288,-1.96836148405
804,804,1.95615291226,0.0720510636571
805,805,-0.132489719622,1.92536402699
806,806,0.00873393628426,1.79695149621
807,807,-0.0874524162631,1.76307609107
808,808,-0.138058366863,1.92526354577
809,809,0.222894263761,-1.81371718636
810,810,0.238421300674,-2.04308106508
811,811,0.24214048167,-1.87290117608
812,812,-0.0986902553338,1.84099060822
813,813,0.0301898208276,1.87237439197
814,814,0.146620967089,-1.55545147739
815,815,1.89473180267,0.0516271047619
816,816,-0.4607183121,1.83219136162
817,817,-0.140069525672,1.86080185
818,818,0.273438850971,-1.75110720921
819,819,0.0626174127499,-1.68939176488
820,820,-0.015286021944,1.97843177332
821,821,0.424613917066,-1.75275965523
822,822,2.29630152185,-0.0699033153941
823,823,2.23388609821,0.142535177908
824,824,-0.151637392034,1.74202295167
825,825,-0.0378703779431,1.7890942988
826,826,1.99535864599,0.0819255027734
827,827,0.0423271014542,1.87692102482
828,828,0.126447549656,-1.56011522137
829,829,0.143094270306,-2.04779281087
830,830,0.235078252003,-1.82763119234
831,831,2.15242227536,0.276542563083
832,832,0.0421186979691,1.63199092825
833,833,-0.0597856558106,1.8697211467
834,834,-0.0788624732509,-1.53143072555
835,835,1.65206251301,0.0933128908728
836,836,1.62779389559,0.590610226429
837,837,2.25017470766,-0.223954857905
838,838,1.78538785216,0.195100371547
839,839,0.183184828106,-1.88439323478
840,840,0.274754015391,-1.73163645644
841,841,-0.152893738849,1.90066755089
842,842,0.41970854743,-1.95224914023
843,843,0.172608774413,-1.7771487283
844,844,-0.0731415234832,-1.8652254907
845,845,-0.082088757057,1.59854882969
846,846,0.0216203099338,1.8877537926
847,847,-0.0766574727091,1.60953781567
848,848,-0.0988848113808,1.75707260317
849,849,0.0329305121092,1.86832806524
850,850,0.0106026086478,-1.88933708986
851,851,-0.199094591782,1.9179596806
852,852,0.693585520334,-1.8950814879
853,853,-0.175623366599,1.96353893261
854,854,0.0701275162253,-1.75349952633
855,855,0.160550311612,-2.03719933245
856,856,2.15144032643,-0.205969876942
857,857,0.188163886232,-1.75552494361
858,858,-2.30265743093,-0.0947976643383
859,859,-1.14287592621,1.29191077526
860,860,-1.09207668351,0.888282324998
861,861,0.478001157896,-0.964603679111
862,862,-0.772144142957,-1.09027058259
863,863,-0.512891628755,1.55459391108
864,864,-0.0424291745792,-1.72340553786
865,865,1.58387279597,0.208071890812
866,866,2.13053946221,0.0632103259425
867,867,1.96202327594,0.091227455211
868,868,0.314099662586,-2.13559613286
869,869,0.257761294597,-1.69830342164
870,870,0.506331638683,-1.01587219981
871,871,2.01552359827,0.480241476232
872,872,0.243505245149,-1.90562995005
873,873,-0.526148643633,1.52410813024
874,874,-0.048674439675,1.4391858539
875,875,2.03953502215,0.10381501456
876,876,-0.0760664843534,-0.469225201857
877,877,0.0539702931539,-0.986675487109
878,878,0.17607835724,-2.01976554107
879,879,0.0265302931588,-0.904884947446
880,880,-0.443320759638,1.39352133476
881,881,0.0524866138819,1.83181113783
882,882,1.68226453509,0.126076279805
883,883,1.88382114892,-0.0550887125246
884,884,2.17148006452,0.276558474959
885,885,0.26927874324,-2.04972205703
886,886,0.104546846004,-1.75926358713
887,887,0.183140065428,-1.92738366122
888,888,2.18755162349,0.0360659588783
889,889,0.277949583463,-1.86882402923
890,890,0.250072322122,-1.82468192361
891,891,1.6041634511,0.492184099123
892,892,0.16753770148,1.97427011095
893,893,0.193528312217,-2.04565536667
894,894,0.559418040858,-1.48646639733
895,895,0.425539418709,-1.81708039304
896,896,0.18131336237,-1.95331594031
897,897,0.054819664894,-1.89729820946
898,898,0.947692336507,1.05279334459
899,899,0.244381917316,-1.81963345577
900,900,1.29785879329,0.575081771911
901,901,-0.197528983473,2.0603386377
902,902,1.01544129894,-1.20047096567
903,903,-0.0820444376106,1.7490593142
904,904,-0.364439709864,1.59412631108
905,905,1.60147007063,0.500837115409
906,906,1.49037088485,0.452052351872
907,907,1.50272969263,0.726352157422
908,908,1.22485979856,-0.258759154059
909,909,1.7764509254,0.121175568053
910,910,2.03321844467,0.0810689581964
911,911,-0.286862365726,1.77820187564
912,912,2.04141209119,0.0226450572052
913,913,2.08455441089,0.254915997662
914,914,1.79139592032,-0.360030683604
915,915,-0.0308195648739,1.43619562592
916,916,-0.0777026802067,1.81167172628
917,917,0.129250095993,-1.85313760017
918,918,-0.0364294843941,-1.52514466818
919,919,1.61298154717,-0.466450443537
920,920,0.69531336528,-1.55162653785
921,921,0.631082537014,-0.267086996578
922,922,0.108870137919,-1.75839405394
923,923,0.378311223449,-1.69763609935
924,924,-0.552746166593,1.73833579607
925,925,-0.0355732966643,1.5478707609
926,926,-0.475184873984,-1.34722419751
927,927,0.270409459361,-1.76563468613
928,928,-0.139133019395,1.05252489871
929,929,0.462579425228,1.4371084793
930,930,-0.0417141447535,1.9181064014
931,931,2.15780917337,0.00175530398974
932,932,0.925569338384,-0.856283527076
933,933,2.08413405763,0.0408017375976
934,934,2.13447305621,-0.026769158346
935,935,-1.01100854387,-1.41015750691
936,936,0.737869087991,0.409659126623
937,937,1.09095542744,-0.586022392698
938,938,0.0278693935887,-1.70571113095
939,939,-0.766041588951,1.10009797996
940,940,-0.433073156165,1.50294940225
941,941,0.635822312948,1.09797633395
942,942,1.59386522002,0.495057474153
943,943,-0.922457725143,0.207462537953
944,944,-0.00755899511285,0.814371418943
945,945,-0.274793195353,-1.45890837934
946,946,-0.886354617216,-1.10019283945
947,947,-0.498512099354,1.33049887661
948,948,-0.69850026603,-1.214990649
949,949,-0.353461185062,-1.60091178892
950,950,0.283949424259,1.00765188383
951,951,0.107116452953,0.834907445851
952,952,0.121143812561,-1.65339591116
953,953,0.119852954527,-1.7807187691
954,954,0.407595867857,0.854780808364
955,955,-0.0591349283217,-0.889175724493
956,956,0.0393579531481,1.63794308992
957,957,0.440222484709,1.076540103
958,958,0.0492411853194,-1.73662514978
959,959,-0.0134656607294,-1.75765129194
960,960,-0.184962112039,-1.71267489862
961,961,0.26608385343,-1.81878885936
962,962,-0.109108149487,2.02374602579
963,963,0.937543645463,-0.472479146865
964,964,0.174815473399,-1.91284583402
965,965,-0.209285217053,1.8984168286
966,966,1.03596047101,-0.238501097087
967,967,1.97683640718,0.126876661074
968,968,-0.49799276068,-1.16480640047
969,969,-0.839665690186,-1.07402011564
970,970,-0.870691792339,-1.35800740577
971,971,-0.0242054096697,1.51369651639
972,972,-0.837069430437,-0.545945451373
973,973,-0.789249483677,-0.961571251032
974,974,-0.828305696654,-1.18727247973
975,975,-1.070199038,-1.19733653162
976,976,-0.409444836571,-1.38320342441
977,977,-0.229416010994,-1.57674717936
978,978,-0.544073800015,-1.43587347851
979,979,-0.161319574311,-1.71577438274
980,980,0.404990543122,-0.918403542925
981,981,2.12307320653,-0.156879009279
982,982,0.157360295889,-1.64927174443
983,983,-0.690161212683,-1.30874775551
984,984,-0.0189867760701,1.9580359561
985,985,-0.116133690102,-1.33257496144
986,986,-0.405256880908,-1.34353811148
987,987,-0.537040273328,-1.32062694493
988,988,0.0498313069648,1.28724446158
989,989,-0.566294005853,-1.26693981755
990,990,-0.572456635565,-1.30360778039
991,991,0.0444804963721,2.03678050744
992,992,0.233619953368,-1.61424015279
993,993,0.10580983985,-1.90952639891
994,994,0.170971631322,-2.09373088598
995,995,1.63445105267,0.329251521696
996,996,0.0444860196752,-1.744825249
997,997,-0.488334959899,-1.31476367254
998,998,-0.809972711731,-1.03252652272
999,999,0.0828739673132,0.323239457755
1000,1000,-0.52355333868,1.06110891765
1001,1001,-0.658056594191,0.92429179047
1002,1002,-0.926617904838,-0.969644180764
1003,1003,-1.21202622208,-0.682954835417
1004,1004,0.0886411395239,1.92831214854
1005,1005,-0.376759586509,1.87264106612
1006,1006,0.793540229322,-1.48443162577
1007,1007,0.347627043412,-0.290928563433
1008,1008,-0.362931063092,1.99076812081
1009,1009,0.739978088169,-1.39561890797
1010,1010,2.00428085402,-0.00948802504957
1011,1011,1.92503521023,0.0453300363347
1012,1012,2.29362559475,0.076686070324
1013,1013,0.483553479395,-1.45136706523
1014,1014,0.0628852985118,1.90097612318
1015,1015,0.182089379941,-1.90998907019
1016,1016,-0.661931805942,-0.631301453331
1017,1017,-0.388383631313,1.57865896671
1018,1018,2.17545068603,0.00293842715173
1019,1019,-0.446315303035,1.67817733528
1020,1020,0.192508897535,-1.71641841406
1021,1021,0.604306639175,0.220281219037
1022,1022,0.0945434317556,-1.55440433083
1023,1023,-0.42886335038,1.63651807572
1024,1024,-0.281780588705,1.0025015687
1025,1025,-0.291724903099,1.13131956409
1026,1026,0.584047656772,0.410739903493
1027,1027,-0.252471182045,-0.114195766259
1028,1028,-1.07032319595,0.28043129036
1029,1029,1.78988973469,-0.109548947314
1030,1030,-0.490373607179,0.890165133229
1031,1031,0.358866577485,1.53433851713
1032,1032,-0.383770483743,1.10738835871
1033,1033,-0.730809557146,-0.0877521810512
1034,1034,-0.373410625372,-1.55133502085
1035,1035,0.689098956132,-0.984073179763
1036,1036,-0.414004164373,-0.682210240987
1037,1037,-0.118344661355,2.08080158272
1038,1038,1.21287517785,-0.704339949628
1039,1039,1.88894765299,-0.188617430061
1040,1040,-0.173878673726,-1.96039772428
1041,1041,1.9748693188,-0.00536138714965
1042,1042,0.0197131799583,-1.82283412325
1043,1043,0.0407600932519,-1.90918365354
1044,1044,-0.487532447002,1.34880495693
1045,1045,-0.383075115312,1.49883520704
1046,1046,-0.388280304412,1.74401759434
1047,1047,-0.257050130602,1.36195254047
1048,1048,0.718206233001,-1.71171433458
1049,1049,-0.0818781656304,1.77827532935
1050,1050,0.766452287701,-1.3760662348
1051,1051,0.267526927123,-1.89359628146
1052,1052,-0.214972366506,1.81688881883
1053,1053,-0.29848821896,1.61479310096
1054,1054,-0.300964779841,1.88821832587
1055,1055,0.0693859235445,1.84741979249
1056,1056,0.488208267669,-1.65038535572
1057,1057,0.324058273889,-1.57953517918
1058,1058,0.287272077913,-1.91768045004
1059,1059,0.0418095673788,1.61995048502
1060,1060,-0.0114766104453,1.87521338639
1061,1061,0.877533383648,-1.41670212791
1062,1062,-0.144865898464,-1.89574050897
1063,1063,0.387164014027,-1.7454763317
1064,1064,-0.130995316724,1.76889806234
1065,1065,-0.228034929459,1.80466419227
1066,1066,0.217777103878,1.82949274442
1067,1067,-0.29161663785,1.84401664179
1068,1068,0.469924982551,-1.69918379313
1069,1069,0.04044645412,2.00533727886
1070,1070,-0.214643176677,1.85312504039
1071,1071,-0.0390676867388,-1.84944308444
1072,1072,1.80729227364,0.526268548205
1073,1073,0.257189403609,-1.67430308211
1074,1074,2.17912393243,0.0763186045298
1075,1075,-0.855721328065,-1.06707507082
1076,1076,0.627568913155,0.700281300924
1077,1077,-0.930715016949,-0.943005782379
1078,1078,-0.958611952754,-0.808049698209
1079,1079,-0.354885950961,1.51769392437
1080,1080,-0.991984796134,-0.920099393311
1081,1081,-1.15429439686,-0.892048085189
1082,1082,1.98789107476,-0.0179264198752
1083,1083,-0.880935025541,-1.08931309645
1084,1084,-0.318109074873,1.67615320491
1085,1085,0.405700906299,1.48766643611
1086,1086,-0.130900772526,0.352927374008
1087,1087,-1.23542404804,0.722685412656
1088,1088,0.350321623189,1.33770903629
1089,1089,-0.162793125591,1.08453011518
1090,1090,-0.269825310199,-0.948998101816
1091,1091,-1.01676983478,0.882193179145
1092,1092,0.355448420844,1.4338535806
1093,1093,-0.591523413829,-1.4213565429
1094,1094,-0.0710152623108,-1.9362960081
1095,1095,-0.543741950362,1.87319106506
1096,1096,0.108030399646,-1.89974063003
1097,1097,-0.103507818345,-1.91844972441
1098,1098,0.287557779468,-1.94597693855
1099,1099,-0.0179583036706,-1.82206113498
1100,1100,0.225047813255,-1.48253999842
1101,1101,-0.937624925526,-1.2203102246
1102,1102,0.0769146503177,-1.67843775016
1103,1103,0.262433756837,-1.99575271475
1104,1104,-1.00290657641,-1.43015208777
1105,1105,0.0181336225948,-1.92355594402
1106,1106,1.90101197173,0.134152993721
1107,1107,-0.287544402533,1.79572114291
1108,1108,-1.05894952038,-1.37647493143
1109,1109,-0.157354181884,1.71373398583
1110,1110,0.371586061721,-1.20415962348
1111,1111,0.0334555712737,1.81791594088
1112,1112,0.649411747979,-1.61412793186
1113,1113,2.17147237149,0.150655905871
1114,1114,1.30023357745,0.437557482436
1115,1115,0.115618125181,-1.82074272554
1116,1116,0.392393132765,-1.91347920932
1117,1117,-0.704686696267,1.24329691479
1118,1118,0.613554207516,-1.40579557813
1119,1119,1.05277146729,-0.837736258648
1120,1120,-0.503431152684,1.39666596592
1121,1121,-0.442548423399,1.85917630668
1122,1122,-0.133121714188,1.77405930166
1123,1123,1.20944654207,0.471086906062
1124,1124,-0.389948299535,-1.19269782561
1125,1125,0.798469419124,-1.48226644515
1126,1126,-0.217925279581,1.93767660646
1127,1127,0.229736191379,1.15430504875
1128,1128,1.18061253423,-0.694458644782
1129,1129,-0.274245676099,1.84347490683
1130,1130,0.583694039972,-1.33157633159
1131,1131,-0.418484102601,-1.17773362801
1132,1132,0.315845761959,-1.73871956973
1133,1133,0.0758514560693,-1.79815193171
1134,1134,-0.0237800775443,-1.83684167336
1135,1135,0.489813779654,-1.74992541209
1136,1136,-0.150481521541,1.98432555429
1137,1137,0.228412077295,-1.82200618287
1138,1138,0.148280516395,-1.81290157289
1139,1139,0.0801461934184,-1.83563668953
1140,1140,-0.112655488404,2.05381275742
1141,1141,0.238232728304,1.71378159381
1142,1142,-0.251767931789,2.03392049662
1143,1143,0.850337542426,-1.28278675642
1144,1144,1.328371137,0.741528554114
1145,1145,2.28113719687,-0.16291088639
1146,1146,0.907718654575,1.21675672248
1147,1147,0.0184727446543,1.75681456425
1148,1148,-0.0495591288036,-1.85973367753
1149,1149,0.21401630962,-1.82781233531
1150,1150,2.05111942002,0.158554872413
1151,1151,-0.095181517097,1.88066601944
1152,1152,-0.103544209134,1.78506036938
1153,1153,1.80737669966,-0.029844150486
1154,1154,0.000467467205725,-2.01304586619
1155,1155,-0.0949633084002,-2.01032666505
1156,1156,1.56636126938,0.379064819365
1157,1157,-0.140228852429,1.78838487693
1158,1158,1.81806687435,0.207798867934
1159,1159,2.08916905172,-0.146994205367
1160,1160,0.10230978383,1.78948739993
1161,1161,0.0683385745356,-1.15771463435
1162,1162,-0.174452867853,1.81199260098
1163,1163,0.0421808550226,1.43946160482
1164,1164,0.285782610782,-1.5215657295
1165,1165,1.4471293108,0.440533562935
1166,1166,0.35438932734,1.48945094232
1167,1167,2.04523171069,0.00391315692789
1168,1168,0.675554661039,-1.36840966625
1169,1169,2.07744518389,-0.0722735445679
1170,1170,1.89340663294,-0.00441821362586
1171,1171,0.0785449496581,-1.81384620971
1172,1172,0.0174393961511,-1.87695976745
1173,1173,-0.241857911357,1.86679469117
1174,1174,0.0294503701796,1.94411344279
1175,1175,0.178157240794,1.74532216426
1176,1176,-0.0945889644025,1.87760017678
1177,1177,0.115479476038,-1.51414540351
1178,1178,1.43035399799,0.333403703354
1179,1179,0.209129729694,-1.80705609006
1180,1180,-0.0227852299331,-2.07399573853
1181,1181,1.87488427812,-0.0625993134989
1182,1182,-0.00169232902221,-1.72789112813
1183,1183,-0.290951674071,1.93697221914
1184,1184,0.0371026431282,2.03243772955
1185,1185,0.532202234805,-1.36121152279
1186,1186,-0.0544691155652,-1.86680270597
1187,1187,0.00913706409127,-1.58171480292
1188,1188,0.872447799261,-1.40460626709
1189,1189,-0.0867152321813,-1.92782847636
1190,1190,0.100633463366,-1.7101047403
1191,1191,0.299672457294,-1.73503833107
1192,1192,-0.11820662273,-1.75648595784
1193,1193,-0.0900792487233,-2.0155653598
1194,1194,-0.0317347521206,-1.49374276327
1195,1195,-0.08067878943,1.75780250709
1196,1196,1.83064341205,0.0770974534133
1197,1197,1.8730544394,-0.0761171306547
1198,1198,2.08208492853,-0.118774450355
1199,1199,2.07131798017,-0.0270942155571
1200,1200,0.310810910604,-1.7710254434
1201,1201,0.555980153794,-1.76225377938
1202,1202,-0.446372073796,1.56282921879
1203,1203,-0.406278087036,1.69738459661
1204,1204,-0.452616651728,1.77489339889
1205,1205,0.63451504589,-1.55609361698
1206,1206,-0.0773105064452,1.82889054862
1207,1207,0.097156224724,-2.10352415998
1208,1208,0.470205016539,-1.76529726906
1209,1209,2.11337191311,0.245788558968
1210,1210,2.01496453249,-0.048806520416
1211,1211,-0.218145987818,1.76058672167
1212,1212,0.503173019399,-1.6559627632
1213,1213,1.89176003418,0.0617585176574
1214,1214,1.69846104886,0.647546882844
1215,1215,0.25562389838,-2.12601605927
1216,1216,0.18968104457,-1.80473215749
1217,1217,-0.0739964239576,-1.83658990375
1218,1218,-0.0301759858506,-1.77186073788
1219,1219,2.05721934144,-0.0214051622497
1220,1220,1.10550164234,-0.87288067444
1221,1221,1.05163571454,-1.04230509907
1222,1222,1.25233670278,0.619451022177
1223,1223,1.2434684453,-0.899460716922
1224,1224,2.21082670544,-0.04358251139
1225,1225,2.05532022212,0.0855457168819
1226,1226,0.226400653768,-0.192541332183
1227,1227,-0.121269949795,1.95798347442
1228,1228,0.656024588888,-0.05506877493
1229,1229,-0.221154451793,1.89993573116
1230,1230,-0.013650947545,-1.82283462282
1231,1231,0.334554526448,-1.75133156609
1232,1232,-0.179852342385,2.00284703293
1233,1233,0.503772376896,-1.62336818346
1234,1234,0.0490694181674,1.97337331892
1235,1235,-0.121717614396,-1.53241811314
1236,1236,2.36199112016,-0.0893463004888
1237,1237,0.401030012097,-1.72669052804
1238,1238,-0.240749376236,1.75103666734
1239,1239,0.638006874819,-1.71558645327
1240,1240,-0.00268366923242,-1.72011971455
1241,1241,2.12225442251,0.180586366001
1242,1242,0.0791570117636,-2.02065864108
1243,1243,0.0595635697314,-1.70720636202
1244,1244,0.19162955884,-2.03105975857
1245,1245,-0.0168038893185,1.76076732136
1246,1246,0.100653337643,-1.88595841613
1247,1247,-0.152034583875,1.74621259601
1248,1248,-0.239779607671,1.80253672123
1249,1249,0.188008821436,-1.88458670913
1250,1250,-0.214225592642,1.94816747135
1251,1251,-0.00498249110195,1.8384929437
1252,1252,0.0540668880961,1.82734163093
1253,1253,0.47133602412,-1.48244942765
1254,1254,1.67806825335,0.245426162506
1255,1255,2.29182301563,-0.0619180940526
1256,1256,2.07365628841,0.0185367996648
1257,1257,2.15663721577,0.0750063938981
1258,1258,2.01386092828,0.216077984245
1259,1259,2.10792429884,-0.0630692916345
1260,1260,2.20439111544,-0.0640858911016
1261,1261,1.68797035851,-0.120793351851
1262,1262,0.0906793118782,-1.7266996427
1263,1263,0.195734280626,-1.768976111
1264,1264,2.03260292012,-0.184021254093
1265,1265,-0.0177025764782,2.0412759848
1266,1266,1.23635449442,-0.0280269321825
1267,1267,1.66293234202,-0.167645030208
1268,1268,-0.232798213758,-1.76890285848
1269,1269,0.145330452323,-1.60582018225
1270,1270,1.95428872682,-0.0729645264097
1271,1271,-0.054799008295,1.83293272137
1272,1272,1.70575140613,0.491617408532
1273,1273,-0.0690408475994,-1.797567038
1274,1274,0.578905945794,-0.473475141119
1275,1275,-0.106864822519,1.89844412679
1276,1276,0.182722304223,-2.06295143068
1277,1277,0.162499898802,-1.6827840361
1278,1278,2.00552330132,-0.0926487857056
1279,1279,1.85650323922,0.233659219026
1280,1280,0.814304808701,-0.153597288803
1281,1281,1.95387601244,0.131176396955
1282,1282,2.03931866618,-0.0207397877573
1283,1283,1.82359385937,0.155312804684
1284,1284,-0.265065437635,-1.51448491672
1285,1285,0.721113279932,-1.40229677079
1286,1286,-0.113435700943,-0.472407014568
1287,1287,1.43332673513,0.610839695539
1288,1288,0.0330141366786,-1.89404153193
1289,1289,-0.0126908051429,-1.65947441299
1290,1290,-0.0149163010973,-1.87523440081
1291,1291,0.773794290087,-0.536019755675
1292,1292,0.400288669363,1.43437633287
1293,1293,2.01458991675,-0.00434510386667
1294,1294,2.07649806357,-0.123632382301
1295,1295,0.835761421099,-0.62004378761
1296,1296,-0.0784824291219,-2.04636019672
1297,1297,0.121600346785,-1.80721781677
1298,1298,1.12250446411,-0.826560636254
1299,1299,-0.0633538827204,1.83050065523
1300,1300,0.438615487455,-1.65059082973
1301,1301,-0.0503295833866,2.07749609869
1302,1302,-0.330946746906,1.72926373727
1303,1303,0.634685440537,-1.6678781032
1304,1304,-0.115904056488,1.73656322324
1305,1305,-0.154852987173,1.81604413867
1306,1306,-0.332715975302,1.8483629235
1307,1307,-0.301264664809,2.00448528312
1308,1308,-0.283618253424,1.97800530501
1309,1309,-0.0910574414344,1.75297892204
1310,1310,0.0961302986225,-1.86625375277
1311,1311,0.147043301011,-1.83412621354
1312,1312,-0.380963022726,2.02560258629
1313,1313,0.234250907314,-1.74687918236
1314,1314,0.578654636815,-1.63694105044
1315,1315,0.16696421898,-2.00913448363
1316,1316,-0.362360044235,1.86011525984
1317,1317,-0.0285731257044,2.03994271179
1318,1318,0.237024185497,-1.91340763047
1319,1319,-0.111304950673,1.82001566027
1320,1320,0.151775369171,1.87914091067
1321,1321,-0.380772448559,1.7943048989
1322,1322,-0.0557370262305,1.85560363878
1323,1323,-0.0272846011321,1.94860504438
1324,1324,0.434166817787,-1.60482172752
1325,1325,0.960651137056,0.769881892188
1326,1326,2.0824143059,-0.0129770687937
1327,1327,0.10580003043,-1.98151825756
1328,1328,0.104039710601,-1.93681866176
1329,1329,1.86238080417,0.066469820561
1330,1330,-0.232271370632,1.98113029237
1331,1331,0.658549819731,-1.61769662613
1332,1332,1.46152769031,0.425563027412
1333,1333,0.125888426391,-2.01272626842
1334,1334,-0.0565938422004,2.06719068886
1335,1335,0.438357681903,1.78124813874
1336,1336,0.48375570331,1.93100032384
1337,1337,0.0129023815493,1.6707754816
1338,1338,1.87720564554,1.29458545928
1339,1339,0.621106856786,1.96945501773
1340,1340,0.984056993519,1.35929661684
1341,1341,0.812450748717,1.29527580753
1342,1342,1.69534968716,1.24211809817
1343,1343,0.147905362384,-2.31659541352
1344,1344,0.0360978050053,-2.31251556417
1345,1345,1.45320423999,0.835059288922
1346,1346,0.253537461746,1.53949653933
1347,1347,1.6227000254,0.541619209765
1348,1348,0.970203452709,1.50248552706
1349,1349,0.0623835771513,1.4909203779
1350,1350,-0.802542323346,-1.84908565132
1351,1351,1.78353301317,0.305914609864
1352,1352,-0.797011020227,-0.903949890771
1353,1353,-0.301061794268,-1.64393501647
1354,1354,0.578997692843,1.86692199339
1355,1355,0.932852353908,1.1733873462
1356,1356,2.2792085831,1.15595795388
1357,1357,0.497987049214,1.12935670681
1358,1358,0.636958166444,1.96622830704
1359,1359,1.09579800279,0.853563782808
1360,1360,2.28105281965,0.2923505681
1361,1361,0.425759300753,0.442215441606
1362,1362,-0.694919040579,-1.31366004153
1363,1363,-0.632083079873,-1.5417471008
1364,1364,1.57442950943,0.648722813737
1365,1365,1.10431115918,-0.704508856752
1366,1366,2.22554214747,-0.311512821602
1367,1367,-0.495566212982,1.16937862604
1368,1368,0.479996884357,1.65230008525
1369,1369,0.791870357287,-2.23456918275
1370,1370,0.640782241912,1.95419064986
1371,1371,2.74190897644,0.0326903885871
1372,1372,1.33922957272,0.456513639519
1373,1373,-0.344476678351,2.07734988166
1374,1374,1.36807262353,0.464334421957
1375,1375,1.05015225984,1.0409226557
1376,1376,0.689319557907,1.29147246458
1377,1377,-1.04541965729,-1.39748828248
1378,1378,-0.0363091090919,-1.77256649615
1379,1379,1.17582859768,0.772547465513
1380,1380,-0.0227877017523,2.07129426765
1381,1381,0.696653732539,1.47709493738
1382,1382,-0.164278840759,-1.81699994197
1383,1383,0.0835221446865,2.03101588244
1384,1384,1.37183928556,0.672321788087
1385,1385,2.01173448409,0.485140212414
1386,1386,1.00210329157,0.243876011398
1387,1387,1.00527325202,0.798219028857
1388,1388,2.50042144661,-0.0700786525962
1389,1389,1.17145187848,1.21903806333
1390,1390,0.444255178057,1.67692389799
1391,1391,-0.250840698366,2.24094302318
1392,1392,0.273662365074,-1.49078644466
1393,1393,0.371327035747,0.376785670446
1394,1394,0.873862345822,0.373895931111
1395,1395,2.2130848007,0.324184195168
1396,1396,1.81125749658,0.59063939645
1397,1397,0.408400176395,-1.34666770666
1398,1398,0.0473574855183,1.44386079429
1399,1399,-0.103046584429,-2.53073229277
1400,1400,0.991938962749,0.457280480283
1401,1401,-1.02079440224,-1.00360975505
1402,1402,0.0674889293521,2.24496111709
1403,1403,1.05184948475,0.0848380111935
1404,1404,-0.369848198386,2.59929314407
1405,1405,0.7851279382,1.80317204104
1406,1406,0.113577254479,1.65090500521
1407,1407,-0.066741310683,1.92395665035
1408,1408,0.145326437228,1.62945335577
1409,1409,0.23391107219,2.52951637178
1410,1410,0.221220951065,1.87749950782
1411,1411,0.0661958013676,1.92654147793
1412,1412,0.341080452091,2.02437889993
1413,1413,0.0412262202861,2.28024919945
1414,1414,0.330004897015,2.49641397015
1415,1415,0.177985581388,2.13159347109
1416,1416,-0.213261309971,1.95348636456
1417,1417,1.9789339306,0.608253568565
1418,1418,0.656399903028,2.15270016483
1419,1419,1.14816204577,0.298067914142
1420,1420,-1.16626237882,-1.59514728716
1421,1421,0.381063946772,0.149624638876
1422,1422,0.616286131898,0.185529116007
1423,1423,1.80737197665,-0.209109385198
1424,1424,-0.0679386790758,-1.92229255484
1425,1425,-0.0123732405663,2.54245874368
1426,1426,-0.0733734390252,0.855118171157
1427,1427,2.21771338069,0.406779459573
1428,1428,2.42451996529,0.0527412767715
1429,1429,1.74937241744,0.417426145845
1430,1430,1.43191211893,0.44399845881
1431,1431,2.32857539786,0.333212292499
1432,1432,2.05905820566,-0.199889347503
1433,1433,1.43369855313,0.290744065076
1434,1434,0.702079623746,0.764391580436
1435,1435,0.813302746815,0.684980255747
1436,1436,-0.182060548733,-1.83681791948
1437,1437,1.91801256258,0.318070404307
1438,1438,-0.0799210476688,1.42164459356
1439,1439,0.892050555974,2.29058846973
1440,1440,0.610938537896,1.48076228088
1441,1441,0.565282618973,0.782654818316
1442,1442,0.084383451102,1.61256842393
1443,1443,0.0481824204852,-2.10474123205
1444,1444,1.36476679645,1.59072073344
1445,1445,0.756817989034,2.09398626275
