,vote,alpha,beta
0,0,0.0930171793978,2.35070541775
1,1,-0.370991129471,-2.5105891937
2,2,2.67275941837,0.310627226246
3,3,2.30033408079,0.155301445112
4,4,0.610346789619,-1.49705947674
5,5,2.70150183389,-0.429530257398
6,6,2.16376332467,0.396073509058
7,7,2.21264566475,0.551069643295
8,8,0.103134203232,-2.1378143825
9,9,1.31604825664,-1.4936655429
10,10,2.67528480352,0.443829089973
11,11,2.9531041353,-0.297300309944
12,12,2.73805262344,0.727444169788
13,13,2.62359253958,0.0529665883106
14,14,2.81180389471,0.0612777149806
15,15,2.14662580654,0.201997753822
16,16,-0.0393835113375,2.31063305827
17,17,0.47372996064,-0.536288845699
18,18,2.48687264301,0.285490188309
19,19,2.80235144776,-0.111103667446
20,20,1.59918060145,-0.817997975137
21,21,0.0997111265629,-2.70757658882
22,22,0.165642268547,-2.44415630425
23,23,2.96155268612,-0.371926284028
24,24,0.67180336022,-2.05378328981
25,25,1.3234087208,-0.309517986015
26,26,-0.750082898798,0.105587191017
27,27,-0.195793408137,2.72754294878
28,28,2.67551738415,-0.0385710099372
29,29,2.5469333471,0.138423378512
30,30,2.56769940698,0.190665648175
31,31,2.63017038619,-0.139009096011
32,32,0.289986222288,-2.33431511358
33,33,0.0171626969287,-2.94420490274
34,34,1.51340976399,-0.479335122925
35,35,-0.0705433643288,2.21140684599
36,36,-0.15321731519,-2.21627783659
37,37,-0.0571369869934,-2.29521354716
38,38,0.266356719277,-2.15692047024
39,39,-0.90233147304,-1.34218296641
40,40,1.80611684794,-1.35747767979
41,41,0.0724650721612,2.47777209308
42,42,-0.481371181978,-2.19060337885
43,43,2.80157270188,0.0077503326018
44,44,3.02764667531,-0.217455259091
45,45,2.98214062388,0.0671897114667
46,46,2.36020408717,-0.0576666668787
47,47,2.01840833645,-0.120756450277
48,48,2.63063738374,0.554604903076
49,49,1.6180864804,1.4449806959
50,50,-0.132742500544,-2.39454852827
51,51,0.120107349401,-2.60703240236
52,52,-0.19519406444,2.67032150118
53,53,0.122163220325,-2.79665830063
54,54,-0.220277658882,-2.77203179403
55,55,0.410625395853,-1.83147164827
56,56,0.782811243429,-2.53297447386
57,57,-0.615082868785,1.93322704124
58,58,0.321678772512,3.0430359167
59,59,-0.161323941491,-1.69929957296
60,60,1.06009309604,-2.69498637411
61,61,2.33841091799,-0.267114226795
62,62,2.7037475336,0.260886539699
63,63,2.70838934524,-0.251207961974
64,64,2.62255152151,-0.144219937889
65,65,2.47997439335,-0.333821792741
66,66,0.280063366087,-2.3969257544
67,67,0.51093450345,-2.57191676899
68,68,0.93412517395,-2.0329998456
69,69,-0.534241470203,-1.89761509582
70,70,-1.25805256089,1.71450072753
71,71,-0.720574000114,1.98703961556
72,72,-0.7892291878,2.29035198779
73,73,-0.755428069649,2.2085156184
74,74,-0.709383762925,2.40624670966
75,75,-0.569722690961,2.40967598004
76,76,-0.196472879684,1.98612876745
77,77,-0.691071592395,1.55922377805
78,78,0.0972509470734,2.42093726893
79,79,0.812252149131,-2.00721310753
80,80,-0.987396069222,-2.32552248605
81,81,0.0360686347038,-2.43807075192
82,82,0.0324439531986,-2.78874824451
83,83,-0.0597681208494,2.57565725803
84,84,-0.236748826236,-1.93257281223
85,85,2.73858680826,0.155141929521
86,86,2.26902304134,-0.655320789886
87,87,-0.120704424054,-2.37128027088
88,88,-0.0973964677931,-2.53608305282
89,89,-0.710141497431,-1.01158377096
90,90,0.165371851009,-0.463705207651
91,91,-0.495957925247,-1.90117696474
92,92,-0.900092636381,1.89240212768
93,93,-0.765507057619,-1.82500213643
94,94,0.232781765924,2.52287256936
95,95,2.20773737086,-0.19151134417
96,96,-1.0180815286,2.06200210118
97,97,-0.592700009866,1.95012302197
98,98,-0.355204820281,0.280911152456
99,99,-0.148183143316,1.78860725299
100,100,-0.0531090321319,1.510567731
101,101,-1.09020367896,0.574727004578
102,102,-0.341283648049,-1.6704577676
103,103,-0.944108113853,1.70491291705
104,104,-0.319038739711,-0.819572977521
105,105,-1.23294678265,-0.095371166479
106,106,0.700529277832,0.861236229851
107,107,0.148841846691,-1.4949054451
108,108,-0.445133887655,0.564299573979
109,109,-0.528432088146,0.52584849788
110,110,1.32104071332,1.48213226848
111,111,0.116452551413,-2.30725658848
112,112,-0.440998266621,-1.56727271447
113,113,-0.30760151271,-1.89610934469
114,114,0.340326670683,2.77889884868
115,115,0.33779474781,-1.53433896684
116,116,2.72939343182,0.421928859659
117,117,2.75564104538,-0.136944765469
118,118,0.395709748784,-2.41038049961
119,119,2.00376405743,-0.496705857685
120,120,2.58196361726,-0.233486442607
121,121,-0.289771040663,1.99050451627
122,122,1.49852525627,-1.57595262748
123,123,2.48065843411,0.140737398653
124,124,0.716054117169,1.63063915071
125,125,0.595960257925,-2.72586172598
126,126,0.263770387189,-2.18912458516
127,127,-0.678203350904,0.838495223558
128,128,0.287045585525,-1.99811077031
129,129,-0.202375725906,-1.25131330545
130,130,-0.797303867274,-1.46438153132
131,131,1.11784154418,1.0393330704
132,132,-0.591519867868,-1.88358207107
133,133,0.075261179188,1.53288969697
134,134,0.444750762564,-2.37878295621
135,135,1.07531029802,1.9694844855
136,136,-1.85884231696,1.19421557247
137,137,-0.633240597639,0.797092515293
138,138,-1.37256288234,0.712388978624
139,139,-0.12339618597,2.15862302667
140,140,-0.722027783918,0.103618604563
141,141,-0.76440919068,0.605228289723
142,142,0.59327132591,-2.0148483922
143,143,-1.00483792069,2.16572849417
144,144,-1.38899736161,2.00697419965
145,145,-0.898133801213,1.38906429806
146,146,1.69861892324,0.700982324147
147,147,-0.110368989662,1.31358568997
148,148,2.64338636456,0.430787595674
149,149,2.84647214586,-0.114087182427
150,150,0.0669660559005,2.35590337904
151,151,0.824210594742,-0.748290387046
152,152,2.68069488004,-0.0445283598658
153,153,2.55681140426,0.0807435634115
154,154,2.70959241258,0.365105090838
155,155,0.173534555867,-2.68345256865
156,156,0.2783936,-2.47154857565
157,157,2.89221058724,0.0285845119004
158,158,0.262262799429,-2.2213322274
159,159,1.89515998194,0.697744818436
160,160,0.338266746915,-2.33804714629
161,161,0.214315172122,-1.90382992166
162,162,-0.6240368447,2.28331302479
163,163,0.487455673416,-0.515641926787
164,164,-1.24930571607,-1.0180988575
165,165,-0.376852875646,1.55501240136
166,166,0.19544060743,-2.56895440734
167,167,-0.592872691765,1.29877246134
168,168,1.02100564827,1.31015074843
169,169,0.00196099901002,0.147762346848
170,170,-0.852051181899,-0.625645122204
171,171,-1.14552041011,-0.920789452841
172,172,-0.865827153491,1.14923917618
173,173,-1.15098886447,-0.684350527701
174,174,-0.707976393958,-1.95442814705
175,175,0.128921442992,1.53313906369
176,176,0.211322452385,0.80857192815
177,177,0.160940877628,-2.12036049555
178,178,0.113068230136,1.14322525928
179,179,-0.396019571553,-1.31708702861
180,180,-1.03180705006,-1.48988252909
181,181,0.873267857322,-0.3823459285
182,182,-0.325486408902,-1.10575149874
183,183,-0.0164241659665,1.00078622807
184,184,-0.0392751672438,0.448893460191
185,185,-0.318390724124,0.361651800495
186,186,0.596579023426,-0.401277434222
187,187,0.134633307555,-0.438234517147
188,188,-0.0616632100507,-0.702791465339
189,189,-0.13513263854,-0.24948243129
190,190,0.081484873537,0.290563717825
191,191,-1.25741762579,-2.05134457005
192,192,-0.0742619738506,-2.22272017385
193,193,0.22488333363,2.88283632707
194,194,-0.37098734911,-0.920571568971
195,195,2.41392770216,-0.00310734798366
196,196,2.80788563759,0.495255405204
197,197,-0.0407863234377,-2.52199113964
198,198,-0.729329651306,1.15682142605
199,199,0.311164811713,-1.97484150604
200,200,0.435517658666,1.57821913022
201,201,-0.0260107951599,2.66870443817
202,202,1.10342456723,-2.08511238514
203,203,3.06145592619,-0.520049568026
204,204,-0.445724792199,2.1518324645
205,205,0.29262005235,-2.2198283014
206,206,0.293706276249,-1.2420960271
207,207,0.514502396387,-1.86663105597
208,208,-0.512656395597,1.85893829736
209,209,0.243128085745,-2.52284066111
210,210,0.592465511338,-0.651441908351
211,211,-0.498721159814,-2.1939275685
212,212,0.673176946285,2.08083684075
213,213,-0.785027364691,2.20853386625
214,214,0.222705416815,2.21621600024
215,215,0.17524324643,-1.88686199508
216,216,2.15088441844,-0.93832220957
217,217,1.80564154902,-1.13382538438
218,218,2.73876306808,0.141712841262
219,219,-0.12350985555,-2.45446991959
220,220,0.489053136446,-2.16377835486
221,221,1.80073226648,0.821997347706
222,222,-0.790136235407,2.32731256757
223,223,-0.180326052493,1.86684796353
224,224,-0.87320956184,1.64098867954
225,225,-0.452906989052,0.184104621122
226,226,-1.18425208991,-1.69257585497
227,227,-0.977887418511,2.0304835528
228,228,-1.34342205586,-1.8008506422
229,229,0.205976267904,1.85096891646
230,230,-1.40132283701,-1.49660298616
231,231,1.68150212637,1.04576622963
232,232,0.0170671316825,1.99798173016
233,233,-0.449606738445,1.9376661716
234,234,-1.04811573813,2.1562672054
235,235,-1.09884741207,1.91065069452
236,236,-0.818682876289,1.58453314773
237,237,-1.11571885996,0.736787852802
238,238,-1.05724642371,1.63877073926
239,239,-0.906413700065,1.3991770704
240,240,-0.918648992188,1.68072928434
241,241,-1.21598903024,1.7908565994
242,242,0.310499954634,-2.5176616297
243,243,-1.22735710381,-1.82404053224
244,244,-0.397631027171,2.04742466569
245,245,0.081874827654,1.01040023915
246,246,-1.2409892584,-0.859783193228
247,247,-0.179456766088,1.0748760681
248,248,-0.619119543263,0.337009256291
249,249,-0.525834784936,0.265113154603
250,250,-1.20280408191,0.992170950087
251,251,0.4341902264,1.43930882515
252,252,-1.65172371003,-1.26551539323
253,253,0.170869409021,-2.31948979502
254,254,0.087353496368,-1.91951369885
255,255,-0.656906773297,1.63259165359
256,256,-0.287677925099,0.731069565638
257,257,-1.42279752329,-1.74652169172
258,258,-0.387379573666,2.318175477
259,259,-0.00708078211327,-1.99146095967
260,260,0.0344997106231,-2.48267365839
261,261,-0.0799537907887,-2.6415006474
262,262,-0.0218456034704,2.12387049819
263,263,0.407614328843,-2.78940356337
264,264,0.160120165287,-2.38326736443
265,265,-0.183230721746,2.52239939609
266,266,-0.718835886827,-2.21959732969
267,267,2.47521276543,-0.0961969147963
268,268,2.73033627668,-0.265039836119
269,269,2.9035246251,-0.170210900044
270,270,0.0174579270935,-2.58510808917
271,271,0.312659289709,-2.50050768992
272,272,-1.0368157708,0.260047412077
273,273,-0.0776687549411,3.0644815864
274,274,1.2729220714,-2.22275212034
275,275,-0.310170190015,2.41406865299
276,276,0.743900211438,-1.93593700266
277,277,0.0729256012788,-2.07574264714
278,278,-0.270797800692,-2.50954644937
279,279,1.02546658561,1.52177160484
280,280,0.739655254623,-2.27414134905
281,281,0.201115917608,-2.09483782475
282,282,-0.131676224158,1.86361844053
283,283,-0.221428209,-2.7057196907
284,284,-0.508477487484,1.96042316276
285,285,-0.239906495434,1.82735575075
286,286,0.369028553111,2.72316987427
287,287,-0.460155360007,-2.15590148586
288,288,2.13536332577,-0.0857203665817
289,289,2.60226821489,0.294701830685
290,290,-0.182104477312,-2.47480552026
291,291,-0.219333805078,-2.37066448462
292,292,-1.41994059773,0.52555715279
293,293,1.05306814745,-2.04203516769
294,294,-0.464464715222,1.45965456363
295,295,-0.931706728643,1.46753509574
296,296,-1.71241306393,0.809042245632
297,297,-1.22323654374,-0.842265585153
298,298,-0.417726668972,1.41374835614
299,299,-0.685917454446,1.87743867544
300,300,-0.187282000715,-0.314303462018
301,301,0.545216445004,0.158483801168
302,302,-0.0724519994374,0.483125741871
303,303,0.246599168643,0.411128566315
304,304,1.47961880806,-0.923653327972
305,305,1.02652828064,0.355111498861
306,306,-0.333212091029,0.356906421662
307,307,0.556641894468,-1.75312697826
308,308,0.845137391698,-0.337690176257
309,309,0.360775989297,-2.34598772464
310,310,1.09676965522,0.711877633084
311,311,-1.14773043681,1.06743236089
312,312,-1.1860340595,1.69225247246
313,313,-0.116689391618,-0.315693341559
314,314,0.0526992557221,-2.73963412952
315,315,-0.0853861143,-2.65029635321
316,316,2.63739237049,0.119054878592
317,317,0.663742218315,-2.47666819616
318,318,-0.169247762147,0.16193588561
319,319,0.598455148486,-1.84352510344
320,320,0.280226929531,0.925285257331
321,321,-0.678175428613,-0.809710652946
322,322,0.547806448194,-2.13413951255
323,323,0.423494208074,0.36207387829
324,324,1.30380356475,1.61752341918
325,325,-0.569195478115,1.54930638428
326,326,-0.333888944909,1.72831915189
327,327,0.168405732897,-2.77918973516
328,328,-0.074892305857,1.00395023389
329,329,2.68347952265,-0.952293627982
330,330,-0.0514444323613,0.334952145567
331,331,-0.529567803873,1.92499039792
332,332,1.11722711953,-0.989018850753
333,333,-0.723513724185,2.40521440168
334,334,-0.766676167759,1.8789930198
335,335,-0.260218821209,3.10016422425
336,336,1.03124212706,-1.62080745932
337,337,1.67495631211,1.47482169808
338,338,0.175303071501,-2.446839972
339,339,0.220136918263,0.538337233018
340,340,-0.119727755283,-0.46230359566
341,341,-0.513813552267,-1.06539608432
342,342,-0.707855667377,1.14835565966
343,343,-0.942302428456,0.852713960275
344,344,-0.969957806043,1.10536317411
345,345,1.24677843561,-0.274506117504
346,346,1.78040032012,-0.395627853089
347,347,-0.460079159261,2.28881846146
348,348,-0.380388995848,2.57893260563
349,349,0.16300587358,-2.48526249944
350,350,0.413612229626,-1.85596789714
351,351,-0.305790081763,2.17450041868
352,352,0.251806918616,-2.04091338684
353,353,0.238723850745,-2.50535506148
354,354,0.0112314064803,-2.35135709716
355,355,2.1673662349,-0.0179068871566
356,356,0.562712940352,-2.32691311911
357,357,0.476066697844,-2.42549739965
358,358,0.084307077446,-2.02620836469
359,359,1.32756717073,-2.25988262518
360,360,0.768423672359,-1.51471311944
361,361,-0.10970218278,2.10089045538
362,362,-0.221818289894,1.95553591558
363,363,-0.196495018651,2.34143428911
364,364,-0.0903447465271,2.38407169267
365,365,0.261423252792,2.60434517104
366,366,0.178694575992,-2.17112830982
367,367,0.250081229056,2.44779496994
368,368,0.165308957376,-1.9162366121
369,369,2.13242836407,0.954822696168
370,370,2.85932004646,-0.0770230908305
371,371,2.58738889296,0.0135113726527
372,372,2.729934593,0.669050280948
373,373,2.00644863546,0.193686868779
374,374,2.86687423481,0.323137504622
375,375,2.50445252942,0.201614398667
376,376,2.5166226557,-0.114987041402
377,377,2.19505525856,0.0329648319049
378,378,-0.09204258853,-2.81719691743
379,379,-0.0171875026902,-2.13191880234
380,380,0.502527814823,-2.66526794782
381,381,2.35522358177,-0.00960178260828
382,382,2.81536686629,0.132896249199
383,383,2.09158957916,0.818773861066
384,384,0.223264390473,-2.50716978019
385,385,-0.0305891787927,-2.62243119512
386,386,2.13425321272,0.637420745876
387,387,-0.638957202563,2.29887991089
388,388,-0.304733633017,2.23979400962
389,389,-0.532184949657,2.0999327846
390,390,-0.534325837876,2.42420120628
391,391,3.39339860243,-0.25782092794
392,392,0.0197684135684,2.21727831735
393,393,0.560387184163,-1.83659407064
394,394,-0.34202445366,-2.21498901205
395,395,-0.0254933085894,-2.71306627994
396,396,-0.359931327536,-2.15388589456
397,397,-0.391555902669,2.4964085066
398,398,-0.654231187901,-2.32766210038
399,399,0.187108988436,2.72918046975
400,400,0.120765920691,-2.45668674072
401,401,-0.219969516114,-2.10969167706
402,402,0.555311467325,-2.14872686212
403,403,0.827616432872,-2.10993524807
404,404,0.169843098068,2.5219368603
405,405,0.566263279863,-2.21802701413
406,406,1.07572105271,-0.783470818763
407,407,2.54013998579,0.00489788714615
408,408,3.38379229691,-0.32910233818
409,409,2.92185161525,-0.143551228642
410,410,-0.258188747887,2.15678624805
411,411,2.57794567949,0.281049684858
412,412,0.354264098488,2.31236832681
413,413,2.56942356325,0.315480380204
414,414,2.90959418422,0.206006384465
415,415,0.0530703642357,-2.37675586496
416,416,-0.0339304034967,-2.44618736183
417,417,0.132985814913,-2.13217984468
418,418,2.40446949827,0.450703719555
419,419,0.734110021451,-2.1750000351
420,420,-0.0506024271773,-2.49002532199
421,421,2.52789411531,0.203682821797
422,422,0.0500778294354,2.31321059277
423,423,1.55787554131,0.533364091577
424,424,-0.0160351450674,-2.78122654474
425,425,-0.373975895713,-2.49273333621
426,426,2.09403616875,0.833781898345
427,427,-0.130436747953,-1.509969154
428,428,-0.00487439304409,-1.98942434373
429,429,0.994801358815,-2.01441185638
430,430,1.003002078,-1.73689106544
431,431,0.954420567698,-2.11597331335
432,432,-0.020429423204,-2.19433300319
433,433,0.0394268722615,-2.1633558733
434,434,-0.0463604594923,-2.30624995888
435,435,-0.223394304301,-2.94790372536
436,436,0.655834032536,-1.98754017455
437,437,0.618023003905,-1.72528119438
438,438,0.33766668144,-3.11557873222
439,439,1.1251091675,-1.85069394227
440,440,-0.362492802257,-2.5553145233
441,441,1.31039021718,-2.07088816127
442,442,0.481635855479,-2.54598562016
443,443,2.07246684243,0.366220406245
444,444,0.223622507978,-2.11507809643
445,445,0.147179477381,-2.58836053557
446,446,0.907398625762,-2.02910247913
447,447,-0.0590251636381,-2.9889382689
448,448,1.05483746758,-2.29637326758
449,449,2.71850945766,0.196567165251
450,450,2.83944418531,-0.317687699632
451,451,0.215158020396,-2.92199065021
452,452,0.941643440896,-1.9067734816
453,453,-0.0531265486497,-2.50967545637
454,454,0.586636614806,-1.77149883214
455,455,-0.0684229595445,-2.57607459029
456,456,0.447420584112,-2.41187089687
457,457,-0.0647898680654,-2.60012699985
458,458,-0.394894957062,-2.1452086251
459,459,2.99904638678,-0.0920698225856
460,460,0.256923290521,-2.61671918431
461,461,0.896780493387,-1.9930803285
462,462,2.48054001551,-0.116328662964
463,463,0.528810292453,-2.8023616952
464,464,-0.920337782974,-1.4461298223
465,465,0.847806252452,-2.348489934
466,466,0.473674945894,-2.57681123167
467,467,1.01244476782,-2.19044886265
468,468,0.265506300276,-2.23716375839
469,469,0.351266448747,-2.46736862767
470,470,-0.0947488121645,-0.27576671604
471,471,0.317655865855,2.28336843625
472,472,-0.112546239062,-2.45936466869
473,473,1.10516760371,-2.49944681734
474,474,-0.385974425352,1.60239441399
475,475,1.7444112743,2.02455469617
476,476,1.51977167681,1.89706410819
477,477,2.59911246098,0.01684403305
478,478,2.66484085747,0.0709857760341
479,479,0.0682677989479,-2.44478035497
480,480,0.861907562549,-1.54903184205
481,481,-0.604053671828,2.18347335731
482,482,-0.113641785405,-1.87392149668
483,483,-0.791644516684,1.04463638159
484,484,0.151607254781,-0.00296337080904
485,485,1.84171330741,0.614631959115
486,486,2.24088754426,-0.205330370545
487,487,2.40331004422,-0.406425126611
488,488,2.58328330116,0.415761573696
489,489,0.364375757703,-2.65721748094
490,490,0.63048389322,-2.26992030323
491,491,-0.972129009218,2.151057623
492,492,0.0611735459783,2.834591686
493,493,1.30114536953,-1.98568256874
494,494,0.235567426055,2.59410790267
495,495,1.07626606405,-1.26534334323
496,496,2.08789097431,-1.01906338998
497,497,0.0337349528896,-2.18777410585
498,498,2.59128426148,0.0350381537874
499,499,2.09141531732,-0.19777269669
500,500,-0.501909146902,-2.63372604037
501,501,-0.217100745934,-2.92468823653
502,502,-0.114722234477,2.43325492225
503,503,-0.277246264548,2.51599749883
504,504,-0.298798835125,2.68731945222
505,505,-0.216003621734,2.62372288163
506,506,-0.254740345992,-2.15277951653
507,507,2.47314319272,0.252704995354
508,508,0.157198677727,2.63120751957
509,509,0.310640229214,-2.43262303288
510,510,2.09815628179,1.58153162926
511,511,0.224247034919,-2.83324072221
512,512,0.272084260526,-2.27769316721
513,513,0.169028133458,-3.04594685855
514,514,-0.234261795794,2.1373610942
515,515,0.711599543253,-1.51463473394
516,516,2.69414363376,-0.41429075606
517,517,2.48763361141,0.0448129282791
518,518,-0.125589117097,-2.90020686744
519,519,-0.188792771505,-2.55044658423
520,520,-0.171870555405,-2.4034658379
521,521,-0.00659004222427,-2.40492993983
522,522,0.425426625678,-2.36391167551
523,523,-0.0132531684726,2.10528451385
524,524,-0.245287994691,2.52662377786
525,525,-0.0606502082914,2.1774758881
526,526,0.0442071691252,1.72411810789
527,527,-0.239306567666,1.7608375515
528,528,-0.566387101102,2.38716411994
529,529,-0.00608299049861,-2.82392193392
530,530,-0.273233313293,-1.78241821444
531,531,0.312113957178,-2.44592837262
532,532,-0.0628538490132,2.65743601167
533,533,-1.22801497317,1.57513869197
534,534,-0.552475264431,2.53885271478
535,535,0.641355536172,-2.21591274705
536,536,-0.429051332275,2.01894343452
537,537,-0.458373693066,2.30054679476
538,538,-0.245084111573,2.08801149795
539,539,-0.763553208271,2.19350415875
540,540,-0.778114699706,2.28748019076
541,541,-0.0446123566782,2.60233207449
542,542,-0.700957451284,2.59057077925
543,543,1.04298397334,-2.0152193811
544,544,2.42249560929,0.165086430533
545,545,2.64448931487,0.10682352014
546,546,2.92709311731,0.293959415035
547,547,2.59750337471,0.0410831533817
548,548,2.32661293061,0.273913123201
549,549,-0.125817277693,-2.18032391899
550,550,0.529162249711,-2.14696065305
551,551,0.507374967029,-1.01772245767
552,552,-0.395480749302,2.11134488916
553,553,-0.265099724514,2.21214339075
554,554,1.04345441094,-1.92260233323
555,555,1.42074025386,-0.927971019096
556,556,0.0313484757665,1.10883785609
557,557,-0.59712332448,0.235555800469
558,558,-0.725044796454,0.942866619084
559,559,0.431923428864,0.639537449444
560,560,-0.721677539688,1.35346400639
561,561,0.67391387754,-0.337182361166
562,562,1.86269557976,0.449533322795
563,563,2.57867059576,-0.119618785624
564,564,2.50694578367,-0.0948851668596
565,565,1.57924551833,-1.62564066145
566,566,2.47557759044,-0.109628808514
567,567,3.00039052111,0.0400161367859
568,568,2.9178435436,-0.305812711521
569,569,2.57153228601,-0.268289473247
570,570,-0.296750618811,-2.32806089783
571,571,0.117331510264,-2.82691878723
572,572,0.014686871437,-2.70642575797
573,573,0.758779061949,0.189963702251
574,574,1.03448665818,-0.448364461781
575,575,0.529634683966,-2.24591495274
576,576,-0.0795686984855,2.8427751311
577,577,0.636211401683,-1.76246146478
578,578,1.7546101345,1.13089299686
579,579,-0.0855665223893,-2.69937898982
580,580,-0.142195989551,-2.90296455699
581,581,0.0171926830302,2.18739297958
582,582,-0.393908006834,2.01480392154
583,583,-0.241859366251,-1.65255423768
584,584,2.72010972979,-0.379458639287
585,585,2.83471678367,0.163927707875
586,586,-0.157267587443,-2.73055803834
587,587,2.59766087587,0.277859203431
588,588,-0.102340385224,-2.59736332238
589,589,0.764460741226,-1.05491380112
590,590,-1.51829017707,2.26794484568
591,591,-1.30666901593,1.33550304336
592,592,-1.75985274808,1.45694209809
593,593,-2.19966561127,-2.16820658655
594,594,-1.22696824188,2.30750193689
595,595,-0.638520069339,-2.31391963714
596,596,0.688999536438,-0.424280185646
597,597,2.13795693559,-0.162592159577
598,598,1.77906322478,1.86731520487
599,599,0.584057309267,-2.31351597086
600,600,-0.260900344515,2.88965398505
601,601,-0.485894856191,2.33992526599
602,602,2.33777183463,-0.309545200965
603,603,0.023582021095,-2.49613405304
604,604,0.266894270365,-2.71893498364
605,605,1.26308531005,0.746672738162
606,606,-0.00562132573902,2.94450810288
607,607,1.17343213289,-1.89607766944
608,608,-0.98562349,2.00954851428
609,609,0.982268960537,-1.98749954347
610,610,-1.29941929577,2.44611064183
611,611,1.49482877526,-1.90536125902
612,612,2.32097919516,0.665778981778
613,613,1.12856173135,0.707269126133
614,614,0.740540858053,1.32160753077
615,615,0.677311005242,0.376042470145
616,616,0.590721526543,0.626235052982
617,617,0.748323353571,0.560757305202
618,618,0.702562103644,0.802702767416
619,619,0.330816403573,-1.68176706132
620,620,1.00291898428,1.4104211498
621,621,2.54796461549,-0.251259614796
622,622,0.935072207347,-2.20367402569
623,623,2.26958639937,0.929058769985
624,624,-0.00354240486986,1.94930544566
625,625,0.288923734937,-1.16711066025
626,626,-0.389928840844,-0.629369230344
627,627,1.06095059099,1.77800533262
628,628,1.27988635905,0.689283866088
629,629,1.38598105665,0.708756711917
630,630,-1.27856220107,-1.97097985308
631,631,-0.370494031308,-1.81668630624
632,632,-1.87936133833,1.67009417508
633,633,-0.674285080795,-1.4800840687
634,634,3.11968098726,0.277616007298
635,635,-0.152297708472,-0.0758789285998
636,636,-0.784757152508,0.882854057864
637,637,-0.200695521428,0.342913560937
638,638,4.25961890591,0.284025786075
639,639,0.427452553608,0.187590249294
640,640,-0.581143378552,-1.5156601141
641,641,1.02458789184,0.612946501687
642,642,1.30702467477,1.25491127931
643,643,-0.383994025328,-1.4172944949
644,644,-0.560238398914,2.82139030513
645,645,-0.106560618103,1.87787911058
646,646,0.640663560241,0.737512912516
647,647,2.35313780505,1.55169761726
648,648,1.6961047174,1.36899401427
649,649,0.903047881061,1.68119127747
650,650,2.21082824346,0.582901793759
651,651,-0.320681547155,-1.57351918138
652,652,-0.557099746457,-2.0135144065
653,653,2.09420750087,0.26603915092
654,654,0.993152981436,2.49458622453
655,655,0.934315869031,0.740433568894
656,656,-0.901235107086,-2.24520074839
657,657,1.37818235947,0.521534059541
658,658,0.157101394743,1.13186635775
659,659,3.04468287022,0.413985757893
660,660,0.904858886176,1.30320569382
661,661,1.98223524348,2.31462346188
662,662,1.69093205686,2.22455402034
663,663,1.02086749356,1.38900970666
664,664,1.32891929369,1.78733950236
665,665,0.980773585088,1.69286590183
666,666,1.28860440114,2.39812067676
667,667,0.0700364423881,-2.27631264267
668,668,-0.340612810845,2.71929843466
669,669,1.51812038715,1.93411375941
670,670,-0.309940021342,-1.72709215341
671,671,1.12334492419,1.61942967339
672,672,2.41456857691,-0.492491396718
673,673,-0.753162089762,2.26433012322
674,674,-1.98092813063,2.33996910749
675,675,1.42427677309,-1.10512177166
676,676,0.92219042163,1.9157157392
677,677,1.14903948921,0.962174638666
678,678,2.07992714323,1.16309635941
679,679,0.10781140995,2.46096108982
680,680,1.40669727733,0.33108239175
681,681,2.1059501751,0.868933212025
682,682,2.73473509466,-0.348261554975
683,683,1.99241189623,1.65034500613
684,684,1.47060107937,2.08028891996
685,685,-0.00146806480767,2.86120067791
686,686,-0.0783427329553,2.26972096355
687,687,0.0954335357706,2.01754621774
688,688,-0.0911319965982,2.24388891501
689,689,0.189489261636,2.49784459357
690,690,-0.363442785125,2.50231117606
691,691,0.967663135905,0.771349790948
692,692,1.98930932037,1.64532439712
693,693,-0.640340445562,-2.882855352
694,694,0.680857092603,1.39669037416
695,695,-0.0482607696819,-2.16821991736
696,696,1.1007970543,1.81323824002
697,697,1.13495793893,1.97623374939
698,698,2.15480668731,0.23470013679
699,699,2.09165423848,0.170564429326
700,700,-0.159914106317,-1.85448241833
701,701,0.0288723673579,1.78220647652
702,702,-0.226115170964,1.9748300556
703,703,-1.10760954136,2.92376516974
704,704,-0.473945900282,-1.36940181783
705,705,-0.156433411688,2.22543933174
706,706,1.02821746343,1.72125613572
707,707,-0.286856688235,-2.62208932887
708,708,1.4079028994,2.28892373669
709,709,1.18461094914,1.55109330941
710,710,0.229984843004,-2.43771687654
711,711,1.21135403931,0.441830996454
712,712,0.0555453232774,-0.532452516978
713,713,-1.78989196866,-2.13677866545
714,714,0.52387389093,-2.71941909807
715,715,-0.843663089156,2.27052002747
716,716,0.0840376420556,1.9772642211
717,717,-0.112006773988,-2.12492162388
718,718,0.881750427923,1.80931790856
719,719,0.067280973673,-1.75153802124
720,720,0.836960077115,1.83150404079
721,721,-0.135991634975,-2.22069994679
722,722,-0.385935379644,-1.50702035731
723,723,0.755116040232,1.09252312278
724,724,0.586509731816,1.48194496318
725,725,0.996475976051,0.962470945538
726,726,0.117120149051,-2.57080830182
727,727,-0.689754986709,-1.9049991916
728,728,1.26340409389,-0.545656121303
729,729,2.10178135322,0.805287429628
730,730,0.093920601017,-2.2214603962
731,731,0.154673705804,-3.14635371306
732,732,0.105335944738,-2.10085887019
733,733,3.03772547706,-0.192299429848
734,734,0.642819492702,-3.22061033667
735,735,0.644141625839,1.71185608716
736,736,-0.491831541725,-2.49266869697
737,737,-0.493075897854,1.64005756405
738,738,1.26655467815,-1.3543102508
739,739,-1.74715128115,2.3708567682
740,740,0.811514719619,-1.94815808777
741,741,-0.238978918903,2.17359176839
742,742,-1.25019216633,1.55408729689
743,743,2.07973447589,-2.21664106172
744,744,0.631481941073,0.650882078411
745,745,-1.3109379935,-2.35854852853
746,746,-0.0397814343421,-1.84702801371
747,747,0.562016950821,-0.674276513308
748,748,1.83134039629,-1.25665324383
749,749,-0.0320311393833,-3.14624827594
750,750,0.000397875301396,-2.861872997
751,751,-2.09892935117,-1.6485248252
752,752,-0.10363797593,2.23081074193
753,753,2.92797796624,0.125152935942
754,754,0.415554251332,-2.39456394469
755,755,-0.284042539348,-1.6748274125
756,756,0.00685821978701,-2.14594113192
757,757,0.11734053766,-2.23735671447
758,758,-0.762665123745,-2.46000692321
759,759,0.13426965977,-1.87481447478
760,760,-0.648449014603,-3.12818399426
761,761,-0.335736601211,-1.66754705054
762,762,0.81618356551,-2.53959399001
763,763,0.184940809057,2.75009454096
764,764,1.49644462615,0.18516321705
765,765,0.311994698842,-2.2851813227
766,766,-1.34463764897,-1.66596607607
767,767,-0.314336423126,-3.38931738798
768,768,0.018981764792,-2.17761217858
769,769,-1.59725687572,-1.83189876857
770,770,-0.966266084925,-1.87556846314
771,771,0.448319652574,-1.45735592253
772,772,-0.840614542926,-2.11126228267
773,773,1.69070274132,-2.01869173056
774,774,1.5996257784,1.43335506734
775,775,1.35698498625,-2.5658167348
776,776,1.11853127899,-2.333263941
777,777,-0.491406001567,2.57338441873
778,778,1.22629667537,1.50707714712
779,779,0.191827983866,1.75268534137
780,780,0.482180424015,-1.76814310591
781,781,0.658784124789,1.85673865733
782,782,0.231694286127,-2.24816270293
783,783,0.106291512884,-2.43830323443
784,784,0.493489751745,-2.43744302107
785,785,-0.263522936761,2.09051917555
786,786,-0.0747823160585,2.25284361253
787,787,-0.473576795382,2.35389558075
788,788,-0.148173680161,2.58915803197
789,789,0.288241514078,-2.21541145614
790,790,0.20658067105,-2.82384176978
791,791,-0.40307526982,2.44701206363
792,792,-0.0802797154287,-2.62320468647
793,793,1.33846176364,-1.49599291521
794,794,-0.197542877738,2.15413776714
795,795,-0.107090138092,2.22464414474
796,796,-0.166452319542,2.10717501782
797,797,0.551419825573,-2.39605123932
798,798,2.28574906251,1.11690371262
799,799,2.48800516208,0.0813630742913
800,800,2.33481572912,-0.0508898535123
801,801,2.23088606436,0.332295237028
802,802,0.226455750855,-2.67291138199
803,803,-0.0198214874931,-2.55313919083
804,804,2.74214373845,-0.0510637543287
805,805,-0.144692920959,2.41387262421
806,806,0.0818836141874,2.05694598121
807,807,-0.300192988646,2.34770389855
808,808,0.144634042415,2.46110738474
809,809,-0.0695666176773,-2.2971844146
810,810,0.0761680284128,-2.52200925895
811,811,-0.0819892171688,-2.68332791422
812,812,-0.160227570329,2.43258285168
813,813,0.119171950189,2.88830757569
814,814,0.50164723342,-1.77565913657
815,815,2.53583342796,0.496428381055
816,816,-0.63175540936,2.26083821202
817,817,-0.254703290459,2.47530625142
818,818,0.831448236815,-2.29642559866
819,819,0.0887118376731,-2.80263216044
820,820,0.0213543500516,2.67852059526
821,821,0.264911838033,-2.08517587201
822,822,2.76351859419,0.106753106677
823,823,2.65446020935,0.126970544379
824,824,-0.412507307931,2.52644863484
825,825,-0.0388177821734,2.13192948246
826,826,2.84171180299,-0.163633588868
827,827,0.2915685412,2.87838722035
828,828,0.136252488486,-1.81646677605
829,829,0.250840106131,-3.01174873644
830,830,-0.0065861590063,-2.00274634037
831,831,2.49453199113,-0.184583683968
832,832,0.235892367443,2.29888607517
833,833,0.0327567405399,2.56486313614
834,834,-0.224080602372,-2.21475414721
835,835,1.73243923983,0.255624971668
836,836,1.91226860518,0.74919548829
837,837,2.37074814672,-0.384816789638
838,838,1.85491657938,0.28090555616
839,839,0.0325265996231,-2.1143663507
840,840,0.302633925585,-2.365062167
841,841,-0.100931169807,2.66042254153
842,842,0.754188047177,-2.1977252325
843,843,0.16034363634,-2.43224918058
844,844,-0.155709588762,-2.76946275983
845,845,-0.152135477952,2.00423761218
846,846,0.260551919568,1.91607265486
847,847,0.19802858602,2.57480020716
848,848,0.104246271947,1.99654338582
849,849,-0.0519690122765,2.18703277669
850,850,0.464207002863,-2.30398520978
851,851,0.129900343585,2.5409371291
852,852,1.06045903887,-2.21986274584
853,853,-0.288388094597,2.62122177787
854,854,0.359589100803,-2.50020019401
855,855,0.178396206842,-3.00228948432
856,856,2.72184888493,0.0448887701813
857,857,-0.0535790614908,-2.8788556507
858,858,-2.82540156943,-0.0526721975272
859,859,-1.46573466963,1.5154644233
860,860,-1.69174064455,1.43084873664
861,861,0.390048359587,-0.896047475792
862,862,-1.8487538838,-2.12852306774
863,863,-1.33635139064,2.20739567098
864,864,-0.559263130795,-2.27192524681
865,865,1.8469050134,0.532463908989
866,866,2.75655532967,0.359586945267
867,867,2.79727366492,-0.00773198708261
868,868,0.187464816308,-2.47829903644
869,869,0.635822872545,-2.28821138235
870,870,0.421056337209,-0.856666517668
871,871,2.12181031668,0.469322010166
872,872,0.332548623504,-2.37268914417
873,873,-0.761025720285,1.91333236829
874,874,-0.0859676519458,1.3727139891
875,875,3.06744441526,0.33860181087
876,876,-0.0574813822765,-0.352236653886
877,877,0.139993258107,-1.07429376125
878,878,-0.2454552961,-2.71665670095
879,879,-0.128033811387,-1.08549552676
880,880,-0.611912541355,1.33602233713
881,881,0.109693729657,2.42358273182
882,882,1.78684334009,0.154556101827
883,883,2.344713592,0.466711337587
884,884,2.59567009285,-0.296019582092
885,885,-0.269470305752,-2.60205754186
886,886,-0.142952082806,-2.60767236927
887,887,0.0100159378326,-2.64299174167
888,888,3.04137236067,0.308066950492
889,889,0.253461826547,-2.24371852537
890,890,0.366899019512,-2.67134131396
891,891,2.12559728091,0.981246693035
892,892,0.162868716718,2.58485647954
893,893,0.436717794575,-2.60962435974
894,894,1.16470003887,-2.2562288618
895,895,0.736404828986,-2.20800977709
896,896,-0.120756932247,-2.30611733909
897,897,0.019291986203,-2.61036889562
898,898,1.4897219419,1.46236034369
899,899,0.40074062074,-2.32370448715
900,900,1.58672032916,0.841234108501
901,901,0.242763338616,2.39782788434
902,902,1.11091738643,-1.58361819909
903,903,0.00584068533814,1.98832006103
904,904,-0.264562341821,1.74514293041
905,905,1.98047988563,0.987352585817
906,906,1.85255987176,0.529534382522
907,907,1.61450745159,0.806556712689
908,908,1.25610328052,-0.330834998586
909,909,2.12703244529,0.407657436666
910,910,2.90081796868,0.0506273943724
911,911,-0.125628508722,2.63657240307
912,912,2.54756153949,0.531279853701
913,913,2.57185920461,0.150987348431
914,914,2.45868493044,-0.698043816526
915,915,-0.136857480901,1.40361922831
916,916,-0.226506446502,2.27059180803
917,917,0.110566012049,-2.03314154671
918,918,0.286073264418,-1.78989005517
919,919,1.65461335953,-0.561228012237
920,920,0.95476955849,-2.05738248589
921,921,0.501509937691,-0.115177152265
922,922,-0.239337009461,-2.62070789484
923,923,0.765380073306,-2.36525028681
924,924,-0.625587200223,1.97839909325
925,925,-0.218382550969,1.56617928487
926,926,-0.977117381572,-1.65168610885
927,927,0.234543132772,-2.20862171391
928,928,0.0294995688493,1.12690219606
929,929,0.68139864675,2.05210798753
930,930,0.0095596933862,2.31586796418
931,931,2.23620571932,-0.264958918842
932,932,0.962313974159,-0.76904664489
933,933,2.39158835095,-0.0926396628031
934,934,3.09441427489,-0.0690081121133
935,935,-1.79509475705,-1.96228300915
936,936,0.74830799585,0.451836822452
937,937,1.18078742667,-0.733930431667
938,938,-0.11426384338,-1.67696740322
939,939,-1.05459202034,1.4219773254
940,940,-0.380431676464,1.49474578436
941,941,1.24176654229,1.57004472858
942,942,1.6929957022,0.686374860594
943,943,-1.02217545754,0.250304930928
944,944,-0.0387426414312,0.864676391677
945,945,-0.326065593634,-1.86046953552
946,946,-1.41148586635,-1.58962060843
947,947,-0.279747964222,1.61646190897
948,948,-0.811427627448,-1.22857269309
949,949,-0.446270280718,-1.86549348574
950,950,0.456018346853,0.913003368481
951,951,0.278579697165,1.12475162301
952,952,0.0379454986958,-1.96971646255
953,953,-0.424971080658,-2.9145853977
954,954,0.472059803866,0.898820349785
955,955,-0.322745212344,-1.06203599454
956,956,0.291169508625,2.10768210017
957,957,0.284759901427,0.91691742301
958,958,0.671926984108,-2.29710453523
959,959,-0.132357053444,-2.26188883199
960,960,-0.340102111693,-2.25224803573
961,961,0.486967494267,-2.42113272139
962,962,0.0810580806385,2.56149678393
963,963,0.940961400776,-0.610335525439
964,964,0.381589111201,-2.56571927546
965,965,-0.323793519231,2.6540922464
966,966,1.13014535595,-0.247474433456
967,967,2.82346200512,0.362182242708
968,968,-0.810761271728,-1.44007412373
969,969,-1.77335686359,-1.83786579244
970,970,-1.06468150026,-1.73371050926
971,971,0.142245015456,1.82110660812
972,972,-0.879413108529,-0.657077912846
973,973,-1.93353447704,-2.15764716616
974,974,-1.25829362446,-1.63410267293
975,975,-1.33976302964,-1.55226069444
976,976,-0.562630211863,-1.39811184795
977,977,-0.533409158012,-1.96437135351
978,978,-1.26348448066,-2.08544884351
979,979,-0.254008308256,-2.16001369987
980,980,0.45072941266,-0.921386398272
981,981,2.73817984981,-0.242745708049
982,982,0.512910074382,-2.25442400888
983,983,-0.899393654551,-1.45477617598
984,984,-0.076526899773,2.84878846202
985,985,-0.296761678101,-1.41683519191
986,986,-0.793558183913,-1.64618833897
987,987,-1.08246020793,-1.96759653944
988,988,0.0631081826686,1.11850284507
989,989,-0.982700374557,-1.60941111758
990,990,-1.3126228483,-2.09944706178
991,991,0.0396629609083,2.96659241766
992,992,0.206404796496,-1.61814318227
993,993,-0.164479054905,-2.69819213923
994,994,0.574971143457,-2.86687433595
995,995,1.91735745879,0.561895513522
996,996,0.112035737117,-2.47739318475
997,997,-0.741622686095,-1.45698718528
998,998,-1.37962608201,-1.4889843992
999,999,0.0846193476291,0.27394145651
1000,1000,-0.599115163309,1.01582143511
1001,1001,-0.588886185827,0.849611994924
1002,1002,-1.17153414257,-1.197679664
1003,1003,-1.46001319346,-0.863040953364
1004,1004,-0.0398213705934,2.25865895626
1005,1005,-0.388710509338,2.35484931485
1006,1006,1.29349504146,-1.83407600569
1007,1007,0.241806492369,-0.322661042784
1008,1008,-0.147823489509,2.50999762236
1009,1009,1.08120571967,-1.80664475115
1010,1010,2.43481150449,0.242193120227
1011,1011,2.3886413082,-0.0586485096071
1012,1012,2.69965578557,-0.0627890904835
1013,1013,1.02907970213,-2.13221701359
1014,1014,0.24276271009,2.11106780055
1015,1015,0.533800985454,-2.28275101391
1016,1016,-0.552552149015,-0.659120852717
1017,1017,-0.535063289134,1.83703681139
1018,1018,2.39272801299,0.0745571866495
1019,1019,-0.101180567901,1.83101863349
1020,1020,0.450286008289,-1.92604358143
1021,1021,0.688191818521,0.117553373307
1022,1022,0.0889993919567,-1.63459257601
1023,1023,-0.445611811837,1.6245078272
1024,1024,-0.461811479315,1.11241922716
1025,1025,-0.0544234158172,0.859588480509
1026,1026,0.606935880399,0.331533807633
1027,1027,-0.235212087043,-0.154744566496
1028,1028,-1.13012421463,0.410854623133
1029,1029,2.60349935762,0.268608752982
1030,1030,-0.516414223992,1.08280121197
1031,1031,0.847890603199,2.16056254518
1032,1032,-0.346909282164,0.851438519504
1033,1033,-0.906544898957,-0.459501716293
1034,1034,-0.572001867955,-1.98369012985
1035,1035,0.581957917177,-0.960712605267
1036,1036,-0.476461169197,-0.728267873193
1037,1037,0.218791611147,2.49621981961
1038,1038,1.16728043159,-0.797852078034
1039,1039,2.16528439304,-0.542427019407
1040,1040,0.148561674463,-2.86111391382
1041,1041,2.0849140946,0.250418095775
1042,1042,0.294258428015,-2.59157468298
1043,1043,0.146284969703,-3.16530188231
1044,1044,-0.863378771762,1.73102953994
1045,1045,-0.869224718093,2.07956894482
1046,1046,-0.658822543616,2.28278956247
1047,1047,-0.328047368135,1.70244772764
1048,1048,1.36790066153,-2.16249970445
1049,1049,-0.0410341390638,2.6216169115
1050,1050,1.64273910827,-2.23841335537
1051,1051,0.369866273546,-2.34585750832
1052,1052,-0.497884803688,2.17162376936
1053,1053,-0.699113970956,2.33602347906
1054,1054,-0.694288970001,2.35903389685
1055,1055,-0.293762469833,2.81018338102
1056,1056,0.798614493371,-2.05488597501
1057,1057,0.709001165718,-2.26763293612
1058,1058,0.238920696383,-2.2339334746
1059,1059,0.143537210662,1.76702809076
1060,1060,0.104467142352,2.33411320147
1061,1061,1.02184268882,-1.58064191181
1062,1062,0.14668816107,-2.56360239083
1063,1063,0.665509382385,-2.124002439
1064,1064,-0.229378123206,1.97203467019
1065,1065,-0.253974977263,2.61827705718
1066,1066,0.101275190231,2.39837638372
1067,1067,-0.293547345077,2.42198872925
1068,1068,0.520250294351,-1.95110688745
1069,1069,0.136805373892,2.53798336236
1070,1070,-0.864819914407,2.64793163929
1071,1071,0.261156246368,-1.85482436226
1072,1072,2.1180516253,0.648394589129
1073,1073,-0.0137923895635,-3.02498860051
1074,1074,2.9182552664,0.502236349185
1075,1075,-0.91049767479,-1.13997246834
1076,1076,0.565277069619,0.571538270072
1077,1077,-1.41881890379,-1.30949062169
1078,1078,-1.20439156478,-0.967321732585
1079,1079,-0.660743112025,2.00172929063
1080,1080,-1.58359395841,-1.54221394027
1081,1081,-1.66923177042,-1.48067975755
1082,1082,2.12992329264,0.18666544417
1083,1083,-1.48547938648,-1.71036648555
1084,1084,-0.444725625074,1.91515361804
1085,1085,0.331566848444,1.3459124831
1086,1086,-0.0698031609342,0.357979376542
1087,1087,-1.36293396299,0.782559434869
1088,1088,0.357060464583,1.76895906726
1089,1089,-0.264573927966,1.25990430549
1090,1090,-0.427653289574,-0.943649365132
1091,1091,-1.04810409542,0.968461668509
1092,1092,0.277504282085,1.41108719172
1093,1093,-0.618756101343,-1.62888299645
1094,1094,0.314703752774,-2.70282170443
1095,1095,-1.11636471199,2.85438502373
1096,1096,0.472046134023,-2.82298196693
1097,1097,0.352265028936,-2.38174317939
1098,1098,0.52071835289,-2.20898984435
1099,1099,-0.142627265953,-2.68758936175
1100,1100,0.592728045173,-2.00576493977
1101,1101,-1.29502867046,-1.69050459891
1102,1102,-0.30183681663,-2.10635221956
1103,1103,0.442154495621,-2.65578439532
1104,1104,-1.14692112938,-1.68464052839
1105,1105,0.157810215049,-2.29013441361
1106,1106,2.63221731461,0.143267479227
1107,1107,-0.427953969748,2.42656279856
1108,1108,-1.7243236401,-1.93533237991
1109,1109,-0.159128186887,2.4700099787
1110,1110,0.326964872313,-1.27323864955
1111,1111,-0.14972014423,2.56528825967
1112,1112,0.686935920452,-1.61268052429
1113,1113,2.50712823136,-0.184294281469
1114,1114,1.59000420159,0.669394696271
1115,1115,0.0854137581263,-2.64215987862
1116,1116,0.671548886477,-2.21172380401
1117,1117,-0.567623787898,1.23760068742
1118,1118,1.06304189426,-1.65580836076
1119,1119,1.58347871955,-1.11877073166
1120,1120,-0.862954982981,1.84891482878
1121,1121,-0.401928133919,2.27732118863
1122,1122,-0.171794397709,2.46540939192
1123,1123,1.38840124081,0.407336614257
1124,1124,-0.684507843066,-1.77029582117
1125,1125,1.38289451733,-1.59802024622
1126,1126,-0.337891081761,2.46443764415
1127,1127,0.390075207429,1.26655921454
1128,1128,1.69681621949,-1.10453605957
1129,1129,-0.740345886111,2.24163509528
1130,1130,0.893089310887,-1.63710575333
1131,1131,-1.17950763294,-1.90245456165
1132,1132,0.396687892198,-1.94929549358
1133,1133,-0.32342585053,-2.59963812136
1134,1134,0.36318981195,-2.80558484183
1135,1135,0.623824224352,-2.03561965912
1136,1136,0.296475162662,2.59484848791
1137,1137,-0.213160518465,-2.1655152838
1138,1138,0.148135576298,-2.38728224293
1139,1139,0.484608328147,-2.39029408143
1140,1140,-0.478097515394,2.08083910643
1141,1141,0.337020830391,2.07690062557
1142,1142,-0.368428159064,2.21668031903
1143,1143,1.11302190684,-1.47568314772
1144,1144,1.82455765705,1.08407825332
1145,1145,2.73963071298,-0.134413343664
1146,1146,1.33794302215,1.73135522809
1147,1147,0.425720034226,2.16875046876
1148,1148,0.125881335895,-2.43663065897
1149,1149,0.534674638494,-2.65631899517
1150,1150,3.10726623362,0.339866611589
1151,1151,-0.028328864236,2.54632047995
1152,1152,0.405213614524,2.76425486212
1153,1153,2.5584851131,-0.279744213154
1154,1154,-0.205465360289,-2.55946365432
1155,1155,0.221842542365,-2.56584785766
1156,1156,2.00178139264,0.547928259248
1157,1157,-0.170474268774,2.31858117584
1158,1158,1.95543470209,0.267369684693
1159,1159,2.60247229447,0.0355020918383
1160,1160,0.24180957587,2.40106837339
1161,1161,0.160287690663,-1.14433673858
1162,1162,-0.205781402319,2.28133878914
1163,1163,0.258834061306,2.14494764005
1164,1164,0.894714164697,-1.99495119962
1165,1165,1.51002737245,0.452542379081
1166,1166,0.515917808977,1.78171273754
1167,1167,2.37993229438,-0.0141231636858
1168,1168,1.27072210727,-1.91925097933
1169,1169,2.57010913515,-0.281557008592
1170,1170,2.02773458002,0.439960389779
1171,1171,-0.00738722962946,-2.6598999953
1172,1172,0.378177246061,-2.46672028238
1173,1173,-0.551088804264,2.24309080031
1174,1174,0.172377548082,2.72279320369
1175,1175,0.237660844112,2.39632063293
1176,1176,-0.139454586536,2.40169838732
1177,1177,0.258805878186,-1.8753973178
1178,1178,1.57665908803,0.427954367523
1179,1179,-0.17677242397,-2.50395988691
1180,1180,-0.204998503266,-3.23501742513
1181,1181,2.04230038105,0.214904191711
1182,1182,-0.687816824122,-2.69570014645
1183,1183,-0.191287062513,2.7174206383
1184,1184,-0.0666469557307,2.53559532911
1185,1185,1.36113036693,-1.93823702089
1186,1186,-0.313464871617,-2.49451879287
1187,1187,-0.443219239403,-2.45583493191
1188,1188,0.887244721773,-1.48476961081
1189,1189,-0.072221399052,-2.97752869413
1190,1190,-0.344329447956,-2.39392201675
1191,1191,0.120158268402,-2.44460848274
1192,1192,-0.259943479498,-2.14625625213
1193,1193,-0.0999828349298,-1.97112452026
1194,1194,0.00829414864918,-1.66318809471
1195,1195,-0.114113985841,2.40918130227
1196,1196,2.12254862647,0.143574386284
1197,1197,2.62828026799,-0.0674170100788
1198,1198,2.47974995272,0.0422528290052
1199,1199,2.43526014931,-0.114124910922
1200,1200,0.75623930183,-2.67306320852
1201,1201,0.779276534835,-2.0302569697
1202,1202,-0.916513225369,2.0358620213
1203,1203,-0.971691649051,2.74667210579
1204,1204,-0.176002042452,2.32248950031
1205,1205,1.26647219026,-1.96325770318
1206,1206,-0.473146030334,2.4126413442
1207,1207,-0.105204320076,-2.6459253932
1208,1208,0.102925404026,-1.88255641295
1209,1209,2.38106791308,-0.0442061303435
1210,1210,3.08043392884,0.258980348117
1211,1211,0.0979286871672,2.25986684797
1212,1212,1.19744401111,-2.22989357556
1213,1213,2.4264151163,0.180834045249
1214,1214,2.04827284548,0.459159969413
1215,1215,-0.052614068598,-2.70184526016
1216,1216,-0.0340787264021,-2.00307079768
1217,1217,0.165719027527,-2.4191784939
1218,1218,0.053450680106,-1.91139795114
1219,1219,2.1332891736,0.0624519382898
1220,1220,1.5802069908,-1.46509687498
1221,1221,1.32587688057,-1.1755038278
1222,1222,1.39235735994,0.800821541916
1223,1223,1.20038700409,-1.04881920788
1224,1224,2.89516919485,0.216677375207
1225,1225,2.80904023369,-0.0135145364959
1226,1226,0.433373880566,-0.12931712667
1227,1227,-0.216277316096,2.76464694927
1228,1228,0.627769936927,-0.0663675876705
1229,1229,-0.128327385162,2.28937616185
1230,1230,-0.205850112147,-2.69634133878
1231,1231,0.453417870281,-2.62502680857
1232,1232,-0.131629483582,2.73802035871
1233,1233,1.05131462467,-2.13139223311
1234,1234,0.116159508745,2.36010154768
1235,1235,-0.0925344425013,-2.2249104152
1236,1236,2.57425494184,0.0958151202739
1237,1237,0.495355326054,-2.24532369571
1238,1238,0.109796547927,2.58303975715
1239,1239,0.90084553688,-1.78078626997
1240,1240,-0.236884973543,-2.1294824857
1241,1241,2.53592739882,-0.238836640973
1242,1242,0.201428397272,-2.4263219717
1243,1243,0.116045370678,-2.67073971951
1244,1244,0.47852540138,-2.0063291203
1245,1245,0.0598198446599,2.55306588533
1246,1246,-0.100013200692,-2.59586849629
1247,1247,-0.0451981541526,2.25657751687
1248,1248,-0.285567063505,2.74296485765
1249,1249,0.503496023289,-2.57695513482
1250,1250,0.286186394692,2.29866198325
1251,1251,-0.000968723539032,2.68640714662
1252,1252,-0.0751554616416,2.59307378045
1253,1253,0.681677701272,-2.31652613949
1254,1254,2.37938069006,0.617029061753
1255,1255,2.73836117837,-0.0670766260243
1256,1256,2.15706525975,-0.087411716068
1257,1257,2.55538898181,0.0313240812166
1258,1258,2.34908977994,0.595753671749
1259,1259,2.3772493938,0.0570638929641
1260,1260,2.99849651894,0.107015255655
1261,1261,2.3454091283,0.151294344317
1262,1262,0.072894162651,-2.23862600666
1263,1263,0.089438045601,-2.06338168276
1264,1264,2.50460514869,-0.163263544055
1265,1265,0.325134859077,3.10029948017
1266,1266,1.24624151573,0.05352217967
1267,1267,1.77677990551,-0.304025170557
1268,1268,-0.173752625672,-2.31264456867
1269,1269,0.25016563213,-2.49255340123
1270,1270,1.69935899041,-0.12908376299
1271,1271,0.214846811893,2.44041456837
1272,1272,1.8759089638,0.498997372213
1273,1273,-0.171626646444,-2.26744570219
1274,1274,0.638600432537,-0.489658745589
1275,1275,-0.0142698073475,2.51999654951
1276,1276,0.313817515337,-2.32890542734
1277,1277,0.412516378499,-2.53973246195
1278,1278,2.54503544599,0.0631165287655
1279,1279,2.35314092849,0.0461856815473
1280,1280,0.692612605124,-0.200275114697
1281,1281,2.67367470431,-0.0635381268111
1282,1282,2.46653605677,-0.0045073293995
1283,1283,2.41736877047,0.441221007495
1284,1284,-0.423331258229,-1.89404033611
1285,1285,1.34565414434,-1.97511967948
1286,1286,0.0802572358557,-0.547104318993
1287,1287,1.9404554329,0.90852807295
1288,1288,-0.305079042245,-2.17556114786
1289,1289,-0.162712758052,-2.40531790984
1290,1290,0.202717558225,-2.29289747287
1291,1291,0.890408909863,-0.549743893193
1292,1292,0.738985930683,1.8856693008
1293,1293,2.37622796731,-0.0448374259441
1294,1294,2.34356038826,0.129034809339
1295,1295,0.690695608024,-0.586354733994
1296,1296,0.191006801432,-2.60218528268
1297,1297,0.40355782354,-2.60174734001
1298,1298,1.36943534027,-0.814759079309
1299,1299,-0.383243709881,2.81874820244
1300,1300,0.467293039758,-2.55868770683
1301,1301,0.0852422618119,2.60525137329
1302,1302,-0.503686616739,2.0521852518
1303,1303,1.26982595162,-2.387473164
1304,1304,-0.225659864888,2.34822308073
1305,1305,-0.533991509602,2.24423796534
1306,1306,-0.360952297626,2.44503735151
1307,1307,-0.521059311791,2.40758533027
1308,1308,-0.287253988748,2.40471852363
1309,1309,-0.621760013196,2.43541539589
1310,1310,0.388796793922,-2.31474617461
1311,1311,-0.0418729479501,-2.926595236
1312,1312,-0.46200644793,2.70035793691
1313,1313,0.0235155403585,-2.27436149095
1314,1314,1.67999324632,-2.73787233353
1315,1315,0.194813212042,-2.27857091683
1316,1316,-0.681568592358,2.24349748798
1317,1317,0.145039308751,2.39912429715
1318,1318,0.565948387732,-2.10536158123
1319,1319,-0.300508793688,2.43884247158
1320,1320,0.0368589966182,2.33151828997
1321,1321,-0.429570038865,2.25229694951
1322,1322,0.347831547589,2.2415278923
1323,1323,-0.0745116651627,2.43838216452
1324,1324,0.649532130007,-1.91873684093
1325,1325,1.11059651116,0.95845926679
1326,1326,2.59086211338,0.31532280508
1327,1327,0.229452847302,-2.55223016576
1328,1328,0.0261874899533,-2.45665212271
1329,1329,2.83836966784,0.191670933244
1330,1330,0.115605676147,2.45554442697
1331,1331,0.87837200756,-1.92018091524
1332,1332,1.66829029926,0.536522800954
1333,1333,-0.0533759354799,-2.655115347
1334,1334,0.269342363852,2.10683964872
1335,1335,1.14309417092,2.4142798523
1336,1336,1.26672330157,2.18992706582
1337,1337,-0.0861581487529,2.55862011814
1338,1338,1.53373537223,1.01982648685
1339,1339,0.471422823378,2.34600296506
1340,1340,1.292376537,1.65115229982
1341,1341,1.34806267711,1.47338876255
1342,1342,1.63386762748,1.50153179887
1343,1343,-0.0281941494517,-2.48292620246
1344,1344,-0.331181427243,-2.28285658437
1345,1345,1.44028166382,0.866674162627
1346,1346,-0.029568473315,2.10030227629
1347,1347,2.16334968578,0.483236929252
1348,1348,0.689205354514,1.29571330149
1349,1349,-0.0586323783072,2.6527916324
1350,1350,-0.487461369766,-1.60662168131
1351,1351,1.96875946611,0.958724443523
1352,1352,-1.04379923491,-0.800107104761
1353,1353,0.593287858628,-2.40935947
1354,1354,0.0987527208665,2.08703932979
1355,1355,1.03449981405,1.12451905162
1356,1356,2.30623418438,0.389745489849
1357,1357,0.950376130632,1.50810753574
1358,1358,0.672111176231,1.70389361525
1359,1359,0.910595275538,0.344232586176
1360,1360,2.02246906232,0.519686565147
1361,1361,0.450537767918,0.458845021284
1362,1362,-0.720849899995,-1.37410405421
1363,1363,-0.520474090134,-1.82952460343
1364,1364,2.10832219759,0.408294486226
1365,1365,1.52130927148,-0.777669909609
1366,1366,2.4771556702,0.189930534815
1367,1367,-0.668247560746,1.17668452311
1368,1368,-0.169981044324,1.85595075864
1369,1369,0.470634329295,-1.78704420715
1370,1370,0.153697750178,3.06557482574
1371,1371,2.41316274488,0.112966015693
1372,1372,1.33088318294,0.463798370989
1373,1373,0.233610560591,1.77339181761
1374,1374,1.86597326512,0.539896358959
1375,1375,1.42042760304,1.46622917932
1376,1376,0.674838580444,0.864794840853
1377,1377,-0.618027095446,-1.09211128964
1378,1378,0.684947612735,-2.44946169575
1379,1379,1.41784648293,1.26233409651
1380,1380,0.13176204153,2.57269632846
1381,1381,0.614540572515,1.31594506237
1382,1382,0.244702663989,-3.03305849788
1383,1383,-0.251303179551,2.28261986129
1384,1384,1.23562971022,0.757516883404
1385,1385,1.86304973776,0.761065477197
1386,1386,1.44040624021,0.589147444037
1387,1387,1.48619773005,1.26283845159
1388,1388,3.26582049865,1.12690049739
1389,1389,1.70463546518,1.64420579619
1390,1390,0.301408717172,2.55552015564
1391,1391,-0.222453405138,1.62559709518
1392,1392,0.651396406855,-1.8435742925
1393,1393,0.741503673717,0.506572690047
1394,1394,0.813600212458,0.0326670457728
1395,1395,2.5998410025,0.0287420923926
1396,1396,2.881638555,0.488010020241
1397,1397,1.60459400518,-2.42506235463
1398,1398,0.918848654588,1.63991863158
1399,1399,0.087149605327,-2.32718633675
1400,1400,1.09057730481,0.610021580763
1401,1401,-1.2647467883,-1.00129324461
1402,1402,-0.403975847363,2.47266894396
1403,1403,0.930752911123,0.31469563339
1404,1404,-0.153485834259,2.41805458742
1405,1405,0.937567389297,1.11940925625
1406,1406,-0.0710572311227,3.2324741526
1407,1407,-0.458872845244,3.73288427081
1408,1408,-0.110790796466,2.59171525225
1409,1409,0.316878037968,2.83083512007
1410,1410,-0.0609033665837,2.34630970713
1411,1411,-0.174252488893,2.39076303188
1412,1412,1.04295956311,2.58244601089
1413,1413,0.190010206302,2.6756904297
1414,1414,0.247945068719,3.10377345543
1415,1415,0.235044246478,2.84744666321
1416,1416,-0.144971554481,3.44961554365
1417,1417,1.76012500788,0.121493848525
1418,1418,-0.338238078829,2.99177767509
1419,1419,0.673057118937,0.187150109682
1420,1420,-1.50523074983,-1.30636713976
1421,1421,0.620762214163,-0.0825872688567
1422,1422,0.951396388495,0.315946081475
1423,1423,3.09574333737,0.264409436462
1424,1424,-0.514186912691,-2.97146395881
1425,1425,0.352789393487,1.70300062239
1426,1426,0.110741503102,0.738220848646
1427,1427,2.90508160812,0.600619928091
1428,1428,3.72693245798,-0.826323272643
1429,1429,2.91713917149,-0.217284898703
1430,1430,2.25360092304,0.995788717672
1431,1431,2.65117285343,0.689867834341
1432,1432,2.51123433938,0.304377196096
1433,1433,1.70589541454,0.137406467245
1434,1434,0.872715769563,0.801933119328
1435,1435,1.56192248784,1.13479669626
1436,1436,0.206691774179,-2.94579931585
1437,1437,2.41228184267,0.328246479181
1438,1438,-0.596444215722,1.80152093511
1439,1439,1.37580800926,2.24346972342
1440,1440,0.615885010737,1.46033566752
1441,1441,0.405044072653,0.723975688948
1442,1442,1.19619282512,2.03662569967
1443,1443,0.133737996433,-2.23238406951
1444,1444,2.006470572,2.42060805065
1445,1445,0.929023572347,2.54157657378
