,vote,alpha,beta
0,0,-0.0927050645089,2.38510840853
1,1,-0.222514061311,-2.30112172781
2,2,2.66766272462,0.167156390877
3,3,2.36655347694,0.0836728067682
4,4,0.672898143574,-1.51121073988
5,5,2.38588394872,-0.34294854607
6,6,2.10078004081,0.468449294204
7,7,1.95941303192,0.364405961158
8,8,0.170612670668,-2.06646326004
9,9,1.36937995118,-1.57053742963
10,10,2.47503337086,0.332046285791
11,11,3.16674198619,-0.283500573732
12,12,2.78369926712,0.663016199149
13,13,2.42540138723,0.00151346235667
14,14,2.77985083326,0.0831589830335
15,15,2.27222626134,0.210320974804
16,16,-0.157966414409,2.41090606867
17,17,0.517453445881,-0.54737424081
18,18,2.53061753714,0.643108483522
19,19,2.88643693325,-0.147525019382
20,20,1.57677045492,-0.773698995443
21,21,0.341829152021,-2.67221942991
22,22,-0.0373035865837,-2.38276257736
23,23,2.92823293174,-0.315734164687
24,24,0.609549836717,-2.03342651188
25,25,1.28253652429,-0.254760512288
26,26,-0.825908992202,-0.0511187597602
27,27,-0.302566180723,2.49059545703
28,28,2.45028960417,-0.0179447278034
29,29,2.78651132149,0.242109347345
30,30,2.3377360107,0.319409608057
31,31,2.36780549742,-0.246550854036
32,32,0.324335667494,-2.37391843839
33,33,0.0768482201099,-2.75116295226
34,34,1.46971469042,-0.60951049841
35,35,-0.375630773291,2.28149603504
36,36,-0.104818996175,-2.1165492476
37,37,-3.36481890377e-05,-2.16365929638
38,38,0.275352715449,-2.28021917892
39,39,-0.672245987595,-1.27520942529
40,40,1.7368347041,-1.43013972975
41,41,0.0361266082789,2.24186147587
42,42,-0.271973508976,-2.11721464049
43,43,2.54383331369,-0.0356751479733
44,44,2.73424321267,-0.0221658540273
45,45,2.88506403131,0.0201568345966
46,46,2.28773078625,-0.230183150789
47,47,2.01855679742,-0.00665457495315
48,48,2.6219980611,0.637488507829
49,49,1.67095044407,1.44306675707
50,50,-0.0272412452785,-2.44163178685
51,51,0.211776165764,-2.59499906251
52,52,-0.371413102627,2.4307431552
53,53,0.236371877658,-2.75574471866
54,54,-0.0750771083788,-2.81800109427
55,55,0.354900467571,-2.03370025913
56,56,0.781555026217,-2.02748744993
57,57,-0.326419822865,1.97768439119
58,58,0.289469791587,3.02365707684
59,59,-0.0112862435886,-1.89549003127
60,60,0.967162152892,-2.39061924942
61,61,2.04169421462,0.0720472901635
62,62,2.69095493071,0.0665073339583
63,63,2.44806983796,-0.252893842297
64,64,2.83691296187,-0.0667217009536
65,65,2.43740580688,-0.457970724662
66,66,0.252888579572,-2.19286654669
67,67,0.882380814414,-2.47869091487
68,68,0.888740925401,-1.98467063292
69,69,-0.423324238599,-1.89180154376
70,70,-1.10764962995,1.75032748874
71,71,-0.64398866523,2.07017262601
72,72,-0.717649633108,2.19635195913
73,73,-1.05757288438,2.26162344333
74,74,-0.792301818796,2.26378620807
75,75,-0.523607600334,2.25511084925
76,76,-0.248975581557,2.16516733158
77,77,-0.616590529149,1.39611238419
78,78,-0.0906857254775,2.32439438385
79,79,0.916046392005,-2.21528313253
80,80,-0.742529281931,-2.07871583577
81,81,-0.0229728218754,-2.45430976696
82,82,0.213609996077,-2.65028081462
83,83,0.144180258737,2.5852712916
84,84,-0.036370798947,-1.82807974585
85,85,2.44032255865,-0.0597305155427
86,86,2.09534642952,-0.641075746708
87,87,-0.094767591884,-2.55981033758
88,88,-0.220899561661,-2.41856644368
89,89,-0.551789712857,-1.00440899705
90,90,0.296469245997,-0.510075616296
91,91,-0.340579180165,-1.88620065829
92,92,-0.825592238139,1.93367032108
93,93,-0.911298858981,-1.92315879312
94,94,0.375415882922,2.36834565018
95,95,2.26748244517,-0.406836842389
96,96,-0.938430850522,1.96356154159
97,97,-0.47379642117,2.06103424572
98,98,-0.381306031899,0.341159060957
99,99,-0.378878891861,1.83690633517
100,100,-0.130376973239,1.71512062457
101,101,-1.02422526884,0.55097199376
102,102,-0.348496489032,-1.78756157018
103,103,-0.959197256094,1.65808784597
104,104,-0.279143739612,-0.930490825476
105,105,-1.41113307747,-0.0176663272847
106,106,0.58570417536,0.857713730708
107,107,0.287019845924,-1.56582791803
108,108,-0.445738412185,0.477728898938
109,109,-0.551043536786,0.603071580509
110,110,1.19904060758,1.61493796493
111,111,-0.115609883695,-2.48663257101
112,112,-0.400441001231,-1.38979857197
113,113,-0.24935074859,-2.04786986394
114,114,0.0714133084873,2.48939464749
115,115,0.492323789979,-1.41251410034
116,116,2.74478456091,0.191600562466
117,117,2.43695373477,-0.130390022878
118,118,0.380053039355,-2.28309826381
119,119,2.1139687638,-0.419103966803
120,120,2.40712996669,-0.0135375659163
121,121,-0.130294119196,2.25470707853
122,122,1.38507660447,-1.72484481295
123,123,2.33746128927,0.353656629555
124,124,0.538379866828,1.64486367005
125,125,0.437077884863,-2.67415104188
126,126,0.294818213778,-2.05895105131
127,127,-0.781193690008,0.642495139181
128,128,0.32425543415,-1.91300065813
129,129,-0.212563212542,-1.29712451526
130,130,-0.786519236673,-1.39330481614
131,131,0.866138784218,0.887359846928
132,132,-0.772323547653,-1.91075464459
133,133,0.111119915526,1.51121483251
134,134,0.502916642566,-2.11558531532
135,135,0.973522753385,1.81709381411
136,136,-1.68571729114,1.0857302948
137,137,-0.726664209391,0.661984740599
138,138,-1.32040265666,0.777534241343
139,139,-0.195560267439,2.19960758941
140,140,-0.490152591231,0.147130218494
141,141,-0.869682535884,0.57415619567
142,142,0.435233470688,-1.83056649574
143,143,-0.905499749867,2.26734885292
144,144,-1.53539262072,2.0226362176
145,145,-0.905234543271,1.28684364706
146,146,1.90780573938,0.789413992744
147,147,-0.135060918416,1.33065779341
148,148,2.84746841688,0.459002071055
149,149,2.66097021481,-0.0900766028667
150,150,-0.0733862115136,2.30540570659
151,151,0.961526133081,-0.844801938817
152,152,2.698245405,-0.25072057698
153,153,2.52986307811,-0.016940684581
154,154,2.70572304435,0.0893945270237
155,155,0.295332630397,-2.67650886312
156,156,0.0817255207079,-2.25395423526
157,157,2.81153510499,0.293844308276
158,158,0.163330588569,-2.21525020285
159,159,1.88818962714,0.681721479945
160,160,0.326377942413,-2.38447478882
161,161,0.33265308795,-1.8135672814
162,162,-0.534156592909,2.128250617
163,163,0.440712233579,-0.393969751589
164,164,-1.30176855549,-1.16638735036
165,165,-0.359928852568,1.59514535749
166,166,0.333282649017,-2.61110271381
167,167,-0.64249327512,1.47793978279
168,168,0.975907374644,1.40346443367
169,169,0.0053646987347,0.242504368661
170,170,-0.934536299543,-0.698034954863
171,171,-1.15605894324,-0.989692308999
172,172,-0.786632741585,1.16462947353
173,173,-1.29662931011,-0.745264562155
174,174,-0.767908160464,-1.85749550886
175,175,0.394834527189,1.68365397354
176,176,0.201009418285,0.780967471702
177,177,0.160809043771,-2.11020340654
178,178,0.072648559866,1.09485258816
179,179,-0.460078776948,-1.2957312126
180,180,-1.07726717631,-1.51774276454
181,181,0.9342630389,-0.281511284773
182,182,-0.270454176259,-1.14246489671
183,183,0.11323153258,0.966063098838
184,184,0.0615560346043,0.614269951677
185,185,-0.21296200964,0.305910097275
186,186,0.482389232318,-0.437964896536
187,187,0.118995011186,-0.546724520218
188,188,0.015244905237,-0.652051284026
189,189,-0.149565656286,-0.254180100376
190,190,0.0823170028787,0.361426142342
191,191,-1.23650087824,-2.03187070344
192,192,-0.191907318504,-2.16566222045
193,193,0.0493799591071,2.73221407436
194,194,-0.344437657707,-0.894407235768
195,195,2.46177123153,0.351226024957
196,196,2.51610311857,0.167909948276
197,197,0.163639752712,-2.58375113423
198,198,-0.902769432417,1.32657660515
199,199,0.249190203381,-1.98177801142
200,200,0.163111745649,1.57123605142
201,201,-0.0770246849465,2.43829642165
202,202,1.24907989001,-2.24187985398
203,203,2.76510685177,-0.450728245763
204,204,-0.476051550319,2.12386819784
205,205,0.443276747146,-2.06707479619
206,206,0.315066351396,-1.37335811982
207,207,0.387970110815,-1.80574424807
208,208,-0.226582056294,1.71347908344
209,209,0.314875586004,-2.41470350038
210,210,0.501993450975,-0.667463505635
211,211,-0.423856454758,-2.12065767911
212,212,0.572428769571,2.05503977233
213,213,-0.74166267577,2.08818742907
214,214,0.131268859171,2.05117145289
215,215,0.232048998952,-1.57399434647
216,216,2.25767285683,-0.959667258392
217,217,1.63651804328,-1.15310746944
218,218,2.70649695899,0.235572651283
219,219,0.0288700464782,-2.23537797877
220,220,0.335832799733,-2.11064961409
221,221,1.73153022408,0.494574033315
222,222,-0.825112113725,2.3949383958
223,223,-0.0185503484138,2.17112662289
224,224,-0.786527265636,1.4690245661
225,225,-0.393519204153,0.304933010517
226,226,-1.10545112634,-1.70497214956
227,227,-0.718358587085,1.82785207202
228,228,-1.20180003851,-1.84885311607
229,229,0.506738724965,2.00689272207
230,230,-1.31257849576,-1.29501625474
231,231,1.81927131216,0.97365961848
232,232,-0.108256680532,1.73665123379
233,233,-0.495522448788,1.83719130622
234,234,-0.883952842456,1.93113951213
235,235,-0.785808431912,1.87642156953
236,236,-0.690858390356,1.65713335303
237,237,-1.30759616803,0.755640193794
238,238,-0.996616743631,1.64624790164
239,239,-0.850987119779,1.37693589809
240,240,-0.982897434791,1.58647507612
241,241,-1.08339283211,1.77040942156
242,242,0.0591653675994,-2.22771566171
243,243,-1.07545222493,-1.77049229318
244,244,-0.437617094032,2.03023648472
245,245,-0.0486884155588,0.983527860056
246,246,-1.26315274315,-0.940720225314
247,247,-0.336596110773,1.16114924794
248,248,-0.622474829167,0.256676686909
249,249,-0.531084992041,0.361745765843
250,250,-1.30774019863,0.987334677424
251,251,0.252578216624,1.33509318316
252,252,-1.44860275453,-1.26455506405
253,253,0.085859685978,-2.34787056965
254,254,0.278418274275,-1.83627346091
255,255,-0.745641970934,1.42302498126
256,256,-0.355043640527,0.630581716543
257,257,-1.26231665032,-1.73561115104
258,258,-0.32466963819,2.42867981983
259,259,0.0438944718447,-1.98745624708
260,260,-0.0762645517273,-2.50556251035
261,261,-0.206170507163,-2.61686003903
262,262,0.0855752353853,2.1177904021
263,263,0.331853536666,-2.69729468855
264,264,0.249565755288,-2.49638258824
265,265,-0.0944313646319,2.50167775336
266,266,-0.684171690574,-2.15863998282
267,267,2.36839137671,-0.334169009906
268,268,2.55493478543,-0.228967762502
269,269,2.86078103995,-0.184944562737
270,270,-0.00123624111308,-2.43953797881
271,271,0.45793457879,-2.40073986734
272,272,-1.00969693618,0.298054277017
273,273,-0.116910275576,2.68189728856
274,274,1.25622241724,-2.11165982995
275,275,-0.102924672854,2.45290822418
276,276,0.6602409169,-1.9049743473
277,277,0.0645128273242,-2.20290786292
278,278,0.0019924834207,-2.47060797081
279,279,0.937535769153,1.47732933373
280,280,0.624809260314,-2.20105958984
281,281,0.176628986513,-2.02623402695
282,282,-0.300382137996,1.84248258142
283,283,-0.0430667751087,-2.39551291376
284,284,-0.315952762698,1.9269209662
285,285,-0.243630123039,2.02783827287
286,286,0.0594788693083,2.71847391479
287,287,-0.401135417651,-2.03924743631
288,288,2.50466736475,-0.0200553903839
289,289,2.77654665407,0.39578368913
290,290,-0.221836857906,-2.32180105155
291,291,-0.0665264142096,-2.28512462962
292,292,-1.37407864676,0.668351142073
293,293,1.00169832323,-1.95680383808
294,294,-0.480192557042,1.31045042983
295,295,-0.885956362038,1.34842432958
296,296,-1.69297376913,0.90325101084
297,297,-1.02863833071,-0.835668059181
298,298,-0.314788215684,1.42804488419
299,299,-0.697515536746,1.80661805541
300,300,-0.216487680398,-0.4552357428
301,301,0.44066612663,0.0871113587535
302,302,-0.23493092169,0.43368750125
303,303,0.283348096201,0.277825999844
304,304,1.31807779003,-0.794931679121
305,305,1.04763752157,0.365423975625
306,306,-0.434566604138,0.392320845895
307,307,0.745451477944,-1.79471152579
308,308,0.718705496059,-0.228279433398
309,309,0.473214834207,-2.39524356528
310,310,1.07061107835,0.7557180071
311,311,-1.19447101986,1.18034761412
312,312,-1.14468637001,1.54597229997
313,313,-0.105476253469,-0.383627532621
314,314,0.197927057081,-2.54604261758
315,315,0.12930043658,-2.58055020525
316,316,2.58942218136,0.0933781910599
317,317,0.608456149778,-2.28718604765
318,318,-0.262503172656,0.337891251742
319,319,0.499067011754,-1.69553479799
320,320,0.150221790394,1.1030774778
321,321,-0.734982925326,-0.702041397991
322,322,0.568355754062,-2.06348983307
323,323,0.389076198833,0.40134247515
324,324,1.37782974656,1.50062551246
325,325,-0.637767081159,1.56519439201
326,326,-0.376579052089,1.77327170785
327,327,0.18237107521,-2.85545809266
328,328,-0.0941496213552,0.98365581708
329,329,2.52421302902,-0.945472759074
330,330,-0.101447067628,0.219779685946
331,331,-0.485550488955,2.32272546339
332,332,1.11634349329,-1.05030303636
333,333,-0.556796370278,2.43178325963
334,334,-0.510611787871,2.0872148817
335,335,-0.215817489683,2.84472442532
336,336,1.0921193877,-1.65775474653
337,337,1.68670573454,1.33838068819
338,338,-0.192227161705,-2.51891607106
339,339,0.292851065005,0.681549568128
340,340,-0.193869310454,-0.366165144308
341,341,-0.460104769602,-1.07763585622
342,342,-0.604043015156,1.2376945905
343,343,-0.937994024462,0.799847818136
344,344,-0.953999126102,1.02418589969
345,345,1.44077642614,-0.314187047084
346,346,1.70123586264,-0.432725096164
347,347,-0.446617302657,2.34897083161
348,348,-0.427793475543,2.35770042077
349,349,0.0768674898423,-2.29466733925
350,350,0.397351892514,-1.88261625157
351,351,-0.0264033018914,2.08961496539
352,352,0.468142873796,-2.16657699319
353,353,0.433449894287,-2.1650551465
354,354,0.0158886703313,-2.30176442162
355,355,2.15936135915,0.0980042608264
356,356,0.548615377248,-2.30254386953
357,357,0.675501628258,-2.28454179672
358,358,0.250181076399,-1.75674604463
359,359,1.03988641144,-2.16721270759
360,360,0.615428338933,-1.32383309945
361,361,-0.175957989511,2.0489112937
362,362,-0.187389585632,1.95873147056
363,363,-0.161367842558,2.23641082987
364,364,-0.152695832997,2.42342528965
365,365,0.0297353852297,2.58210991695
366,366,0.287346869072,-2.21480523047
367,367,0.158292763693,2.39333288631
368,368,0.119854057623,-2.12946944107
369,369,1.98591183958,0.956733374917
370,370,2.82574064332,0.0183080636731
371,371,2.31197938149,0.14563479325
372,372,2.5536467639,0.472369625677
373,373,2.19235393476,0.504068400906
374,374,2.62453652639,0.235309043381
375,375,2.43568927441,0.296614980868
376,376,2.41392370786,0.00186316975584
377,377,2.26203732029,0.241225648709
378,378,0.0138867411307,-2.64975938293
379,379,0.231787329152,-2.02713538245
380,380,0.432568347649,-2.78120801782
381,381,2.40330651217,0.0608421739864
382,382,2.95288588393,0.129889467518
383,383,1.86872510485,0.648192652809
384,384,0.0691562287016,-2.45398468738
385,385,0.287699658815,-2.63039182519
386,386,1.91507951797,0.463594201774
387,387,-0.616050380009,2.33019666199
388,388,-0.260222324099,1.95686529643
389,389,-0.455704026936,2.44080754796
390,390,-0.149132169577,2.41871712285
391,391,3.22636852861,-0.287791181999
392,392,0.103891103469,2.23000554429
393,393,0.548618122492,-1.77754953343
394,394,-0.327559948534,-2.44306700963
395,395,-0.140893892477,-2.58001143514
396,396,-0.32425923382,-2.35285714426
397,397,-0.300981500352,2.58835375269
398,398,-0.455817537854,-2.2541230914
399,399,-0.0701979631531,2.5730259019
400,400,0.160244321352,-2.41120189753
401,401,-0.109961170942,-2.088010834
402,402,0.309530305289,-1.98341065572
403,403,1.06302436356,-2.19102991692
404,404,0.0734245445856,2.56469910083
405,405,0.588526070504,-2.07348720601
406,406,0.914076447529,-0.912387594536
407,407,2.63167801783,-0.0800823921301
408,408,2.87462752804,-0.343275308208
409,409,3.03927445515,-0.107456694973
410,410,-0.600893941058,2.33804891924
411,411,2.26978961861,0.237045583602
412,412,0.17907905301,2.22941696086
413,413,2.48376386732,0.348944422898
414,414,2.74063901937,0.216315090286
415,415,-0.0618453492123,-2.32243574033
416,416,0.155176984506,-2.41209103552
417,417,0.363456780114,-2.08348652589
418,418,2.2843245131,0.221104957654
419,419,0.667930936684,-2.04926834665
420,420,-0.0870957239047,-2.73609751267
421,421,2.64757428352,0.119575062011
422,422,0.0706826939483,2.30617608531
423,423,1.43005368732,0.51911973189
424,424,0.0309269187589,-2.74660481849
425,425,-0.490728012937,-2.29395828896
426,426,2.00940816682,1.00102700463
427,427,-0.0382058599791,-1.65100165505
428,428,-0.102159606814,-1.95024049488
429,429,0.976701482327,-1.98312125274
430,430,1.03104745131,-1.78012143121
431,431,0.663374927942,-1.98521233161
432,432,-0.105474378506,-1.96132347448
433,433,0.0998963427985,-2.32760781034
434,434,-0.144219416429,-2.39934992745
435,435,-0.147955007915,-2.70155996665
436,436,0.543928626698,-1.67591269592
437,437,0.519939824522,-1.64395493459
438,438,0.330054341588,-2.87231428303
439,439,0.872615986943,-1.87319962317
440,440,-0.40153613793,-2.53341507227
441,441,1.17262130132,-2.02052872973
442,442,0.0817182270861,-2.54718137595
443,443,2.15381351137,0.389879315644
444,444,0.0790132212952,-2.26766711586
445,445,0.0544621926013,-2.62609863413
446,446,0.791443664674,-1.84756064699
447,447,-0.133924198486,-2.86703951574
448,448,0.958707988594,-2.23856439818
449,449,2.73969556755,0.0197832712937
450,450,2.86187269726,-0.159026373859
451,451,-0.175953611553,-2.75490518272
452,452,0.780744755027,-1.98446903243
453,453,0.0730260078002,-2.55515407686
454,454,0.70131575268,-1.86851781809
455,455,-0.210862018627,-2.56818345425
456,456,0.250905990794,-2.41452582236
457,457,-0.333319411072,-2.45715408258
458,458,-0.0312130920581,-2.23178266043
459,459,2.98064540172,0.0118905556585
460,460,0.00715882890195,-2.49422295751
461,461,0.629956059518,-1.7299398137
462,462,2.31300737708,-0.101293497267
463,463,0.200237249751,-2.57611391999
464,464,-0.773385281864,-1.52876005656
465,465,0.88660523046,-2.42267865863
466,466,0.370138579054,-2.67369897131
467,467,0.753763402936,-1.97540505255
468,468,0.161559767296,-2.1310316264
469,469,0.206579686775,-2.23421701446
470,470,-0.0723960803912,-0.331456821847
471,471,0.276121893091,2.06292665595
472,472,-0.103878240453,-2.29385155654
473,473,0.826720390806,-2.3900086319
474,474,-0.478983099374,1.63439896255
475,475,1.59378129536,1.88224122654
476,476,1.39999802563,1.71601294344
477,477,2.60572257116,-0.0535227917822
478,478,2.6008066022,0.0406368436635
479,479,0.0169067741514,-2.77825222847
480,480,1.04490783901,-1.70185791253
481,481,-0.544296776674,2.32411119832
482,482,0.0150859355982,-1.85963734085
483,483,-0.849113937034,1.11040015672
484,484,0.238950113106,0.0909685686047
485,485,1.93123506319,0.678930637966
486,486,2.33189884355,0.0660739950376
487,487,2.39725790334,-0.22468115878
488,488,2.35432374094,0.614169033454
489,489,0.265065839032,-2.6571448455
490,490,0.42581824899,-2.16079819464
491,491,-0.79127483855,2.16867380423
492,492,0.01319352343,2.75470804076
493,493,1.01600210253,-1.94544938008
494,494,-0.0831885825367,2.52854078987
495,495,1.17919833972,-1.38166940538
496,496,2.31941243178,-0.970747321034
497,497,-0.147671728585,-2.21741735997
498,498,2.63808121359,0.158614088041
499,499,2.1575681044,-0.0530224452192
500,500,-0.410037587936,-2.54100405491
501,501,-0.160357602946,-2.8106270106
502,502,-0.0795342608072,2.5462769847
503,503,-0.104380719211,2.39497909977
504,504,-0.338139438853,2.46989557188
505,505,-0.143202816752,2.35603870578
506,506,0.100804572934,-1.8326930757
507,507,2.50338911673,0.301179222299
508,508,-0.0586641191318,2.58435713069
509,509,0.44381022476,-2.39873839347
510,510,1.81269038963,1.3237554728
511,511,0.100530732796,-2.74493988866
512,512,0.297151586297,-2.13796170509
513,513,0.0975200641259,-2.94765871692
514,514,-0.175265331059,2.11168578719
515,515,0.704620615966,-1.58495328543
516,516,2.6472935709,-0.270316818368
517,517,2.37371624936,0.139718184352
518,518,-0.284192664623,-2.75300441534
519,519,-0.181317936967,-2.50756964118
520,520,0.0907961357712,-2.57959241861
521,521,-0.236094204771,-2.33992443805
522,522,0.262695767437,-2.26416353975
523,523,-0.138127687253,2.13629590162
524,524,-0.263181051622,2.1188245695
525,525,-0.0662543627966,2.16117542211
526,526,0.176358479007,1.67680016235
527,527,-0.159134117507,1.81315484533
528,528,-0.54859649029,2.21777795428
529,529,0.0176585527239,-2.76555531552
530,530,-0.325442983153,-1.64470928645
531,531,0.461614835136,-2.33478464449
532,532,-0.0617896164388,2.50736960667
533,533,-1.03538464075,1.39767121756
534,534,-0.47482689114,2.54152150838
535,535,0.550301287293,-2.18856731201
536,536,-0.626577850159,1.96730243247
537,537,-0.444085124564,2.26923651845
538,538,-0.400522076492,2.32443587938
539,539,-0.847585661333,2.10233245456
540,540,-0.755235044621,2.089322623
541,541,0.0065373088272,2.46287826754
542,542,-0.667953983682,2.26172771555
543,543,0.962584430309,-1.85815897662
544,544,2.51020484654,0.325343900865
545,545,2.82249870188,0.173779433921
546,546,2.73249637144,0.341206338202
547,547,2.86224176306,-0.19727570034
548,548,2.30879994722,0.176958598196
549,549,-0.0166454474756,-2.35653080299
550,550,0.68024050702,-2.15495223765
551,551,0.46664450017,-1.03632692687
552,552,-0.0626924775135,2.36033341661
553,553,-0.582117745818,2.20764108282
554,554,0.802290906939,-1.75309845001
555,555,1.18579003475,-0.669034663593
556,556,-0.0224226033698,1.1125502292
557,557,-0.56864727142,0.263543695724
558,558,-0.726976113827,0.861393810556
559,559,0.385561766112,0.713821404706
560,560,-0.54765412203,1.28152679716
561,561,0.842268893123,-0.432488834397
562,562,1.91923278543,0.433702580209
563,563,2.59500587876,0.0157995998439
564,564,2.42881590343,-0.196280828365
565,565,1.50387301102,-1.55076587723
566,566,2.64733485496,-0.00894865388445
567,567,2.61593987544,0.0376976885237
568,568,2.69636535885,-0.392391969923
569,569,2.7020868066,-0.211137777385
570,570,-0.129873534847,-2.51972100256
571,571,-0.244275728731,-2.71690285052
572,572,-0.0513843441009,-2.5373119052
573,573,0.835051235616,0.231004314605
574,574,0.966062602446,-0.331981345028
575,575,0.478551788898,-2.1177242493
576,576,-0.15616635741,2.69168307989
577,577,0.554121657394,-1.92238943923
578,578,1.83547585528,1.08928879636
579,579,-0.00979292605187,-2.71998388467
580,580,-0.0744318897065,-2.63848536464
581,581,-0.174334346945,2.25443761019
582,582,-0.469027599807,1.98154740825
583,583,-0.280635288186,-1.91393448633
584,584,2.33616144811,0.075421497111
585,585,2.88165804504,0.125545538719
586,586,-0.189642299951,-2.64911820858
587,587,2.47818297252,-0.120943337638
588,588,-0.208011548327,-2.61398469924
589,589,0.619515361794,-1.07007652505
590,590,-1.41817127626,2.14297434909
591,591,-1.28767078808,1.39509746551
592,592,-1.80744065979,1.52189156992
593,593,-2.3967490478,-2.39792662753
594,594,-1.23906637196,2.19136040879
595,595,-0.333933636143,-2.06942930978
596,596,0.734685035738,-0.39068316395
597,597,1.93493463767,-0.149149722279
598,598,1.78809124458,1.77997308465
599,599,0.364062385865,-2.08709419689
600,600,-0.184587541556,2.47915312622
601,601,0.0232219075556,2.32288515318
602,602,2.25194676017,-0.29755649659
603,603,-0.133578283171,-2.35511799146
604,604,0.0713683476201,-2.76971239014
605,605,1.52613868209,0.679213887028
606,606,0.201584314156,3.20295765081
607,607,0.898014395716,-1.75760441145
608,608,-0.845079164584,1.60690786064
609,609,0.913434947592,-1.89524747178
610,610,-0.867176825215,2.12481519611
611,611,1.51577240066,-1.75850160103
612,612,2.40762453881,0.76320200579
613,613,1.0400432562,1.12251232547
614,614,0.491727589468,1.47181582592
615,615,0.543876002911,0.614592573368
616,616,0.579368017938,0.83232355485
617,617,0.712506688725,0.232559883912
618,618,0.71455445492,0.662929819735
619,619,0.939847671084,-1.91676842648
620,620,0.906951822274,1.71442057602
621,621,1.94698967048,-0.133613989275
622,622,0.85535116543,-1.83947023757
623,623,1.99908937771,0.690771924064
624,624,0.310034172498,2.17513427776
625,625,-0.10530645769,-1.34450824066
626,626,-0.147522819961,-0.878763450129
627,627,0.436196546658,1.21334059031
628,628,1.32608123888,0.548999650679
629,629,1.56316968637,0.805259298252
630,630,-1.44507207748,-2.30480989967
631,631,-0.737903869156,-1.85005034557
632,632,-1.77856337905,1.92902332381
633,633,-0.588113415235,-1.62890479581
634,634,2.50407383043,0.284286186774
635,635,0.0652043512688,-0.178230129251
636,636,-0.883270109197,0.726090856014
637,637,-0.290272118596,0.546670616969
638,638,3.88205367666,0.920625862978
639,639,0.541073616677,0.265107907129
640,640,-0.767699189769,-1.70849445439
641,641,0.673528812792,0.533884096999
642,642,1.55452157205,1.41078091848
643,643,-0.168837647892,-1.51688333724
644,644,-0.298888421446,2.62808777159
645,645,0.197243362956,1.63168384129
646,646,0.793465158192,0.974206803674
647,647,2.12707923406,1.52007418577
648,648,1.76880635162,1.10690282462
649,649,0.466856577668,1.93068781183
650,650,2.07658727247,0.886339984771
651,651,0.0194921141238,-1.72654027863
652,652,-0.786184330949,-1.98213968916
653,653,2.53601847694,-0.100109696011
654,654,1.23208001488,2.12874492761
655,655,0.576167695353,0.849125650573
656,656,-0.921422527973,-2.06448675725
657,657,1.39871568804,0.653057541229
658,658,0.488672161639,1.42056016612
659,659,3.11832412611,0.24995304544
660,660,1.46769720629,1.79431514382
661,661,1.4538321055,2.21300059863
662,662,2.02411628119,2.14305221344
663,663,1.14671979487,1.61027929916
664,664,1.13722891424,1.53031271761
665,665,1.42334288277,1.97745867612
666,666,1.68892283607,1.9974287462
667,667,0.537091373696,-2.35956192163
668,668,-0.0812910354194,2.99015040621
669,669,1.40094036314,1.65044552361
670,670,-0.223926878883,-1.5548509918
671,671,1.11708451063,1.26829487118
672,672,2.47571361944,-0.0527101042961
673,673,-1.00292260212,1.99004141185
674,674,-1.47420294227,1.87475068517
675,675,0.947167560363,-0.622617331547
676,676,0.666812587931,1.74888530004
677,677,1.14309213058,0.703737521486
678,678,1.78333929213,1.06061927786
679,679,-0.0125631583147,2.60357366613
680,680,1.6233262757,0.554041212608
681,681,2.21698435364,0.76958951344
682,682,2.84560980785,-0.521479844215
683,683,1.45213835668,1.48442070521
684,684,1.39592964468,2.09737037649
685,685,0.0159661567259,2.33747746515
686,686,0.109543732311,2.92808125399
687,687,-0.367367478624,2.21492392145
688,688,-0.0167324555659,2.09062102672
689,689,0.46096423681,3.25984025765
690,690,-0.368922324697,2.55568419207
691,691,1.2442441441,0.997859230169
692,692,1.94071555338,1.82649656842
693,693,-0.347832429966,-2.5340978744
694,694,0.703632512868,1.36092765062
695,695,-0.209252842114,-1.58309871119
696,696,0.948317765577,1.61701928558
697,697,1.21274683213,1.94889192006
698,698,2.21761426569,0.349912060984
699,699,1.78788231851,-0.275699501697
700,700,0.113512534195,-1.5834182199
701,701,0.0152031827509,1.27868782917
702,702,-0.45658491396,1.95005653603
703,703,-0.374812261714,2.69327251426
704,704,-0.882706398064,-1.47569272627
705,705,0.0324897699939,2.30806899937
706,706,0.918901939903,1.57675831177
707,707,-0.0791409566866,-1.93378133167
708,708,1.12731399362,2.22114528897
709,709,0.969775932986,1.47571022463
710,710,-0.223177625932,-2.21079110523
711,711,1.08886332904,0.550869123113
712,712,-0.0332853160633,-0.562654935908
713,713,-1.26169151408,-2.06136396034
714,714,-0.150638328968,-2.36013528036
715,715,-0.541638409477,2.44515922135
716,716,-0.16716221696,2.3598276442
717,717,0.188235671273,-2.58679168214
718,718,1.22948223632,1.80991348181
719,719,0.265300526603,-1.78870403594
720,720,0.901578966142,1.53741642179
721,721,-0.436563297956,-2.15092799994
722,722,-0.614810320389,-1.53180815706
723,723,0.91262540331,1.19698044568
724,724,0.706499766436,1.32289683713
725,725,1.05046157385,1.24822538577
726,726,0.414889426832,-2.79135429722
727,727,-0.826126515144,-1.60965325596
728,728,1.17066076803,-0.819075067021
729,729,2.32043542377,0.566063208225
730,730,0.0538165079313,-2.32695715205
731,731,0.374908329961,-3.174896607
732,732,-0.156699940176,-1.68340377099
733,733,3.11758941538,0.229765175484
734,734,-0.419788726743,-3.00047465909
735,735,0.0072282435278,1.58137652108
736,736,-0.32009387135,-2.44304350877
737,737,-0.589752869707,1.91278713948
738,738,0.977938821071,-1.26698026498
739,739,-1.57435057776,2.13246162671
740,740,0.696199002537,-1.83731973106
741,741,-0.102316734814,1.78579085813
742,742,-1.28444368529,1.67921509513
743,743,1.74143303475,-2.43246472404
744,744,0.859690112855,0.717059238837
745,745,-1.31984626292,-1.90252040837
746,746,-0.160894258485,-1.5419958678
747,747,0.556869287087,-0.614465336728
748,748,1.89869336724,-1.22528301118
749,749,-0.218104048056,-3.04238251242
750,750,-0.0344297015175,-2.75594547196
751,751,-2.19243908359,-1.54023346104
752,752,-0.446399473357,2.18707961272
753,753,2.28577250948,0.119857711218
754,754,-0.0871854585997,-2.41633792934
755,755,0.0169577295105,-2.14385173403
756,756,0.0210328470031,-2.0519825335
757,757,-0.0858226395656,-2.11222244751
758,758,-0.760676435312,-2.0361335151
759,759,-0.176678958313,-1.98969970312
760,760,-0.908055088107,-3.03044539586
761,761,-0.625205742325,-1.85270202904
762,762,0.649650672572,-2.3165458835
763,763,0.511716734112,2.56758802243
764,764,1.62488919222,0.256963347595
765,765,0.317721442703,-1.91944512216
766,766,-1.35624227517,-1.23441504494
767,767,0.249818616044,-3.35748633781
768,768,0.193933444108,-2.37107942023
769,769,-1.25540752741,-1.45239394457
770,770,-0.516459530647,-1.71251337445
771,771,0.108802145624,-1.44907094926
772,772,-0.513806496977,-2.53620717258
773,773,1.73224034143,-2.01100769493
774,774,1.72936664608,1.43087144733
775,775,0.945834017773,-2.10958570164
776,776,0.538150563215,-2.55264069139
777,777,-0.604308666151,2.60057730004
778,778,0.698161718517,1.26120675171
779,779,-0.0460691399031,1.77943733812
780,780,0.305898779913,-1.52295749112
781,781,0.423308612915,2.13026811537
782,782,0.448972799407,-2.34221520237
783,783,0.0517638560522,-2.38727722364
784,784,0.387230786156,-2.30276182494
785,785,-0.299700632155,2.21514111809
786,786,0.0432202357238,2.25331556608
787,787,-0.232519517918,2.35944216885
788,788,-0.0974828802014,2.34431069712
789,789,0.268651031235,-2.30766284116
790,790,-0.0442927881986,-2.54747286441
791,791,-0.545075831889,2.04120891195
792,792,-0.0340167303016,-2.44512550647
793,793,1.34447243405,-1.57857979539
794,794,-0.304770238698,2.08397034603
795,795,-0.071218414993,2.14395641812
796,796,0.0227784429276,1.99897160637
797,797,0.360644050688,-2.3912831586
798,798,2.17827319212,1.07588666492
799,799,2.22123446551,0.160841387499
800,800,2.56266197063,-0.241111288074
801,801,2.32143338845,0.324517502573
802,802,0.24559154593,-2.63715039062
803,803,0.0447714211347,-2.51873786439
804,804,2.72420262936,0.0619447243159
805,805,-0.164795649934,2.28894701021
806,806,0.138202527267,2.12954618924
807,807,-0.344423732856,2.54406034494
808,808,-0.0339232734793,2.39321705347
809,809,-0.0426632909626,-2.3011504819
810,810,0.146381854786,-2.49165200941
811,811,0.0750348975434,-2.50362263308
812,812,-0.22580302012,2.33742164146
813,813,-0.184609908927,2.69068291201
814,814,0.843013890699,-1.8902851791
815,815,2.35676839391,0.620378420461
816,816,-0.382978227301,2.13676450033
817,817,-0.334849958948,2.65410821951
818,818,0.697258109735,-2.15109290961
819,819,0.093903717635,-2.70454947145
820,820,-0.0333299883655,2.43698652952
821,821,0.387915905837,-2.07697491105
822,822,2.85582975704,0.100434161025
823,823,2.56210414574,-0.19578343193
824,824,-0.439647795994,2.4320616451
825,825,0.0449556346793,2.34583496398
826,826,2.67718319342,-0.117758915733
827,827,0.258521989241,2.88243812163
828,828,0.292159794618,-1.83416431522
829,829,0.215101210767,-3.19498052509
830,830,0.139264674731,-2.10339837097
831,831,2.37810461234,-0.200837298019
832,832,0.085223797686,2.29474133862
833,833,-0.148558365627,2.36424231418
834,834,-0.128087380549,-2.21069644147
835,835,1.74234157068,0.250383287127
836,836,1.63868506867,0.647781039844
837,837,2.10547720168,-0.429450653231
838,838,2.06378608327,0.276019362871
839,839,0.0843010193725,-2.24538712963
840,840,0.492309589761,-2.43610041281
841,841,-0.177902124227,2.71091780164
842,842,0.787297478245,-2.2251279535
843,843,0.254337055862,-2.52811253841
844,844,-0.00241767742257,-2.50418246016
845,845,-0.123395284166,2.04427448254
846,846,0.211005963704,2.02818744829
847,847,0.19531853289,2.33203792755
848,848,0.163961435248,2.21927003751
849,849,-0.173491588713,2.22316275904
850,850,0.671896161299,-2.38573121704
851,851,0.178106342115,2.67030094112
852,852,0.818642265508,-2.15769179928
853,853,-0.127787270913,2.45904707772
854,854,0.345273170562,-2.51937183071
855,855,0.207158343874,-2.82191472766
856,856,2.5544368678,0.215541775816
857,857,-0.240573315374,-2.8483561874
858,858,-2.53847868874,0.0216752958956
859,859,-1.38112664213,1.52932633414
860,860,-1.85948455836,1.58331465712
861,861,0.481617726418,-0.907258230653
862,862,-1.75772195265,-2.02576730928
863,863,-1.09310553681,2.07871962959
864,864,-0.611267991426,-2.21368396311
865,865,1.70607104165,0.315825167022
866,866,2.67564283785,0.35290478299
867,867,2.66013653279,-0.041975522922
868,868,0.312278552079,-2.58574563477
869,869,0.435396893869,-2.0764802697
870,870,0.494875594009,-0.879633945984
871,871,2.21416625957,0.515424859243
872,872,0.336356419944,-2.43497651734
873,873,-0.654079290697,1.76597869875
874,874,-0.146437568925,1.37519402013
875,875,2.8943558538,0.25093317555
876,876,-0.163110091158,-0.369967119226
877,877,-0.0134992906852,-1.12691255168
878,878,-0.117192062144,-2.39225493885
879,879,-0.101174324513,-1.15222950216
880,880,-0.419771500972,1.23372077469
881,881,0.258746447269,2.25204539537
882,882,1.80650662382,0.0731685643309
883,883,2.34114577639,0.61237389411
884,884,2.405089836,-0.03311484263
885,885,-0.347810622442,-2.47863713809
886,886,-0.236101943823,-2.46617973967
887,887,0.284034711405,-2.59884832651
888,888,2.76030504499,0.257350723038
889,889,0.215922982521,-2.10076157993
890,890,0.244140152585,-2.43927509282
891,891,2.02492997996,0.811801589765
892,892,0.0571938655088,2.49724877551
893,893,0.553565544142,-2.35325067702
894,894,1.20293422969,-2.17048348818
895,895,0.876867539026,-2.44056850101
896,896,0.0398987952743,-2.31450142367
897,897,0.0497246031492,-2.46709519166
898,898,1.36968749049,1.38094315381
899,899,0.204538088045,-2.36396240383
900,900,1.3290920918,0.778758425249
901,901,0.220032826167,2.46344493495
902,902,0.996393823378,-1.35064328826
903,903,0.255249850957,2.01879994485
904,904,-0.303404426843,1.56727577798
905,905,1.88638347141,0.79569413167
906,906,1.79670385522,0.554888115036
907,907,1.80846270562,0.950650927614
908,908,1.38295630975,-0.288242470141
909,909,2.32874396972,0.477116188366
910,910,2.31887432387,0.213204495055
911,911,-0.251147843564,2.48316893989
912,912,2.46208617869,0.273768358199
913,913,2.52873699912,-0.0566388514186
914,914,2.02709169847,-0.785127903211
915,915,-0.0805258763039,1.49027167716
916,916,-0.137346642788,2.39858486802
917,917,0.140205745381,-2.05800057302
918,918,-0.0315933250738,-1.71903969204
919,919,1.85624058896,-0.646023133295
920,920,0.783890105778,-1.87558166253
921,921,0.542549462978,-0.26002248117
922,922,-0.0135715289437,-2.52977517691
923,923,1.0354795338,-2.2593208847
924,924,-0.601291600297,2.00893322148
925,925,-0.178658561687,1.50672516763
926,926,-0.81824210494,-1.56730437745
927,927,0.393246651272,-2.00149408093
928,928,0.0414159257992,1.0496356738
929,929,1.04007799871,2.13580485184
930,930,-0.0847800024502,2.13165911044
931,931,2.31419773817,0.000807997880779
932,932,0.936902565156,-0.83794752133
933,933,2.380499546,-0.202108241029
934,934,3.0103072754,-0.14888153658
935,935,-1.70637884252,-1.82437401738
936,936,0.716955816545,0.393369445911
937,937,1.26493378614,-0.576052080621
938,938,0.175131391154,-1.89780014359
939,939,-1.07798341377,1.21951356609
940,940,-0.445741372845,1.34854933711
941,941,1.19108014332,1.5312291079
942,942,1.69656458913,0.504910279799
943,943,-0.954240932414,0.241789109365
944,944,0.0755143627495,0.756149726464
945,945,-0.142577719994,-1.62234480304
946,946,-1.40257494052,-1.40525286127
947,947,-0.396274324089,1.56667431967
948,948,-0.740359161531,-1.1358464974
949,949,-0.640036361219,-1.74740679916
950,950,0.543630795067,0.907034982653
951,951,0.239465904489,0.900918860254
952,952,0.450298170258,-2.17041480309
953,953,-0.00870055494115,-2.90975805875
954,954,0.570601215046,1.00334385512
955,955,-0.309793050853,-1.03189743405
956,956,0.194093191777,2.0833823203
957,957,0.295845669619,0.850932078896
958,958,0.642472092101,-2.2923507513
959,959,-0.205352567766,-2.05083801666
960,960,-0.19715665847,-2.1995824124
961,961,0.270806752901,-2.27713182541
962,962,-0.00864537268123,2.53533867683
963,963,0.931480616959,-0.590730710882
964,964,0.24192414671,-2.35860625185
965,965,-0.488364499991,2.4557863862
966,966,1.17365450119,-0.18233764213
967,967,2.47252853047,0.361824597493
968,968,-0.812555546646,-1.33177397216
969,969,-1.64469380349,-1.78865504797
970,970,-0.850545116132,-1.49531864664
971,971,-0.0206476124727,1.71132096516
972,972,-0.786027691184,-0.774270317689
973,973,-1.78426281078,-1.94531927829
974,974,-1.19738186711,-1.44732699263
975,975,-1.25972164048,-1.40270693169
976,976,-0.567348048066,-1.37927664582
977,977,-0.475812938785,-2.08529005802
978,978,-1.34536028287,-2.03299240824
979,979,-0.286384321496,-2.22977898053
980,980,0.322349373344,-0.87482370291
981,981,2.72183202278,-0.0875719685471
982,982,0.137145358758,-2.35422560798
983,983,-0.710148435194,-1.37124658146
984,984,-0.351730327988,3.08752657919
985,985,-0.114414885912,-1.48751983757
986,986,-0.620870978237,-1.65008587324
987,987,-0.87195572517,-1.82686820934
988,988,0.215928346362,1.24190302279
989,989,-0.820970254887,-1.53236083329
990,990,-1.30451149988,-2.06826850683
991,991,-0.0449351581033,2.82152126318
992,992,0.169319826514,-1.48817244719
993,993,0.0303028646496,-2.3675694736
994,994,0.558484659715,-2.77106340351
995,995,1.98334609359,0.496690472394
996,996,0.34126055886,-2.31773269517
997,997,-0.648981616547,-1.37538171956
998,998,-1.38827620447,-1.4926763396
999,999,0.0827298886486,0.368104540684
1000,1000,-0.569767530862,0.949000156997
1001,1001,-0.614610511521,0.816750771379
1002,1002,-1.04654816533,-1.11021534263
1003,1003,-1.56474530573,-0.960968210174
1004,1004,-0.102242480229,1.99938478878
1005,1005,-0.331579253445,2.52951602051
1006,1006,1.24569309401,-1.60464311708
1007,1007,0.346932933976,-0.285342096215
1008,1008,-0.055423626602,2.27141550673
1009,1009,1.08169296456,-1.74996645432
1010,1010,2.41938015288,0.059361789941
1011,1011,2.38923700885,0.0576012544105
1012,1012,2.55626529956,-0.116204815909
1013,1013,1.10714315188,-2.09769417867
1014,1014,0.00631315168139,2.15339118982
1015,1015,0.400528569359,-2.32618511485
1016,1016,-0.738175636965,-0.70868743236
1017,1017,-0.532675803892,1.80156433737
1018,1018,2.36680305984,-0.0827074109413
1019,1019,-0.364280268838,1.76543491537
1020,1020,0.43974975606,-1.78000398507
1021,1021,0.546969332469,0.0337575024427
1022,1022,0.286044281448,-1.58083913305
1023,1023,-0.560996272033,1.69600752624
1024,1024,-0.222792909333,1.06193945255
1025,1025,-0.162579262163,1.02622001906
1026,1026,0.58856800163,0.308971173161
1027,1027,-0.280625295489,-0.0628518944465
1028,1028,-1.00590530523,0.334066905873
1029,1029,2.63365121974,0.467461921247
1030,1030,-0.471991954168,0.902183514135
1031,1031,0.759200188425,2.1066431762
1032,1032,-0.461968106671,1.06685132168
1033,1033,-0.86749257541,-0.336186776577
1034,1034,-0.605592386486,-1.80890353963
1035,1035,0.750293527657,-1.0057439493
1036,1036,-0.291048375098,-0.727151040559
1037,1037,0.279008325723,2.4006925129
1038,1038,1.30233029911,-0.823017324379
1039,1039,2.39709414765,-0.564840007837
1040,1040,0.0529441186571,-2.72779007737
1041,1041,2.41036431078,0.377139782402
1042,1042,0.194731294566,-2.46652668881
1043,1043,0.340550790312,-3.10379181183
1044,1044,-0.937154518009,1.66751306477
1045,1045,-0.963138792308,2.09764329501
1046,1046,-0.556398012414,2.17069349338
1047,1047,-0.618918022155,1.83188949777
1048,1048,1.12546292072,-1.98575524529
1049,1049,-0.109300221181,2.28295097194
1050,1050,1.62408334072,-2.04791020974
1051,1051,0.574168716131,-2.30320540273
1052,1052,-0.399948598221,2.18192887184
1053,1053,-0.802423046767,2.17414237887
1054,1054,-0.481740431925,2.44231110225
1055,1055,-0.307514543914,2.73220137358
1056,1056,0.803578907123,-2.12391686493
1057,1057,0.80231321022,-2.30768359032
1058,1058,0.315012871583,-2.19254541307
1059,1059,-0.0145200397702,1.56834247199
1060,1060,-0.131263049897,2.14046806673
1061,1061,0.937918549904,-1.58602884257
1062,1062,0.172420967403,-2.27650206529
1063,1063,1.02820395698,-2.40396997231
1064,1064,-0.304903380716,1.92423813113
1065,1065,-0.207986736896,2.47977461197
1066,1066,0.0534400593712,2.43170855557
1067,1067,-0.311915477433,2.49473905051
1068,1068,0.638586910298,-1.91387710063
1069,1069,0.18291183548,2.35757516186
1070,1070,-0.870275868481,2.52554470555
1071,1071,0.10493716418,-2.02877861828
1072,1072,2.14314686541,0.588056747644
1073,1073,-0.156309740842,-2.720675165
1074,1074,2.79005986764,0.327110437271
1075,1075,-0.861834130049,-1.20965586784
1076,1076,0.503935248714,0.55970434131
1077,1077,-1.24631035684,-1.18644646485
1078,1078,-1.05868688491,-0.989086762968
1079,1079,-0.736049991551,1.71446465054
1080,1080,-1.57521492651,-1.33248214324
1081,1081,-1.85347174577,-1.51721597871
1082,1082,2.49773614744,0.0118766425564
1083,1083,-1.2895129391,-1.40331902813
1084,1084,-0.606655086547,1.95882537519
1085,1085,0.304880506386,1.28387831526
1086,1086,-0.126227730504,0.329257973648
1087,1087,-1.4050960339,0.844950892336
1088,1088,0.424064350401,1.73470884373
1089,1089,-0.184368985722,1.17175965077
1090,1090,-0.381969985028,-0.980974546415
1091,1091,-1.07041176814,0.917218399541
1092,1092,0.555304559542,1.51707139532
1093,1093,-0.760383710377,-1.74851725428
1094,1094,0.274587215065,-2.50871250908
1095,1095,-1.13272582107,2.66507971049
1096,1096,0.518243371018,-2.88947944094
1097,1097,0.238964948508,-2.4724658038
1098,1098,0.504945747762,-2.19940113354
1099,1099,0.00341874713882,-2.50565157361
1100,1100,0.553477288267,-1.95549924632
1101,1101,-1.17555720275,-1.6074865345
1102,1102,-0.388962563007,-2.07273313959
1103,1103,0.371067913559,-2.54146070799
1104,1104,-1.30143986929,-1.66336168881
1105,1105,0.00875891462552,-2.46610467271
1106,1106,2.52597126192,0.158534040018
1107,1107,-0.701086618725,2.25909262695
1108,1108,-1.57073275326,-1.823850761
1109,1109,-0.27372301811,2.17807795721
1110,1110,0.422768877803,-1.26611148688
1111,1111,-0.297800657295,2.5729301145
1112,1112,0.774564152541,-1.69066013427
1113,1113,2.3573093344,-0.37229144838
1114,1114,1.48178213702,0.624590828696
1115,1115,0.324809425029,-2.67726068891
1116,1116,0.611539332674,-2.23016832017
1117,1117,-0.527396811095,1.1316712973
1118,1118,0.990657527454,-1.7177417616
1119,1119,1.55408113818,-1.13751099451
1120,1120,-0.763747445651,1.86311880602
1121,1121,-0.59813402848,2.31825541255
1122,1122,-0.431210222368,2.4488484703
1123,1123,1.15742064025,0.39463363147
1124,1124,-0.955688195604,-1.85803503335
1125,1125,1.31990135852,-1.7677281542
1126,1126,-0.401874806739,2.50719946487
1127,1127,0.357561826175,1.18700147966
1128,1128,1.58697947817,-1.16222206513
1129,1129,-0.643787767039,1.95715766722
1130,1130,0.935282834227,-1.75993758005
1131,1131,-1.3039994006,-1.97807461896
1132,1132,0.373305825161,-1.866381657
1133,1133,-0.165666856937,-2.27861961072
1134,1134,0.569352472062,-2.50169554394
1135,1135,0.66040459996,-2.08033422129
1136,1136,-0.0254746768363,2.67064823626
1137,1137,-0.1004846506,-2.46373565477
1138,1138,0.338880398293,-2.48383710787
1139,1139,0.399568649679,-2.17121008086
1140,1140,-0.247394455707,1.88882737908
1141,1141,0.306273450112,2.16693175904
1142,1142,-0.319375701739,2.33504576343
1143,1143,1.13584762638,-1.55645416401
1144,1144,1.49347931398,0.785239180481
1145,1145,2.46568768745,-0.0838452945788
1146,1146,1.35763406834,1.59220323425
1147,1147,0.511432331491,2.12221089758
1148,1148,0.221922727879,-2.60734125893
1149,1149,0.527214678042,-2.53741242308
1150,1150,2.8275713482,0.0908020443726
1151,1151,-0.310787420821,2.46848260278
1152,1152,0.394788395746,2.86172453348
1153,1153,2.63790362049,-0.276718574175
1154,1154,-0.147479373345,-2.42096258198
1155,1155,-0.010492689773,-2.70049554153
1156,1156,1.91540198781,0.533047820666
1157,1157,-0.303296148141,2.09246652142
1158,1158,2.0936335213,0.440047170425
1159,1159,2.67193309626,0.124511191066
1160,1160,0.202578940398,2.09237997702
1161,1161,0.128129467268,-1.07599117089
1162,1162,-0.134601591513,2.23467821218
1163,1163,0.349451704518,1.94033450635
1164,1164,0.679724411652,-1.86368896903
1165,1165,1.41170751109,0.459524605855
1166,1166,0.625994652589,1.78784135636
1167,1167,2.41395612558,-0.0240375592665
1168,1168,1.11082365012,-1.80552447419
1169,1169,2.51885533463,-0.244956050068
1170,1170,2.07053214915,0.286897069557
1171,1171,0.0575626205582,-2.6111165506
1172,1172,0.371424028174,-2.41493616439
1173,1173,-0.591121773404,2.37923928103
1174,1174,0.0954734686312,2.67191370579
1175,1175,0.345655561679,2.25110309375
1176,1176,0.0742184562677,2.59545370736
1177,1177,0.20091796947,-1.96183368433
1178,1178,1.67668464295,0.60858697613
1179,1179,-0.291347705091,-2.50852896579
1180,1180,0.0795596977316,-2.76469337678
1181,1181,2.24401715804,0.188459958485
1182,1182,-0.710236668205,-2.69275129182
1183,1183,-0.195323188067,2.73009284287
1184,1184,-0.185854199281,2.45949040616
1185,1185,1.29264992679,-2.08856000084
1186,1186,-0.140745125757,-2.52883174865
1187,1187,-0.434460560523,-2.30174153012
1188,1188,1.00917976697,-1.66400471347
1189,1189,-0.276275931487,-2.70589293579
1190,1190,-0.450868744629,-2.54654233014
1191,1191,0.232801258479,-2.23694177571
1192,1192,-0.314963945047,-2.21949284509
1193,1193,-0.0841180830961,-2.03150108086
1194,1194,-0.0179505836553,-1.79676354496
1195,1195,-0.358418365854,2.15146599613
1196,1196,1.94742039229,-0.0341225370957
1197,1197,2.40243110571,-0.0548975764859
1198,1198,2.27441776664,-0.0932859136318
1199,1199,2.49051613539,0.0454746863206
1200,1200,0.518921265652,-2.43142359524
1201,1201,0.86163615729,-1.91332740856
1202,1202,-0.802335918589,1.86477759381
1203,1203,-0.834947448699,2.49365579553
1204,1204,-0.245823612973,2.18522224644
1205,1205,1.24218358289,-1.91069245423
1206,1206,-0.269160180934,2.34381121292
1207,1207,-0.0138446675402,-2.64002006056
1208,1208,0.072070522636,-2.16936733962
1209,1209,2.22226938849,0.0487054454621
1210,1210,2.81972472526,0.234422035994
1211,1211,-0.0607427514306,2.44831714975
1212,1212,1.19865966069,-2.03169771473
1213,1213,2.93096450729,0.216700159545
1214,1214,1.77644737549,0.53970888741
1215,1215,-0.0133354724756,-2.73639809793
1216,1216,0.110718740759,-1.92651032681
1217,1217,0.104504726326,-2.53637529319
1218,1218,0.239471831735,-2.02222767275
1219,1219,2.38200515744,0.297803900324
1220,1220,1.41636308053,-1.31625472884
1221,1221,1.33628503291,-1.28131981662
1222,1222,1.19769692954,0.558792806642
1223,1223,1.32638873021,-1.06106260121
1224,1224,2.9128938689,0.100462058917
1225,1225,2.92263999702,0.0543008981878
1226,1226,0.359416737186,-0.144821428437
1227,1227,-0.189795835751,2.62847964795
1228,1228,0.737412945241,-0.0337675174396
1229,1229,-0.170970834894,2.21628383505
1230,1230,-0.152633219314,-2.39230989068
1231,1231,0.322733465748,-2.63944847412
1232,1232,-0.291143203211,2.65631562564
1233,1233,1.14553714605,-2.27339771263
1234,1234,-0.0231398779168,2.46415310866
1235,1235,0.128778784321,-2.12155445165
1236,1236,2.52385941754,0.187245897052
1237,1237,0.286713263881,-2.23689419144
1238,1238,0.248483181533,2.59832510866
1239,1239,0.900666572435,-1.81352785705
1240,1240,-0.00700284752806,-2.07242866632
1241,1241,2.45820293405,-0.305458497029
1242,1242,0.388513942653,-2.29888904581
1243,1243,0.0955953782811,-2.523521975
1244,1244,0.379375594453,-2.13639233205
1245,1245,-0.108069896064,2.45281012168
1246,1246,0.224197936878,-2.24029185359
1247,1247,-0.0230030381401,2.18529969048
1248,1248,-0.494323006395,2.58194660924
1249,1249,0.544081258893,-2.593169627
1250,1250,0.0821561267743,2.27792144348
1251,1251,0.0568830847605,2.60326284106
1252,1252,-0.0299156827948,2.48321820412
1253,1253,0.85247918355,-2.17046716391
1254,1254,2.28751178641,0.718774119315
1255,1255,2.65806178399,-0.192499707185
1256,1256,2.28357296157,-0.0917141163059
1257,1257,2.73668602367,0.00557531765705
1258,1258,2.50952640526,0.37270295702
1259,1259,2.31236184094,0.116335657464
1260,1260,2.63916556835,0.100929193915
1261,1261,2.39528804551,0.110315984692
1262,1262,0.0215104736642,-2.11140710671
1263,1263,0.399930821723,-2.01306596044
1264,1264,2.73491053163,-0.0698665486849
1265,1265,0.210732712791,3.05508481213
1266,1266,1.27299792481,-0.0696284184977
1267,1267,1.78582895473,-0.160725308844
1268,1268,0.113974953059,-2.17618415269
1269,1269,-0.0200676090672,-2.34927340563
1270,1270,1.70457723113,-0.178265678771
1271,1271,-0.0127519470516,2.34783707665
1272,1272,1.95432268934,0.596198983881
1273,1273,0.0580253929197,-2.18801440927
1274,1274,0.621335211708,-0.514882784198
1275,1275,0.0255757297997,2.55314974573
1276,1276,0.236187809357,-2.38720454485
1277,1277,0.320375304116,-2.40515955214
1278,1278,2.59321536322,0.195709821515
1279,1279,2.06362298491,0.178932740558
1280,1280,0.703711218519,-0.117590132781
1281,1281,2.67504754576,-0.125465926773
1282,1282,2.25690620107,0.00436084211936
1283,1283,2.29492166504,0.377250194124
1284,1284,-0.476161615796,-2.15813833586
1285,1285,1.35976557598,-1.86951164727
1286,1286,0.0136758145963,-0.41383083313
1287,1287,1.9156439416,0.844390656913
1288,1288,-0.314010578344,-2.13206120724
1289,1289,0.0851667241816,-2.2741325233
1290,1290,0.154542737726,-2.12031592286
1291,1291,0.923222250034,-0.419217170828
1292,1292,0.440202963785,1.7729687884
1293,1293,2.30494695754,-0.0105078721037
1294,1294,2.54694327378,0.00671595284617
1295,1295,0.604252498242,-0.553385112396
1296,1296,0.159622827143,-2.4204938371
1297,1297,0.379357258356,-2.48437158186
1298,1298,1.47098132943,-1.00096238966
1299,1299,-0.136087577371,2.68031552948
1300,1300,0.410010156198,-2.34691331247
1301,1301,0.0446712602538,2.76479544434
1302,1302,-0.453376795704,1.93044063642
1303,1303,1.15100008759,-2.29504410425
1304,1304,-0.206075239937,2.08418950173
1305,1305,-0.307964914705,2.27657713042
1306,1306,-0.330393315019,2.45790748178
1307,1307,-0.566509070283,2.55683038736
1308,1308,-0.163501908404,2.40970589943
1309,1309,-0.414712325809,2.28573379131
1310,1310,0.371923275463,-2.17423029388
1311,1311,0.11118965027,-2.76143108297
1312,1312,-0.427373475176,2.56666813201
1313,1313,0.0157085540697,-2.50252026841
1314,1314,1.424415229,-2.61140854157
1315,1315,0.183588716187,-2.42877267223
1316,1316,-0.850470258892,2.29781462163
1317,1317,0.127620105143,2.46577859669
1318,1318,0.382395176361,-2.24595763275
1319,1319,-0.597204136352,2.37156854722
1320,1320,0.0706811214271,2.25591388287
1321,1321,-0.650592502764,2.18564805155
1322,1322,0.231839256395,2.1881149217
1323,1323,-0.113070961823,2.30024155242
1324,1324,0.815261339459,-1.8708457838
1325,1325,1.08678585407,0.858291494411
1326,1326,2.48721080879,0.243348668205
1327,1327,0.0938967173221,-2.553058293
1328,1328,0.327017114269,-2.25564948322
1329,1329,2.5426817509,0.119697928372
1330,1330,0.165016786205,2.76192531579
1331,1331,0.876034503349,-1.81424533509
1332,1332,1.73750056361,0.653377041552
1333,1333,0.257771807648,-2.28941368496
1334,1334,0.21165318523,1.80407630112
1335,1335,0.991028896185,2.2775946605
1336,1336,1.10091973058,2.06212648303
1337,1337,0.0439617986699,2.07364123916
1338,1338,1.7509169653,1.03035358647
1339,1339,0.123046809143,2.63923014905
1340,1340,1.48848866929,1.29632170682
1341,1341,1.1593227189,1.22781103492
1342,1342,1.57653982987,1.39793848409
1343,1343,-0.26379607092,-2.49213362655
1344,1344,0.225459417639,-2.22122239892
1345,1345,1.47272458749,0.654690303517
1346,1346,0.101332689891,1.59782698151
1347,1347,1.97372742122,0.487729262595
1348,1348,0.819745004026,1.62961267202
1349,1349,-0.380841150962,2.74471453548
1350,1350,-1.22732219058,-1.88454041623
1351,1351,2.000278986,1.11482533256
1352,1352,-1.18775176606,-1.02479937546
1353,1353,0.107604155726,-2.10388539002
1354,1354,0.0298433257224,2.15996444579
1355,1355,1.39138669037,1.26178143325
1356,1356,2.11587355516,0.541069770442
1357,1357,1.17750468498,1.43504952238
1358,1358,0.792225316085,1.90334537973
1359,1359,0.796789714209,0.644976968569
1360,1360,1.96437699176,0.618527222423
1361,1361,0.416766495151,0.258577279189
1362,1362,-0.805786386492,-1.63273360957
1363,1363,-0.558753712207,-1.78161245823
1364,1364,1.45363738071,0.40831285633
1365,1365,1.42886596738,-0.503810412283
1366,1366,2.70636248264,0.665443856389
1367,1367,-0.599077389703,0.816307420445
1368,1368,-0.286158673481,2.47517403349
1369,1369,0.498534034436,-2.0980330195
1370,1370,0.852515780906,2.4586820669
1371,1371,2.52415485425,0.400472312983
1372,1372,1.72771876683,0.446193871329
1373,1373,0.102673015689,1.29707319184
1374,1374,1.75854784568,0.742847132153
1375,1375,1.443173901,1.7900370951
1376,1376,0.614720865142,1.25403416544
1377,1377,-0.532136691887,-1.14246457905
1378,1378,0.0964527421923,-1.48557391069
1379,1379,1.49932199464,1.11311038753
1380,1380,0.0742203954258,2.47321159023
1381,1381,0.638905416899,1.38042122622
1382,1382,0.0573972639211,-3.17149811381
1383,1383,0.0567541531172,2.25315610246
1384,1384,1.92325500035,0.948289520393
1385,1385,2.22191496803,0.558907354234
1386,1386,1.87468119467,1.025884963
1387,1387,1.72648776337,1.26140476213
1388,1388,2.9122036146,0.833379959222
1389,1389,1.34246209874,1.7242904943
1390,1390,0.222142960911,2.67265901126
1391,1391,-0.304506079452,2.00551074995
1392,1392,0.713193431324,-2.50627363405
1393,1393,0.628449635053,0.402793994338
1394,1394,0.800215917257,-0.0372202132452
1395,1395,2.32505779237,-0.0148918224388
1396,1396,2.34152686006,0.422055177101
1397,1397,1.12161530986,-2.27755199781
1398,1398,0.546624007398,1.89020091197
1399,1399,-0.052533641636,-2.13903035035
1400,1400,1.09029769257,0.138907668731
1401,1401,-1.35122054582,-1.17438678635
1402,1402,0.0766596136121,2.02835606223
1403,1403,1.37368015306,-0.00303414469363
1404,1404,0.0650175906821,2.76354061376
1405,1405,0.843505001223,1.60121608027
1406,1406,0.0198490486964,3.15974868447
1407,1407,-0.458155811352,2.99091365595
1408,1408,-0.408115028004,2.09897611156
1409,1409,0.348429857686,3.27568877185
1410,1410,0.18698971955,2.1911393245
1411,1411,-0.383146776938,2.26530313
1412,1412,0.0616986802282,2.53694998327
1413,1413,-0.144719101866,2.36471069051
1414,1414,-0.329676970867,3.02339630185
1415,1415,0.892370959968,2.82483531957
1416,1416,-0.206893229771,3.22864189415
1417,1417,1.84007960645,0.225893527065
1418,1418,0.0962569429897,2.56020414864
1419,1419,0.858904155853,0.258054956555
1420,1420,-1.31801912995,-1.45553748303
1421,1421,0.224189442319,0.121139728031
1422,1422,1.02604506169,-0.0622438459558
1423,1423,2.52813795123,0.00746619125547
1424,1424,0.0537708189785,-2.91474231092
1425,1425,0.476500750534,1.67714657947
1426,1426,-0.0222391716,0.728025440968
1427,1427,3.29731402137,0.525505959478
1428,1428,4.00052062221,-1.1492534245
1429,1429,2.4834484692,0.119705816359
1430,1430,1.5734980802,0.580334028802
1431,1431,2.15335455874,0.419056216853
1432,1432,2.1803959808,0.172507856797
1433,1433,1.94992318899,0.348195664583
1434,1434,0.980084359239,1.00640836216
1435,1435,1.56501648936,0.985662346554
1436,1436,0.269350738126,-2.73466576072
1437,1437,2.02893507809,0.168177257272
1438,1438,-0.279286464597,1.7581867692
1439,1439,1.39174820095,1.85970658921
1440,1440,0.921718798821,1.96412415954
1441,1441,0.406608358594,0.769659855095
1442,1442,0.473711389599,1.88737282815
1443,1443,0.636659582956,-2.12950937895
1444,1444,1.77825893751,2.35148633318
1445,1445,0.717468346075,1.91298893315
