,vote,alpha,beta
0,0,-0.322239338954,2.34045071252
1,1,-0.1162379303,-2.34561722629
2,2,2.43891600822,0.212821162395
3,3,2.43727706255,0.0135139615134
4,4,0.544580027515,-1.37680417446
5,5,2.79730577891,-0.38961343026
6,6,2.05266183596,0.446268992514
7,7,1.84643692992,0.269810593015
8,8,0.263337914669,-2.15526251184
9,9,1.29962228312,-1.50130673072
10,10,2.56341057689,0.0259189416737
11,11,2.44551296637,-0.171455211878
12,12,2.56087029823,0.38771928966
13,13,2.68004694415,0.0441033054284
14,14,2.27801667011,-0.0619203661609
15,15,2.09823414222,0.127341062239
16,16,-0.258938699576,2.34176758522
17,17,0.645558714794,-0.762524119898
18,18,2.39220835057,0.41146871368
19,19,2.67852365325,-0.124738930124
20,20,1.52343396343,-0.78170059134
21,21,0.105586452217,-2.51240014271
22,22,-0.161281110577,-2.06662708376
23,23,2.49927128064,-0.24334393042
24,24,0.573551474901,-1.90364247236
25,25,1.36160226213,-0.359861958942
26,26,-0.899390508011,0.111181464577
27,27,-0.136611869175,2.63667934973
28,28,2.57123766195,0.441704960825
29,29,2.31215529829,0.234313255285
30,30,2.46069152637,0.0276600913288
31,31,2.3053361267,0.0453203182319
32,32,0.326027470742,-2.48412717987
33,33,0.28192531302,-2.28215592778
34,34,1.5013128735,-0.361519798224
35,35,-0.328914178096,2.30608456725
36,36,-0.208664216656,-1.97717423667
37,37,0.148046787328,-1.99381550495
38,38,0.264342534336,-2.23549799443
39,39,-0.772360392615,-1.17482659799
40,40,1.77584378918,-1.34566574543
41,41,-0.223255790458,2.02883660206
42,42,-0.292054673471,-2.29802247781
43,43,2.11084898646,0.0584727521972
44,44,2.42482282643,-0.07398018837
45,45,2.51093822433,-0.154460501625
46,46,2.2553944404,0.198549745568
47,47,2.04075773198,-0.151956974919
48,48,2.38279435898,0.265667943285
49,49,1.32198399579,1.07325861087
50,50,-0.142526580781,-2.16400973948
51,51,0.465425062855,-2.40724761845
52,52,-0.179394239472,2.14046148942
53,53,0.145223189001,-2.47553160783
54,54,-0.101912158215,-2.3896715407
55,55,0.0768578016012,-2.02644732607
56,56,0.540918336313,-2.1917624225
57,57,-0.562797629112,2.04273278808
58,58,0.0959487038,2.39959615336
59,59,0.0196820933223,-1.6523649794
60,60,0.704244913289,-2.17886833405
61,61,2.01706240769,0.182097210851
62,62,2.34792404752,0.0709593882978
63,63,2.41787912875,-0.0688543095537
64,64,2.45438718677,0.156856636007
65,65,2.37436499558,-0.231502525224
66,66,-0.0226693481653,-2.17919654801
67,67,0.621637185144,-2.55091444307
68,68,0.786977253058,-1.98031060774
69,69,-0.227827554682,-1.74064955678
70,70,-1.12782811574,1.6779375143
71,71,-0.47033247821,1.86395992722
72,72,-0.455570953128,1.86879471804
73,73,-0.661487762826,2.03250698685
74,74,-1.10864486545,2.37647219528
75,75,-0.459534628132,2.0030329507
76,76,-0.450805624032,2.15083042793
77,77,-0.765213998674,1.53590625146
78,78,-0.120564766439,2.27311743706
79,79,0.521047936562,-1.89623372163
80,80,-0.379502839381,-1.72224161494
81,81,-0.0708599263508,-2.14296038364
82,82,0.0979374616521,-2.36526036696
83,83,-0.0564981627946,2.38212322514
84,84,-0.0997598230432,-2.134043367
85,85,2.17756877551,-0.0736040426291
86,86,2.11726038903,-0.42116881294
87,87,-0.0155394484369,-2.28753117333
88,88,0.0370404160162,-2.25607041219
89,89,-0.726945178672,-1.07011158435
90,90,0.275400789788,-0.569641162511
91,91,-0.441001793457,-2.02875123415
92,92,-0.764787861525,1.77278647813
93,93,-0.549716491764,-1.66637907293
94,94,0.147988797762,1.92573283583
95,95,2.03532549537,0.00606563345416
96,96,-0.904573622554,1.89942217747
97,97,-0.54224960223,1.91920080278
98,98,-0.327019405779,0.302860007828
99,99,-0.298542165879,1.95596515587
100,100,-0.144235743471,1.69757589503
101,101,-1.05660266815,0.627237281476
102,102,-0.368208591826,-1.74096497768
103,103,-0.890962265417,1.69916095681
104,104,-0.362386747355,-0.964078919842
105,105,-1.07647248533,-0.00532271057396
106,106,0.620638740174,0.920109059266
107,107,0.065363381373,-1.51459075261
108,108,-0.575099031784,0.808011698228
109,109,-0.543437502914,0.545860953227
110,110,0.990212425814,1.23449468207
111,111,-0.132503860292,-2.11388594284
112,112,-0.399542020588,-1.34752139067
113,113,-0.155986066894,-1.99151396898
114,114,-0.085926093473,1.9812838383
115,115,0.355889806258,-1.42614907862
116,116,2.37325784225,0.128694042023
117,117,2.61786122563,0.0383614919778
118,118,0.216481420436,-1.89449128474
119,119,1.81356939945,-0.243695388811
120,120,2.20601935551,-0.226434601043
121,121,-0.134584822166,2.07919418151
122,122,1.03868745815,-1.35923832144
123,123,2.13889189793,-0.0133230759196
124,124,0.51403629543,1.63644992157
125,125,0.253447452786,-2.24772221643
126,126,0.151294607671,-2.07713156263
127,127,-0.794765335875,0.647354768091
128,128,0.23440704129,-1.98425030103
129,129,-0.388336592038,-1.36484875785
130,130,-0.796298178887,-1.48585556608
131,131,0.820760620718,0.921172241304
132,132,-0.480264587611,-1.6999001236
133,133,0.15115404245,1.49899944168
134,134,0.355039936159,-1.88178068715
135,135,1.02742429371,1.84614316287
136,136,-1.58487812322,0.906277258639
137,137,-0.521299593537,0.773050614499
138,138,-1.2388019426,0.793324506133
139,139,0.00968629549994,1.8261753363
140,140,-0.495576886954,-0.0243566403284
141,141,-0.66552133317,0.459258487826
142,142,0.350282851865,-1.98483933738
143,143,-0.665192196439,1.77391787365
144,144,-1.05937659234,1.96882019781
145,145,-0.765324978019,1.33659738844
146,146,1.76800290328,0.632087447367
147,147,-0.117099221029,1.47011327102
148,148,2.52876501675,0.259708659728
149,149,2.1879207809,-0.177984207136
150,150,-0.155672722001,2.10601957993
151,151,0.713031899484,-0.644241518342
152,152,2.624114946,-0.222965333639
153,153,2.3904283607,-0.0649101811697
154,154,2.43792894631,0.121176919498
155,155,0.192504623332,-2.46033836779
156,156,-0.0779299829267,-1.98016637793
157,157,2.40458475575,0.117033602364
158,158,-0.0113971414073,-2.26707234923
159,159,1.87517776813,0.611746799763
160,160,0.298516270742,-2.37964180296
161,161,0.241184437964,-1.81775113869
162,162,-0.0366946704263,2.0644352272
163,163,0.526163646381,-0.337955345145
164,164,-0.954927599289,-0.894069310696
165,165,-0.192436741948,1.79519015
166,166,0.0337831839022,-2.25207520658
167,167,-0.692685633865,1.3897675989
168,168,0.946343025113,1.24489220215
169,169,-0.00327577694658,0.110211662977
170,170,-0.993993793421,-0.726734302626
171,171,-1.11044919809,-0.939075181248
172,172,-0.908245371598,1.05767214396
173,173,-1.10089515572,-0.738871861486
174,174,-0.907505198098,-1.68883234301
175,175,0.202452925564,1.51511910639
176,176,0.161745549174,0.778589380132
177,177,0.256490352294,-2.13906397635
178,178,0.0815004407844,1.07880287003
179,179,-0.310872597592,-1.28428448747
180,180,-0.809118604447,-1.39871702272
181,181,0.937374033999,-0.328398545621
182,182,-0.353049832042,-1.21995906581
183,183,-0.00718117376864,1.16792154826
184,184,-0.0705513149602,0.423184699473
185,185,-0.212726642703,0.275728705918
186,186,0.511683873167,-0.504810409393
187,187,0.272850203484,-0.452702311134
188,188,-0.0664698288886,-0.77259728307
189,189,-0.0398796094994,-0.269887073261
190,190,0.147128453008,0.464292281555
191,191,-1.03027718405,-1.60498275855
192,192,0.0289725005198,-1.98581018659
193,193,0.133245683393,2.71366200085
194,194,-0.181679681979,-0.962711293068
195,195,2.31769889,-0.0177809554201
196,196,2.13478633727,0.0863937434784
197,197,-0.0510910586667,-2.31917338979
198,198,-0.878436144479,1.3788366515
199,199,0.147530010291,-1.86917935758
200,200,0.30508834807,1.67217549781
201,201,-0.181915313412,1.96018827138
202,202,1.07016000256,-2.24839576022
203,203,2.2723338376,-0.355703656889
204,204,-0.332481108354,2.41839174914
205,205,0.545905677747,-1.9209314509
206,206,0.346392869827,-1.39297954608
207,207,0.228458594809,-1.79946253817
208,208,-0.336659712327,1.84766125465
209,209,0.0918889729322,-2.28115212708
210,210,0.446056072123,-0.548292401632
211,211,-0.140473804775,-1.95454522282
212,212,0.350480764844,1.88617099075
213,213,-0.943849252524,2.21612041675
214,214,0.0747425735301,2.19571720908
215,215,0.221937988831,-1.92935297574
216,216,1.81466519473,-0.578614890356
217,217,1.44161885126,-1.11400002932
218,218,2.29176047133,0.367094599983
219,219,0.091296759981,-2.32413793475
220,220,0.545238682605,-2.21382725263
221,221,1.64104150781,0.499254957159
222,222,-0.625222736274,2.29979443392
223,223,-0.0249551224614,1.77859699314
224,224,-1.03335396891,1.68622088898
225,225,-0.377791108064,0.193783747861
226,226,-0.935144792982,-1.3722932606
227,227,-0.809268590644,1.69328624573
228,228,-1.01788249986,-1.67091407559
229,229,0.466460843218,1.89234444129
230,230,-1.10373480872,-1.16185412004
231,231,1.73145946832,0.917759143235
232,232,0.0496863245928,1.60284592803
233,233,-0.66287113282,1.7905823562
234,234,-0.548687123833,1.79805645245
235,235,-0.992368506019,1.75041800647
236,236,-0.747889251623,1.63192193014
237,237,-0.996018221681,0.686378281667
238,238,-0.782397944746,1.47468325588
239,239,-0.677183572503,1.28073865354
240,240,-0.840183194871,1.6516284292
241,241,-0.994212905411,1.73743263629
242,242,0.0494664633196,-2.13328412036
243,243,-1.08952647974,-1.74206218561
244,244,-0.55332450941,1.94200268526
245,245,-0.0539909285887,1.0757616307
246,246,-1.35101144042,-1.16012218732
247,247,-0.304552933996,1.3146148319
248,248,-0.670940658699,0.194804040839
249,249,-0.511907691211,0.384672575718
250,250,-1.2110953435,0.909339946642
251,251,0.206715728395,1.50278620826
252,252,-1.6352453509,-1.36902526745
253,253,0.266957690311,-2.05524521688
254,254,0.121546761741,-1.813471196
255,255,-0.711772311393,1.45917769904
256,256,-0.341072883988,0.66870346982
257,257,-1.06809604354,-1.52696971945
258,258,-0.231244395911,2.17507234101
259,259,-0.131277612839,-1.7991626762
260,260,0.282299237677,-2.45645322829
261,261,0.312651568142,-2.19382970947
262,262,-0.084301046112,1.90514778032
263,263,0.102052469607,-2.23205536663
264,264,0.367145868617,-2.5848393113
265,265,-0.00231540643364,2.3901710761
266,266,-0.464207891164,-2.3228675771
267,267,2.45379200198,-0.0486427277779
268,268,2.38978763304,0.074492361501
269,269,2.79020768838,-0.254412801635
270,270,-0.0624852843748,-2.33211771763
271,271,0.0075251891016,-2.1085229184
272,272,-0.976169958838,0.341064568932
273,273,-0.316674473605,2.41398017211
274,274,0.945972520722,-1.61948557021
275,275,-0.168256269124,2.39257407347
276,276,0.755251886399,-2.01230529191
277,277,0.182496358795,-1.84088719584
278,278,0.134017324566,-2.37064698369
279,279,1.02050691888,1.52761035083
280,280,0.330566073343,-2.13816920901
281,281,0.467869671437,-2.26944591732
282,282,-0.0812841231987,2.26492360824
283,283,-0.024369088164,-2.17719586907
284,284,-0.260685310225,2.11028873575
285,285,-0.0887639710083,1.91823178477
286,286,0.214952237617,2.8021520763
287,287,-0.202552001168,-1.8390477603
288,288,2.19703841355,0.0954588627359
289,289,2.69291152841,0.112955085669
290,290,0.0853069786458,-1.96158958702
291,291,0.071155475889,-2.2393373487
292,292,-1.49232251617,0.836544715512
293,293,0.818244223889,-1.82266500528
294,294,-0.582170982044,1.78273256441
295,295,-0.716918371459,1.18358372844
296,296,-1.50634233682,0.771308244922
297,297,-1.06221678036,-0.763025351989
298,298,-0.460520586209,1.27405177849
299,299,-0.6085172481,1.84362098192
300,300,-0.21556261857,-0.491423790725
301,301,0.334367829965,0.105978090842
302,302,-0.237137585584,0.599363381593
303,303,0.252537033474,0.398296230539
304,304,0.99778187037,-0.521571924327
305,305,1.08593910161,0.474638586976
306,306,-0.3798447174,0.44167570419
307,307,0.764207791762,-1.66006158853
308,308,0.84472187175,-0.195954312382
309,309,0.383865931995,-2.25589295338
310,310,0.899154476767,0.676556326591
311,311,-1.08960885408,1.12839570874
312,312,-1.01486628414,1.49880424008
313,313,-0.182415702954,-0.440841466928
314,314,0.157648030535,-2.4405217868
315,315,0.106634021307,-2.49465087339
316,316,2.2808994625,0.0261973291253
317,317,0.332825226312,-2.13781720963
318,318,-0.326235912462,0.197868188984
319,319,0.0888557251074,-2.11551722731
320,320,0.0820829896507,1.10874449024
321,321,-0.738265732921,-0.950405299122
322,322,0.757299766089,-2.104880356
323,323,0.417129299214,0.277906808366
324,324,0.94560026427,1.24063276139
325,325,-0.48922260724,1.56704218029
326,326,-0.177433037716,1.77666231899
327,327,0.0312263814679,-2.5286856718
328,328,-0.348916080859,0.981767442795
329,329,2.34688127374,-0.608466691359
330,330,0.0950569978236,0.270597582965
331,331,0.0474069902754,2.23855338267
332,332,1.05588199931,-1.02376603706
333,333,-0.418237175197,2.10758830291
334,334,-0.574349855722,2.10763586833
335,335,-0.139602222599,2.36213950246
336,336,0.983067396114,-1.65657390024
337,337,1.34951700503,1.12075382474
338,338,-0.0618321324583,-2.41168475129
339,339,0.43654308466,0.823632416495
340,340,-0.0366129610488,-0.469694772602
341,341,-0.517530566055,-0.967132305605
342,342,-0.695681565967,1.24868275956
343,343,-0.803933656186,1.01350681466
344,344,-0.830336129819,0.915729097056
345,345,1.4886107649,-0.30025173398
346,346,1.65669794418,-0.316627458875
347,347,-0.300345791134,2.17039928423
348,348,-0.516847605884,2.27601725027
349,349,0.0829573317781,-2.13149214865
350,350,0.337590646596,-1.8270029992
351,351,-0.271995137991,2.19944016976
352,352,0.28460758049,-1.99673121213
353,353,0.337906797752,-2.08550024752
354,354,0.0490519209294,-2.19165752538
355,355,2.17362344227,0.153362469893
356,356,0.682847478018,-1.9288587588
357,357,0.54535205853,-2.37857791033
358,358,0.252546222699,-1.93573571357
359,359,1.00084954633,-2.02232396147
360,360,0.647291035677,-1.21143352431
361,361,-0.355111918434,1.92655829766
362,362,-0.542228018682,2.09783983618
363,363,-0.135489784013,2.38887911373
364,364,-0.167402229962,2.3388926084
365,365,0.0169129877197,2.29478780656
366,366,0.213465376065,-2.11230213603
367,367,0.0388948752813,2.44941834349
368,368,-0.21295893017,-2.22150137438
369,369,1.75909655303,0.850327738531
370,370,2.8175063484,0.0781717266288
371,371,2.19844005522,0.0489737413626
372,372,2.26771164332,0.392751525802
373,373,2.1199904664,0.237929856877
374,374,2.76772164192,-0.0932391499546
375,375,2.22495268282,0.174160275383
376,376,2.19201942137,-0.064904503773
377,377,2.08549183242,0.0780871676179
378,378,0.16167302124,-2.45948307087
379,379,-0.0656789437969,-2.03554226909
380,380,0.193523403076,-2.30948301766
381,381,2.38805010163,0.149944072101
382,382,2.69180078045,-0.0263192915619
383,383,1.87758937563,0.567473930142
384,384,-0.216708229647,-2.38797478416
385,385,-0.0757425963816,-2.23455266698
386,386,1.61948407857,0.137653891246
387,387,-0.496225268637,2.36303747033
388,388,-0.362950244684,2.26730486856
389,389,-0.599131698111,2.289517967
390,390,-0.312299917122,2.52756391452
391,391,2.64957005341,-0.245810728113
392,392,0.00158608173445,2.17952862223
393,393,0.618031532524,-1.90057289494
394,394,0.234629777428,-2.21036553687
395,395,-0.24395318789,-2.51425410792
396,396,-0.301152406856,-2.53089922129
397,397,-0.154190600991,2.16974914832
398,398,-0.272256003525,-1.784531511
399,399,-0.220894682852,2.32243715759
400,400,0.32339669675,-2.00008447715
401,401,-0.343452047936,-2.10891527022
402,402,0.347125862779,-1.82297968024
403,403,0.817776883101,-2.15549548973
404,404,-0.302938280266,2.29247000427
405,405,0.482769447717,-1.83797660838
406,406,0.916606581829,-0.89560958147
407,407,2.40629450411,-0.285722916113
408,408,2.93403138004,-0.321268132798
409,409,2.67423640055,0.0710686400699
410,410,-0.308343049792,2.07908359012
411,411,2.2865082266,0.178868224895
412,412,0.395201528054,2.15615878894
413,413,2.34408024288,0.188978911081
414,414,2.51061952356,0.247642557386
415,415,0.0186036810325,-1.89136076887
416,416,0.347091134743,-2.23035103916
417,417,0.25920230194,-2.41098153247
418,418,2.54061854678,0.080392165392
419,419,0.625829653973,-1.77873994875
420,420,-0.437430894644,-2.71012206439
421,421,2.6731597044,-0.0189371504114
422,422,-0.0460056362965,2.20513443703
423,423,1.67749800453,0.554377943975
424,424,0.063659515197,-2.46123966818
425,425,0.0143367050725,-2.14152805495
426,426,1.65304092664,0.578424117673
427,427,0.0667340790122,-1.87446105652
428,428,0.0227307169632,-1.81835381006
429,429,1.00601939526,-1.68799782151
430,430,0.83167373361,-1.66665976795
431,431,0.701980915922,-2.05699620974
432,432,0.0184737456412,-2.14431859695
433,433,0.152491392175,-2.2247152782
434,434,-0.0444356622921,-2.27842134708
435,435,-0.122035472388,-2.67606218415
436,436,0.680749864824,-1.81515235091
437,437,0.744695837434,-1.81507254817
438,438,0.192566055873,-2.49518192024
439,439,0.777943852377,-1.7847785478
440,440,0.0237509814349,-2.20626046393
441,441,1.02410785011,-1.84912164209
442,442,0.116584480757,-2.50631569537
443,443,1.94598099386,0.155438776993
444,444,0.000641527784109,-2.07075272821
445,445,-0.0115981382795,-2.38912612417
446,446,0.833204986582,-1.86240557874
447,447,-0.127496245379,-2.37484914249
448,448,0.69279266194,-2.02531310814
449,449,2.98159776338,0.144356701146
450,450,2.66078701799,-0.130826717768
451,451,-0.290799255547,-2.37755843066
452,452,0.713527413923,-1.87348228728
453,453,-0.138067817089,-2.27737936034
454,454,0.852679407453,-2.18328796345
455,455,-0.118643187788,-2.43613470205
456,456,0.161194155709,-2.06587203596
457,457,-0.0443173891266,-2.58857851192
458,458,-0.320115023996,-2.13686792097
459,459,2.65008679579,0.0806581767781
460,460,-0.0813519257071,-2.44133778432
461,461,0.4040205862,-1.65796678442
462,462,2.27977643565,-0.0685944385841
463,463,0.0976832066428,-2.10811893686
464,464,-0.931367618146,-1.51609976716
465,465,0.732959785385,-2.09864587698
466,466,0.325088178842,-2.52124811938
467,467,0.768748006903,-2.03139310758
468,468,-0.116533387002,-2.24628445459
469,469,-0.00439978509814,-2.10825458221
470,470,-0.141633139739,-0.239998497906
471,471,0.212557814712,1.87258755206
472,472,-0.00751221786678,-2.24289320352
473,473,0.647655296172,-2.14926582925
474,474,-0.671981406675,1.69150321552
475,475,0.896868852553,1.33250293386
476,476,1.05932960762,1.40325582839
477,477,2.21889713009,-0.00762959033893
478,478,2.70715214486,0.116514161902
479,479,0.26832578456,-2.45079298543
480,480,0.836699790383,-1.40323484777
481,481,-0.320242274744,1.87912483564
482,482,-0.0321876837166,-2.03507246629
483,483,-0.972509579143,1.11473741366
484,484,0.119441534339,-0.0178956732698
485,485,1.69816963121,0.383810497438
486,486,1.96924880318,0.137307243861
487,487,2.40971239778,-0.127568334642
488,488,2.27087412823,0.24311861976
489,489,0.330958961861,-2.37772324678
490,490,0.380649568562,-2.06075497999
491,491,-0.814740310068,2.00904738803
492,492,0.0491543022286,2.29054590232
493,493,0.801055657881,-1.803427093
494,494,0.159110328216,2.22675436418
495,495,1.14410563791,-1.54026257669
496,496,1.74649166903,-0.510574798136
497,497,-0.123102174434,-1.85854033471
498,498,2.47568652681,0.182224117899
499,499,2.3312767621,0.00803806306635
500,500,0.0682378339868,-2.32285179943
501,501,0.147805178607,-2.36829959476
502,502,-0.132776758054,2.04304438862
503,503,-0.0746662525722,2.46337341602
504,504,0.0859530315564,2.36501169256
505,505,0.0689465041183,2.1211253538
506,506,-0.0859758740841,-1.82514837218
507,507,2.40174781295,0.335021850115
508,508,0.0442211433969,2.10165283287
509,509,0.307384705449,-2.23122220942
510,510,1.50515356091,1.08637545006
511,511,0.191952372247,-2.32652967249
512,512,0.0989254963741,-2.23388043712
513,513,-0.221004024833,-2.77414695326
514,514,-0.276369100615,2.28861253111
515,515,0.702473596899,-1.56218516142
516,516,2.35018450105,-0.0770932799758
517,517,2.44318743834,0.234289516558
518,518,0.0865613590668,-2.50288423436
519,519,0.202727424594,-2.40087130652
520,520,-0.0212055629474,-2.41131092189
521,521,-0.109826001129,-2.15137391934
522,522,0.0883635799306,-1.9602502139
523,523,-0.0428839378214,1.96962712406
524,524,-0.252907301193,2.14821679001
525,525,0.213529162459,2.16240746569
526,526,0.0514036993216,1.90338529343
527,527,-0.207452485659,2.34630598256
528,528,-0.36523316169,2.26046249506
529,529,0.0171708713943,-2.31052366086
530,530,-0.32050315825,-1.84927584095
531,531,0.395186886039,-2.21999079771
532,532,-0.189924153057,2.0119820811
533,533,-1.15170083781,1.54285948329
534,534,-0.128341834647,2.23421252599
535,535,0.370592869849,-2.23864541614
536,536,-0.350342751578,2.08115186429
537,537,-0.519865150929,2.38297785214
538,538,-0.359554851122,1.93497770709
539,539,-0.820426248106,1.87662479196
540,540,-0.568140239449,2.22120116422
541,541,-0.0164548826672,2.10574833595
542,542,-0.342975708654,2.19204827669
543,543,0.668618353043,-1.90153744716
544,544,2.33392435164,0.204085812224
545,545,2.59735288806,-0.311619577351
546,546,2.2312193137,0.297130920189
547,547,2.29734654301,-0.246000031751
548,548,2.39583345598,0.0627318534503
549,549,0.150438260332,-2.0941162052
550,550,0.31170148658,-2.04641727677
551,551,0.492723272672,-1.12749270355
552,552,-0.236545010807,2.51130300953
553,553,-0.345439164078,2.00365035668
554,554,0.942281992388,-1.75304850241
555,555,1.32448870162,-0.846425707673
556,556,0.038418441696,1.32726040263
557,557,-0.736501370961,0.372402581806
558,558,-0.602632819518,1.04098223415
559,559,0.344908643005,0.756760133647
560,560,-0.669163949493,1.28143372634
561,561,0.970593140042,-0.493693037637
562,562,1.82309509332,0.694276970177
563,563,2.58754797375,0.435265417062
564,564,2.44344542832,0.100314014111
565,565,1.33105032583,-1.48722734424
566,566,2.45306021308,0.0992622931228
567,567,2.07379618135,-0.0649516706519
568,568,2.37420400168,0.0361224954279
569,569,2.61569541288,0.00836420592484
570,570,-0.0632804706129,-2.33223268295
571,571,0.234953263635,-2.26828592448
572,572,-0.0390265558207,-2.35753433305
573,573,0.799416101869,0.10862889272
574,574,1.21378336559,-0.507138795027
575,575,0.338399717648,-2.33218417003
576,576,-0.0464727785427,2.45944223764
577,577,0.600742487007,-2.07858414846
578,578,1.54615377476,1.10387428152
579,579,0.0612748997606,-2.48446592663
580,580,-0.00344055264774,-2.61817393991
581,581,-0.137166455982,2.25867086484
582,582,-0.206233026665,1.9091873788
583,583,-0.247881764505,-1.97093593936
584,584,2.42160017324,0.362795792323
585,585,2.47846276582,0.120909082197
586,586,-0.0526318258204,-2.57276966851
587,587,2.54590674415,0.0178618264564
588,588,-0.0763062315017,-2.54372739561
589,589,0.765078136938,-1.00853316006
590,590,-0.939066403124,1.87926997369
591,591,-1.26435495459,1.31673473215
592,592,-1.81931860495,1.53150787539
593,593,-2.0161722419,-1.91246988254
594,594,-0.844367306078,1.9264679104
595,595,-0.460220215663,-2.00701353004
596,596,0.750821251003,-0.487828978946
597,597,1.85241780618,0.144167446546
598,598,1.47569788334,1.61746559538
599,599,0.056703792125,-2.04657264163
600,600,-0.322922532656,2.56263635819
601,601,0.107690489284,2.17204723198
602,602,2.00883414459,-0.408373246157
603,603,0.0828333944363,-2.41063807058
604,604,0.121808702026,-2.67135474428
605,605,1.49017185804,1.28500865552
606,606,0.675584749415,2.68941019972
607,607,1.00023895091,-1.90629202506
608,608,-0.601512640746,1.34392741344
609,609,0.628373611591,-1.963202227
610,610,-1.12901924165,2.19750067693
611,611,1.40803841381,-1.95023419918
612,612,2.48436398826,0.709982236379
613,613,1.19004144886,0.880541804637
614,614,1.07973515294,1.45571571673
615,615,1.01425374205,0.475345732141
616,616,0.499609862755,1.05098480604
617,617,0.595018997071,0.548841171351
618,618,0.675273466478,0.699040967776
619,619,0.683005394279,-1.72413622518
620,620,0.400255661591,1.41534881657
621,621,2.25289646394,-0.468019804042
622,622,0.613662906635,-2.23528416227
623,623,1.78527413833,0.922047814754
624,624,0.518853656312,2.445260548
625,625,-0.157071055965,-1.0992091911
626,626,-0.454442353814,-0.768026109214
627,627,0.427656769909,1.18259614283
628,628,1.20310574125,0.518535631789
629,629,1.70285090907,0.755152116472
630,630,-0.90123319466,-1.96556863277
631,631,-0.412025391691,-1.97901048936
632,632,-1.5284835718,1.73189649284
633,633,-0.23806842948,-1.54673596212
634,634,2.39583911331,0.377399424419
635,635,-0.00954875426842,-0.523770796822
636,636,-0.666231722128,1.11009387702
637,637,-0.0970138795814,0.886374087899
638,638,3.47048036336,0.721029887259
639,639,0.417401442906,0.116086648761
640,640,-0.719300352125,-1.88380023537
641,641,0.857404857038,0.637528409081
642,642,1.47406083612,1.46089260785
643,643,-0.127607731821,-1.43434795893
644,644,-0.0399925674623,3.24654281678
645,645,-0.0407959209829,1.99590712579
646,646,0.804370548621,0.984373581507
647,647,1.49473753906,1.02160357161
648,648,1.34642078095,0.717220557165
649,649,0.782051553665,2.16968369851
650,650,2.03782546339,0.863036567389
651,651,-0.446828117589,-1.60827669828
652,652,-1.03952865184,-1.99054517782
653,653,2.85160766974,-0.410743595273
654,654,0.963320148893,2.29646443347
655,655,0.928693581043,1.09027683298
656,656,-0.840689364538,-1.67812035012
657,657,1.86609128227,1.0530452039
658,658,0.384531674865,2.06887496826
659,659,2.71260773556,-0.108897051135
660,660,1.29094948562,1.60864185498
661,661,1.37433214765,1.90734928225
662,662,1.43322434098,2.18324754104
663,663,1.37693038451,2.00493693934
664,664,1.26369759254,1.67457106182
665,665,1.16000752922,2.19297307947
666,666,1.20185032718,2.1576281941
667,667,0.652677016103,-2.63729706049
668,668,-0.107616111147,2.86240316228
669,669,0.971062046813,1.39809056174
670,670,0.128768662392,-1.91824410219
671,671,0.940488364123,1.48886370075
672,672,2.28370210287,-0.554060363701
673,673,-0.807940990061,1.95041337035
674,674,-1.0391475541,1.45417264045
675,675,0.946907683826,-0.723772143507
676,676,0.418640600347,2.11284531608
677,677,1.28338124314,1.55409706816
678,678,1.86336292312,1.18393469215
679,679,-0.0450931551607,2.05679622136
680,680,1.22653413961,0.392187480201
681,681,2.11362999982,0.4604810956
682,682,2.27441120202,0.227580395332
683,683,1.41730928658,1.4641491555
684,684,0.964863809305,1.97056200272
685,685,0.545591857597,2.25117036577
686,686,-0.198870470988,2.37105259053
687,687,0.556425622947,2.77465620281
688,688,-0.122296823582,2.77234325115
689,689,0.364882920218,3.19634462803
690,690,-0.281864979874,2.47834641624
691,691,1.56205771407,1.11878361013
692,692,1.88759086471,1.56270142821
693,693,0.0978118479521,-2.13876591639
694,694,0.471579937632,1.75229241043
695,695,-0.0155086238622,-1.79151460092
696,696,1.2832714255,1.88805039531
697,697,0.977749448449,1.89081685413
698,698,2.28166120582,0.487946325363
699,699,2.22437492676,-0.439945877922
700,700,-0.00935471106836,-1.55158612518
701,701,-0.0364852229533,1.44667543476
702,702,-0.134986991806,1.82414335561
703,703,-0.516519254044,3.18954158311
704,704,-0.485660862859,-1.65642463254
705,705,-0.457791171341,2.55617869997
706,706,1.03252797033,1.79007244643
707,707,0.0135567076315,-1.64401817945
708,708,1.05478848674,1.73165740331
709,709,1.32139000457,1.19040579103
710,710,-0.299853599832,-2.11419089877
711,711,1.15739493063,0.42895089435
712,712,0.082724357117,-0.580918522502
713,713,-0.781971976306,-1.67428332485
714,714,-0.295544609986,-2.87434432677
715,715,-0.363892319885,2.05460935383
716,716,0.0189211677768,3.15514893954
717,717,0.245472830325,-2.2636868536
718,718,1.02981307193,1.98838834874
719,719,0.202722165247,-1.64647852974
720,720,0.851169200434,2.2113544856
721,721,-0.151052357524,-2.01041319975
722,722,-0.811066510906,-1.66710547436
723,723,0.633254095923,1.14945893966
724,724,0.330134529494,1.35922705061
725,725,0.994978239646,0.89371006609
726,726,-0.275553605952,-2.19795177009
727,727,-0.557837581429,-2.02272400868
728,728,0.853611398938,-0.678052350343
729,729,2.29197722666,0.769533051689
730,730,-0.381894035049,-2.36068002201
731,731,0.288222785086,-3.01660336388
732,732,-0.3355890759,-2.04488550527
733,733,2.60770870394,0.251196768808
734,734,-0.20390699717,-2.39287858772
735,735,0.412644140943,2.18371787089
736,736,0.714411118382,-2.45075398347
737,737,-0.428530180428,1.99503285461
738,738,1.28909162802,-1.49887892075
739,739,-0.729247910723,1.95548720221
740,740,0.797496781478,-1.68414400562
741,741,0.326687429946,1.71072039229
742,742,-1.10926853963,1.67055078457
743,743,1.91567254602,-2.40827551227
744,744,0.63516198347,0.665859846182
745,745,-0.887277543762,-2.28451586171
746,746,0.110205727548,-1.78455298779
747,747,0.77281595948,-0.589549632007
748,748,1.48529760861,-1.07716718323
749,749,-0.0223394992859,-2.42285692365
750,750,-0.200033528207,-2.43036058083
751,751,-1.81636830327,-1.46462637666
752,752,-0.437119909107,1.74703546584
753,753,2.33301625982,-0.0265096969048
754,754,0.290835989523,-2.41707457793
755,755,-0.499194165918,-2.23303796486
756,756,0.562785339847,-2.74711243391
757,757,-0.279440039085,-1.98606058843
758,758,0.0156280298854,-2.19901766786
759,759,0.308822706552,-2.24293217487
760,760,-0.584071743901,-2.94125920886
761,761,-0.380667048425,-1.96236482899
762,762,0.406872348621,-2.73346407781
763,763,0.0183093175828,2.29002942725
764,764,1.88644584848,0.583431890134
765,765,0.0964025225854,-2.39824257934
766,766,-1.23003572014,-1.39586916467
767,767,-0.184363689169,-2.76638192423
768,768,-0.275613891242,-2.32988494135
769,769,-1.0726860823,-1.17241128552
770,770,-0.954258101118,-1.74993352161
771,771,0.0938156977695,-2.38275436679
772,772,-0.521990778294,-2.81728145259
773,773,1.31544050779,-1.98589716326
774,774,1.7907141539,1.46349950401
775,775,0.605062578253,-2.56697879858
776,776,1.03378991826,-2.3641948607
777,777,-0.445036566919,2.36516377508
778,778,0.939494203285,1.19982421741
779,779,-0.300946542915,1.61823434425
780,780,0.43216532308,-1.44032595626
781,781,0.0102387537064,1.83175518971
782,782,-0.137565981282,-2.33125221678
783,783,0.0796800811593,-2.07813982184
784,784,0.348544597725,-2.04623714439
785,785,-0.277087268808,1.89660664305
786,786,0.0440837518097,2.3658751842
787,787,-0.426017169533,2.13809774385
788,788,-0.208095230779,2.1767422378
789,789,0.197046758598,-2.04802581977
790,790,0.205236130162,-2.61114897815
791,791,-0.479575998986,2.0546993375
792,792,-0.00308963101888,-2.26903111888
793,793,1.33113206254,-1.45390826885
794,794,-0.140483352385,2.23400545641
795,795,-0.461753071012,2.07771254394
796,796,-0.0424871475167,2.11333590244
797,797,0.728976014509,-2.17362206142
798,798,2.00010070716,0.850908674933
799,799,2.38805466942,0.0735835292462
800,800,2.63912224435,-0.346330072861
801,801,2.24400241217,0.220632189373
802,802,0.360103413445,-2.36021617994
803,803,0.104822279547,-1.92158863573
804,804,2.42945530391,-0.0470512086604
805,805,0.012024688714,2.13933554391
806,806,0.0849231947891,2.26730341079
807,807,-0.215268948432,2.16788181959
808,808,0.037787917808,2.29189372698
809,809,0.332884268813,-2.08649624387
810,810,0.00309792938816,-2.38192306151
811,811,0.162196941674,-2.00816856909
812,812,-0.101138060596,2.01557906575
813,813,0.0559654583714,2.45691788231
814,814,0.273391061792,-1.8324179298
815,815,2.08293933911,0.255014927541
816,816,-0.311226282959,1.97513154381
817,817,0.05468843358,2.35162249633
818,818,0.291133423681,-2.12410647257
819,819,0.0281658465909,-2.46849591624
820,820,0.138102889236,2.32767985847
821,821,0.299439128199,-1.97049792693
822,822,2.68862999007,0.102943945813
823,823,2.65945759507,-0.171218702272
824,824,-0.276709791997,2.09030545518
825,825,0.121495805001,2.19143609163
826,826,2.37517992081,-0.0118053594028
827,827,-0.0170025452562,2.11432109941
828,828,0.143440605837,-1.85350408133
829,829,0.237014337352,-2.54732285048
830,830,-0.00522600865525,-2.24936640196
831,831,2.29072373899,-0.148782039664
832,832,0.186457161414,2.00122986399
833,833,-0.271425513551,2.20752953056
834,834,-0.230219449396,-2.2505743986
835,835,1.86819818338,0.188505020012
836,836,1.64621747771,0.523892279866
837,837,2.26059841961,-0.295955817915
838,838,2.05791452794,0.299595780561
839,839,0.42290131112,-2.4583925672
840,840,0.308442747076,-2.33393506337
841,841,-0.123996820304,2.4348504532
842,842,0.744912276547,-2.18339518213
843,843,-0.164475061229,-2.01386456868
844,844,-0.0264715857326,-2.19156768213
845,845,-0.0501794109955,2.14093654879
846,846,0.162128481966,1.73712505826
847,847,0.182844064366,2.31533995897
848,848,-0.0313144999086,2.31173738618
849,849,-0.110809443781,2.06853687462
850,850,0.337639362169,-2.05344395325
851,851,-0.16834861386,2.40650846278
852,852,0.975652429096,-2.40441208569
853,853,-0.122325866865,2.34536104824
854,854,0.421195290361,-2.3410436688
855,855,-0.172295713408,-2.62265069425
856,856,2.58169738395,0.0485213113687
857,857,-0.194887630169,-2.53480743043
858,858,-2.86525083314,-0.0667366264013
859,859,-1.05761167844,1.32688798736
860,860,-1.62906542459,1.24009429859
861,861,0.512834288057,-0.853648253888
862,862,-1.37858158138,-1.69639502892
863,863,-0.803901272486,1.87807449777
864,864,-0.342949217316,-2.07544666262
865,865,1.56634958242,0.128048124478
866,866,2.55590818975,0.137488539919
867,867,2.55434524237,-0.248577182912
868,868,0.292991617624,-2.27579217759
869,869,0.35434833448,-2.10617859996
870,870,0.489935455306,-0.973248145907
871,871,2.1702539865,0.596519047465
872,872,0.247773068123,-2.32270005018
873,873,-0.905236312977,1.75578820745
874,874,0.0774909276411,1.46307054848
875,875,2.67403289108,0.208979997096
876,876,-0.0332130156239,-0.384043662506
877,877,-0.061351820283,-1.12341316562
878,878,0.0092666460359,-2.48196208407
879,879,-0.170233080288,-1.20121540985
880,880,-0.500651319415,1.49016901181
881,881,0.018273524947,2.46693677327
882,882,1.80812602149,0.169544504417
883,883,2.20641087521,0.2903130091
884,884,2.31173679501,0.0226801407427
885,885,0.227314693165,-2.21649343431
886,886,-0.153438853146,-2.28785602265
887,887,0.182395914631,-2.3979026693
888,888,2.62567544309,0.173586027485
889,889,0.152511527458,-2.22805198288
890,890,0.25277152731,-2.31140900026
891,891,2.01194424475,0.966060354346
892,892,0.014049474248,2.61595930619
893,893,0.403991517845,-2.17456594259
894,894,0.933790683509,-2.00143302441
895,895,0.617540924909,-2.27163537996
896,896,0.0249038933587,-2.13820743622
897,897,0.257625209546,-2.21211265787
898,898,1.04150342054,1.11627595855
899,899,0.204323613535,-2.34170084706
900,900,1.19438347418,0.63962831631
901,901,0.0246276330547,2.25515414274
902,902,1.13095221571,-1.40625099643
903,903,-0.163953023921,1.8579679064
904,904,-0.231850083682,1.73523124597
905,905,1.70486425271,0.751027914611
906,906,1.64109105486,0.541136824833
907,907,1.6848436671,0.877899934377
908,908,1.18746991714,-0.337393500052
909,909,2.13246946011,0.518250622553
910,910,2.38092532804,0.137701201927
911,911,-0.0500256245101,2.58135935999
912,912,2.19136384384,0.170792841753
913,913,2.05601240999,0.282063188066
914,914,1.86443517303,-0.660042999551
915,915,-0.109735820715,1.47012973659
916,916,0.0659299247801,1.93005615689
917,917,-0.0551194964106,-1.94411429455
918,918,0.00532033019418,-1.80148405564
919,919,1.73097970422,-0.657160924486
920,920,0.963064606587,-1.95753410536
921,921,0.653535466409,-0.31396931237
922,922,0.0899711404605,-2.06888391631
923,923,0.674744066762,-2.10541894716
924,924,-0.350921986999,1.72316454158
925,925,-0.0709639077668,1.5617586297
926,926,-0.544339067727,-1.43736119868
927,927,0.136248878481,-1.74602474564
928,928,-0.210767035955,1.11002313803
929,929,0.620603145446,1.59692149747
930,930,0.124965406602,2.33953334017
931,931,2.20960224252,-0.116659706064
932,932,0.941057193228,-0.676489567676
933,933,2.43516235938,0.0971433553203
934,934,2.52580040221,-0.156279300173
935,935,-1.50852137001,-1.64455232111
936,936,0.67636036473,0.519501887512
937,937,1.1515967594,-0.63242211454
938,938,0.0621062050291,-1.8707121124
939,939,-1.00231891877,1.34880027397
940,940,-0.262349764154,1.42614784194
941,941,1.12378499268,1.46313328314
942,942,1.63294291681,0.482184979619
943,943,-1.03110837095,0.252948868028
944,944,0.117793256986,0.872862406767
945,945,-0.383469175138,-1.66395245592
946,946,-1.34482540672,-1.39706586441
947,947,-0.448174012498,1.59676536933
948,948,-0.750081944239,-1.20235329586
949,949,-0.495904634011,-1.86222438912
950,950,0.354849803616,1.10684700533
951,951,0.291907168913,1.17006139271
952,952,0.0743624669407,-1.98593862617
953,953,0.329975609075,-2.48550917958
954,954,0.328240103883,0.955281071848
955,955,-0.304655814206,-1.12369718617
956,956,0.52097939357,2.14406494647
957,957,0.343981024841,0.999484309955
958,958,0.455669570879,-2.20391243189
959,959,0.0159236416589,-2.09048537078
960,960,-0.463559677751,-2.06433152686
961,961,0.27021790814,-1.96944492851
962,962,-0.0319264442764,2.49494833554
963,963,0.953281487393,-0.626073049781
964,964,0.0238187174487,-2.16311493228
965,965,-0.172577620448,2.32283600068
966,966,1.05229384444,-0.130730829008
967,967,2.41061611985,0.216925026476
968,968,-0.587652280302,-1.27288945974
969,969,-1.27899300564,-1.43304745755
970,970,-0.737974452895,-1.36960624327
971,971,-0.107496765419,1.6223516061
972,972,-0.814273127492,-0.680575567173
973,973,-1.28053721855,-1.61025947613
974,974,-0.997823941404,-1.4779048608
975,975,-1.24820091156,-1.28279384139
976,976,-0.640996262124,-1.53133230385
977,977,-0.571496886335,-1.9604865248
978,978,-1.00607072595,-1.72462786246
979,979,-0.245030063547,-2.16567973492
980,980,0.33854797356,-0.859210140844
981,981,2.36986352074,0.0230741035263
982,982,0.0090557288348,-2.09682891356
983,983,-1.00996995873,-1.61051895342
984,984,-0.33178892229,2.5981206269
985,985,-0.0748652122734,-1.41892466344
986,986,-0.506667781764,-1.41984226305
987,987,-0.776012724257,-1.87034985752
988,988,0.0906084989024,1.23059293973
989,989,-0.704206236313,-1.43289575427
990,990,-1.25777980501,-1.91219913884
991,991,0.157511510379,2.5473854224
992,992,0.0854749428583,-1.57471835451
993,993,0.175445979281,-2.25454524756
994,994,0.0369101768083,-2.75979796481
995,995,1.81840061427,0.383947450393
996,996,0.437897783187,-2.10896540717
997,997,-0.715437217735,-1.53153592016
998,998,-0.963873136965,-1.14491959831
999,999,0.138551234682,0.392625955628
1000,1000,-0.55831377384,0.990054410838
1001,1001,-0.574574146919,0.988301490149
1002,1002,-1.0874464189,-1.14620883371
1003,1003,-1.49920321272,-0.918488487094
1004,1004,-0.066241276432,1.92193957543
1005,1005,-0.223165411293,2.30298483716
1006,1006,0.832360652733,-1.43127257002
1007,1007,0.289957968693,-0.321685040392
1008,1008,-0.158443034502,2.16739267362
1009,1009,0.87380566138,-1.62881116687
1010,1010,2.0611740907,-0.213957570057
1011,1011,2.66819572342,0.0814303721734
1012,1012,2.39529980547,-0.382112410301
1013,1013,0.601235833208,-1.78541617395
1014,1014,0.0257541359759,2.16473438659
1015,1015,0.403155289954,-2.34200582842
1016,1016,-0.680976083929,-0.675173057105
1017,1017,-0.578742981182,1.53075112368
1018,1018,2.45802718432,0.0628833904754
1019,1019,-0.396100262119,1.77518627464
1020,1020,0.292660638335,-1.77915092938
1021,1021,0.646754724014,0.00968080058431
1022,1022,0.135704432183,-1.5564922111
1023,1023,-0.72224200845,2.01111966697
1024,1024,-0.36975382149,0.942442277065
1025,1025,-0.183057688005,1.04903535136
1026,1026,0.551573684501,0.413469503978
1027,1027,-0.248701997156,-0.164333625398
1028,1028,-1.05254290735,0.446227441696
1029,1029,2.12176776097,-0.00709235842614
1030,1030,-0.430736655238,0.92258518328
1031,1031,0.496970758234,1.94752000328
1032,1032,-0.441520689875,0.995147656871
1033,1033,-0.842771425674,-0.356491755699
1034,1034,-0.497533867569,-1.71105318673
1035,1035,0.744107230339,-1.07058496582
1036,1036,-0.426088405651,-0.810976494642
1037,1037,0.054726323225,2.49051255689
1038,1038,1.22204768296,-0.897739478611
1039,1039,1.98228978071,-0.467543875947
1040,1040,-0.0756269039596,-1.97575942999
1041,1041,2.34715144151,0.298344053508
1042,1042,0.082763649689,-2.27732401863
1043,1043,-0.0508319511493,-2.3069071301
1044,1044,-0.885980354679,1.59026015201
1045,1045,-0.616072108247,1.76130414368
1046,1046,-0.753454781143,2.0139036735
1047,1047,-0.654130136374,1.84486747485
1048,1048,0.861267671842,-1.81867325429
1049,1049,-0.0287010199076,1.98523809633
1050,1050,1.3406875815,-1.86226191444
1051,1051,0.411528822886,-2.12506190528
1052,1052,-0.305186159849,2.09480604135
1053,1053,-0.646674041829,1.83036928436
1054,1054,-0.696721217595,2.08366773264
1055,1055,-0.207333380596,2.49112504672
1056,1056,0.853576473778,-2.04938494817
1057,1057,0.551614118874,-2.18462601368
1058,1058,0.304837281893,-2.13573663337
1059,1059,-0.0645661394721,1.78166967994
1060,1060,-0.254625007425,2.2865601923
1061,1061,0.891896054455,-1.70438266697
1062,1062,0.0665027010564,-2.50731509335
1063,1063,0.645537031619,-1.91292984876
1064,1064,-0.201355159686,1.97381998972
1065,1065,-0.114677378821,2.10660513257
1066,1066,0.0884575601657,2.12659801944
1067,1067,-0.204424628093,1.94935591365
1068,1068,0.568313982195,-1.99003928463
1069,1069,-0.129851653092,2.03421471506
1070,1070,-0.393661727059,2.24121774871
1071,1071,0.0701677597511,-2.00234733645
1072,1072,2.01769009861,0.460410539826
1073,1073,0.00438001115221,-2.40358875645
1074,1074,2.72326979487,0.0465002394963
1075,1075,-0.894846727851,-1.16895555308
1076,1076,0.512744057707,0.55816331223
1077,1077,-1.08689137041,-0.923373358666
1078,1078,-1.08738413315,-1.0317768287
1079,1079,-0.53703463963,1.79844950565
1080,1080,-1.16088251538,-1.1761922757
1081,1081,-1.38168883128,-1.3022064794
1082,1082,2.26026059476,0.302881470275
1083,1083,-1.28209908413,-1.45533281692
1084,1084,-0.265956935148,1.83740573785
1085,1085,0.298427536324,1.30376573142
1086,1086,-0.137265585965,0.364370287964
1087,1087,-1.27697588837,0.690382203516
1088,1088,0.463192094596,1.58202948217
1089,1089,-0.203634085626,1.16935291001
1090,1090,-0.317901768455,-0.795004154096
1091,1091,-0.870261812412,0.70968336739
1092,1092,0.338493016462,1.36256850471
1093,1093,-0.752924796816,-1.56036950674
1094,1094,0.0843110411158,-2.27446701161
1095,1095,-0.484667345095,2.38110277072
1096,1096,0.558177251573,-2.67963176125
1097,1097,-0.360722892261,-2.58302523547
1098,1098,0.283965006587,-2.11443798945
1099,1099,0.0834261629558,-2.20817656314
1100,1100,0.406253224418,-1.78330771849
1101,1101,-0.987388944351,-1.27097493983
1102,1102,-0.336716526744,-1.89046115319
1103,1103,0.27662055704,-2.25632605234
1104,1104,-1.15010290524,-1.6355342834
1105,1105,0.0347167717127,-2.18456019523
1106,1106,2.51534031919,0.150754936426
1107,1107,-0.543036729533,2.09929307898
1108,1108,-1.50769085588,-1.70458794592
1109,1109,-0.260142918925,2.11480373719
1110,1110,0.479254777856,-1.36320690686
1111,1111,-0.352082633552,1.9746445997
1112,1112,0.712310017933,-1.77334839204
1113,1113,2.47263540487,-0.0351387449402
1114,1114,1.53445502233,0.609756681587
1115,1115,0.256504621275,-2.3790374496
1116,1116,0.495043157069,-2.13141785225
1117,1117,-0.378730639781,1.16200740008
1118,1118,0.726503154835,-1.67154117635
1119,1119,1.30596427704,-1.02705430765
1120,1120,-0.559403068356,1.70832108682
1121,1121,-0.564842579224,1.96753664423
1122,1122,-0.337743191613,2.22295132253
1123,1123,1.25785511707,0.428085654688
1124,1124,-0.581609934257,-1.60897932555
1125,1125,1.32128559505,-1.69886749619
1126,1126,-0.366797487283,2.21674650272
1127,1127,0.49114208937,1.31399639575
1128,1128,1.61350270792,-1.11256988392
1129,1129,-0.405247465653,2.2595214864
1130,1130,0.897696765814,-1.54949467134
1131,1131,-0.926808533315,-1.56242747337
1132,1132,0.534280177051,-1.85276274833
1133,1133,-0.0787111988593,-2.18678887992
1134,1134,0.171635397245,-2.27216464384
1135,1135,0.714709812813,-1.98944016762
1136,1136,-0.0660828945136,2.30799278778
1137,1137,0.0366422421732,-1.97573604771
1138,1138,0.394344569414,-2.73114774527
1139,1139,0.444091991036,-2.18606073975
1140,1140,-0.179676555808,2.20405661402
1141,1141,0.123231924782,1.89762536075
1142,1142,-0.238759296159,2.34557073865
1143,1143,0.959873968776,-1.47714420254
1144,1144,1.5055825606,0.830856306461
1145,1145,2.67512760791,0.00819670389763
1146,1146,0.98234317127,1.42858641492
1147,1147,0.185203029977,1.80743817589
1148,1148,-0.229484233028,-2.47319423122
1149,1149,0.303284813399,-2.45344191053
1150,1150,2.36936415006,-0.119109500209
1151,1151,-0.255386240729,2.66597436627
1152,1152,0.245737350762,2.46534167568
1153,1153,2.43132047249,-0.262265328193
1154,1154,-0.132938605653,-2.4772905555
1155,1155,-0.126515773378,-2.68174167688
1156,1156,1.94911873856,0.542278666274
1157,1157,-0.00188862761679,2.05130869099
1158,1158,1.99007674147,0.584427438439
1159,1159,2.1659758775,-0.0647084334637
1160,1160,-0.0374551689877,1.92966348055
1161,1161,0.219249845525,-1.12984481474
1162,1162,-0.00676439824568,2.18459107092
1163,1163,0.31123212706,1.91980665345
1164,1164,0.569396447147,-1.87202857086
1165,1165,1.74385926961,0.644950340295
1166,1166,0.504565562057,1.93618503908
1167,1167,2.39505086845,-0.150013320271
1168,1168,0.899318777772,-1.60175688412
1169,1169,2.3519654094,-0.0526039106258
1170,1170,1.99848352741,0.189340632669
1171,1171,-0.236735601796,-2.44251314947
1172,1172,0.026856290785,-2.13886681499
1173,1173,-0.232990949339,2.06777903812
1174,1174,0.15252168932,2.51552341586
1175,1175,0.256645138138,2.17512365252
1176,1176,-0.0760795196363,2.34963671724
1177,1177,0.155467294725,-1.62670041431
1178,1178,1.77003785727,0.6492782131
1179,1179,-0.00741387273361,-2.46252996202
1180,1180,0.0647339534238,-2.57014379131
1181,1181,2.16946966044,0.124747758987
1182,1182,-0.212452301567,-2.36824378301
1183,1183,-0.181364527085,2.23436792868
1184,1184,-0.334876091822,2.31785315772
1185,1185,0.905962659612,-1.66712610812
1186,1186,-0.148840629543,-2.49000407666
1187,1187,-0.321484887371,-2.04689362325
1188,1188,0.999055346393,-1.65449556573
1189,1189,-0.319716277851,-2.5075248724
1190,1190,-0.248754189536,-2.37406556052
1191,1191,0.356232071052,-2.21220133357
1192,1192,-0.0796435536941,-1.93930380304
1193,1193,-0.0540025059403,-2.1141559774
1194,1194,-0.330408051583,-1.82174354414
1195,1195,-0.0304168393431,2.08232690814
1196,1196,2.07897952761,-0.138955857153
1197,1197,2.22085756747,0.0437277877388
1198,1198,2.35425072461,-0.0916694269154
1199,1199,2.47731865481,-0.0280565845294
1200,1200,0.340166302975,-2.31433839704
1201,1201,0.526489096873,-1.66916990734
1202,1202,-0.66831055362,1.72756006374
1203,1203,-0.725052548358,2.18860254142
1204,1204,-0.4807139096,2.06439820462
1205,1205,0.962288775972,-1.97173554036
1206,1206,-0.209494146491,2.0869274667
1207,1207,0.059016807739,-2.74008556273
1208,1208,0.469619821619,-2.35648433944
1209,1209,2.15149982559,0.0665782395918
1210,1210,2.63883303975,-0.179401460104
1211,1211,0.038219022333,2.10537199225
1212,1212,0.923659941016,-2.10067809658
1213,1213,2.56404832141,0.228817907146
1214,1214,1.5672700341,0.419499081025
1215,1215,-0.344784543842,-2.50770701516
1216,1216,0.370136185213,-1.7324581636
1217,1217,0.0427919767199,-2.30347190147
1218,1218,0.22481985483,-2.05393614539
1219,1219,2.06553033346,0.0130940382163
1220,1220,1.21041226314,-1.2254465491
1221,1221,1.40094079045,-1.4123276646
1222,1222,1.32329156899,0.634758998482
1223,1223,1.3677592991,-0.923342271365
1224,1224,2.79915268316,-0.100798179719
1225,1225,2.4984453496,-0.0717347241024
1226,1226,0.252750273358,-0.0429079290472
1227,1227,-0.111534259792,2.59952561949
1228,1228,0.728560351337,0.0160358857439
1229,1229,-0.205343004207,2.05859481931
1230,1230,0.178315353582,-2.20574655678
1231,1231,0.526378240841,-2.3533144537
1232,1232,-0.12495862149,2.3942430068
1233,1233,0.924380022168,-1.93487707819
1234,1234,-0.0346999958392,2.2655363306
1235,1235,0.233251389995,-2.02117642824
1236,1236,2.3768695715,0.288154599787
1237,1237,0.529723080876,-2.55753686232
1238,1238,0.0398457376412,2.3502743284
1239,1239,0.706206553957,-1.68839177983
1240,1240,-0.0317819563269,-2.03079934177
1241,1241,2.32438614369,-0.0819173272268
1242,1242,0.192315494153,-2.24594770569
1243,1243,0.0395520967656,-2.5010234584
1244,1244,0.304961950589,-2.28486178768
1245,1245,-0.113147540779,2.56231421866
1246,1246,-0.0917694486172,-2.44076034781
1247,1247,-0.144329215764,2.29916489248
1248,1248,-0.167136080491,2.34626417645
1249,1249,0.358838842046,-2.24691641266
1250,1250,0.132295542294,2.33776172358
1251,1251,-0.047323886767,2.33302920583
1252,1252,-0.291945146588,2.35657470718
1253,1253,0.401746684065,-1.90780528954
1254,1254,1.78778973655,0.452135995459
1255,1255,2.70746820609,-0.238044786709
1256,1256,2.21514477016,-0.151615738505
1257,1257,2.65843437177,-0.0319737804135
1258,1258,2.01879211703,0.417432566105
1259,1259,2.19272922222,0.00985778288424
1260,1260,2.51016203548,0.231778987038
1261,1261,2.29134336858,0.0430018523719
1262,1262,-0.229834716899,-1.8427227951
1263,1263,0.198317637672,-2.13432265578
1264,1264,2.34674261706,-0.0692514395397
1265,1265,-0.0360655535829,2.4756171276
1266,1266,1.2427561287,0.137975637132
1267,1267,1.63647111343,-0.270402191901
1268,1268,-0.141247545073,-2.32960069125
1269,1269,0.17510766034,-2.2551446727
1270,1270,1.92689658719,-0.127233922205
1271,1271,-0.210223671347,2.31256682475
1272,1272,1.80259228148,0.640343019554
1273,1273,-0.0692774103854,-2.05157219644
1274,1274,0.645683476611,-0.542212649472
1275,1275,-0.247340535319,2.6330252197
1276,1276,0.497886354241,-2.28763915279
1277,1277,0.0737706659595,-1.86117404863
1278,1278,2.3950454283,0.145093521749
1279,1279,1.85990943702,0.210555726673
1280,1280,0.740943580454,-0.253258289969
1281,1281,2.4480920674,0.185545422566
1282,1282,2.4391603947,0.222307887368
1283,1283,2.17082158277,0.263474123404
1284,1284,-0.529144416701,-1.79171538829
1285,1285,1.09556164208,-1.87216632868
1286,1286,0.00834034010288,-0.515130900015
1287,1287,1.76883952559,0.720012518943
1288,1288,0.0309159072767,-2.0344204343
1289,1289,-0.0519648879207,-2.08908066546
1290,1290,0.10410914735,-2.10409897558
1291,1291,0.983843064966,-0.523503240855
1292,1292,0.453273176044,1.75893255052
1293,1293,2.36067825076,0.283244566953
1294,1294,2.67030579871,0.185857968171
1295,1295,0.66987786604,-0.756253963798
1296,1296,0.308103058051,-2.30855780222
1297,1297,0.201161944074,-2.14910687237
1298,1298,1.33141320465,-0.993886877897
1299,1299,-0.264969096382,2.18623393814
1300,1300,0.37978961857,-2.00424130439
1301,1301,-0.174505902881,2.65339743399
1302,1302,-0.256674828565,1.79122370468
1303,1303,0.847265453631,-2.12073880185
1304,1304,-0.334484422344,1.9129981191
1305,1305,-0.105697262494,2.01866157345
1306,1306,-0.379916966107,2.21829092832
1307,1307,-0.364726689512,2.37157419051
1308,1308,-0.52236669812,2.18873735866
1309,1309,-0.250180732208,2.28287578781
1310,1310,0.386995050218,-2.16193709763
1311,1311,0.130719727609,-2.47140662974
1312,1312,-0.316124031319,2.37580325587
1313,1313,0.00805101938678,-2.12574820859
1314,1314,1.15126303959,-2.22571646818
1315,1315,0.414216062477,-2.23658660544
1316,1316,-0.800489574691,2.3417979548
1317,1317,-0.0243920997216,2.03647756815
1318,1318,0.348528293725,-2.33981413037
1319,1319,-0.215617501704,2.29282236781
1320,1320,0.497995856186,2.31173131212
1321,1321,-0.531752044371,2.19356892851
1322,1322,0.0707387475212,1.95015102002
1323,1323,-0.106104506748,2.07623500644
1324,1324,0.709483205029,-2.15770774625
1325,1325,0.995111355434,0.719536069187
1326,1326,1.98440390463,-0.0758605965566
1327,1327,-0.0257910911694,-2.38065181429
1328,1328,0.198530145802,-2.17625189301
1329,1329,2.28299563914,-0.0553797557844
1330,1330,-0.180494086988,2.31727898398
1331,1331,1.01066924786,-2.03329778336
1332,1332,1.73801989943,0.787758133281
1333,1333,0.109629028091,-2.37017967732
1334,1334,0.32454980291,1.78521796046
1335,1335,0.876849439651,2.06647024642
1336,1336,0.703506694198,2.03303425157
1337,1337,-0.40213462853,2.31718237376
1338,1338,2.0320001983,1.35164906521
1339,1339,0.0753068555382,2.61953592005
1340,1340,1.19026315013,1.40172327747
1341,1341,0.987275199829,1.27148859494
1342,1342,1.21866103493,1.45258750496
1343,1343,-0.0699913359795,-2.84986804886
1344,1344,-0.0562864213748,-2.1823972568
1345,1345,1.39054792855,1.02552862688
1346,1346,0.377042053277,2.15633645862
1347,1347,1.98185211506,0.350975045902
1348,1348,1.02114806495,2.12968678065
1349,1349,0.134283764268,1.96124321468
1350,1350,-0.659196848447,-2.08741373674
1351,1351,1.61166992189,0.880949853026
1352,1352,-0.725519802756,-0.73410817882
1353,1353,0.20401922802,-1.72183967775
1354,1354,0.65203195473,1.94472731223
1355,1355,1.14850449054,1.11702505594
1356,1356,2.17929655974,0.464981218849
1357,1357,1.34326042796,1.59590290379
1358,1358,0.54205674096,1.93609564941
1359,1359,0.913699870734,0.793300914771
1360,1360,2.10284655614,0.219314385004
1361,1361,0.56217819079,0.344709282904
1362,1362,-1.07448745539,-1.64789141371
1363,1363,-0.541448481393,-1.61714062527
1364,1364,1.88868601253,0.141961764954
1365,1365,1.20355869825,-0.486321798066
1366,1366,2.75481125009,-0.0942321040832
1367,1367,-0.519229010619,1.20215050982
1368,1368,0.441721507941,2.13563083803
1369,1369,0.40380410444,-2.20375512252
1370,1370,0.366623844654,1.77835298652
1371,1371,2.54994955875,0.0718365790518
1372,1372,1.35433963206,0.49210560528
1373,1373,-0.126259463028,2.27012793448
1374,1374,1.88306264925,0.683118000382
1375,1375,1.43313511774,1.53414580907
1376,1376,0.66836935208,1.2888407309
1377,1377,-1.01292904906,-1.26630018177
1378,1378,0.782469963183,-2.1667307146
1379,1379,1.41873169827,0.928982970441
1380,1380,0.211739833318,2.9465434684
1381,1381,1.33360777129,2.05501737483
1382,1382,-0.161604131258,-2.60041962799
1383,1383,0.0441325667057,2.25913343955
1384,1384,1.58516287959,0.824786712791
1385,1385,2.14323523576,0.705715621906
1386,1386,1.2065562376,0.653450765884
1387,1387,1.93773829804,1.52343148128
1388,1388,2.90127230318,0.620588556568
1389,1389,0.818344341051,1.15606924134
1390,1390,0.481035490972,2.2527817535
1391,1391,-0.0168119308677,2.40362608403
1392,1392,1.15242617987,-2.90220007643
1393,1393,0.652138364156,0.592419644641
1394,1394,0.967073485861,0.436343659244
1395,1395,2.19726588158,-0.190320531358
1396,1396,2.14371595332,0.05168325659
1397,1397,1.18018890951,-1.9165007933
1398,1398,0.31855869604,1.72092638836
1399,1399,-0.192729467125,-2.65803939051
1400,1400,0.72350264817,0.0972739611465
1401,1401,-1.86844846267,-1.59152938399
1402,1402,0.417260148372,2.31102204553
1403,1403,1.37534402316,-0.0615419262542
1404,1404,0.0718249448575,2.41708263793
1405,1405,1.14342003151,1.736219316
1406,1406,0.39452061685,2.37608667041
1407,1407,-0.264836418977,3.27655990415
1408,1408,-0.0700379304124,2.42084168018
1409,1409,0.25130556434,3.29566361037
1410,1410,0.0564391774682,1.8609622692
1411,1411,-0.334789867597,2.62383070823
1412,1412,0.20221188021,2.57881368018
1413,1413,-0.125696780861,2.00840981646
1414,1414,0.126809211015,2.40533700902
1415,1415,0.573792076934,3.25479740063
1416,1416,0.248985423334,2.75003990318
1417,1417,2.19182204777,0.272707189286
1418,1418,0.15766020941,2.22174045736
1419,1419,0.982659035204,0.443679433821
1420,1420,-0.969038879572,-1.07456738767
1421,1421,-0.00743668593427,0.0447434075377
1422,1422,0.923031475881,-0.0499033739207
1423,1423,2.12838603696,0.235898167676
1424,1424,-0.0747320489365,-1.90896029067
1425,1425,0.26627920312,2.14481540982
1426,1426,0.173623232013,0.782113528806
1427,1427,2.6325047067,0.813826927419
1428,1428,3.48129236568,-0.980688590483
1429,1429,2.40906779431,0.0776586770761
1430,1430,1.53616946864,0.822561766277
1431,1431,2.0567042269,0.118522261567
1432,1432,2.20996086125,0.20129530615
1433,1433,1.58956669603,0.0489351679133
1434,1434,0.847931247501,0.535412139424
1435,1435,1.16016357542,0.868388580787
1436,1436,0.532170124828,-2.91963276166
1437,1437,2.28575722752,0.380437608147
1438,1438,-0.283670233845,1.87388804389
1439,1439,1.54982779133,2.00835589865
1440,1440,1.25104249441,2.18351021307
1441,1441,0.434866929392,0.881445273955
1442,1442,0.608744311739,1.64075747005
1443,1443,0.707661897707,-2.63542793424
1444,1444,1.61403417664,2.32679451012
1445,1445,0.789355457633,1.96884375122
