,vote,alpha,beta
0,0,-0.15111754402,2.27656313064
1,1,-0.721571952388,-2.8422518882
2,2,3.19926967773,-0.200744444038
3,3,2.75109254136,0.0417911055358
4,4,0.681417109476,-1.48950645578
5,5,3.82702688268,-0.0326494630992
6,6,2.33288236346,0.693480774236
7,7,2.33129743294,0.612063153028
8,8,0.221969460044,-1.83898377013
9,9,1.43915926487,-1.50114587428
10,10,2.45430122891,-0.19970229795
11,11,2.90871110575,0.0882458964765
12,12,2.21498252606,-0.0455749600585
13,13,3.0332777764,0.212704940641
14,14,3.39178108739,0.773596514683
15,15,2.34258724649,0.216260304314
16,16,0.14690585866,2.54109191989
17,17,0.56923135863,-0.609995164267
18,18,2.87722768932,0.425802343085
19,19,2.40255580607,-0.207848259246
20,20,1.47667691579,-0.637833666603
21,21,0.524787674985,-3.17530574589
22,22,-0.0271738612789,-2.37706513442
23,23,3.33162169544,-0.305770945796
24,24,1.03735859135,-2.3908131755
25,25,1.33059744041,-0.300445837412
26,26,-0.786540084307,0.0247409263751
27,27,-0.137140491407,2.98194798971
28,28,2.40491717221,-0.0590064685976
29,29,2.52998149867,0.371437669367
30,30,2.77287617279,-0.0760520394895
31,31,2.62413260209,0.220040397174
32,32,-0.0240904241069,-2.33888495145
33,33,0.0514099213248,-3.56914449396
34,34,1.48756149937,-0.361432460527
35,35,-0.342990545769,2.89089642067
36,36,-0.472130553078,-2.93346410602
37,37,0.167866303217,-2.46210859846
38,38,0.498199594395,-2.98521556269
39,39,-1.15717087773,-1.62605381136
40,40,2.24929731166,-1.71035483707
41,41,0.424520399562,2.96025585015
42,42,-0.386230862903,-2.40508630831
43,43,2.61163401311,0.339359980686
44,44,3.54145157211,-0.323390586486
45,45,3.55012454648,-0.343980802128
46,46,2.37392019338,0.114362238174
47,47,2.26588502555,-0.241514037089
48,48,2.75782451505,0.493948126542
49,49,2.53641021688,2.14772753725
50,50,0.0576673380244,-2.71603006139
51,51,0.0428403333576,-2.342230955
52,52,-0.41869939469,3.32003965627
53,53,-0.17055163669,-2.75580774951
54,54,0.410250036722,-3.01690643035
55,55,-0.156252076568,-2.48534687542
56,56,0.614955456504,-2.44615785165
57,57,-0.513897500478,2.17213120225
58,58,0.255269636538,3.50257342544
59,59,-0.239759052496,-1.87149375716
60,60,0.828296580917,-2.34328630005
61,61,2.2690771884,0.315765622965
62,62,2.25751889643,0.132831090659
63,63,2.81170876497,-0.0356856547318
64,64,2.58231500833,-0.485453704626
65,65,2.50715934276,-0.17586957882
66,66,-0.35733991091,-2.48482096308
67,67,0.546762888053,-2.17372337655
68,68,1.377150034,-2.26940235729
69,69,-0.624328429709,-1.875530765
70,70,-1.0931084611,1.57119377061
71,71,-0.567725139359,2.01631877221
72,72,-0.98378453625,2.27776343497
73,73,-1.31778056618,2.87127720687
74,74,-0.820953877678,2.40455043655
75,75,-0.972289093835,2.43796130955
76,76,-0.427656709733,2.15020235346
77,77,-0.613125754365,1.27652546691
78,78,-0.0692129407015,2.94703914791
79,79,1.32285792681,-2.41720482374
80,80,-0.983793274777,-2.41104958799
81,81,-0.536280676308,-3.18904277915
82,82,0.552405067784,-3.84553874458
83,83,0.0584034459018,2.76092524512
84,84,-0.217144899227,-1.90766624357
85,85,3.46129953458,0.337907359374
86,86,2.20339794389,-0.548650476481
87,87,0.132422965784,-3.32902135141
88,88,-0.580927342273,-2.86053777052
89,89,-0.773181959478,-0.955714043382
90,90,0.279784886845,-0.563630970769
91,91,-0.393810805859,-1.9023528241
92,92,-0.930908698572,1.94013897573
93,93,-1.14432528337,-2.237005628
94,94,0.393761890208,3.19037982671
95,95,2.171907388,-0.185283390371
96,96,-1.45687290518,2.28875399206
97,97,-0.27718946076,1.82877377031
98,98,-0.386232285811,0.262947088734
99,99,-0.21952727957,1.84531673192
100,100,-0.349576130447,1.5979716529
101,101,-0.87301548405,0.461339276349
102,102,-0.430808528573,-1.82855470801
103,103,-0.880254367149,1.78176198192
104,104,-0.29871182696,-0.79543650796
105,105,-1.2806177364,-0.148354751663
106,106,0.89175502063,1.08069872965
107,107,0.228717929636,-1.39903929886
108,108,-0.497943992901,0.476631742771
109,109,-0.615275043257,0.588991994338
110,110,1.37589408581,1.52277815736
111,111,0.0702324299572,-1.97080378376
112,112,-0.427888367281,-1.33996767379
113,113,-0.435089328495,-2.09575771159
114,114,0.675332184958,2.97199965429
115,115,0.336269523338,-1.25904870894
116,116,3.20502410485,-0.0815349837424
117,117,2.93232102503,-0.0827394301877
118,118,0.476504882916,-2.12114049773
119,119,2.16897056806,-0.431745504331
120,120,2.57641901381,-0.20108149358
121,121,-0.418132401791,2.74061052915
122,122,1.40762150116,-1.49006444747
123,123,2.79794990254,-0.010720225941
124,124,0.98256431061,1.81041136457
125,125,0.637346693697,-3.22166150388
126,126,0.359342468169,-2.72419314191
127,127,-0.860272659093,0.623471012828
128,128,0.253896958241,-2.04180395351
129,129,-0.392800852397,-1.4028764179
130,130,-0.887178386289,-1.53414927114
131,131,0.850289024232,0.779236620463
132,132,-0.346288229506,-1.69283517664
133,133,-0.0687464445534,1.19326105878
134,134,0.364379267876,-2.34379931392
135,135,1.24142291665,2.25268470421
136,136,-2.25545506623,1.396776594
137,137,-0.509789785312,0.59418147924
138,138,-1.27951909862,0.6414895254
139,139,-0.289422300517,2.21333219337
140,140,-0.587107346141,0.0410916862023
141,141,-0.578109347309,0.493319069317
142,142,0.163244445748,-1.8667986415
143,143,-0.858076979217,1.71767095109
144,144,-1.73231475984,2.07436667861
145,145,-0.80705721542,1.26950279646
146,146,2.12789574534,0.89831481162
147,147,-0.255812909928,1.12509124335
148,148,3.1053269266,0.318978357287
149,149,2.93884298517,0.25687491614
150,150,0.21965071434,3.05953708024
151,151,0.971836453128,-0.628311265407
152,152,2.82278356987,-0.175792665321
153,153,2.77470248575,-0.181411653149
154,154,2.8532818398,0.467882847618
155,155,0.183112467017,-3.03786647033
156,156,0.105097011697,-2.11432704629
157,157,3.32068990259,-0.26840821465
158,158,0.12151063221,-1.94364657097
159,159,1.90451522654,0.699473078164
160,160,0.4390157995,-2.54230678937
161,161,0.42629295707,-1.8766284194
162,162,-0.317872591573,2.24738277433
163,163,0.333910010123,-0.413878407772
164,164,-1.24178558361,-1.08493219559
165,165,-0.337578794435,1.565587325
166,166,0.12891532465,-3.02717001321
167,167,-0.981273772039,1.48066875581
168,168,1.4766973072,1.75412052887
169,169,-0.17713630046,0.0884701474683
170,170,-0.941898890455,-0.572407282497
171,171,-1.72020441785,-1.45908953726
172,172,-0.875051713703,0.989411373598
173,173,-1.1392117923,-0.741508607547
174,174,-1.17852078299,-2.32089396257
175,175,0.174436687966,1.36945386059
176,176,0.0127303060071,0.735003778172
177,177,0.168121354787,-2.49329390775
178,178,0.00660982376951,1.02531981923
179,179,-0.448794907876,-1.16598616331
180,180,-1.52562495654,-1.81354433252
181,181,1.1102317812,-0.452109015031
182,182,-0.237315308237,-1.2504955492
183,183,-0.0975306288707,1.05395127784
184,184,-0.0446832705223,0.385720118775
185,185,-0.22780672972,0.223869987965
186,186,0.645815134275,-0.387759877196
187,187,0.0791822387952,-0.405399720381
188,188,0.0217439893731,-0.642709277948
189,189,-0.105065927391,-0.348367272357
190,190,0.149174729124,0.42141985874
191,191,-1.52081873957,-2.21717272129
192,192,-0.669913488089,-2.63875548831
193,193,0.0565147773225,2.93982494758
194,194,-0.297054538053,-0.837619164693
195,195,2.27571593541,-0.00752909484654
196,196,2.3707279381,0.185904114686
197,197,0.111938956733,-2.67614418372
198,198,-0.561569513945,1.17223503322
199,199,0.386499513758,-2.28551360458
200,200,0.307001420768,1.64158669483
201,201,-0.335203807123,2.53964998069
202,202,1.04472873628,-2.05281035411
203,203,2.66701164607,0.282962614142
204,204,-0.132239158861,2.40232909506
205,205,0.561592258957,-2.43428466609
206,206,0.204678527066,-1.41386766992
207,207,0.337212860141,-1.77820424644
208,208,-0.406672673098,1.97821485673
209,209,0.0839274091647,-2.27332359551
210,210,0.519782146149,-0.570036827217
211,211,-0.300234119873,-2.3360872527
212,212,0.410229424028,1.86279209072
213,213,-0.96198921735,2.2753041489
214,214,-0.138896166102,2.93390989072
215,215,0.356439243437,-1.91712834134
216,216,2.28828169721,-0.846873420431
217,217,2.02201226999,-1.39369115129
218,218,2.56643451426,0.0577712171071
219,219,-0.306051657104,-2.6105283083
220,220,0.559287062385,-2.07828688351
221,221,1.95560166433,0.77710533472
222,222,-0.415676731202,2.54013981699
223,223,-0.358520190259,2.129163778
224,224,-1.27690086039,1.69969066543
225,225,-0.509803301917,0.254881347945
226,226,-1.93628489027,-2.33999185871
227,227,-0.639897808696,1.88604227373
228,228,-1.68799401152,-2.17120658917
229,229,0.493566695347,2.09987450662
230,230,-1.66041815881,-1.68310303163
231,231,1.5835532162,0.802361852498
232,232,0.177234545348,1.6353798058
233,233,-0.557110676342,1.77146044679
234,234,-0.536136929258,1.92193084732
235,235,-0.821177609112,1.46399262192
236,236,-0.677734818916,1.46198340298
237,237,-1.24237235934,0.757270430167
238,238,-1.01976379849,1.47894643282
239,239,-1.03547841135,1.36763201606
240,240,-0.588756342597,1.31991109868
241,241,-1.45219431471,2.08066619103
242,242,0.78579222415,-2.44995194948
243,243,-1.54092799137,-2.1509014516
244,244,-0.472710354664,1.98705447949
245,245,-0.0244386061881,0.91993554535
246,246,-1.19898837596,-0.646164432039
247,247,-0.330227926455,1.20475225387
248,248,-0.649763978972,0.306902699696
249,249,-0.496928371042,0.329576785259
250,250,-1.26792989491,0.821789609792
251,251,0.526175107124,1.32666810748
252,252,-1.60800611926,-1.18755567273
253,253,0.37788822068,-2.6277627167
254,254,0.138620741137,-2.04106170653
255,255,-0.559422462128,1.27347557581
256,256,-0.270094847349,0.568370345656
257,257,-1.24864625173,-1.55170851666
258,258,-0.340250453783,2.18736641763
259,259,0.0552627763044,-1.97976555171
260,260,-0.0963465173957,-2.81817440361
261,261,-0.475913069166,-3.1666739666
262,262,-0.267523149115,2.02140547624
263,263,-0.222859818761,-2.24836378094
264,264,-0.0153913420438,-2.59994382446
265,265,-0.34929081863,3.05727835085
266,266,-0.343619320321,-1.75049136096
267,267,2.70686685305,-0.239818058063
268,268,3.48989514604,0.33935958259
269,269,3.29045937508,-0.0239455905885
270,270,0.412057630767,-3.45392078947
271,271,0.524551706522,-2.54252829637
272,272,-0.995353491859,0.32469783641
273,273,-0.30999027307,2.79423634175
274,274,1.38885054102,-2.32046500936
275,275,-0.264922935717,2.44747086447
276,276,1.04841958902,-2.26633804513
277,277,0.134091181026,-2.32163316205
278,278,0.398468955814,-2.2839166623
279,279,1.25237404295,1.64059206104
280,280,0.276267237893,-2.45018062581
281,281,0.152277665559,-1.86490130597
282,282,0.00678524357117,2.85679414905
283,283,-0.610065349627,-3.18572048194
284,284,-0.586604904719,1.93634117865
285,285,0.195603407586,2.45510977711
286,286,-0.172384899934,2.91566091327
287,287,-1.54823466,-3.15510425791
288,288,2.16719900849,-0.078230385976
289,289,3.37724659346,0.456161784052
290,290,0.436725993425,-2.79827625842
291,291,-0.406752739104,-2.67422362926
292,292,-1.48093560277,0.610929832274
293,293,1.38727018012,-2.31616309142
294,294,-0.430312292638,1.44174882206
295,295,-0.896296379778,1.23526701323
296,296,-1.68711334277,0.807733272938
297,297,-1.29586987293,-0.957653947152
298,298,-0.421848587338,1.5484510418
299,299,-0.601539143096,1.69184274848
300,300,-0.161432752801,-0.373777160306
301,301,0.43634128194,0.0978655565858
302,302,-0.214042087698,0.425073863766
303,303,0.259367971563,0.322415393975
304,304,1.18069609682,-0.617918315783
305,305,1.19284021432,0.473610599022
306,306,-0.336565116479,0.42475113577
307,307,0.627726927459,-1.90663613054
308,308,0.684787306325,-0.222287158526
309,309,0.510225921012,-2.32241397569
310,310,1.14491477636,0.729911620265
311,311,-1.17722961265,1.19177178898
312,312,-1.69284720197,1.90316954586
313,313,-0.296381806254,-0.441299308664
314,314,0.289061411262,-3.16049650769
315,315,0.518251141169,-2.98934403687
316,316,2.53459351376,-0.0922541477409
317,317,0.684365543244,-2.94536320279
318,318,-0.12703991386,0.253103574313
319,319,0.495712197018,-1.93982411882
320,320,0.15247274,1.02216586134
321,321,-0.531334526341,-0.776060508852
322,322,0.566848380965,-2.36566858677
323,323,0.426380076642,0.485561818985
324,324,1.08036019943,1.17225300362
325,325,-0.673318535889,1.77388414617
326,326,-0.258444357857,1.75951234011
327,327,0.347896718995,-2.88465345869
328,328,-0.143664011813,1.00333360965
329,329,2.68119576849,-0.717423848767
330,330,0.0155806955897,0.166923176064
331,331,-0.248069127708,2.190210427
332,332,1.01292624325,-0.964285783194
333,333,-0.383250286343,2.5995581981
334,334,-0.628548725367,2.04595431882
335,335,0.188681123927,3.34963848924
336,336,0.985290096527,-1.72754796385
337,337,1.85443561591,1.56240964635
338,338,0.258659188767,-2.57385179545
339,339,0.13285137093,0.550180250593
340,340,-0.264612639496,-0.424109952037
341,341,-0.463768197154,-0.962125174371
342,342,-0.653195084911,1.19167465497
343,343,-0.913130945321,0.868132020607
344,344,-1.09460156347,1.06365519152
345,345,1.65786684299,-0.443993366054
346,346,1.95916480678,-0.405083113019
347,347,-0.47468158955,2.63469760298
348,348,-0.404273153646,2.85681958128
349,349,0.0107345750588,-2.34854513996
350,350,0.437502549816,-1.77425988646
351,351,0.0785364954893,2.74209088733
352,352,0.395294815642,-2.3496183818
353,353,-0.0547886691399,-2.88180274713
354,354,-0.445390085282,-2.47731260389
355,355,1.97450343929,0.0831284836823
356,356,0.666574977249,-2.00410831601
357,357,0.789245454319,-2.90099479638
358,358,0.219551161949,-2.60622386446
359,359,1.4552985434,-2.33380302197
360,360,0.867945156417,-1.36428673781
361,361,-0.0215955250558,2.21443665152
362,362,-0.457689480523,1.78237225068
363,363,-0.332208498502,2.77846108842
364,364,-0.0627067381676,2.87780236472
365,365,-0.250664191967,2.78233841258
366,366,0.249920907612,-2.4081204052
367,367,-0.243872285143,2.90231737367
368,368,0.131962646698,-2.51333691289
369,369,2.90886514999,1.64215194811
370,370,3.00871389218,-0.303446129133
371,371,2.39341381556,0.110103499287
372,372,2.47039635187,0.497375189784
373,373,2.35204267452,0.657653938148
374,374,2.24116504361,0.103028466598
375,375,2.88809986513,0.230868630809
376,376,2.74215514144,0.165891080907
377,377,2.40571213205,0.363679629695
378,378,-0.155567957332,-2.73475193411
379,379,0.00527161155222,-2.51313809401
380,380,0.276775806215,-2.7533731373
381,381,2.65889672497,0.147058582636
382,382,3.28174513769,0.372590618295
383,383,2.51891624274,1.18357440482
384,384,-0.00311283283776,-2.80253338197
385,385,0.312793564613,-2.40592421099
386,386,1.959244065,0.513305898996
387,387,-0.713947787307,2.39172696573
388,388,-0.5892714157,2.23165384387
389,389,-0.796412896261,2.60493381427
390,390,-0.370347111896,3.00405645561
391,391,3.20577035048,-0.343012158616
392,392,0.0259871927886,2.48739141809
393,393,0.503454424056,-1.98549916489
394,394,0.021707363301,-2.84655697458
395,395,0.410609177306,-2.97025155739
396,396,-0.0267620134277,-2.52721630266
397,397,0.0215409532882,2.56542374117
398,398,-0.6662578428,-2.33211792538
399,399,0.222073278859,3.35629232483
400,400,0.449289262923,-3.22216288974
401,401,-0.37515898485,-2.27297285794
402,402,0.703824013473,-1.91179712252
403,403,0.88621149608,-2.26284494648
404,404,0.203074134376,2.69082726857
405,405,1.02927824578,-2.31780572683
406,406,1.02568641467,-0.744119925535
407,407,2.62289206238,-0.0270511119591
408,408,3.03547922909,-0.244468451511
409,409,2.69756575573,-0.206504801242
410,410,-0.343887966362,2.28764191323
411,411,2.75631824316,0.277102116875
412,412,0.458717991902,2.54512389953
413,413,2.98135591726,0.0184737280828
414,414,2.30552399497,-0.0200464256936
415,415,-0.0235626245939,-2.47905951781
416,416,0.0617635818309,-2.51817727971
417,417,0.148184115014,-3.32768659421
418,418,2.27389286153,-0.00749617820772
419,419,1.18167072531,-2.66885060604
420,420,-0.197626828349,-3.27131480533
421,421,2.62511851092,-0.0366518769817
422,422,-0.0272818594003,2.94562295978
423,423,1.69044260876,0.556932200827
424,424,-0.212928723308,-2.63307767966
425,425,-0.470481617746,-2.13266212801
426,426,2.46665537933,1.21155951428
427,427,-0.0140344435877,-1.55578016498
428,428,0.120432133888,-1.99995939477
429,429,1.62518035267,-2.3662747364
430,430,1.23914792949,-1.69828783764
431,431,0.998886637518,-2.10428453774
432,432,-0.204598039026,-2.20701503045
433,433,0.319687921436,-2.72493438009
434,434,-0.274611045025,-3.33678478678
435,435,-0.104744924043,-3.02999567131
436,436,0.848953751515,-2.03349439687
437,437,0.884390758039,-2.07361661909
438,438,-0.10421021572,-3.39105153777
439,439,1.51701122992,-2.17758148677
440,440,-0.0441363018449,-2.83916517998
441,441,1.23057395431,-1.99698119515
442,442,-0.146651944376,-2.67067542302
443,443,2.06240538154,0.508047752837
444,444,0.176775990341,-2.35968452898
445,445,-0.143255275131,-2.79655345235
446,446,0.687991567971,-2.09657992122
447,447,0.418555656338,-3.11745739515
448,448,1.09783041646,-2.18802478995
449,449,3.50943275403,0.00445685065769
450,450,2.79510716541,-0.0871065792693
451,451,-0.355862756309,-3.42350371937
452,452,0.927326191735,-2.09617925883
453,453,-0.401706684216,-3.15553823396
454,454,0.858565728766,-2.05835689936
455,455,-0.0897324391084,-2.67871477706
456,456,-0.0762575920858,-2.62712553112
457,457,-0.198320822535,-2.76052143983
458,458,-0.503646185992,-2.38189428749
459,459,2.92956221216,-0.807598763116
460,460,0.257082954947,-2.91277808144
461,461,1.3790980726,-2.388014695
462,462,3.2616497938,0.0410396450335
463,463,0.256581470772,-2.79759624434
464,464,-0.96161833811,-1.389439839
465,465,0.813933974781,-1.92174232483
466,466,-0.00643758036852,-3.43817013059
467,467,1.39716551458,-2.56376194744
468,468,0.274097687122,-2.48396634865
469,469,0.430312465982,-2.54044860154
470,470,-0.249356200187,-0.332881677847
471,471,0.648990265946,2.68208748582
472,472,-0.232962145393,-2.68839507729
473,473,0.854969140419,-2.02047640989
474,474,-0.467875894361,1.41922345415
475,475,1.9874797086,2.11589497092
476,476,2.2092951517,2.29439189891
477,477,2.30618240576,0.319541797387
478,478,3.77670280389,-0.176990367553
479,479,0.11144838133,-2.34710743984
480,480,1.05739530508,-1.44578193859
481,481,-0.463237029003,2.34475216473
482,482,0.187246733267,-1.96211570316
483,483,-0.893623677986,1.04090659148
484,484,0.210171631355,0.0863318508566
485,485,1.72401499322,0.630892010982
486,486,2.26390282625,-0.191839248339
487,487,2.55920512285,0.317651218186
488,488,2.44807943571,-0.343349085201
489,489,0.0301725814315,-3.3315189995
490,490,0.727756562522,-2.73787925576
491,491,-0.859105855579,2.14245186956
492,492,0.00369591486735,3.34215300655
493,493,0.937130018049,-2.08700085995
494,494,-0.11907370122,2.64041918631
495,495,1.23246961094,-1.34027796076
496,496,2.49833347603,-1.22319610832
497,497,0.0360040005837,-2.28569268526
498,498,2.2902638095,0.198454552718
499,499,2.39706775932,-0.371172952394
500,500,-0.257115558028,-3.84910011099
501,501,0.0795771954611,-3.68153772403
502,502,0.410903547589,2.40173687828
503,503,-0.300109562419,2.99623734189
504,504,-0.225530911756,3.2101861941
505,505,0.634497744696,3.37666674909
506,506,-0.356890278261,-1.85925124687
507,507,2.98079871489,0.86621543803
508,508,0.155256698684,2.92608428771
509,509,-0.0908758209064,-3.15276007889
510,510,2.48235420101,1.94887642927
511,511,0.205324371419,-3.91944649571
512,512,0.140142121344,-2.31866331391
513,513,0.31636789373,-3.52471728999
514,514,-0.303741707154,2.23410654507
515,515,0.882165771821,-1.64781304385
516,516,2.29855024484,-0.0632645736806
517,517,3.3933491565,-0.275239780751
518,518,-0.253807363765,-3.25012535225
519,519,0.078507278196,-2.62163807181
520,520,-0.0171365416428,-2.8173309691
521,521,-0.0341979866133,-3.06881699853
522,522,0.451737628097,-2.74735709022
523,523,0.277887109089,2.61043940877
524,524,-0.00760724477874,3.08708361704
525,525,-0.251166831981,2.12564286532
526,526,0.369241532456,2.23636215444
527,527,0.0171886939201,2.33207665186
528,528,-0.590099018731,2.94334965311
529,529,-0.220398898625,-2.5735017326
530,530,-0.202011843727,-1.53140468245
531,531,0.664001096322,-2.55189872327
532,532,-0.0869290841765,2.4663423547
533,533,-1.18567976141,1.51727114477
534,534,-0.522085278796,2.33585360109
535,535,0.38550885849,-2.1025056547
536,536,-0.317433450392,2.06132711964
537,537,-0.546109322442,2.55856994507
538,538,-0.407409317203,1.97212610237
539,539,-0.912309322873,2.09611204934
540,540,-0.811814798657,2.5591952702
541,541,-0.521610133616,3.20299600083
542,542,-0.89860150937,2.75193305821
543,543,0.998229081393,-2.04593653004
544,544,2.56994838311,0.557754922649
545,545,2.61083938632,0.37135034166
546,546,2.87350258308,0.427485301546
547,547,3.02910779705,-0.254451549861
548,548,2.55054527411,0.445661202415
549,549,0.280675907324,-2.75298767917
550,550,0.88226986355,-2.45081773006
551,551,0.531397888341,-0.954806151324
552,552,-0.715516698648,2.12573347453
553,553,-0.62181106878,2.08314800498
554,554,1.07223881533,-1.78875976611
555,555,1.39111763341,-0.736668040625
556,556,0.0081345277912,1.13002724858
557,557,-0.689581711493,0.158950503238
558,558,-0.733778081929,0.849539809965
559,559,0.525525323769,0.77964353263
560,560,-0.561100661556,1.2722999504
561,561,0.727491546287,-0.288868196124
562,562,2.05044469431,0.701758188667
563,563,2.57423907235,0.596758104803
564,564,2.91810552069,-0.64301683164
565,565,1.6173305561,-1.60406699546
566,566,3.40833017616,0.418798515986
567,567,2.44644576074,-0.407726837202
568,568,3.08141093975,0.290262381565
569,569,2.42845738558,0.0326288594893
570,570,-0.130770252018,-2.56813487943
571,571,-0.471884393701,-3.40593220398
572,572,0.286869863857,-3.21193357077
573,573,0.791834530071,0.111338892857
574,574,1.14525553271,-0.310449024741
575,575,0.164565434974,-2.05980187594
576,576,0.429002044353,2.81592823824
577,577,0.464509505765,-1.94229743176
578,578,2.99220811213,2.13602969145
579,579,0.268687756087,-2.74673438259
580,580,0.450599641943,-3.48988844579
581,581,0.0134308950374,2.8696592785
582,582,-0.0820279271653,2.40833778459
583,583,-0.275441493008,-1.92249468706
584,584,3.00625148868,0.430437397638
585,585,2.58443487519,0.146624328039
586,586,-0.0634820469817,-3.68179894019
587,587,2.85392403131,-0.0744590169284
588,588,-0.0706342265281,-2.51615826752
589,589,0.619536349794,-1.06544248204
590,590,-2.0811838512,2.85290176773
591,591,-1.64599156083,1.57978738041
592,592,-1.88996709822,1.5439992079
593,593,-2.81772648979,-2.40299541699
594,594,-1.0842318606,2.15773063939
595,595,-0.646257428943,-2.52410776204
596,596,0.669402026576,-0.507330334183
597,597,2.43800077245,-0.202992377882
598,598,1.97386269441,1.82529052201
599,599,0.399941369152,-2.22848103125
600,600,-0.283491790738,2.98431047425
601,601,-0.120038963662,2.40217512333
602,602,2.12871706117,-0.431953654704
603,603,-0.159104036291,-3.11482015498
604,604,-0.0605496193885,-3.12163268431
605,605,1.6838593015,0.918388134843
606,606,0.64704740784,2.34819485821
607,607,0.517117548943,-1.36624735195
608,608,-0.710288444164,1.21632712299
609,609,1.41478956926,-2.00254012837
610,610,-1.33237741288,2.14134827815
611,611,2.09231284379,-1.65874918673
612,612,1.75796806758,0.593008051915
613,613,1.02705181758,0.600047164208
614,614,0.798993650155,1.40345567323
615,615,0.621048242398,0.421547912655
616,616,0.562493265755,0.745492407748
617,617,0.522866531449,0.454514031003
618,618,0.418715935475,0.772202924717
619,619,1.80178722924,-2.23975808263
620,620,0.897783038359,1.33629544211
621,621,2.37104923197,-0.105572415985
622,622,0.667453544516,-2.13604483404
623,623,1.83356983394,1.07978671797
624,624,0.616041640062,1.6175888127
625,625,-0.234342321343,-0.986326709286
626,626,-0.166799275882,-0.553227844594
627,627,0.654440607614,1.39041443566
628,628,1.23132957639,0.677155561705
629,629,1.78373177759,0.596048371602
630,630,-1.29210227316,-1.60276281991
631,631,-1.2356573403,-2.50102338125
632,632,-1.70711756761,1.31167085111
633,633,-0.917186297889,-1.47006169571
634,634,2.52567717301,0.452129457825
635,635,0.0381574000553,-0.179846431975
636,636,-1.17737682452,0.837487410908
637,637,-0.311211436378,0.387629535728
638,638,2.74208982122,0.458564257033
639,639,0.189386762848,0.242501898092
640,640,-0.532150641249,-1.75088676181
641,641,0.866531335362,0.323954615133
642,642,0.955459451526,0.679320400174
643,643,-0.419399551027,-0.983004543746
644,644,-0.417726150264,2.28551530278
645,645,0.262282052764,1.29766112149
646,646,0.933986249206,0.617424838104
647,647,2.147554187,1.40526011729
648,648,2.08673333592,1.29335664099
649,649,0.476820399844,2.06801132206
650,650,2.30650070617,0.629418855179
651,651,-0.402724155558,-1.92842925461
652,652,-0.469427772146,-1.44713566617
653,653,2.28040221126,0.0801046944471
654,654,1.8845399589,2.46798421502
655,655,0.838692453037,0.880100318687
656,656,-0.830540373837,-2.01620169595
657,657,1.68888143385,0.410974037915
658,658,0.022564874105,1.10590489547
659,659,2.65548521734,0.409728796435
660,660,1.84905890534,1.71302431175
661,661,2.37772525264,2.53181544873
662,662,1.95805719819,1.89455739596
663,663,1.35039812119,1.93126895783
664,664,1.82852570168,1.86130315097
665,665,1.60265009009,1.79425158109
666,666,1.54304352798,1.55286041764
667,667,0.513943483293,-2.71461222573
668,668,-0.698119089384,1.66112222895
669,669,1.39067629295,1.39269646031
670,670,-0.207545359276,-1.75110277036
671,671,1.36613508874,1.03215435546
672,672,2.63988892851,-0.048858567953
673,673,-0.75462909536,1.85766227128
674,674,-2.49290590113,2.00721277095
675,675,1.23490907572,-0.682164757882
676,676,0.16870526067,1.58416600293
677,677,1.53519607248,1.34190520719
678,678,2.62497736873,1.32467908817
679,679,0.0657332028694,2.53208146466
680,680,1.97320391621,0.795253938072
681,681,2.4986940633,0.585784433873
682,682,2.48485436922,-0.181718306978
683,683,1.37911587794,0.790317479266
684,684,1.33736969274,1.55775961792
685,685,0.00619212338172,2.74158339694
686,686,0.0798415324378,2.95108333229
687,687,-0.0867625729413,1.99434493465
688,688,0.281150771489,1.75804340522
689,689,-0.0348153020669,2.07552949982
690,690,-1.04656453635,2.20482355785
691,691,2.48530176668,1.72650415969
692,692,1.70888491213,1.26279071208
693,693,0.0291397783981,-2.83708482807
694,694,1.91398392523,2.46880575707
695,695,-0.224585494395,-1.9736994811
696,696,1.58931481593,1.88764644039
697,697,1.40858566544,1.768487469
698,698,2.31433451725,0.464571955304
699,699,2.5261691334,0.768593170708
700,700,0.0196468127982,-1.43328550812
701,701,-0.217720090844,1.06404229222
702,702,-0.645482693704,2.27160880635
703,703,-0.00471179014993,1.59986016867
704,704,-0.880233871968,-1.17002127429
705,705,-0.344606666478,2.27129916852
706,706,1.63990438908,1.80127190923
707,707,-0.520666814915,-2.00521597266
708,708,0.91914852925,1.87167688136
709,709,0.852599121537,0.944420031337
710,710,0.438616067812,-2.32350471926
711,711,1.43880797114,0.563406460776
712,712,0.106786188734,-0.750138550223
713,713,-1.10562054549,-1.63706455045
714,714,-0.0212729196716,-2.2039346716
715,715,-0.753194923099,1.97529328817
716,716,0.268447300144,3.03809627205
717,717,0.0733698604949,-2.38220187377
718,718,0.787921973764,1.35128316493
719,719,0.243433024916,-1.56011537864
720,720,0.949210159562,1.60381778379
721,721,-0.10755140423,-1.45942840505
722,722,-0.55422694901,-1.48227958983
723,723,0.74607271996,0.914573204106
724,724,0.77886235691,1.49926605112
725,725,0.785552954696,0.849774661389
726,726,-0.606519273438,-2.46321348769
727,727,-0.507361989603,-1.2758675356
728,728,1.34286604664,-0.688335632832
729,729,1.65401337469,0.395795931914
730,730,-0.448514238534,-2.66590305582
731,731,0.145332043363,-2.76075592631
732,732,0.0157924437258,-1.91618840694
733,733,2.73358753692,0.231682029673
734,734,-0.378237355976,-2.75824639886
735,735,0.64821215703,2.388739633
736,736,-0.141978118234,-1.18903594491
737,737,-0.824642083658,1.84800601004
738,738,1.94918006831,-1.5450781307
739,739,-1.78214614529,2.40579864367
740,740,1.19957012014,-2.03662998458
741,741,0.338082193926,2.25351715759
742,742,-0.697478296566,1.11187711896
743,743,1.04609420773,-1.45504058929
744,744,0.732478910381,0.56928349333
745,745,-1.02809244902,-1.62868428968
746,746,0.828779489618,-2.25841262104
747,747,0.884175653395,-0.521529526745
748,748,2.07909726781,-1.38471827425
749,749,0.301550972412,-2.00277009143
750,750,-0.488812937073,-2.71618452011
751,751,-1.99913581892,-1.44212173139
752,752,0.182017682611,1.59535223093
753,753,2.71917203485,0.467765451725
754,754,-0.291854750671,-2.82340276844
755,755,0.0869510302184,-1.76913080407
756,756,-0.148261149474,-1.83818924447
757,757,-0.100192395307,-2.38425743056
758,758,-0.935999699415,-2.20003173308
759,759,0.0759299251717,-2.09815520924
760,760,-1.12306724851,-2.45212176329
761,761,-0.37646950088,-1.49235431979
762,762,0.506857257435,-1.97569121321
763,763,-0.333469050879,2.12966455639
764,764,1.9188587412,0.725226176553
765,765,0.359478138868,-1.83418569324
766,766,-0.963022398449,-0.843678893845
767,767,0.0412130714101,-2.99119228088
768,768,0.0288951018289,-1.72380549052
769,769,-1.58680102023,-1.44316934646
770,770,-0.888578492324,-1.47752518784
771,771,1.305004776,-2.53385981338
772,772,-0.992226073234,-2.72179085949
773,773,1.69938476398,-2.01970473163
774,774,1.98932405333,1.0963695907
775,775,1.15770222276,-2.46057676909
776,776,1.52371009994,-2.22851502823
777,777,-0.0860186724908,1.47269010478
778,778,0.314767328555,0.973895732129
779,779,-0.11715919145,1.21219660176
780,780,0.281171906512,-1.01364890077
781,781,1.35014048068,2.36814380128
782,782,0.151323065504,-2.91196631994
783,783,0.00744723780887,-3.18324241976
784,784,0.555956201751,-2.43694065315
785,785,-0.501194208589,2.48045514011
786,786,-0.0449188066999,2.383894103
787,787,-0.231824408279,2.78024154434
788,788,-0.227448756965,2.73722483016
789,789,0.120626187518,-2.14721375578
790,790,0.0671267521315,-2.99863131395
791,791,-0.946134475688,2.59905338892
792,792,-0.209634819671,-2.27848833821
793,793,1.66352453065,-1.67398340866
794,794,-0.148811030508,2.33294478711
795,795,-0.24765887906,2.24860936124
796,796,-0.20598763055,2.45318787935
797,797,0.910183136323,-2.74833999281
798,798,1.89478080382,0.546387514231
799,799,2.59653995445,-0.195086178395
800,800,2.40579622709,-0.0593996110681
801,801,1.96689813594,0.0980097390568
802,802,-0.000397183229237,-2.76476968952
803,803,0.524251108212,-2.66799378744
804,804,2.35711395017,0.0387386162689
805,805,-0.4924165166,3.13044825889
806,806,-0.136253730925,2.46305708996
807,807,-0.474824157138,3.04483822075
808,808,0.144230031121,2.77784032505
809,809,0.321126203238,-2.12143402313
810,810,-0.179663941847,-3.43719965916
811,811,0.269858420988,-3.40088053011
812,812,-0.00560382229317,2.70926693736
813,813,0.341585235519,3.4062142133
814,814,0.872519114605,-2.35208416489
815,815,2.36507559438,0.543823198977
816,816,-0.594386625916,2.69274226632
817,817,0.00688998448286,2.97578566647
818,818,1.34968296712,-3.02015603335
819,819,-0.0201097321184,-3.025308842
820,820,0.442131845897,3.00083914217
821,821,0.706045816717,-2.373050157
822,822,2.98059387174,-0.117187847311
823,823,2.90841534135,-0.0350872604804
824,824,-0.248151528735,2.86078899243
825,825,0.152127956017,2.26132926493
826,826,2.69810291633,-0.296957250717
827,827,0.601696983158,3.2969679283
828,828,0.0829385751205,-2.0980329703
829,829,-0.154638938494,-2.55842961974
830,830,0.0415162787734,-2.3410808167
831,831,3.01098391618,-0.209982504267
832,832,0.690023954649,2.53059825596
833,833,0.0181723672034,2.89856550885
834,834,-0.355056497647,-2.06431507789
835,835,1.71881227099,0.198351781085
836,836,1.92828381256,0.631135829641
837,837,2.51609963591,-0.285159853454
838,838,2.03444528842,0.213886940864
839,839,0.364802941725,-2.64320650678
840,840,0.531078229011,-2.77637536409
841,841,-0.287885404644,3.2320190867
842,842,1.40119192859,-2.85052584675
843,843,0.277412592291,-2.76180394566
844,844,-0.118720068142,-2.64909257239
845,845,0.00483575158782,2.08172352858
846,846,0.365157640346,2.52856643201
847,847,0.147226589771,2.42434049509
848,848,-0.0794694994781,2.65659414239
849,849,0.429326389195,2.74607785932
850,850,-0.0791340378109,-2.53800412406
851,851,-0.411868469251,3.16116472943
852,852,0.690948788053,-2.31237694316
853,853,0.147438333138,2.95899268089
854,854,0.43516223263,-2.76243546679
855,855,-0.0964530521336,-2.55126187925
856,856,3.17312283429,-0.180110644472
857,857,0.189665345335,-3.58378865423
858,858,-2.46606715182,0.131287118139
859,859,-1.85265308372,1.82310971448
860,860,-1.94925540443,1.52375135958
861,861,0.319220813991,-0.848003447572
862,862,-2.30335575594,-2.49097488718
863,863,-1.46204462303,2.35006039452
864,864,-0.698588093878,-2.34607324881
865,865,2.15416777246,0.422944710485
866,866,2.90815400934,-0.0415821684397
867,867,2.82131105995,0.139150833349
868,868,0.178042899451,-3.13025447564
869,869,1.02847414894,-2.0923400741
870,870,0.566407865931,-0.93473962886
871,871,2.03398083229,0.448610539077
872,872,-0.175741251081,-2.99492069178
873,873,-0.550274853851,1.69941538755
874,874,0.00329965631047,1.13887099643
875,875,2.60007289653,0.523257093616
876,876,0.0338563065551,-0.473612414361
877,877,0.0168161510159,-1.04180425814
878,878,-0.549281861547,-2.64328075386
879,879,-0.168992815652,-1.04615162679
880,880,-0.415733162977,1.32444008581
881,881,0.0413777200329,3.18829592683
882,882,1.81900213971,0.13265491788
883,883,2.70354210947,0.579240336147
884,884,2.95777285977,-0.043304274426
885,885,-0.383713206158,-3.33923083217
886,886,-0.150712355592,-2.67768716929
887,887,-0.0712819755335,-3.55721042188
888,888,3.42979121636,0.29006720736
889,889,0.208185608062,-2.2055830545
890,890,0.336115428609,-2.4887678747
891,891,2.10210234237,0.8983407212
892,892,-0.122909458744,2.55687240595
893,893,0.503699017755,-2.73374496777
894,894,1.48023357525,-2.65610402063
895,895,0.305104170938,-1.86666754885
896,896,-0.347327674382,-3.24412833955
897,897,0.0931625748138,-2.83015195918
898,898,1.31228396434,1.34620319922
899,899,0.946785579717,-3.2359167211
900,900,1.27343788646,0.616172067024
901,901,0.471367040593,2.71789931948
902,902,1.05207981,-1.19627401299
903,903,0.173578829966,1.67176645396
904,904,-0.251501211333,1.5574035519
905,905,1.82708393786,0.613511820508
906,906,1.99542317631,0.846038989443
907,907,2.27484798669,1.25700158084
908,908,1.49076991138,-0.406104460509
909,909,2.45347238759,0.812615085654
910,910,2.95458168751,-0.249176605962
911,911,0.126067781099,2.22501849068
912,912,1.93134756385,0.00789207672181
913,913,3.38594303011,0.373202731715
914,914,2.08285794293,-0.736702607006
915,915,-0.135535240814,1.4602651084
916,916,0.0401918686314,2.05320230625
917,917,0.154215939835,-1.95063540807
918,918,0.16852073765,-2.04754907172
919,919,2.10707573227,-0.990268635437
920,920,1.48336881331,-2.19651365907
921,921,0.532226938752,-0.248157799983
922,922,0.121215168457,-2.26060603023
923,923,0.621009262565,-1.96872112508
924,924,-0.562403495488,1.90921956126
925,925,0.00921009611831,1.54220199747
926,926,-0.938095638309,-1.64492396155
927,927,0.0734532859026,-2.41200856262
928,928,-0.050838190263,1.02779485793
929,929,0.624124206667,1.55512291116
930,930,-0.281533242013,3.13541471723
931,931,2.7542806674,-0.113494166569
932,932,1.02128183729,-0.8097711893
933,933,2.93351036956,0.0792916242328
934,934,3.18307629928,-0.182410600953
935,935,-1.94848500964,-1.95778938384
936,936,0.66657212317,0.387540154134
937,937,1.19730621409,-0.550071866643
938,938,-0.0273554851498,-1.88016560928
939,939,-1.33134989771,1.61540944735
940,940,-0.435110769852,1.35630723231
941,941,1.03795284797,1.40518855136
942,942,2.24864815416,1.08423511682
943,943,-0.9881155727,0.20181068882
944,944,0.0798981940971,0.827596776984
945,945,-0.285711092927,-1.6848449237
946,946,-2.15067218417,-2.2098416979
947,947,-0.156253124858,1.49609202724
948,948,-0.780550032869,-1.15046643234
949,949,-0.593147021068,-1.78798309944
950,950,0.354825163578,0.768244676556
951,951,0.356596148165,1.06135713663
952,952,-0.110404969177,-2.12321723031
953,953,-0.149355421748,-2.72889093461
954,954,0.420777675918,0.807641002362
955,955,-0.146210044333,-0.794156526343
956,956,0.471995103764,2.33484706683
957,957,0.234984525857,0.927323401652
958,958,0.704758669973,-2.31342338828
959,959,0.000951043010779,-2.09284639314
960,960,-0.322035814062,-2.18273577355
961,961,0.481235877287,-2.41866354204
962,962,0.400681848079,2.8179256807
963,963,1.08023385503,-0.542598516026
964,964,0.0956352946184,-2.54535432566
965,965,0.0097714658471,3.18821973699
966,966,0.887316343284,-0.143010190309
967,967,2.93045019688,0.596305468135
968,968,-1.00911514049,-1.43581265696
969,969,-2.1936508667,-2.30181748147
970,970,-1.13607781767,-1.67004209176
971,971,0.00221674526706,1.30598894959
972,972,-0.764987548311,-0.427895523883
973,973,-2.02289725135,-2.1222069261
974,974,-1.46546737802,-1.76522000834
975,975,-1.41982107339,-1.43186847983
976,976,-0.80542963303,-1.6771840739
977,977,-0.523006105832,-2.09724816544
978,978,-1.41228548064,-2.29417339383
979,979,-0.571672219068,-2.15061224581
980,980,0.369432832905,-0.847640731248
981,981,3.30295099672,-0.12239115308
982,982,0.166165667153,-2.47965969209
983,983,-1.55283900776,-1.96001111254
984,984,0.203265847472,2.81706682543
985,985,-0.22131658287,-1.50549739024
986,986,-0.859681423324,-1.64248046831
987,987,-0.772757117883,-1.73315051797
988,988,0.139306658877,1.13656519533
989,989,-1.19183746474,-1.74175030293
990,990,-2.35003499634,-2.99238589944
991,991,-0.248803551956,2.88908600572
992,992,0.00371175515829,-1.59185344797
993,993,0.00655063325782,-2.48905227708
994,994,0.259391742676,-2.42955352504
995,995,2.05612067881,0.501597656453
996,996,0.565065867042,-2.61925511141
997,997,-0.924647279982,-1.5849123076
998,998,-1.76734524007,-1.72361466084
999,999,0.134725236588,0.216769335204
1000,1000,-0.706650714131,1.01133148489
1001,1001,-0.572089573653,0.782330332432
1002,1002,-1.02834718978,-1.02979638182
1003,1003,-1.72080656428,-1.11220549758
1004,1004,0.135385978795,2.0427336579
1005,1005,-0.486690991391,2.62679167513
1006,1006,1.12069421303,-1.48770103166
1007,1007,0.232949997625,-0.236509230993
1008,1008,-0.325154724688,2.22232360193
1009,1009,1.17928709164,-1.95895229056
1010,1010,2.41832323902,0.0420487875412
1011,1011,2.90720136335,0.172424959247
1012,1012,2.78082095898,-0.0114070558507
1013,1013,0.957675311987,-1.96055319869
1014,1014,0.171342518332,2.10138257846
1015,1015,0.451468909119,-3.30766365222
1016,1016,-0.807796662207,-0.718787141748
1017,1017,-0.732575844123,1.95004313641
1018,1018,2.16660762078,0.356327436364
1019,1019,-0.172240784762,1.66910036282
1020,1020,0.527068290452,-1.94784150495
1021,1021,0.531025131924,0.106757282701
1022,1022,0.343079297194,-1.66336493755
1023,1023,-0.912328059971,1.81223807894
1024,1024,-0.352736485805,0.933633431522
1025,1025,-0.0680223616256,0.942089547586
1026,1026,0.670664194546,0.357937181813
1027,1027,-0.247298107831,-0.241643251396
1028,1028,-1.06389871631,0.369561623927
1029,1029,2.46892744276,0.183010982231
1030,1030,-0.557936695044,0.929070207681
1031,1031,1.20342043927,2.52060463609
1032,1032,-0.462723092208,0.770661137585
1033,1033,-0.971487598646,-0.456163862352
1034,1034,-0.370285996646,-1.62588545557
1035,1035,0.598326099255,-1.00226606922
1036,1036,-0.478386437103,-0.833969907394
1037,1037,0.109397174922,3.01135064936
1038,1038,1.62223183449,-1.07643049045
1039,1039,2.76607706482,-0.980996430876
1040,1040,-0.272097384,-3.27159799845
1041,1041,2.45881214189,0.277903568355
1042,1042,0.291879352884,-3.61291171602
1043,1043,-0.177657418369,-2.63826114054
1044,1044,-0.763102477107,1.61038164782
1045,1045,-1.00973988435,2.30578441834
1046,1046,-0.936980373265,2.32258918051
1047,1047,-0.436015854836,1.76280129359
1048,1048,0.946816755191,-1.85536548202
1049,1049,-0.00200165892486,3.02967157744
1050,1050,2.08257277294,-2.53301153168
1051,1051,0.577255865783,-2.44022940359
1052,1052,-0.703394034484,2.55205287062
1053,1053,-1.20050639879,2.47065495897
1054,1054,-0.632865429624,2.26741801437
1055,1055,-0.347332502213,2.57080850983
1056,1056,0.953067491196,-2.77070649339
1057,1057,0.90356708759,-2.15401254909
1058,1058,0.434614939816,-2.80506188342
1059,1059,0.187933850983,1.93181376577
1060,1060,-0.254586632747,2.45199596427
1061,1061,1.47809269397,-1.89457146819
1062,1062,-0.0118342696143,-2.38139419787
1063,1063,0.67609057848,-1.91015638592
1064,1064,-0.134314271951,2.61514262545
1065,1065,0.0160829028716,2.3964435838
1066,1066,-0.0352278599062,2.01582148019
1067,1067,-0.308932636182,2.23341082872
1068,1068,0.433849029008,-1.73763450918
1069,1069,0.049334123146,2.5649865029
1070,1070,-0.641150792731,2.35010263685
1071,1071,0.16990263464,-2.1989512179
1072,1072,2.73252430068,1.2422645632
1073,1073,0.0102339899068,-2.67492524878
1074,1074,3.81970933689,1.20550513687
1075,1075,-0.824063296563,-0.993093780218
1076,1076,0.500612090554,0.605532088675
1077,1077,-1.39860933456,-1.28549227756
1078,1078,-0.98666837536,-1.06616460556
1079,1079,-0.656959264218,1.70990325311
1080,1080,-2.34000429909,-2.20855479177
1081,1081,-2.31518209588,-1.95620268489
1082,1082,2.01057177504,0.0816705360606
1083,1083,-2.06878628986,-2.22682721716
1084,1084,-0.363001910964,1.82143299499
1085,1085,0.482482758403,1.47728697781
1086,1086,-0.233354780033,0.37664124251
1087,1087,-1.39308801642,0.887781012035
1088,1088,0.467805329003,1.59400593772
1089,1089,-0.495356383839,1.0517701975
1090,1090,-0.353468846052,-0.870293156897
1091,1091,-1.15589099083,0.952765256128
1092,1092,0.499461022224,1.46726713403
1093,1093,-1.28435426206,-2.10604151925
1094,1094,0.26209986503,-2.57794029143
1095,1095,-0.637754783211,2.40143653323
1096,1096,-0.0197641337964,-2.63348665959
1097,1097,-0.376301821686,-2.55018504274
1098,1098,0.414359251584,-2.41253300872
1099,1099,0.121354283215,-2.23902724855
1100,1100,0.597687318288,-1.71811991043
1101,1101,-1.88285468552,-2.16499433881
1102,1102,-0.425132218445,-2.24609856868
1103,1103,0.0580834613575,-2.86785921142
1104,1104,-1.26034826932,-1.57203798818
1105,1105,0.144973513766,-2.39342094595
1106,1106,2.96216528816,0.264092702315
1107,1107,-0.493571732228,2.36794399392
1108,1108,-2.10540906996,-2.0838963701
1109,1109,-0.235549541121,2.2204455131
1110,1110,0.448238567781,-1.22718843042
1111,1111,-0.283401028686,2.60217708312
1112,1112,0.848254889413,-1.77402317775
1113,1113,3.34280730894,-0.438279661122
1114,1114,1.71693782749,0.7375015155
1115,1115,0.241495107442,-2.36651089511
1116,1116,0.430609667117,-2.18257305912
1117,1117,-0.629158563417,1.14084247172
1118,1118,1.30566032076,-2.09205754019
1119,1119,1.53371876238,-0.953193051998
1120,1120,-0.582798336237,1.34745183771
1121,1121,-0.759925967206,2.21898746297
1122,1122,0.234891367856,2.54280982547
1123,1123,1.21334228003,0.287803135757
1124,1124,-0.754872901496,-1.5561847499
1125,1125,1.71408666454,-1.96436666734
1126,1126,-0.597453119095,2.98462090636
1127,1127,0.28512365114,1.26477424698
1128,1128,1.86337055726,-1.16728980489
1129,1129,-0.958519671034,2.3278939001
1130,1130,1.1330458344,-1.71282805669
1131,1131,-1.47580905666,-1.78243796436
1132,1132,0.646362061133,-2.07829604211
1133,1133,-0.303539874569,-2.50124079434
1134,1134,0.258616421468,-3.23410749971
1135,1135,0.988896306714,-2.09150901986
1136,1136,-0.136277090499,2.47676672513
1137,1137,0.0626983333045,-2.06608239166
1138,1138,0.421105621687,-2.41254956632
1139,1139,0.583134004629,-2.52969405128
1140,1140,-0.125516896303,2.55171567983
1141,1141,0.448940837429,1.93549394422
1142,1142,-0.190337573334,2.72847385709
1143,1143,1.33939847388,-1.65730576994
1144,1144,2.5500669085,1.62353800722
1145,1145,2.9575070611,0.141654734055
1146,1146,1.27036290854,1.61082413556
1147,1147,0.452206939456,2.26299737903
1148,1148,0.183146930748,-2.7766697145
1149,1149,0.519475312079,-2.46017794481
1150,1150,3.4451245161,0.368482937119
1151,1151,-0.206021074609,2.75081436015
1152,1152,0.592524944786,3.28587647863
1153,1153,2.98091550523,0.466113576108
1154,1154,-0.258159554696,-2.85650547767
1155,1155,-0.196437451423,-2.74912719427
1156,1156,2.13058408649,0.590311975172
1157,1157,-0.0347982316948,2.51682067956
1158,1158,2.20398822474,0.483970095694
1159,1159,2.72169254011,0.0593995990289
1160,1160,0.448350325862,2.59891299425
1161,1161,0.214168715113,-1.05978676064
1162,1162,-0.112267729645,2.25420409267
1163,1163,0.302953315117,2.26668274448
1164,1164,0.500094069034,-1.59246269102
1165,1165,1.51453998321,0.518316849962
1166,1166,0.733522008813,1.99785044253
1167,1167,2.827710854,0.151940712414
1168,1168,1.27623667869,-1.97138726864
1169,1169,2.9649095329,0.159165908284
1170,1170,2.21053512816,0.444971163028
1171,1171,-0.477468646916,-3.09077987629
1172,1172,0.689251508447,-3.00626040679
1173,1173,-0.354754100227,3.29350647393
1174,1174,-0.449707205784,3.38915766667
1175,1175,0.579958072088,2.09019952854
1176,1176,0.397839474061,2.84940328058
1177,1177,0.228899390875,-1.84219253793
1178,1178,1.52994803063,0.471148745169
1179,1179,-0.541857254658,-3.01419734404
1180,1180,-0.0433540584959,-2.46114858095
1181,1181,2.61480149829,0.491124433907
1182,1182,-0.772765687116,-2.46500434854
1183,1183,-0.52174063662,2.86732265869
1184,1184,-0.53594094085,2.36998286145
1185,1185,1.21608494422,-2.00994855796
1186,1186,0.144274840841,-2.39155489203
1187,1187,-0.444735318482,-2.4378420223
1188,1188,0.986609374862,-1.66014858076
1189,1189,-0.0165037161886,-2.7481943795
1190,1190,-0.860978110723,-2.59517260612
1191,1191,-0.22556904395,-3.02248502891
1192,1192,-0.583420577562,-2.51082075358
1193,1193,-0.333176667376,-2.14972832915
1194,1194,-0.299426479601,-2.14017344164
1195,1195,-0.752101530959,2.62415423756
1196,1196,2.20030896772,-0.0924461086856
1197,1197,3.18018711026,0.572534561934
1198,1198,3.32467454456,0.433979564732
1199,1199,2.67107688604,0.36361195035
1200,1200,1.14409446083,-2.98755125091
1201,1201,1.09378300423,-2.31417396919
1202,1202,-0.685614307893,1.77711820971
1203,1203,-0.904901716754,2.59737525672
1204,1204,-0.442037266916,2.1739785435
1205,1205,1.78003144211,-2.47102062179
1206,1206,-0.0259281728545,2.37716532115
1207,1207,0.151734727981,-2.50657963095
1208,1208,0.47891213479,-2.45811125095
1209,1209,2.94090672532,0.0804401247364
1210,1210,3.37328320515,0.366982251987
1211,1211,0.28991952756,2.40423892194
1212,1212,1.20980142313,-2.31653902707
1213,1213,2.95565397614,0.167409826251
1214,1214,1.79300576634,0.54991633397
1215,1215,0.158570066751,-3.10174561948
1216,1216,0.200910504819,-1.77344996682
1217,1217,-0.088510913777,-2.32721238435
1218,1218,0.48468027205,-2.42830580266
1219,1219,2.46049998709,0.281951203187
1220,1220,1.57374983193,-1.16210448351
1221,1221,1.70235660408,-1.20567083663
1222,1222,1.3332352895,0.565048415323
1223,1223,1.32722162746,-1.12184269902
1224,1224,2.92127844321,-0.443646602055
1225,1225,2.95128511701,-0.210355941183
1226,1226,0.260116099808,-0.17827601436
1227,1227,-0.266879667873,3.2901937098
1228,1228,0.656183746292,-0.0573804918454
1229,1229,-0.317572268071,2.41277960257
1230,1230,0.0907866780767,-3.42552667652
1231,1231,-0.226424219546,-2.8067529155
1232,1232,-0.167453781233,2.73924205441
1233,1233,1.69750535722,-2.69732131093
1234,1234,0.111750419618,2.67006200656
1235,1235,0.254771113221,-2.03879823494
1236,1236,2.70508198696,0.13219323048
1237,1237,0.34825717476,-2.39825895519
1238,1238,0.046777470956,3.43528041909
1239,1239,1.10216109142,-1.79731744594
1240,1240,0.0624445684769,-2.15630601792
1241,1241,2.49425893801,-0.187635521226
1242,1242,-0.269310776255,-2.91820939249
1243,1243,0.317921228514,-3.34521834925
1244,1244,0.742217718844,-3.07515963321
1245,1245,0.014933405974,3.22224668203
1246,1246,0.202157368305,-2.97477420236
1247,1247,-0.309344365633,2.62706930626
1248,1248,0.272425511441,3.46030615071
1249,1249,0.409112930985,-2.6359179696
1250,1250,0.171389023891,2.34724672832
1251,1251,-0.0677870044467,3.32558522226
1252,1252,-0.124903122238,3.10389777296
1253,1253,0.551313247764,-2.13708353052
1254,1254,2.40778598123,0.679139822705
1255,1255,2.63378850278,0.196604333637
1256,1256,2.89650382407,-0.160136671518
1257,1257,3.02128362688,0.559466620879
1258,1258,2.16559486809,0.392645374966
1259,1259,2.67048113523,-0.116536322203
1260,1260,2.68192701927,-0.105119749983
1261,1261,2.68009362066,0.56628259311
1262,1262,0.10682147519,-2.01589487586
1263,1263,-0.0440807354222,-2.50247327626
1264,1264,2.23230274487,-0.270286941265
1265,1265,0.630741494095,3.42990977096
1266,1266,1.21620648905,-0.0203415613
1267,1267,1.7543605567,-0.242580025709
1268,1268,-0.0161368283964,-2.51709361009
1269,1269,0.279556604858,-2.19435076944
1270,1270,1.87194421984,0.0277081707279
1271,1271,-0.107363962695,2.83558350177
1272,1272,1.82253407522,0.603626095618
1273,1273,-0.703123790111,-2.46702825218
1274,1274,0.718408580823,-0.628256144947
1275,1275,-0.154527048573,2.97586330092
1276,1276,0.584457223579,-2.81792617438
1277,1277,0.733138421289,-2.90988210121
1278,1278,2.76797012236,0.439290606449
1279,1279,2.14311525771,0.249310941419
1280,1280,0.649838647168,-0.177942785477
1281,1281,2.75709578994,0.236519347367
1282,1282,2.77952273974,0.31425972868
1283,1283,2.55358500081,0.319806761591
1284,1284,-0.39034208974,-2.00271505509
1285,1285,1.20969052329,-1.76723197796
1286,1286,0.107841904552,-0.450491902441
1287,1287,1.66215819738,0.553809388983
1288,1288,-0.214346543339,-2.34794440237
1289,1289,-0.647180147416,-2.8182081499
1290,1290,0.20993394904,-2.77084766418
1291,1291,0.804740487889,-0.535362580653
1292,1292,0.661476702377,2.07734025134
1293,1293,2.45125952829,0.550244592031
1294,1294,2.85401813219,0.146248775417
1295,1295,0.702913195135,-0.523364557557
1296,1296,0.0084636313819,-3.21932208327
1297,1297,0.160673010854,-2.41064811792
1298,1298,2.0624340132,-1.22298962047
1299,1299,-0.40038671603,3.1034355436
1300,1300,1.51756776133,-2.92849264388
1301,1301,0.200212729637,2.85298822994
1302,1302,-0.436940484628,1.67262998231
1303,1303,1.9481215657,-2.86091993135
1304,1304,-0.996206200976,2.77637998312
1305,1305,-0.463270990494,2.0657951029
1306,1306,-0.505216193686,2.16432468222
1307,1307,-0.271496323226,2.37580297055
1308,1308,-0.107396132045,2.47907495663
1309,1309,0.2100992389,2.57080924795
1310,1310,0.709389676864,-2.60565445015
1311,1311,-0.0054522585226,-2.44045038418
1312,1312,0.475421568619,2.79912335128
1313,1313,0.173405414025,-3.05185985936
1314,1314,2.0445113897,-3.2285170269
1315,1315,0.574807908822,-2.61453934108
1316,1316,-0.951386886376,2.4090716938
1317,1317,0.265819969325,2.62947843505
1318,1318,0.815894209496,-2.84876398342
1319,1319,-0.541286598756,2.45309154117
1320,1320,0.311793101872,2.50307095823
1321,1321,-0.938525225768,2.32985020564
1322,1322,-0.330561905608,3.02939837651
1323,1323,-0.430698692658,3.02851060247
1324,1324,0.800675141911,-1.97573240347
1325,1325,1.12032289313,0.705082776882
1326,1326,2.82927721693,0.343683925715
1327,1327,-0.213908163387,-2.73552461993
1328,1328,0.304193578732,-2.91804408108
1329,1329,2.48773035964,0.413977849446
1330,1330,-0.260526871832,2.41040650933
1331,1331,1.16178178936,-1.98908831006
1332,1332,1.42795560386,0.536991010024
1333,1333,-0.0869696988781,-3.13587841203
1334,1334,0.158454054552,1.83615163931
1335,1335,0.188586430914,1.68141310298
1336,1336,0.803665399574,1.87729735094
1337,1337,-0.631189592237,2.16710530464
1338,1338,1.95420928966,1.03676757973
1339,1339,0.165223118341,2.09568037952
1340,1340,1.42389720679,1.5573080354
1341,1341,1.68843321866,1.61527502871
1342,1342,1.57305004152,1.15988948588
1343,1343,0.00892000910102,-2.20139597658
1344,1344,-0.746931465892,-2.0340162847
1345,1345,1.88790750939,0.974065051378
1346,1346,0.940474640229,2.2904694707
1347,1347,2.17483250568,0.150671618191
1348,1348,1.34596008654,2.05358751724
1349,1349,-0.0176778965271,2.32770518769
1350,1350,-1.18619039831,-1.57724079652
1351,1351,1.34329336361,0.499518750252
1352,1352,-1.07414115452,-0.938033043146
1353,1353,0.442095951392,-2.18250424125
1354,1354,0.211615301179,1.49312091388
1355,1355,1.40855857008,1.33311227274
1356,1356,1.70517722136,0.355530469799
1357,1357,1.26810995001,1.17674361901
1358,1358,0.458063368688,1.84583046394
1359,1359,0.809223819062,0.584989531653
1360,1360,2.16135289331,0.735163108749
1361,1361,0.543900197857,0.355032097282
1362,1362,-0.568888006141,-1.19679440192
1363,1363,-0.197324740022,-1.52364426458
1364,1364,1.76372154775,0.239114446931
1365,1365,1.6384315522,-0.579692136084
1366,1366,1.7459745603,0.061208959057
1367,1367,-0.458752755657,0.760659239614
1368,1368,0.718883458587,1.99966916232
1369,1369,0.959498084607,-1.87028732888
1370,1370,0.713692405093,2.27594171817
1371,1371,2.42678321583,-0.00429971757004
1372,1372,2.69257278013,1.5398580022
1373,1373,-0.209337005609,1.61404794812
1374,1374,2.22394472887,1.04190022412
1375,1375,1.56118919181,1.35159574976
1376,1376,0.950250801258,1.32266515628
1377,1377,-1.52280629174,-1.66707667295
1378,1378,0.620385814297,-1.43199359939
1379,1379,1.70800531927,1.13355584375
1380,1380,0.16764346891,2.13951679713
1381,1381,0.145334546927,1.11975574133
1382,1382,0.0530414062121,-1.52865801818
1383,1383,-0.188726932001,1.58759158876
1384,1384,2.30927187134,1.19980891107
1385,1385,2.2550329534,0.473394731836
1386,1386,1.0098724546,0.543823122721
1387,1387,2.42165260654,1.70495240854
1388,1388,2.35146465389,0.167296131361
1389,1389,1.23375238283,1.2715802558
1390,1390,0.406569006183,3.29080484306
1391,1391,0.244151568252,2.48695442294
1392,1392,1.08729031952,-2.27313984668
1393,1393,0.596501341905,0.433903690241
1394,1394,0.843034760521,0.187059595694
1395,1395,2.41398324708,0.508774239101
1396,1396,2.09075248273,0.33422677897
1397,1397,1.69121195576,-1.88449389693
1398,1398,0.131371519862,1.18486483168
1399,1399,-0.377358243614,-2.37412582193
1400,1400,1.12573859643,0.409228126705
1401,1401,-1.21652869859,-0.766212962597
1402,1402,0.397882177948,2.22405483034
1403,1403,1.1617038769,-0.0661806563684
1404,1404,0.735243917125,2.26875079097
1405,1405,1.0890136951,1.05399300147
1406,1406,0.848217147985,3.202827145
1407,1407,0.303021417618,4.30252791417
1408,1408,0.0429784701199,3.18519405121
1409,1409,0.944000072973,2.37068946723
1410,1410,0.362859156235,1.99528114353
1411,1411,-0.0867967365507,2.44715892983
1412,1412,-0.525504032278,3.2388602484
1413,1413,-0.291917688879,3.43841954675
1414,1414,0.353111512377,2.62859878679
1415,1415,0.403539949037,2.86475470408
1416,1416,0.056268782249,1.7520687254
1417,1417,1.99872899327,0.179522040208
1418,1418,-0.439272537777,2.29365751099
1419,1419,0.670214994843,0.351288807661
1420,1420,-1.93029462278,-1.86830736965
1421,1421,0.276910722927,-0.0784036338001
1422,1422,0.785901359922,-0.0110501956463
1423,1423,4.05580443063,0.977533151262
1424,1424,-0.393508048824,-3.05289816549
1425,1425,0.258868449313,2.11959376199
1426,1426,-0.0177249899351,0.603609115115
1427,1427,2.42141110769,0.321393207762
1428,1428,2.99073252003,-0.256205496438
1429,1429,2.61515967608,0.0111428719483
1430,1430,1.51826569301,0.397385619186
1431,1431,2.65104206159,0.130438087025
1432,1432,3.22060476793,-0.0804652108954
1433,1433,2.84418971728,0.282342816892
1434,1434,0.888831589955,0.738185092042
1435,1435,1.55371153434,0.986081649944
1436,1436,0.103370029952,-2.03632084346
1437,1437,2.24138339016,0.0113852853672
1438,1438,-0.761667986155,2.09752821686
1439,1439,1.70118511275,2.22560519897
1440,1440,0.934116429234,1.43045567386
1441,1441,0.22425170748,0.747657866004
1442,1442,0.896047054147,1.74382123362
1443,1443,0.438068834665,-2.41458718052
1444,1444,1.83287114003,1.82426449451
1445,1445,1.49205865192,2.40015679248
