,vote,alpha,beta
0,0,-0.0517722580794,2.26238110536
1,1,-0.674771264266,-2.70044972995
2,2,3.06508523474,-0.0864065716607
3,3,2.5541763118,-0.150492709807
4,4,0.935759787934,-1.74019272936
5,5,3.71602015928,-0.187048037951
6,6,2.39735989292,0.62267196117
7,7,2.3196503629,0.7069015705
8,8,0.12219335053,-1.81543189054
9,9,1.27523033334,-1.44169451982
10,10,2.62330340475,-0.064636183799
11,11,3.09714795558,-0.0104445171575
12,12,2.02701137434,-0.121387551749
13,13,2.92881680759,0.261369288287
14,14,3.25029845574,0.542005105793
15,15,2.23197945219,0.183678215137
16,16,0.122644427751,2.63686925073
17,17,0.623798536813,-0.628178306292
18,18,2.904047695,0.409919405994
19,19,2.55496885766,-0.118170774834
20,20,1.56731809088,-0.843093187914
21,21,0.383275253915,-3.18393000936
22,22,-0.183768375783,-2.30906045922
23,23,3.58253257131,-0.243472188776
24,24,0.986861037069,-2.45430882452
25,25,1.50555733513,-0.328278208085
26,26,-0.697060743076,-0.0349217759198
27,27,-0.0585459484666,2.79482940421
28,28,2.56683323222,-0.119057070323
29,29,2.60901004783,0.336216673883
30,30,2.88821719157,-0.0117865738096
31,31,2.58269997345,0.313475413227
32,32,-0.0502997844711,-2.46923750984
33,33,0.0301010662567,-3.48798339829
34,34,1.41781127634,-0.477920402109
35,35,-0.355596706749,2.64081762957
36,36,-0.799543916041,-2.82218306436
37,37,0.132532720651,-2.27287778132
38,38,0.417033163688,-2.99042343292
39,39,-1.04478326304,-1.50489665461
40,40,2.35286491433,-1.8140351942
41,41,0.394742707706,3.07589383646
42,42,-0.396299662755,-2.38184921739
43,43,2.56353561523,0.297379475354
44,44,3.39770660205,-0.399692025093
45,45,3.59883442644,-0.357777249469
46,46,2.46574366529,0.193398081287
47,47,2.19929117657,-0.192434350478
48,48,2.80629235225,0.46052845421
49,49,2.52361622222,2.09910004957
50,50,-0.0811520081169,-2.78390615381
51,51,0.120238853245,-2.2980943988
52,52,-0.493409884133,3.32556134328
53,53,-0.357384757656,-2.84341561023
54,54,0.318241919537,-2.93492448905
55,55,-0.127496354516,-2.47298153539
56,56,0.747752412112,-2.53737716053
57,57,-0.717481480012,2.23639469276
58,58,0.495238880688,3.45074227345
59,59,-0.443749754235,-1.98474395113
60,60,0.822037179872,-2.30963871796
61,61,2.22046197698,0.16287049527
62,62,2.24661123328,0.110128268931
63,63,2.88240312271,-0.0312114467822
64,64,2.7667301748,-0.556687493179
65,65,2.54229514085,-0.393171929394
66,66,-0.12927040807,-2.56053887604
67,67,0.507116173256,-2.25818396602
68,68,1.21567343628,-2.29631501054
69,69,-0.597799332903,-1.74628387058
70,70,-1.20906018083,1.60830525583
71,71,-0.7829448566,2.17119463365
72,72,-1.13120465956,2.26952043059
73,73,-1.31877745366,2.72353162537
74,74,-0.765494388918,2.32771200644
75,75,-1.10682143447,2.37631179004
76,76,-0.690789922462,2.11627745384
77,77,-0.613236683239,1.40230576051
78,78,-0.0596476836571,2.88799450714
79,79,1.15545789406,-2.51992065824
80,80,-0.964386484895,-2.31974044924
81,81,-0.526486603343,-3.15999002997
82,82,0.571614728483,-3.67919670575
83,83,0.0910206042248,2.59292399049
84,84,-0.389162125792,-1.8216594273
85,85,3.16458560311,0.371672490738
86,86,2.38297834126,-0.648607361905
87,87,0.141872550473,-3.28908207265
88,88,-0.479697051145,-2.87457863124
89,89,-0.669377949089,-0.802657897867
90,90,0.209364973846,-0.411012713827
91,91,-0.135465901776,-1.97358331034
92,92,-1.12848500088,1.9332439855
93,93,-1.17468209828,-2.13829107245
94,94,0.428834839037,3.13141722481
95,95,2.06884863285,-0.216016514123
96,96,-1.34614029344,2.14965579759
97,97,-0.538117968128,1.79721903799
98,98,-0.316826596129,0.22260526147
99,99,-0.338025231725,1.84537954886
100,100,-0.185578782336,1.73195208241
101,101,-0.954934851537,0.360231933214
102,102,-0.263437546095,-1.76249083424
103,103,-0.882364952307,1.90346961651
104,104,-0.312263494068,-0.847626062656
105,105,-1.14026560181,-0.125823297075
106,106,0.988393336586,1.02482827668
107,107,0.241030484381,-1.303419344
108,108,-0.345720990492,0.569277700013
109,109,-0.523265303091,0.610775754009
110,110,1.27255995149,1.50622664231
111,111,0.0176453203636,-1.91122019781
112,112,-0.456369631771,-1.33387848997
113,113,-0.594433640428,-2.07519610975
114,114,0.398337351519,2.91114133308
115,115,0.242644842127,-1.27236157056
116,116,3.11942657234,-0.0871292422569
117,117,2.83417960621,-0.113571956023
118,118,0.458618355778,-2.18075822559
119,119,1.99030971381,-0.447621176644
120,120,2.47548699693,0.0303031367514
121,121,-0.648498420327,2.74078874645
122,122,1.09393091167,-1.34539330896
123,123,2.83638628616,0.20860357317
124,124,0.907116788708,1.87095366279
125,125,0.591982257703,-2.96256742148
126,126,0.204711423465,-2.88180822837
127,127,-0.82528599749,0.679784624369
128,128,0.174165292255,-2.09610214654
129,129,-0.233151448946,-1.16644324016
130,130,-0.92058182977,-1.63401318217
131,131,0.741606456223,0.68191895126
132,132,-0.542389985923,-1.92423294799
133,133,0.273337429206,1.39696796938
134,134,0.383179478874,-2.4537247717
135,135,1.36651821929,2.2286604635
136,136,-2.00097934224,1.36879745939
137,137,-0.41010078283,0.5545798026
138,138,-1.4286629406,0.820727557697
139,139,-0.110255017016,2.25033625466
140,140,-0.35823402266,0.0470121470641
141,141,-0.826949084276,0.476522114414
142,142,0.195781389947,-1.96802931733
143,143,-0.819354409601,1.74098341349
144,144,-1.62497473494,2.16346834827
145,145,-0.755095885623,1.29731062768
146,146,2.08450864162,0.854737354523
147,147,-0.148073882471,1.16296800502
148,148,2.88941413337,0.456380923612
149,149,2.80215211797,0.280605697946
150,150,0.259712176533,2.98138325521
151,151,0.847402023946,-0.646901566881
152,152,2.54776546793,-0.0983024046828
153,153,2.59921189231,0.0318324290518
154,154,2.80039630309,0.367494558382
155,155,0.24463679692,-2.97160948747
156,156,0.0625455478314,-2.15435323731
157,157,3.397992604,-0.305448084681
158,158,0.0639343512737,-2.0221947113
159,159,1.97393984234,0.721082157264
160,160,0.361404606354,-2.50987805237
161,161,0.322114509594,-1.7712250578
162,162,-0.379526639395,2.28297756781
163,163,0.324817277505,-0.394281416343
164,164,-1.28027687539,-1.20945444419
165,165,-0.26191263365,1.58367690721
166,166,0.0974707009818,-2.84181723947
167,167,-0.960603953456,1.57724786288
168,168,1.31614498094,1.62965883203
169,169,-0.131178403982,0.0192367313592
170,170,-0.88872823783,-0.580940531575
171,171,-1.54897522774,-1.32500443051
172,172,-0.888905655064,1.12539961132
173,173,-1.24892469516,-0.669204514779
174,174,-1.24650872548,-2.26866953318
175,175,0.227334210542,1.5080383999
176,176,0.198622020423,0.782044545769
177,177,0.257909489265,-2.37256255091
178,178,0.125198112284,1.17450186132
179,179,-0.388338493133,-1.15858548597
180,180,-1.46203417275,-1.98195767304
181,181,0.959729573178,-0.371818784875
182,182,-0.399568619778,-1.26174781867
183,183,0.0584752559935,1.09976212211
184,184,0.0630857621634,0.539296548626
185,185,-0.236676759917,0.221638899899
186,186,0.455813126031,-0.358274891122
187,187,0.210350670051,-0.502101463506
188,188,-0.0518765290743,-0.714371086729
189,189,-0.0216164815901,-0.261595795901
190,190,0.214787404452,0.240996853646
191,191,-1.55019248881,-2.25751180352
192,192,-0.58416516506,-2.64565417924
193,193,-0.0526909242164,2.9238183843
194,194,-0.258641974895,-0.817804263017
195,195,2.1835750248,-0.0670679606782
196,196,2.32418122173,0.224470196383
197,197,0.0912359709496,-2.85387617324
198,198,-0.711157934963,1.17818904814
199,199,0.291475700431,-2.4474240259
200,200,0.206484092663,1.72852663545
201,201,-0.184631993681,2.61269020125
202,202,0.899437597882,-2.02834991499
203,203,2.68974323212,0.0710647336812
204,204,-0.151787657155,2.34888451647
205,205,0.559317869595,-2.40937456389
206,206,0.276090980125,-1.215555577
207,207,0.280052003477,-1.76789837361
208,208,-0.386628091771,1.91825530644
209,209,0.0468452656812,-2.30009576307
210,210,0.616693181919,-0.698238827278
211,211,-0.545709734031,-2.49245298543
212,212,0.339134521111,1.69036001676
213,213,-0.914811411056,2.23451930314
214,214,-0.122197779998,3.21960985063
215,215,0.53790000412,-1.93656507241
216,216,2.1658024012,-0.749986963885
217,217,2.03514285733,-1.36793281776
218,218,2.70393527009,2.50131985123e-05
219,219,-0.18740972979,-2.56767272518
220,220,0.47303892183,-2.16215908932
221,221,1.90123334782,0.653630351836
222,222,-0.446379650608,2.48027244381
223,223,-0.228901470109,2.10350286717
224,224,-1.13815459306,1.71628803621
225,225,-0.514554812089,0.185621863399
226,226,-1.96664325078,-2.46665895422
227,227,-0.619760373168,1.83695987779
228,228,-1.5856443258,-2.14596204543
229,229,0.481231797158,2.13698841448
230,230,-1.54024384281,-1.43155263269
231,231,1.69225244149,0.819864648404
232,232,0.102025782764,1.70374009456
233,233,-0.631729293865,1.74516313689
234,234,-0.687018580054,1.77342771855
235,235,-0.982901370038,1.67340177308
236,236,-0.772638629727,1.47048966644
237,237,-1.26331122956,0.712275130395
238,238,-0.904198605425,1.55062080873
239,239,-0.724377644173,1.32017757794
240,240,-0.750894122863,1.41547801733
241,241,-1.31688316647,1.92776247012
242,242,0.556259040278,-2.44677899132
243,243,-1.58559127388,-2.27309277656
244,244,-0.442623383595,1.91423527938
245,245,-0.204760372725,0.95203775951
246,246,-1.06959418134,-0.712638188393
247,247,-0.331361680086,1.09688386711
248,248,-0.688136796639,0.341532031922
249,249,-0.475812230684,0.314403025051
250,250,-1.30339776634,0.889339877374
251,251,0.481205252813,1.31485636281
252,252,-1.59151440087,-1.2806726383
253,253,0.373582404539,-2.61302627736
254,254,0.314155210106,-2.0778244753
255,255,-0.661752090294,1.51711226466
256,256,-0.399571391377,0.685566738505
257,257,-1.16608224289,-1.51537395088
258,258,-0.26896152178,2.15287867759
259,259,-0.0474548856925,-1.84280362401
260,260,-0.350100643271,-2.63237122954
261,261,-0.403809530156,-3.31556043521
262,262,-0.197177336144,2.22021564714
263,263,-0.215944387513,-2.37215694035
264,264,0.203674113492,-2.54115019768
265,265,-0.378808002037,2.93234193132
266,266,-0.419631276002,-1.78815973638
267,267,2.92869461956,-0.216147558701
268,268,3.6519492397,0.360212784309
269,269,3.36229494555,0.0105363621772
270,270,0.541630416381,-3.34171280357
271,271,0.521000641251,-2.53239803361
272,272,-0.909976214221,0.192106121838
273,273,-0.359095698968,2.93397654251
274,274,1.36744410795,-2.241449132
275,275,0.0305675400443,2.45503513742
276,276,0.896317020034,-1.95559998975
277,277,0.358442060857,-2.36227642837
278,278,0.433072835273,-2.37910777052
279,279,1.32756325523,1.77418865428
280,280,0.631979503893,-2.47096617544
281,281,0.0363518955629,-1.86724521364
282,282,0.166521735323,3.17027132869
283,283,-0.57602022226,-3.0128815157
284,284,-0.559442288689,2.1246743242
285,285,0.323738408729,2.39606050668
286,286,0.0681895694345,2.81127235458
287,287,-1.56231551431,-3.14970059631
288,288,2.17871844602,-0.160614346631
289,289,3.16878130699,0.308767884267
290,290,0.368624115432,-2.90258427337
291,291,-0.467410475536,-2.64965815609
292,292,-1.63057144943,0.634153580768
293,293,1.25544493015,-2.27702406014
294,294,-0.402205714987,1.60754845125
295,295,-0.781914857525,1.25890234107
296,296,-1.70994946087,0.934702061708
297,297,-1.33105428342,-1.01627752977
298,298,-0.476110662045,1.62045272844
299,299,-0.559925297169,1.68914228499
300,300,-0.267542421988,-0.372177459069
301,301,0.446631875634,0.127400455765
302,302,-0.174228560388,0.499829528179
303,303,0.243545848727,0.180055582656
304,304,1.14217968505,-0.607660262788
305,305,1.14205115252,0.494463613011
306,306,-0.417463084914,0.534815545285
307,307,0.563048678243,-1.8315985519
308,308,0.884523153791,-0.202566158853
309,309,0.580975269686,-2.19163914105
310,310,0.976723666508,0.560378819246
311,311,-1.41822339617,1.34722795261
312,312,-1.58714641748,1.86872208216
313,313,-0.25925084033,-0.434598829712
314,314,0.273008537741,-3.03673897941
315,315,0.260712417894,-2.93304745564
316,316,2.54721141147,-0.280816157493
317,317,0.878373066658,-2.78237370411
318,318,-0.234488720309,0.244774782945
319,319,0.575381978253,-1.8914757325
320,320,0.259705800377,1.1069988559
321,321,-0.627417489283,-0.768686050865
322,322,0.846798272135,-2.26889069859
323,323,0.388610235982,0.293835849238
324,324,1.13536484903,1.36196046217
325,325,-0.680512834194,1.60079323729
326,326,-0.322570200953,1.89772284084
327,327,0.269889891696,-2.91253783789
328,328,-0.231089182289,1.00356803677
329,329,2.4564348525,-0.645539447987
330,330,-0.0426129002738,0.18814315377
331,331,-0.28399497743,2.05692462382
332,332,0.913292575817,-0.940340059812
333,333,-0.580324575742,2.63681190238
334,334,-0.798785074669,1.96925914263
335,335,0.132770979983,3.37279132582
336,336,1.03490167387,-1.74328004015
337,337,1.78617438601,1.42682141911
338,338,0.0423065007412,-2.42427653347
339,339,0.172347883282,0.560623219382
340,340,-0.139291778615,-0.46210552419
341,341,-0.462726378269,-0.981792315389
342,342,-0.783331226079,1.18095028791
343,343,-0.984034831434,0.88831990415
344,344,-1.03953441652,1.10463722241
345,345,1.73278231441,-0.413062826207
346,346,1.83635002103,-0.568365183154
347,347,-0.490952178926,2.61542025637
348,348,-0.688400367556,2.76363517022
349,349,0.0612303353279,-2.34185509064
350,350,0.553311887677,-1.74168591812
351,351,0.189741089731,2.69593752567
352,352,0.668862564702,-2.28310980683
353,353,0.0132877765252,-2.70131855215
354,354,-0.122605004997,-2.41541886819
355,355,2.02922394961,0.0594501345835
356,356,0.582561674797,-1.92885108741
357,357,0.912799322612,-2.90482164932
358,358,0.0449710751693,-2.54758940106
359,359,1.57267379023,-2.33020003661
360,360,0.717454141827,-1.31840471458
361,361,-0.308022204164,2.17496877666
362,362,-0.484840945914,1.88526061603
363,363,-0.106494346495,2.66969180671
364,364,-0.104411664303,2.81198844334
365,365,-0.329475535463,2.59772853788
366,366,0.275352295159,-2.51720847277
367,367,-0.2617219692,2.73303076409
368,368,-0.0796204578532,-2.60351143591
369,369,2.79389424102,1.54887971008
370,370,3.20405518522,-0.434424385415
371,371,2.4761671878,-0.17145926193
372,372,2.45751265458,0.644699873267
373,373,2.19677274771,0.479492584133
374,374,2.20202351662,0.054962079652
375,375,2.70217201848,0.214434233
376,376,2.52164477808,0.24890622836
377,377,2.43195432302,0.412118794722
378,378,-0.0540376087347,-2.78118133777
379,379,0.181928627786,-2.40048097615
380,380,0.461631223988,-3.00452312727
381,381,2.68218630757,0.216872480991
382,382,3.30096419925,0.507626827059
383,383,2.34463700356,1.1034401203
384,384,-0.0848918391145,-2.73802103457
385,385,0.322178535146,-2.48944593619
386,386,1.70870952783,0.531341534645
387,387,-0.579298952411,2.37244208853
388,388,-0.663509351202,2.13977464812
389,389,-0.544556700294,2.70833523281
390,390,-0.334593662042,2.92595849685
391,391,3.40139236886,-0.346283816924
392,392,0.0104910906062,2.56168654826
393,393,0.543241495824,-1.94650761641
394,394,0.00237645470786,-2.82730800903
395,395,0.199829485802,-2.83715323881
396,396,0.184449792276,-2.68425561027
397,397,0.045816641952,2.63148794835
398,398,-0.60813611198,-2.41977524859
399,399,0.392333362643,3.11375373102
400,400,0.545444545887,-3.04815842806
401,401,-0.271619847613,-2.22548244075
402,402,0.465919477862,-1.7724264186
403,403,0.773153280919,-1.93756903565
404,404,0.0789738437767,2.55842641959
405,405,1.02302528024,-2.26020102735
406,406,1.00369240436,-0.799050233257
407,407,2.70856944225,-0.0156748787498
408,408,3.14844843041,-0.0762248060292
409,409,2.61058719267,-0.155020199377
410,410,-0.250812409499,2.0919523495
411,411,2.65904507332,0.201364028437
412,412,0.328780255333,2.61353740367
413,413,2.90901959135,0.0808978172715
414,414,2.27717773806,0.16055958949
415,415,0.0455013884666,-2.41287225591
416,416,0.00428185513576,-2.38656389841
417,417,0.0782916219767,-3.17870907503
418,418,2.11977132935,-0.0986024926209
419,419,1.11068100242,-2.39623769614
420,420,-0.13805344653,-3.05437078645
421,421,2.37377919949,-0.00806197732952
422,422,-0.0697670812345,2.9749451175
423,423,1.83567830602,0.658531793649
424,424,-0.273616963998,-2.64450449209
425,425,-0.257299837062,-2.13350626654
426,426,2.23187188198,1.21800225643
427,427,-0.145709236176,-1.64731715817
428,428,0.0629551321721,-2.01219027284
429,429,1.46629869575,-2.49319866183
430,430,1.14267607603,-1.70468159212
431,431,1.02303633741,-2.11012087398
432,432,-0.107122199484,-2.23856379206
433,433,0.212962019365,-2.61430130343
434,434,-0.231033566789,-3.34898159672
435,435,-0.231602325548,-2.87271339228
436,436,0.897977585864,-2.26452264504
437,437,0.847103632217,-1.97948334784
438,438,-0.0497175770148,-3.37027081049
439,439,1.66444796926,-2.23951908437
440,440,-0.262426491603,-2.87065437843
441,441,1.1130071546,-2.02319099656
442,442,-0.196344231252,-2.74578125206
443,443,2.20835346532,0.478857536228
444,444,0.496617463678,-2.43512865851
445,445,-0.1096130751,-2.63562925095
446,446,0.864833607175,-2.2522103627
447,447,0.356668271412,-3.06869811112
448,448,1.04475670769,-2.28637266056
449,449,3.73333297014,0.0147853610835
450,450,3.07796172529,0.0864587270572
451,451,-0.593923645631,-3.39615044498
452,452,0.896533838076,-2.20699995627
453,453,-0.335804075298,-2.82628775191
454,454,0.88745085851,-1.9286207941
455,455,-0.178304970396,-2.75453761935
456,456,-0.171803188534,-2.71448172002
457,457,-0.287435200568,-2.74540323564
458,458,-0.358951354247,-2.56031266452
459,459,3.07617777175,-0.568862095651
460,460,0.131274061893,-2.80357972362
461,461,1.46731788721,-2.41741410972
462,462,3.07773786643,0.0563327490933
463,463,0.360717942617,-2.75652497889
464,464,-0.941747234609,-1.52587427933
465,465,0.887091344652,-1.93465432527
466,466,-0.0424288228303,-3.27495766007
467,467,1.21141753547,-2.5937010147
468,468,0.287666348604,-2.36955683499
469,469,0.431735568063,-2.45757684728
470,470,-0.0656482835347,-0.392588881743
471,471,0.766292553023,2.6273773645
472,472,-0.25120772039,-2.72991346064
473,473,1.28347736174,-2.3099751511
474,474,-0.490835813698,1.48746484213
475,475,1.87754440735,1.95910192264
476,476,2.07617414431,2.3601101979
477,477,2.5419328448,0.437173425438
478,478,3.83729064215,-0.146240412634
479,479,-0.130744215875,-2.44648041754
480,480,1.17997698482,-1.57391997203
481,481,-0.314880249569,2.35428522066
482,482,0.272721457958,-1.8959422426
483,483,-0.845859444192,1.05956888047
484,484,0.255669520855,0.0374075728781
485,485,1.82133120479,0.638091148959
486,486,2.47405051412,-0.205676198603
487,487,2.74468977857,0.193897328489
488,488,2.56353507526,-0.165605505699
489,489,-0.110110339577,-3.27871654836
490,490,0.718960546525,-2.79017801888
491,491,-0.78446770417,2.19582823578
492,492,0.0179438358476,3.58487332495
493,493,1.21230668828,-2.05013343031
494,494,-0.108205879648,2.61603881866
495,495,1.40437528682,-1.40261516172
496,496,2.62463327109,-1.12766927841
497,497,-0.097556760421,-2.62909269706
498,498,2.46582248901,0.148290155652
499,499,2.44456594964,-0.346331732459
500,500,-0.17236556685,-3.66091689808
501,501,-0.161190912908,-3.63225767815
502,502,0.231809610977,2.30130498733
503,503,-0.543567104879,2.86652064343
504,504,-0.194038734225,3.19980121727
505,505,0.412532753563,3.16098494746
506,506,-0.0448439438544,-1.89201515834
507,507,2.77973229366,0.982871253292
508,508,0.0833826780031,2.8947977628
509,509,-0.262972632555,-3.18547753824
510,510,2.55359646979,2.0322669085
511,511,0.231131253944,-3.7259322481
512,512,0.111839236894,-2.42265094323
513,513,0.237770035759,-3.45151489613
514,514,-0.393619337237,2.18233193529
515,515,0.992036395752,-1.81339270281
516,516,2.19986474055,-0.198688824888
517,517,3.24774599153,-0.445231064486
518,518,-0.300143585323,-3.03313958367
519,519,0.30654219981,-2.51766333115
520,520,-0.194665441934,-2.95656503927
521,521,-0.219315906119,-2.85193925901
522,522,0.479647245809,-2.7346804902
523,523,0.174453990449,2.66159150972
524,524,-0.196375685801,3.16050321021
525,525,-0.191149919253,2.0667117281
526,526,0.516340541449,2.32112875224
527,527,-0.0777993458925,2.51018283958
528,528,-0.664266800245,2.76710452019
529,529,-0.256506555059,-2.61657515197
530,530,-0.215473021084,-1.67840211436
531,531,0.638009011387,-2.37977022474
532,532,-0.128024578437,2.66577747355
533,533,-1.28565789904,1.48977226946
534,534,-0.444616117811,2.26741064208
535,535,0.508969671081,-1.94513188989
536,536,-0.183371315462,1.99232954704
537,537,-0.465484023468,2.71803937186
538,538,-0.330625680572,1.99758459202
539,539,-0.851661856244,2.08157655348
540,540,-0.923438563274,2.48937543374
541,541,-0.553733479101,3.10463918622
542,542,-0.8812209498,2.83690479883
543,543,0.961544330817,-2.11112739491
544,544,2.24940120695,0.61251446088
545,545,2.63021779169,0.384354896203
546,546,2.84602722682,0.431496953161
547,547,2.9529468636,-0.132790977466
548,548,2.34666717338,0.409261492129
549,549,0.0979044766811,-2.71625983948
550,550,1.08028785114,-2.4848073586
551,551,0.688775610924,-1.06194943998
552,552,-0.728048010164,2.00554171028
553,553,-0.588102414175,2.04169569179
554,554,1.24074324015,-1.89689345862
555,555,1.47047434674,-0.926107620779
556,556,0.163673331629,1.1800868638
557,557,-0.624445842769,0.222513886686
558,558,-0.71270780423,1.02292154124
559,559,0.430223771803,0.665470686586
560,560,-0.607681532082,1.35698437822
561,561,0.68674504205,-0.282052029228
562,562,2.1433008822,0.605778761505
563,563,2.43241628746,0.331103294043
564,564,2.87732325866,-0.581110589107
565,565,1.64922522896,-1.5306502923
566,566,3.27500402241,0.345448494842
567,567,2.70803604989,-0.319039828197
568,568,2.94310210227,0.276740489845
569,569,2.61879600765,-0.144160525448
570,570,-0.223867139019,-2.54041288804
571,571,-0.307261012558,-3.4299899328
572,572,0.295190476132,-3.21942331067
573,573,0.887591403121,0.0977392449308
574,574,1.00388855811,-0.393954892921
575,575,0.0861455949607,-2.03361663344
576,576,0.410960797806,2.72184406304
577,577,0.389153500575,-2.01904121016
578,578,2.94414419939,2.18481301864
579,579,-0.0856987093384,-2.86475037541
580,580,0.254474645203,-3.36662577041
581,581,-0.134056373865,2.74329888809
582,582,-0.112811709335,2.43857676201
583,583,-0.0361549268533,-1.98220678966
584,584,3.18812861608,0.382181529597
585,585,2.38914502325,0.184901781935
586,586,-0.0149597927302,-3.59949153354
587,587,2.83648921342,-0.122370736932
588,588,0.0685189503058,-2.57750854162
589,589,0.804006379581,-1.10494677765
590,590,-1.95454359996,2.68329711062
591,591,-1.64771612913,1.42252420034
592,592,-2.02531946351,1.61662802514
593,593,-2.9638163646,-2.64700911426
594,594,-1.20206036234,2.08399653155
595,595,-0.567411319952,-2.41575845981
596,596,0.982365451662,-0.478724236336
597,597,2.28181625649,-0.247336301142
598,598,1.76685352579,1.85508607485
599,599,0.378136590243,-2.32264400844
600,600,-0.230550013549,2.91189653412
601,601,-0.0629289319676,2.62978404695
602,602,2.14011622816,-0.532334874558
603,603,0.0173730701922,-3.01865179304
604,604,-0.0186570682093,-3.28413879695
605,605,0.994688410179,0.442815136408
606,606,0.57809490967,2.84477061894
607,607,0.868028536197,-1.80751185734
608,608,-0.651786305548,1.16712109451
609,609,1.48831872432,-1.79226728747
610,610,-1.51635579244,2.38013273036
611,611,1.75765985192,-1.61150197807
612,612,1.66142620158,0.520423013667
613,613,1.02863809616,0.60646043745
614,614,0.536116433408,1.39260258237
615,615,0.638296452708,0.516108571475
616,616,0.62972755443,0.687951807273
617,617,0.805823551248,0.437409250674
618,618,0.832771090446,0.674635036745
619,619,1.09502116508,-2.31059970602
620,620,0.79556079478,1.577632922
621,621,1.89853376805,0.196830481287
622,622,1.13290404279,-1.99683187806
623,623,1.50126852006,0.899109664673
624,624,0.822235903979,1.73267663211
625,625,0.155224292914,-0.849186041043
626,626,-0.261792727141,-0.637219366639
627,627,0.871996531612,1.49018237649
628,628,1.46679547248,0.879798267055
629,629,2.01863969523,0.485575466514
630,630,-0.884763333565,-1.61416788394
631,631,-0.954356679665,-2.3210204205
632,632,-1.24665579171,1.25761174402
633,633,-0.849714340099,-1.16793256994
634,634,2.75923053608,-0.0467523018919
635,635,0.0134399131008,-0.086315553904
636,636,-1.26315913066,0.744534022294
637,637,-0.0910075645505,0.525676052886
638,638,2.57957391567,0.626807196576
639,639,0.0463593695082,0.297821594681
640,640,-1.09762751126,-1.71854770498
641,641,0.923829569139,0.535322943082
642,642,1.01048604368,0.782044017575
643,643,-0.462565418005,-0.978367814503
644,644,-0.879168917113,2.10247200095
645,645,-0.0717131769122,1.13500579242
646,646,0.802204511214,0.797657474823
647,647,2.30220656525,1.20140761883
648,648,2.30847386033,1.38008551646
649,649,0.571737416618,1.97349857901
650,650,1.99902598014,0.724784965625
651,651,-0.382998872137,-1.39894618238
652,652,-0.758622257637,-1.6296973917
653,653,2.47005198139,0.364953237581
654,654,1.58036335412,2.25038423759
655,655,0.777184978969,0.802941910323
656,656,-0.757342476873,-1.94336677573
657,657,1.23899295359,0.652012011771
658,658,0.192681945355,1.33355619358
659,659,2.69796769031,0.474682934754
660,660,1.7552165682,2.05092935969
661,661,2.47895673462,2.60517971295
662,662,2.48793264583,2.32048125721
663,663,1.56773460103,1.69092730738
664,664,1.90098238683,1.84204866413
665,665,1.63248645735,1.86843130897
666,666,1.8495475555,1.8898809912
667,667,0.0770945241646,-3.04811222935
668,668,-0.511318946783,1.77298387264
669,669,1.49537583984,1.28599474243
670,670,-0.366913808542,-1.62394333296
671,671,1.07865838801,0.939378596223
672,672,2.26418091427,-0.369634539481
673,673,-0.967982092219,1.82504401114
674,674,-1.8308311563,1.69108490212
675,675,1.11271722133,-0.723705637811
676,676,-0.0210870675605,1.68389279332
677,677,1.79952191639,1.38651269686
678,678,2.90522667388,1.73330354358
679,679,-0.0466831928757,2.53813890959
680,680,1.85701004115,0.741265705263
681,681,2.0270270317,0.262342791011
682,682,2.09526209244,-0.0865271515403
683,683,1.48549806784,1.05505078561
684,684,1.52203759425,1.65426101317
685,685,-0.0288551426185,2.60224004306
686,686,0.467390695995,3.13565226979
687,687,0.172737618716,2.09658939519
688,688,0.0931684913249,2.17038030557
689,689,0.111838803413,2.38588365737
690,690,-0.594181037282,2.37176015321
691,691,2.92000628349,1.91929434297
692,692,2.30322348462,1.39599691375
693,693,-0.535700963674,-2.81657995972
694,694,1.91076928553,2.18672054526
695,695,0.037418748187,-1.77668764341
696,696,1.37943821403,1.96299534766
697,697,1.57130670762,1.74499060239
698,698,2.3209655375,0.239362471333
699,699,2.515678633,0.358565810701
700,700,-0.273479450541,-1.61867303753
701,701,-0.342403376692,1.13213216915
702,702,-0.561200506457,2.20346890276
703,703,0.178969824581,1.4825533221
704,704,-0.390395702328,-1.22673536706
705,705,-0.0603442026354,1.98806482395
706,706,1.33140452812,1.64057725366
707,707,-0.604977524927,-1.90485299985
708,708,1.08336099817,2.17877664136
709,709,0.777474586045,1.08846630224
710,710,0.0708757639593,-2.2714371041
711,711,1.25359100028,0.405549452795
712,712,0.262939354835,-0.49740777993
713,713,-1.2869590221,-1.61271511064
714,714,0.254793143199,-2.17280919618
715,715,-0.831811573751,1.75295338187
716,716,0.389482166092,3.07295270764
717,717,-0.155575992618,-2.17242489406
718,718,0.801710284795,1.34559214035
719,719,0.199090326075,-1.60725566065
720,720,1.24079589488,1.65100813431
721,721,-0.322939774415,-1.26620030839
722,722,-0.904385942092,-1.1735419266
723,723,0.956893617786,0.969702630154
724,724,0.899015559161,1.58900077395
725,725,0.916935097012,0.789574751793
726,726,-0.382453431465,-2.39304120083
727,727,-0.422976685515,-1.27976463713
728,728,1.48549235727,-0.813727342424
729,729,1.80010203059,0.401679106197
730,730,-0.498572745049,-2.70017762569
731,731,0.401742960273,-2.88652283129
732,732,-0.0508094180337,-2.2637806734
733,733,2.52071864953,0.423211074712
734,734,-0.0708470306392,-2.76591362492
735,735,0.315128715693,2.47688282405
736,736,-0.0836439510019,-1.18841337361
737,737,-0.755157520814,1.93530162105
738,738,1.56207783251,-1.52430019198
739,739,-1.7377762684,2.66418246563
740,740,0.793476699723,-1.89050190609
741,741,0.197615120249,2.18484177112
742,742,-0.95611071698,0.809368148862
743,743,0.941347525176,-1.21891834213
744,744,0.556081466829,0.259346739999
745,745,-1.10575549953,-1.86854871502
746,746,0.803594370294,-1.98024734693
747,747,0.908082463722,-0.538772655838
748,748,2.44762235676,-1.44665382551
749,749,-0.06197771821,-1.74734161622
750,750,-0.821281262721,-2.67808615713
751,751,-1.70660088174,-1.21830801184
752,752,0.0339025316058,1.7011316631
753,753,2.56831000184,0.417053845009
754,754,-0.508302202286,-2.32904344592
755,755,-0.171662641413,-1.67114808062
756,756,-0.703368991328,-1.65458151148
757,757,0.153644794506,-2.42621790684
758,758,-1.20831370194,-2.28342832096
759,759,0.0499071304546,-1.98775768627
760,760,-0.87804062625,-2.48988168671
761,761,-0.636995509901,-1.10817086442
762,762,0.383947626969,-2.28764990355
763,763,0.24734018626,2.14211846205
764,764,2.02069165598,0.437368091018
765,765,0.312275641189,-2.01173370212
766,766,-0.963334341732,-1.09097377204
767,767,-0.122981281195,-3.16507828214
768,768,0.530367041124,-1.70091337796
769,769,-1.72539209327,-1.43474072281
770,770,-0.922192568114,-1.69025587014
771,771,0.915304481686,-2.42471808264
772,772,-0.928124445408,-2.6123022258
773,773,1.92905183579,-1.86271077685
774,774,1.7215459318,1.176151533
775,775,1.09332537496,-2.30411941557
776,776,1.56460847211,-2.14839392661
777,777,0.0458117379201,1.64220420079
778,778,0.624008449911,1.05446708785
779,779,0.0453440513843,1.46815268676
780,780,0.153283954477,-1.28743066874
781,781,0.929792720899,2.21065860262
782,782,-0.0221394342117,-2.69420411788
783,783,-0.0371307791057,-2.97608105948
784,784,0.467731894995,-2.36664732683
785,785,-0.639799959921,2.54185265609
786,786,-0.230746825721,2.40529492791
787,787,-0.406666868005,2.76765602944
788,788,-0.22740973781,2.80772087523
789,789,0.0843947373534,-2.18314888441
790,790,-0.0908855178311,-2.83352881457
791,791,-0.765970784385,2.64332953345
792,792,-0.187791084134,-2.43134632789
793,793,1.53278302748,-1.70253224931
794,794,-0.291907686066,2.23844994578
795,795,-0.238346910854,2.36844827477
796,796,-0.125015014017,2.39590198332
797,797,0.920709045608,-2.60512504977
798,798,2.04716796375,0.536430545218
799,799,2.6390446799,-0.133507867912
800,800,2.51535882861,-0.189432245407
801,801,1.96008168477,0.191348932482
802,802,-0.199791826479,-2.89538437263
803,803,0.333463081064,-2.68958502966
804,804,2.55934364211,0.213022936919
805,805,-0.21785130806,2.92757519759
806,806,0.0801623587757,2.50511845674
807,807,-0.469076052085,3.0317400766
808,808,0.32460345208,2.67897003459
809,809,0.340499736552,-2.23460149167
810,810,0.0454517884707,-3.43226525335
811,811,0.113842231897,-3.35510581348
812,812,0.0807470107828,2.62477277426
813,813,0.438926461566,3.24227723105
814,814,0.769895768007,-2.25447152546
815,815,2.37137979816,0.577586414837
816,816,-0.703965570705,2.45492538743
817,817,-0.0627019017644,2.90140244793
818,818,1.23776075795,-3.14162342903
819,819,-0.13168737372,-2.89768176428
820,820,0.534787863071,3.12863014639
821,821,0.43451571692,-2.04051218153
822,822,2.92452317269,-0.14793563693
823,823,3.0123148351,0.0463242200193
824,824,-0.365306550305,2.80523530859
825,825,0.150600050484,2.24378029867
826,826,2.9001901939,-0.16809256704
827,827,0.570706087592,3.37629647942
828,828,0.105041582682,-2.03159055722
829,829,-0.0314133322446,-2.37383300297
830,830,0.0542213371535,-2.4140936572
831,831,2.94237082915,-0.222063036731
832,832,0.646538687809,2.45165364603
833,833,0.10309177222,2.90889608364
834,834,-0.366180413714,-1.88099523307
835,835,1.76605584052,0.351103290721
836,836,1.86637339455,0.505791333084
837,837,2.30235029727,-0.308068579666
838,838,2.01781678262,0.108917358442
839,839,0.400231056394,-2.74584894888
840,840,0.585971029159,-2.70610716362
841,841,-0.484459825933,3.09530995437
842,842,1.54886534446,-2.97338018605
843,843,0.191862108999,-2.6519552771
844,844,0.0148478947778,-2.54161032024
845,845,0.130024668794,1.96672600938
846,846,0.411057100973,2.41838394512
847,847,0.00456042069109,2.27198165526
848,848,-0.215700242258,2.5147387617
849,849,0.262987765494,2.69545036452
850,850,0.337106985714,-2.59071626371
851,851,-0.162725901129,3.17249595989
852,852,0.833542095137,-1.98396943081
853,853,0.0990715766945,2.96212329994
854,854,0.413647827535,-2.64387506268
855,855,-0.0437679359864,-2.52996394355
856,856,3.1080180558,-0.0942245263328
857,857,0.0410149995158,-3.37584256545
858,858,-2.31008953138,0.14183485078
859,859,-1.77464446065,1.76635566488
860,860,-2.12468919123,1.61056789957
861,861,0.382380072535,-0.785747816217
862,862,-2.33324484802,-2.46834382007
863,863,-1.39242023364,2.29274071258
864,864,-0.455640061865,-2.19452168955
865,865,2.07008444907,0.484600510456
866,866,3.11020227291,-0.161796397304
867,867,2.86495591027,0.4460981194
868,868,0.231046619247,-2.98820990863
869,869,1.08384795088,-2.1564227072
870,870,0.540990619997,-0.917619240039
871,871,2.11571119896,0.371295818965
872,872,-0.0459562732673,-2.94335040668
873,873,-0.83412379773,1.6940074662
874,874,-0.0627832839481,1.25487108916
875,875,2.69019267672,0.539237249838
876,876,-0.0861198681803,-0.435147367541
877,877,0.0816617174091,-1.01801118789
878,878,-0.618962710676,-2.68837752589
879,879,-0.265385920158,-0.966129325498
880,880,-0.545320746134,1.39052448877
881,881,0.0351869679153,3.00389721873
882,882,1.82230803846,0.064310777502
883,883,2.62657031016,0.489291534708
884,884,2.79991378014,-0.0100572551339
885,885,-0.415473309677,-3.390124944
886,886,-0.0977903271227,-2.66532863897
887,887,0.0437791820172,-3.48363221684
888,888,3.61644697573,0.12612563743
889,889,0.0954564531658,-2.33545827342
890,890,0.273667252043,-2.58129754771
891,891,2.15334425407,0.854603993893
892,892,0.0252630400407,2.32299813329
893,893,0.68293526042,-2.76233874695
894,894,1.42759721765,-2.63176677183
895,895,0.302346769638,-2.16928445097
896,896,-0.436126834405,-3.1166439368
897,897,0.127297127444,-2.92204888538
898,898,1.30829657553,1.39359007987
899,899,0.716302597086,-3.30310981169
900,900,1.36030692356,0.678671717191
901,901,0.349281277152,2.84351146223
902,902,1.01207714583,-1.23773766534
903,903,-0.128014193382,1.69486328636
904,904,-0.196656983188,1.50755984963
905,905,1.80192671519,0.69612730859
906,906,1.97541414124,0.694026204999
907,907,2.20966204992,1.25623857795
908,908,1.41117048819,-0.38078782162
909,909,2.55125351219,0.790030333848
910,910,3.0646969059,-0.183271803852
911,911,0.0801640439623,2.35875451105
912,912,1.82222518055,0.0474400399322
913,913,3.12256236883,0.23224459749
914,914,2.038665032,-0.585929280601
915,915,-0.120747929791,1.45654295715
916,916,-0.036777628051,2.19746829046
917,917,-0.0133221071609,-1.84598538776
918,918,0.174822255025,-1.9957514314
919,919,2.02761046691,-0.88116084414
920,920,1.50535175832,-2.13147573902
921,921,0.476078227321,-0.183622409223
922,922,0.294669081081,-2.40241015951
923,923,0.556336232199,-2.07435642787
924,924,-0.574328995924,1.95849582883
925,925,-0.064944660108,1.47726408334
926,926,-0.863811032796,-1.68479610085
927,927,0.308843092967,-2.42902628728
928,928,-0.118838987162,1.20639615731
929,929,0.593108519421,1.45893954874
930,930,-0.188073783776,3.02183173101
931,931,2.76537781161,0.0833540006215
932,932,0.941735786798,-0.731889211953
933,933,2.83459837555,0.0648649961714
934,934,3.05297338282,-0.145117373018
935,935,-1.99400101629,-1.99189459449
936,936,0.580348897871,0.359341850006
937,937,1.15332509396,-0.599297785502
938,938,-0.165244202244,-1.90659933472
939,939,-1.33375909906,1.61943108659
940,940,-0.25990323088,1.39582392412
941,941,1.26197323852,1.62416229734
942,942,2.12914628481,0.968098907376
943,943,-1.06480409871,0.237633772865
944,944,-0.0972801383683,0.773532100421
945,945,-0.21191569283,-1.58563086626
946,946,-2.08100536612,-2.07401558654
947,947,-0.204334879192,1.56888980841
948,948,-0.793083335229,-1.09864799354
949,949,-0.555166543996,-1.79418652114
950,950,0.503577973887,0.920241495374
951,951,0.102806942408,1.03688990202
952,952,-0.260019236609,-2.14131990789
953,953,-0.106224978858,-2.69371177757
954,954,0.413793837503,0.765530354531
955,955,-0.21916354999,-0.892632889357
956,956,0.361873677653,2.39374634115
957,957,0.101433417386,1.0178756488
958,958,0.668840709444,-2.22389849644
959,959,-0.104914633185,-2.0136010984
960,960,-0.266722613119,-2.39517993067
961,961,0.425248107944,-2.50727593119
962,962,0.279902413992,3.01500326527
963,963,0.789891719463,-0.63266332169
964,964,0.243723432027,-2.63667744171
965,965,0.0200258337393,3.12152984056
966,966,1.06277643568,-0.103404533648
967,967,2.74935651026,0.523677908759
968,968,-1.00526835192,-1.63885794836
969,969,-2.13379626148,-2.25665395509
970,970,-1.24128400247,-1.92879834094
971,971,0.095090853701,1.33433362911
972,972,-0.927816819793,-0.646476152213
973,973,-1.92154578305,-2.2153338597
974,974,-1.38751556465,-1.76152939793
975,975,-1.50033015705,-1.5317628175
976,976,-0.849938381381,-1.76069761757
977,977,-0.567408895768,-2.03540252445
978,978,-1.40888475482,-2.18579033609
979,979,-0.664249212003,-2.17611428241
980,980,0.338727633438,-0.92597686677
981,981,3.12752508357,-0.0564994480043
982,982,0.180698196281,-2.48303080311
983,983,-1.52731060468,-1.96824990863
984,984,0.158824968595,2.82621343702
985,985,-0.344515748936,-1.48055958745
986,986,-0.744991599822,-1.72052000474
987,987,-0.913923555351,-1.69266161467
988,988,0.0223910021544,1.28529334156
989,989,-1.15917137038,-1.80034817718
990,990,-2.30639650922,-2.88855045842
991,991,-0.182871778827,2.90805329084
992,992,0.0936260084428,-1.60654841747
993,993,-0.25112048082,-2.48990770499
994,994,0.479246535874,-2.61763855322
995,995,2.030249872,0.531556524371
996,996,0.629316852844,-2.6479453394
997,997,-0.74478045255,-1.48856355004
998,998,-1.62724155375,-1.71864266337
999,999,0.15718120543,0.315964351079
1000,1000,-0.750938835706,0.983216496706
1001,1001,-0.607334919348,0.773091959935
1002,1002,-1.00126855926,-1.1105527705
1003,1003,-1.52146715012,-0.999376553025
1004,1004,-0.0895779125276,2.12024960919
1005,1005,-0.299414997583,2.70265752798
1006,1006,1.41312076585,-1.63772870677
1007,1007,0.175431959426,-0.332311833348
1008,1008,-0.491450583642,2.05652378303
1009,1009,1.27253028429,-1.93215307977
1010,1010,2.40652261007,0.0596188599408
1011,1011,2.77871736556,0.270065146057
1012,1012,2.55631263268,0.0556936682099
1013,1013,0.736867882557,-1.87236948357
1014,1014,0.169468169508,2.14556648837
1015,1015,0.360603224428,-3.1657840152
1016,1016,-0.711005550298,-0.717997454225
1017,1017,-0.59363612161,1.79721725895
1018,1018,2.39466322753,0.288322757718
1019,1019,-0.139836699337,1.66757544515
1020,1020,0.446557516722,-1.80284280048
1021,1021,0.549176655567,0.066770933125
1022,1022,0.289554865641,-1.84871116773
1023,1023,-0.948149502116,1.95462816197
1024,1024,-0.271896585088,1.00107636312
1025,1025,-0.253731232576,1.02737723916
1026,1026,0.588824115407,0.276407837773
1027,1027,-0.208531875966,-0.102196149587
1028,1028,-1.09646407409,0.313374706057
1029,1029,2.56112689493,0.0505401649035
1030,1030,-0.441144410718,0.858985354782
1031,1031,1.23227390769,2.46721303717
1032,1032,-0.578873103219,0.934146741965
1033,1033,-0.911295383197,-0.466957541685
1034,1034,-0.592699756194,-1.57141570593
1035,1035,0.763681180229,-0.978691079913
1036,1036,-0.294439253825,-0.730354808957
1037,1037,0.0819596430422,3.03574056617
1038,1038,1.66134767818,-1.0610134407
1039,1039,2.51509000693,-0.872939417638
1040,1040,-0.230854025126,-3.20424315389
1041,1041,2.3328135882,0.376557787671
1042,1042,0.19759999441,-3.51381714519
1043,1043,-0.203670256952,-2.87964422193
1044,1044,-1.01676284215,1.69873529784
1045,1045,-0.970531668757,2.31563894994
1046,1046,-1.09013019648,2.2673677812
1047,1047,-0.429826862354,1.6261744166
1048,1048,0.781572023414,-1.61122169995
1049,1049,-0.0964575426784,2.94231992481
1050,1050,2.15023043534,-2.64328372971
1051,1051,0.4050280439,-2.13398866653
1052,1052,-0.637510917248,2.64154336594
1053,1053,-1.11187416484,2.62958450718
1054,1054,-0.707742300773,2.27891570689
1055,1055,-0.158022428983,2.60032926732
1056,1056,0.924973721412,-2.74125192983
1057,1057,0.548989619622,-2.17234832942
1058,1058,0.548276007079,-2.71764454553
1059,1059,0.252037484788,1.85521972958
1060,1060,-0.0508500963059,2.4259951736
1061,1061,1.3313524939,-1.82749317163
1062,1062,-0.0979781591412,-2.58531250619
1063,1063,0.833981761954,-1.91087001397
1064,1064,0.0826560690627,2.49095703695
1065,1065,-0.0984221848589,2.47696573915
1066,1066,0.284891505784,2.1788393002
1067,1067,-0.33708327747,2.44831546391
1068,1068,0.463465655152,-1.67947485999
1069,1069,0.0229993138394,2.51322104201
1070,1070,-0.493224333867,2.29313390443
1071,1071,0.282109909763,-2.19531460869
1072,1072,2.85430514448,1.39915313386
1073,1073,0.205249282959,-2.74439573807
1074,1074,3.76167904783,1.32351821913
1075,1075,-0.762310234464,-0.870627505467
1076,1076,0.445483417288,0.565007854892
1077,1077,-1.23729240271,-1.01306466554
1078,1078,-1.16462475547,-0.995600733134
1079,1079,-0.757120008376,1.91024142811
1080,1080,-2.28299798314,-1.9674234703
1081,1081,-2.28257289119,-1.97496631945
1082,1082,1.96009997559,0.263559652904
1083,1083,-1.89564526692,-1.97271994656
1084,1084,-0.160999196894,1.80634998132
1085,1085,0.45294924354,1.31164031326
1086,1086,-0.214294951639,0.396992906682
1087,1087,-1.43089584642,0.886224547433
1088,1088,0.273407971222,1.50196354368
1089,1089,-0.358431490005,1.25195147582
1090,1090,-0.418195271506,-0.904458314586
1091,1091,-1.18344124218,1.07861376899
1092,1092,0.474562769294,1.45599232316
1093,1093,-1.21731461677,-2.10090334096
1094,1094,0.403983496225,-2.5959347335
1095,1095,-0.54785582526,2.33262184182
1096,1096,-0.124896842897,-2.77321151807
1097,1097,-0.248402040089,-2.56135273204
1098,1098,0.239264641927,-2.39539136541
1099,1099,-0.128489420511,-2.25191941505
1100,1100,0.492437872605,-1.73195021468
1101,1101,-1.98402927682,-2.17990870751
1102,1102,-0.464931145588,-2.0036204575
1103,1103,-0.0628300466062,-2.95080382485
1104,1104,-1.29464479027,-1.67516735889
1105,1105,0.0541222771545,-2.36960961288
1106,1106,2.83160991902,0.209960712476
1107,1107,-0.341528961087,2.39759793272
1108,1108,-2.04437417563,-2.17503200393
1109,1109,-0.214612350792,2.40654143961
1110,1110,0.406850700682,-1.09006750653
1111,1111,-0.200657766578,2.50435927342
1112,1112,0.702209211097,-1.68599536936
1113,1113,3.40304611069,-0.305229167115
1114,1114,1.74577846764,0.755462989029
1115,1115,0.195819699835,-2.56365267082
1116,1116,0.368025548687,-2.18931007362
1117,1117,-0.603400193434,1.06509137398
1118,1118,1.33962219749,-2.01961286024
1119,1119,1.53064274181,-1.08331739599
1120,1120,-0.671561250293,1.3975120292
1121,1121,-0.699649225043,2.20786551953
1122,1122,-0.0482512884274,2.80592798474
1123,1123,1.142293771,0.385616153648
1124,1124,-0.674345472485,-1.5887637159
1125,1125,1.8239573312,-1.888513501
1126,1126,-0.264145635489,2.9961620859
1127,1127,0.382253441982,1.21024754751
1128,1128,1.72383888074,-1.13525619892
1129,1129,-0.835031316609,2.32895911407
1130,1130,1.06948063532,-1.77220783382
1131,1131,-1.4017780485,-2.11936249656
1132,1132,0.457531686896,-1.94742177901
1133,1133,-0.188019465037,-2.45456863495
1134,1134,0.300118172368,-3.4541414204
1135,1135,0.836773860534,-2.22131582218
1136,1136,-0.0863630507795,2.53006953866
1137,1137,-0.0117358449455,-2.17031966481
1138,1138,0.494749164333,-2.4787950259
1139,1139,0.422501844542,-2.60274640325
1140,1140,-0.111175610928,2.31524256609
1141,1141,0.479261217084,2.03041402786
1142,1142,-0.405298338228,2.50653266037
1143,1143,1.33070929026,-1.56310982275
1144,1144,2.38175576048,1.63155023895
1145,1145,2.95989210709,0.215781539355
1146,1146,1.35699930224,1.66784090144
1147,1147,0.649459628002,2.39488256085
1148,1148,0.236044037213,-2.77423841371
1149,1149,0.28254712434,-2.37314101583
1150,1150,3.14544701304,0.202112693428
1151,1151,-0.127463853644,2.62426463353
1152,1152,0.626133809715,3.0792577986
1153,1153,2.96445783936,0.452606999412
1154,1154,-0.37203768849,-2.86832368165
1155,1155,-0.185628563557,-2.83611858791
1156,1156,1.98036337418,0.591764055039
1157,1157,-0.155024730506,2.38898989344
1158,1158,2.26749148316,0.387745595439
1159,1159,2.62290632035,-0.0311208183706
1160,1160,0.472424624365,2.46068515079
1161,1161,0.255905451603,-0.943751955033
1162,1162,0.0753793959973,2.3251181843
1163,1163,0.208843524816,2.24759519884
1164,1164,0.629865532839,-1.7479152373
1165,1165,1.48640665371,0.428737471566
1166,1166,0.854910038581,1.95805745623
1167,1167,2.69742547968,0.178144753718
1168,1168,1.15816605104,-1.85634079577
1169,1169,3.2495382451,0.0926165385387
1170,1170,2.28820267129,0.39630243963
1171,1171,-0.301772350665,-3.05906990696
1172,1172,0.487521503651,-2.94512963208
1173,1173,-0.316699750237,3.32127063818
1174,1174,-0.400187895335,3.23074721347
1175,1175,0.527108264175,2.08705653791
1176,1176,0.177601231178,3.05707729728
1177,1177,0.24949942796,-1.69245254773
1178,1178,1.57727414753,0.463852320126
1179,1179,-0.887600056575,-3.03925114195
1180,1180,-0.288838107845,-2.57953040714
1181,1181,2.44701555666,0.415872940473
1182,1182,-0.846719318069,-2.47911517175
1183,1183,-0.669194457899,2.80542145625
1184,1184,-0.303744859869,2.45301079202
1185,1185,1.05712682616,-1.9303465189
1186,1186,0.0471177360752,-2.32065614316
1187,1187,-0.507535590818,-2.47168868794
1188,1188,0.89575427014,-1.58144345612
1189,1189,-0.0534561700119,-2.75644256339
1190,1190,-0.778129645137,-2.6672129177
1191,1191,-0.140702490761,-2.83146549183
1192,1192,-0.370899246943,-2.40388338277
1193,1193,-0.485376484527,-2.29262567739
1194,1194,-0.149335355246,-2.02482836639
1195,1195,-0.72369826062,2.6124684365
1196,1196,2.03646797927,-0.266822734692
1197,1197,3.18816447702,0.445882487414
1198,1198,3.08067662203,0.526808983839
1199,1199,2.81824641966,0.298064297165
1200,1200,0.898442614688,-3.15325089772
1201,1201,1.03566061623,-2.47837783132
1202,1202,-0.650474187518,1.82456931923
1203,1203,-0.792745176101,2.66266970031
1204,1204,-0.368177731422,2.31990783995
1205,1205,1.73114655938,-2.38043414276
1206,1206,-0.182549301939,2.54146162259
1207,1207,0.0693911687035,-2.4318253234
1208,1208,0.565343242392,-2.47574351106
1209,1209,2.8195073782,0.0937101349459
1210,1210,3.53954911846,0.355339140973
1211,1211,0.213573789184,2.30564684651
1212,1212,1.29326834987,-2.21157032065
1213,1213,2.98396552226,0.149696502871
1214,1214,1.93392721218,0.524777180922
1215,1215,0.0936187449118,-3.14829838336
1216,1216,0.18379476977,-1.87934894326
1217,1217,-0.0213741437748,-2.44953372034
1218,1218,0.443179512477,-2.21185093414
1219,1219,2.22437800048,0.0366625846714
1220,1220,1.52663028158,-1.33325094748
1221,1221,1.68702944846,-1.43528393006
1222,1222,1.36788862161,0.669136781668
1223,1223,1.46460043992,-1.22507592119
1224,1224,3.10136361674,-0.433587074327
1225,1225,2.60451360848,-0.290018792346
1226,1226,0.409813544492,-0.216639631946
1227,1227,-0.1581672824,3.40168110233
1228,1228,0.711497116596,-0.0270944516123
1229,1229,-0.207558644477,2.44515941024
1230,1230,0.236589868297,-3.38718483013
1231,1231,-0.0884532661643,-2.83171909138
1232,1232,-0.28085600283,2.68234806447
1233,1233,1.69377014801,-2.60205305994
1234,1234,0.0352060377286,2.51502409766
1235,1235,0.0792849477959,-2.12585167355
1236,1236,2.8156360713,0.340536219641
1237,1237,0.347128854631,-2.357830244
1238,1238,-0.146259116253,3.41863959623
1239,1239,1.04747470093,-1.94481959023
1240,1240,-0.114989620299,-2.13486644255
1241,1241,2.33478150344,-0.13447881723
1242,1242,-0.243355720398,-2.91101139087
1243,1243,0.0580172269806,-3.19540430449
1244,1244,0.646472869717,-2.95252906835
1245,1245,-0.0390113673278,2.99212839356
1246,1246,0.346419911225,-2.89158484744
1247,1247,-0.276068578245,2.64024939023
1248,1248,0.284393979622,3.44888609481
1249,1249,0.699874738846,-2.56729292049
1250,1250,0.295895320244,2.43405351261
1251,1251,-0.14892363383,3.50864671415
1252,1252,0.0667855174486,2.9922449883
1253,1253,0.662473733801,-2.1770620391
1254,1254,2.48259219105,0.715141552074
1255,1255,2.75092318866,0.0534311573892
1256,1256,2.86034046044,0.0308883208779
1257,1257,3.02510293418,0.646193214161
1258,1258,2.05141679822,0.215767984843
1259,1259,2.70376166813,-0.150498418021
1260,1260,2.49677661454,-0.0849492504313
1261,1261,2.90191690684,0.344683827549
1262,1262,-0.0283555574837,-2.11419589073
1263,1263,0.0491073082682,-2.45795407843
1264,1264,2.26954971364,-0.105798796938
1265,1265,0.639435573745,3.62812763237
1266,1266,1.1740154309,0.0216829204384
1267,1267,1.76093469788,-0.120996502534
1268,1268,0.0364865571265,-2.39511963244
1269,1269,0.151700553699,-2.45538229116
1270,1270,1.65798993476,-0.0249845067115
1271,1271,-0.0612790768204,2.77124964737
1272,1272,1.89266648401,0.506515248341
1273,1273,-0.484346859655,-2.51218023481
1274,1274,0.657494552186,-0.460007626919
1275,1275,-0.131363071173,2.96826773598
1276,1276,0.541898051275,-2.94630705879
1277,1277,0.795282986331,-2.93577606887
1278,1278,2.577610808,0.222314024789
1279,1279,2.16156372269,0.170810540139
1280,1280,0.748906129958,-0.154359874748
1281,1281,2.79553352781,0.16430790166
1282,1282,2.57902817926,0.292906559244
1283,1283,2.48386894405,0.270851971793
1284,1284,-0.448132857119,-1.87771682766
1285,1285,1.17583218067,-1.70451776823
1286,1286,-0.0659389417209,-0.449311385344
1287,1287,1.67549366752,0.7087026964
1288,1288,-0.151562231629,-2.36070437897
1289,1289,-0.494161051601,-2.65283137844
1290,1290,0.261825360784,-2.68008054968
1291,1291,1.10491334414,-0.5611092455
1292,1292,0.89532638611,1.93730653086
1293,1293,2.45592210812,0.573794663041
1294,1294,2.92281553448,0.134590442941
1295,1295,0.836300123949,-0.744041078453
1296,1296,0.0109718889931,-3.23767752331
1297,1297,0.119473856501,-2.23768346579
1298,1298,1.81224541209,-1.15081849104
1299,1299,-0.280897709914,3.0781958082
1300,1300,1.523184013,-2.99037326054
1301,1301,0.0630168382997,2.85346506149
1302,1302,-0.408220248626,1.60923443128
1303,1303,1.6940489294,-2.7716869781
1304,1304,-1.09117156044,2.85426633895
1305,1305,-0.317330184863,2.2360812779
1306,1306,-0.266956645577,2.12276829059
1307,1307,-0.240226912117,2.48832094278
1308,1308,-0.39070167208,2.63664265878
1309,1309,0.173415046601,2.53823379309
1310,1310,0.655190557478,-2.67638769186
1311,1311,0.087941176644,-2.41254581093
1312,1312,0.221398343113,2.94797206471
1313,1313,0.196536569929,-3.18123014923
1314,1314,2.08732546281,-3.03345250594
1315,1315,0.428740078165,-2.60671693151
1316,1316,-0.914031580745,2.41876381427
1317,1317,0.388394995849,2.6059023927
1318,1318,0.95657142077,-2.62097751136
1319,1319,-0.600236146415,2.44572441597
1320,1320,0.395916174303,2.55455214925
1321,1321,-0.733837425759,2.21176570161
1322,1322,-0.089480228938,2.92071507904
1323,1323,-0.528284290498,3.11302310644
1324,1324,0.937555852886,-1.90663163269
1325,1325,0.936309327482,0.74081921225
1326,1326,2.9624780751,0.172091848541
1327,1327,0.00844039072021,-2.70637984371
1328,1328,0.226879891022,-2.90166044832
1329,1329,2.60326160459,0.57801364532
1330,1330,-0.185356777037,2.45151418721
1331,1331,1.07904710454,-2.07031663056
1332,1332,1.49018715956,0.480521123372
1333,1333,-0.106916867301,-3.05684824607
1334,1334,0.373090808452,1.54366848084
1335,1335,0.506889870054,1.64969721618
1336,1336,0.385895864412,1.68393096841
1337,1337,-0.822436829173,1.96401578746
1338,1338,1.72631604443,0.800794333506
1339,1339,0.296846710729,2.03825074311
1340,1340,1.35494445228,1.39648062641
1341,1341,1.66668762794,1.83453508218
1342,1342,1.84062858423,1.24370030982
1343,1343,0.461351922564,-2.47654073103
1344,1344,-0.275219411157,-2.26528278449
1345,1345,1.80933593431,0.925018834438
1346,1346,0.921463765438,2.22567982536
1347,1347,2.0025462506,0.199978771021
1348,1348,1.27004818024,1.79630971889
1349,1349,0.551770717665,2.54251785917
1350,1350,-1.14573389286,-1.6038066337
1351,1351,1.37138649687,0.604316038301
1352,1352,-1.22078733855,-1.00603482161
1353,1353,0.825299798241,-2.12312268621
1354,1354,0.130356094989,1.58542514345
1355,1355,1.4640428662,1.14855934436
1356,1356,1.65230230275,0.254555753603
1357,1357,1.4818799285,1.66989677417
1358,1358,0.405768631872,1.78165515998
1359,1359,0.673596543898,0.338329012563
1360,1360,2.43633614108,0.683341721682
1361,1361,0.428017134748,0.4292489025
1362,1362,-0.730302361658,-1.37858128338
1363,1363,-0.401939356568,-1.28140382558
1364,1364,1.78896325432,0.362057799268
1365,1365,1.76668422143,-0.538410893773
1366,1366,2.15732662808,-0.267883980834
1367,1367,-0.527546632961,0.755098530349
1368,1368,0.335831777532,1.88829657003
1369,1369,0.78828377127,-1.95984394069
1370,1370,0.199146161653,2.32199255078
1371,1371,2.32595436091,-0.146650998261
1372,1372,3.01921467837,1.20392497256
1373,1373,-0.144908915793,1.50091683736
1374,1374,2.13235781505,0.875225820592
1375,1375,1.55564459418,1.30419324311
1376,1376,0.621748312474,1.11406264931
1377,1377,-0.916675246262,-1.37764749513
1378,1378,0.260799959019,-1.54853222141
1379,1379,1.8216812609,1.33836242679
1380,1380,0.350352566763,1.94595177766
1381,1381,0.518536779031,0.909664308469
1382,1382,-0.362603927251,-1.60934633717
1383,1383,0.255509295137,1.77534777933
1384,1384,2.26209131594,0.9471119553
1385,1385,2.0663043072,0.405887379089
1386,1386,0.825263866341,0.505904044169
1387,1387,2.50332774983,1.62350702144
1388,1388,1.77970201553,0.054548792783
1389,1389,1.22502754379,1.16662526867
1390,1390,0.0380962463066,3.51866074612
1391,1391,0.150118357554,2.69047216222
1392,1392,1.02659325648,-2.25026620803
1393,1393,0.710209961752,0.394184842701
1394,1394,0.744031219852,0.189356306771
1395,1395,1.97405684974,0.854380506041
1396,1396,2.42120896016,0.348030560053
1397,1397,1.79957323567,-2.11980741564
1398,1398,0.30228020778,1.42947029757
1399,1399,-0.408871859125,-2.22361565879
1400,1400,1.34626976396,0.297908243604
1401,1401,-1.62465554948,-1.04323314165
1402,1402,0.324857390064,2.37687754071
1403,1403,1.24747057777,-0.0521512597368
1404,1404,0.728963218912,1.97510748383
1405,1405,0.88097311178,1.01261154742
1406,1406,0.495299347213,3.09068537054
1407,1407,0.638674690135,4.20114794567
1408,1408,-0.316264205179,3.36612650485
1409,1409,0.314771775439,2.53633449018
1410,1410,0.874027756793,1.89701019046
1411,1411,0.0746369109456,2.37319027343
1412,1412,-0.285601179337,3.02432170866
1413,1413,0.201291482998,3.22453614831
1414,1414,0.744641510135,2.49712267369
1415,1415,0.418077407707,3.51303122842
1416,1416,0.333376749804,1.66956454482
1417,1417,1.87701068595,-0.00752333502388
1418,1418,-0.548447315085,2.13010980596
1419,1419,0.609015245391,0.307598124433
1420,1420,-1.92233320431,-1.64488680574
1421,1421,0.351617246497,-0.061906705025
1422,1422,0.968285394759,-0.108150934678
1423,1423,3.69926486892,0.904407300022
1424,1424,-0.763031864559,-3.17773121724
1425,1425,0.258730658042,2.05987704414
1426,1426,-0.140203394349,0.315924503734
1427,1427,2.07734040297,0.459128722505
1428,1428,3.0654089005,-0.67709255571
1429,1429,2.32944242537,0.0147974171977
1430,1430,1.51699769406,0.189057444932
1431,1431,2.50343829986,-0.025151764889
1432,1432,3.00300223702,0.0452593921864
1433,1433,2.34750884098,0.217833727813
1434,1434,0.953592714148,0.589175329009
1435,1435,1.38430317782,0.979294641382
1436,1436,-0.191239745685,-2.13030483046
1437,1437,2.55212597431,0.124479287197
1438,1438,-0.289197287026,1.93666880288
1439,1439,1.78857571468,2.03869259432
1440,1440,0.855406778076,1.08366175288
1441,1441,0.61299326246,0.561026204553
1442,1442,0.598253352718,1.87587901341
1443,1443,0.407141376072,-2.25519972209
1444,1444,1.63091135437,1.95057743712
1445,1445,1.33321414918,2.39748665979
