,vote,alpha,beta
0,0,-0.0267164353344,2.36417724604
1,1,-0.287942203959,-2.26721141022
2,2,2.70210191037,0.25891760285
3,3,2.25254082125,0.0665305905006
4,4,0.655578491063,-1.50142621506
5,5,2.41527084243,-0.298155811464
6,6,2.14036474585,0.449023818822
7,7,2.1167090226,0.36659309077
8,8,0.136259462108,-2.03048906169
9,9,1.35895611078,-1.50019254397
10,10,2.4898226741,0.331329799046
11,11,3.14143443869,-0.221265594433
12,12,2.85342399319,0.758325546886
13,13,2.43612889951,-0.0066777029708
14,14,2.72729809431,0.174534039131
15,15,2.20757293972,0.218438747422
16,16,-0.202796012616,2.43243330856
17,17,0.49347424466,-0.537694070897
18,18,2.51747912826,0.543654819262
19,19,2.94564476978,-0.147565412923
20,20,1.50809103982,-0.869376123324
21,21,0.390427797306,-2.73301299552
22,22,0.00946418532485,-2.37641342514
23,23,2.93479310189,-0.41275711144
24,24,0.59352919337,-2.04230793545
25,25,1.26809720444,-0.229624434383
26,26,-0.879459523784,-0.0196143837766
27,27,-0.160847404959,2.51425342271
28,28,2.34411991607,-0.0133841173728
29,29,2.72559618616,0.267665063145
30,30,2.31573854251,0.257285026843
31,31,2.33357207275,-0.236364494259
32,32,0.235796921896,-2.30866809271
33,33,0.0980030588865,-2.78028433141
34,34,1.41441947725,-0.573273177684
35,35,-0.349058072035,2.28925438057
36,36,-0.140385095721,-2.11536376807
37,37,-0.073786272156,-2.1916952998
38,38,0.230917887077,-2.27437738122
39,39,-0.799003458715,-1.24758827979
40,40,1.8160348583,-1.33085530579
41,41,0.131688343536,2.31247591847
42,42,-0.33836859373,-2.16029651658
43,43,2.59703724646,-0.0973703638007
44,44,2.81552807332,-0.103942560839
45,45,2.83215326472,-0.00914387085362
46,46,2.30586701318,-0.197030220912
47,47,2.07154033936,-0.0290589041808
48,48,2.60520069888,0.681698428908
49,49,1.7874578605,1.48083699467
50,50,-0.0515841374135,-2.4646694021
51,51,0.175192970737,-2.69989811759
52,52,-0.383856542688,2.4937005871
53,53,0.155282298915,-2.80946384771
54,54,-0.0706206832646,-2.84506516102
55,55,0.328727119073,-1.83203524348
56,56,0.805113761885,-2.11593190231
57,57,-0.474932147441,1.94403184804
58,58,0.38185482359,3.02785453963
59,59,-0.0892817682518,-1.79924650004
60,60,0.968647991638,-2.35745518941
61,61,2.12200175934,0.0349789607933
62,62,2.69911575491,0.0988590500038
63,63,2.45642233681,-0.329875503914
64,64,2.81314673271,-0.067204927767
65,65,2.361471257,-0.388396579243
66,66,0.306754876322,-2.30042463019
67,67,0.866852402371,-2.48191689923
68,68,0.857720130641,-2.00413711267
69,69,-0.358349107413,-1.93271834238
70,70,-1.21499322851,1.73563078527
71,71,-0.717200109645,2.13620646369
72,72,-0.718073868881,2.26701029012
73,73,-1.05822368593,2.26155573271
74,74,-0.866532615634,2.18596019237
75,75,-0.459483789362,2.23218793273
76,76,-0.264449228122,2.12542932816
77,77,-0.656215342917,1.42296426685
78,78,-0.121053739704,2.43879823323
79,79,0.812557068162,-2.18135536313
80,80,-0.809253692725,-2.16229436146
81,81,0.197438133905,-2.43248317778
82,82,0.184600806987,-2.65741814253
83,83,0.107730790458,2.53913920203
84,84,-0.0678344690397,-1.8831996714
85,85,2.52108709628,-0.0819031855075
86,86,2.12578959846,-0.661923968238
87,87,-0.184350002184,-2.57092752451
88,88,-0.157437613779,-2.46286593658
89,89,-0.607059268998,-1.03410356836
90,90,0.28081023706,-0.459726946381
91,91,-0.39629140616,-1.86380722179
92,92,-0.855726966911,1.98663964867
93,93,-0.961975376924,-1.93698309765
94,94,0.351562708517,2.29468676752
95,95,2.26391103555,-0.471980227246
96,96,-1.02113283982,1.95034916182
97,97,-0.446918290288,1.97067337291
98,98,-0.367442920195,0.297356130305
99,99,-0.322308707481,1.86221812155
100,100,-0.167363778814,1.76605585732
101,101,-1.0618901258,0.522695604649
102,102,-0.470963000257,-1.70497529453
103,103,-0.940532968237,1.7048184584
104,104,-0.264215549728,-0.903571306122
105,105,-1.27098411953,0.0277820059181
106,106,0.487549760887,0.842255071204
107,107,0.232525925732,-1.46303635873
108,108,-0.460490193848,0.535341801195
109,109,-0.517516445709,0.449255734981
110,110,1.29336138568,1.60521226645
111,111,-0.10578411254,-2.37330601573
112,112,-0.323527746439,-1.39900917856
113,113,-0.227567323118,-2.00921174656
114,114,0.179791242696,2.46795440476
115,115,0.451814370816,-1.40426193688
116,116,2.71788513204,0.24340263882
117,117,2.54140479294,-0.161178966739
118,118,0.32509107419,-2.39652399179
119,119,2.06145167066,-0.405277557053
120,120,2.29056065412,-0.0276914622555
121,121,-0.236097517987,2.15007179457
122,122,1.5108084018,-1.68419902425
123,123,2.39888884816,0.282533564593
124,124,0.669281102001,1.57379979293
125,125,0.444995217532,-2.71039016995
126,126,0.342453067443,-2.13360328408
127,127,-0.848915385828,0.586519799981
128,128,0.479251017395,-1.92353785881
129,129,-0.259685342435,-1.37037918643
130,130,-0.864830168475,-1.48702473974
131,131,0.964869006385,0.900083811672
132,132,-0.766120466765,-1.95191066267
133,133,0.201817556731,1.48792147835
134,134,0.460893779068,-2.15417374904
135,135,0.956616396626,1.82891487521
136,136,-1.75586641411,1.03448201227
137,137,-0.792137329189,0.760046477779
138,138,-1.51965710132,0.8265166151
139,139,-0.193178262984,2.19536361984
140,140,-0.505329494678,0.100974102037
141,141,-0.812390012883,0.553113691415
142,142,0.522529351727,-1.81972955216
143,143,-0.89067015177,2.28130374617
144,144,-1.47700189571,2.06421064311
145,145,-0.780579401298,1.32186282364
146,146,1.92002024644,0.732667921099
147,147,-0.0780779022548,1.22761942971
148,148,2.7027657965,0.350727616274
149,149,2.50846611053,-0.0302121484995
150,150,-0.102702564291,2.50839458872
151,151,0.973112533803,-0.856002014693
152,152,2.70101505057,-0.17427226009
153,153,2.53504815981,-0.0014206025099
154,154,2.70104065161,0.139113852327
155,155,0.190851646298,-2.72698751776
156,156,0.12610782628,-2.26671685924
157,157,2.86793993382,0.225348818799
158,158,0.226150650934,-2.27569272319
159,159,1.84612237956,0.613216603012
160,160,0.289320931634,-2.3871132033
161,161,0.381073425148,-1.89814041242
162,162,-0.498331293088,2.05970653393
163,163,0.273603326558,-0.361025467649
164,164,-1.24988895417,-1.1718747967
165,165,-0.360743093587,1.7026476747
166,166,0.326608637491,-2.62345715016
167,167,-0.66970521472,1.47324850024
168,168,0.961736500472,1.36687609806
169,169,-0.0107289494393,0.104695107508
170,170,-0.927178695283,-0.692551848621
171,171,-1.19610364299,-0.965367796051
172,172,-0.927410031725,1.12946149882
173,173,-1.31756769603,-0.66081076722
174,174,-0.88721267347,-1.932507512
175,175,0.361167211445,1.67737794935
176,176,0.126018107605,0.82493470534
177,177,0.180975159236,-2.09711314834
178,178,0.0484570255783,1.07499771992
179,179,-0.341456455157,-1.33804709974
180,180,-1.10790789342,-1.5199115032
181,181,0.915917808884,-0.253411604032
182,182,-0.33425132611,-1.16770907492
183,183,-0.012003689146,0.918258639243
184,184,0.043104322613,0.554269374779
185,185,-0.219539876275,0.31136676224
186,186,0.409859045707,-0.338986175027
187,187,0.101875295104,-0.447746551412
188,188,-0.13770543776,-0.71841488246
189,189,-0.104797670904,-0.194336697335
190,190,0.136176088935,0.344379060197
191,191,-1.2869240131,-1.98545776776
192,192,-0.20031752464,-2.14481321776
193,193,0.0595202235076,2.76057112546
194,194,-0.33002925225,-0.798878695394
195,195,2.34121309467,0.246892917062
196,196,2.66544214427,0.18198633158
197,197,0.249971923173,-2.50151311417
198,198,-0.894511039151,1.33152546299
199,199,0.23253913982,-1.88200283368
200,200,0.215386921201,1.56065975814
201,201,-0.0980543657903,2.37303744321
202,202,1.23637142403,-2.27911550552
203,203,2.79804646149,-0.489716280551
204,204,-0.445430261769,2.19139489677
205,205,0.322842530156,-2.0965064827
206,206,0.244719740298,-1.31363937492
207,207,0.390772983262,-1.9996180935
208,208,-0.197270927962,1.65031570513
209,209,0.22698176769,-2.47981634515
210,210,0.479677658097,-0.678313538578
211,211,-0.480278854096,-2.07484742851
212,212,0.56782449708,1.97852369173
213,213,-0.790453043411,2.12530362188
214,214,0.11536924255,2.15326659423
215,215,0.157148390433,-1.66216103779
216,216,2.31826286308,-0.922034641082
217,217,1.62736809298,-1.21451865984
218,218,2.71933466924,0.200387495317
219,219,0.0804181526591,-2.32145591238
220,220,0.362897364372,-2.15738917089
221,221,1.78739234207,0.439108811248
222,222,-0.86794042776,2.46361112917
223,223,-0.171824932173,2.11504472771
224,224,-0.843541957569,1.52228071674
225,225,-0.344564530471,0.274741966677
226,226,-1.04804409916,-1.73621566847
227,227,-0.830483902329,1.85003079824
228,228,-1.11665063564,-1.89981981862
229,229,0.500665839293,1.95816057045
230,230,-1.41735982506,-1.29943962047
231,231,1.78176005829,0.948505880511
232,232,-0.0228074543911,1.81319673841
233,233,-0.502054455242,1.80697216401
234,234,-0.87551140817,1.91240710968
235,235,-0.987752415906,1.88783143524
236,236,-0.730581935452,1.67450314788
237,237,-1.24380173352,0.813280054169
238,238,-1.04204651327,1.64823620768
239,239,-0.915296541154,1.38717150098
240,240,-1.05649367867,1.59578279453
241,241,-1.05098378249,1.80256569163
242,242,0.00248539298355,-2.272927295
243,243,-1.21171653142,-1.8474859751
244,244,-0.467321559274,2.01343611148
245,245,-0.132122834076,0.981353268304
246,246,-1.27406524012,-0.831349339982
247,247,-0.334244845461,1.12171818313
248,248,-0.630873525677,0.34443994618
249,249,-0.488056887264,0.307875625635
250,250,-1.31477293579,0.96507397879
251,251,0.196589098683,1.38608262512
252,252,-1.53946145882,-1.29043449175
253,253,0.118702827094,-2.29633044182
254,254,0.118697615831,-1.77438924116
255,255,-0.657020416713,1.54097872824
256,256,-0.348483856763,0.688982693332
257,257,-1.23843289293,-1.81321151582
258,258,-0.417259547658,2.41568921589
259,259,0.131210039672,-1.99243537525
260,260,-0.00281430658168,-2.50687569097
261,261,-0.314928225429,-2.59349482206
262,262,0.18077619734,2.19905258669
263,263,0.355061953151,-2.6644176859
264,264,0.313334400709,-2.49819850817
265,265,-0.149740491922,2.54769581622
266,266,-0.714027504869,-2.17648493423
267,267,2.36729664983,-0.373144384393
268,268,2.60743498524,-0.172402237712
269,269,2.94327730909,-0.162509433019
270,270,-0.0879612932172,-2.52681723914
271,271,0.389736045675,-2.38651946352
272,272,-1.01704526884,0.242119996285
273,273,-0.230600245974,2.7855239314
274,274,1.27668872864,-2.00647180602
275,275,-0.153767605334,2.39008684797
276,276,0.617295768421,-1.97983107406
277,277,0.10169186418,-2.20853645321
278,278,0.019910382871,-2.41258065227
279,279,0.952249781082,1.45825176091
280,280,0.612729017641,-2.1342901862
281,281,0.149886960811,-1.95779887579
282,282,-0.165789896548,1.8935037592
283,283,-0.0241993561196,-2.36943846293
284,284,-0.331549066571,1.93462963138
285,285,-0.333780694953,2.03161778257
286,286,0.187386591738,2.66372700359
287,287,-0.480458826296,-2.05908822445
288,288,2.53649939712,-0.0358490924839
289,289,2.64461219863,0.380092468223
290,290,-0.15980445929,-2.33717543162
291,291,-0.0860788572981,-2.31268100873
292,292,-1.40253310364,0.682063722459
293,293,0.985130747594,-2.03742810526
294,294,-0.514231714494,1.35093375262
295,295,-0.830168533335,1.4088906431
296,296,-1.77977026209,0.906366228986
297,297,-1.03928829914,-0.921918458748
298,298,-0.396697338013,1.45266189239
299,299,-0.728741787721,1.84082056537
300,300,-0.250355749672,-0.410041532158
301,301,0.342816741022,0.0660640287983
302,302,-0.182933826472,0.466649840612
303,303,0.240205007318,0.264485790459
304,304,1.32928486051,-0.769660097442
305,305,1.02462155885,0.35897108289
306,306,-0.380266212184,0.401920792865
307,307,0.777753884598,-1.69522846135
308,308,0.74135670497,-0.357116647682
309,309,0.464236621552,-2.41407590446
310,310,1.12117811691,0.711803807281
311,311,-1.10557659422,1.14603682843
312,312,-1.13235417336,1.49005146544
313,313,-0.246332006352,-0.375152107544
314,314,0.159768120285,-2.57356674068
315,315,0.045150261351,-2.51545413962
316,316,2.58056920533,0.0276936847942
317,317,0.708019827087,-2.21648041638
318,318,-0.237370439942,0.304925166523
319,319,0.615963520857,-1.79540426067
320,320,0.176616508815,1.07547388713
321,321,-0.744871672548,-0.693406409095
322,322,0.564528500982,-2.18852911996
323,323,0.396175694208,0.343098102144
324,324,1.37995787296,1.62550829794
325,325,-0.624436329182,1.55479205243
326,326,-0.310432908382,1.74495770911
327,327,0.212323171259,-2.74782126973
328,328,-0.218180885445,1.09707942762
329,329,2.57505005476,-0.979553009796
330,330,-0.201089031791,0.211443546142
331,331,-0.455501607442,2.22005922622
332,332,1.12332612678,-0.955708373686
333,333,-0.55271027076,2.49422802987
334,334,-0.538304860099,2.08421072773
335,335,-0.244673321878,2.94457577485
336,336,1.04715973239,-1.65751301077
337,337,1.75777158165,1.38760338214
338,338,-0.143427051938,-2.55374681478
339,339,0.331394645776,0.706250373313
340,340,-0.202043193884,-0.473680644542
341,341,-0.465139372283,-1.01741531931
342,342,-0.568287959857,1.24578976955
343,343,-0.793302519286,0.85100075442
344,344,-0.965815527327,1.00051617962
345,345,1.33344321792,-0.313028370828
346,346,1.77191940858,-0.433354879776
347,347,-0.417033503675,2.32078934997
348,348,-0.436283445294,2.41439593916
349,349,0.148494946041,-2.30229029726
350,350,0.428107829515,-1.85611643299
351,351,-0.0493554316922,2.15354579401
352,352,0.453748160238,-2.14060567812
353,353,0.470163163429,-2.26982434894
354,354,0.0215113860842,-2.2291336459
355,355,2.15909886886,0.0119268256082
356,356,0.617580645002,-2.1751267675
357,357,0.559808913902,-2.20532648652
358,358,0.124791670795,-1.71861934669
359,359,1.08812128582,-2.26002567717
360,360,0.550289069257,-1.41233483689
361,361,-0.149820650841,2.08631498298
362,362,-0.219960213033,1.98705904324
363,363,-0.0911041412749,2.14755368993
364,364,-0.147512600093,2.43494613189
365,365,-0.00592979783075,2.55507710838
366,366,0.220250808193,-2.24316818769
367,367,0.237723924005,2.39816731687
368,368,0.126871245367,-2.06447085776
369,369,1.95514100544,1.0224044535
370,370,2.79816761135,0.0386163364743
371,371,2.4853874334,0.16476798351
372,372,2.64115512952,0.489660630119
373,373,2.20818132295,0.42833559198
374,374,2.69091989659,0.418455711384
375,375,2.47545954625,0.251382128185
376,376,2.44185428332,0.0338586847814
377,377,2.23399377029,0.20243944811
378,378,0.0485355036021,-2.69506931151
379,379,0.0422679104122,-2.09236743414
380,380,0.532392566641,-2.8004944842
381,381,2.52339799032,0.0340074907777
382,382,3.00287171796,0.0824760264287
383,383,1.87832997684,0.702016383333
384,384,0.120520854186,-2.54946936675
385,385,0.238335748626,-2.6496139167
386,386,1.91471016217,0.494425458381
387,387,-0.631315046572,2.33943036094
388,388,-0.176125080391,2.03200231688
389,389,-0.481507643351,2.32994566034
390,390,-0.0894537537194,2.44474934104
391,391,3.25359034773,-0.247218445122
392,392,0.110233513567,2.28851572297
393,393,0.546257800622,-1.66625547286
394,394,-0.345364327696,-2.45462577083
395,395,-0.20426500536,-2.62980774194
396,396,-0.369316905178,-2.35323624265
397,397,-0.433344973051,2.56344756446
398,398,-0.48083131905,-2.25343658778
399,399,-0.0538736680483,2.65491999144
400,400,0.137119505346,-2.37444018351
401,401,-0.194438674047,-2.09872589013
402,402,0.310141030846,-1.98521561164
403,403,1.06107238439,-2.16324220115
404,404,0.0800619967702,2.56760993211
405,405,0.634819279217,-2.03782665566
406,406,0.964628759088,-0.831001848726
407,407,2.74876715108,-0.0692429782439
408,408,2.94434384943,-0.34210787358
409,409,3.05440513624,-0.126071655297
410,410,-0.609711570348,2.32474102279
411,411,2.30112282809,0.288531246046
412,412,0.28290057714,2.21753817925
413,413,2.48010946125,0.460821424992
414,414,2.7156688536,0.265766553547
415,415,-0.132712321521,-2.34527074825
416,416,0.132988164469,-2.42883939575
417,417,0.3759810051,-2.10939392809
418,418,2.32564398239,0.250522685448
419,419,0.643070520671,-2.02580888153
420,420,-0.0108489941167,-2.67837680742
421,421,2.71812004049,0.0798664472125
422,422,0.00398574294997,2.35272434809
423,423,1.54233947407,0.55577402657
424,424,0.0282443784524,-2.74495171034
425,425,-0.38192874345,-2.34610384312
426,426,2.05942173763,1.00859436884
427,427,-0.0560558675597,-1.65230619161
428,428,-0.151848304266,-2.01471505267
429,429,1.02057588341,-2.03972470918
430,430,0.919248548485,-1.80705107167
431,431,0.693031310204,-1.9982953111
432,432,-0.0613132611317,-2.11356604133
433,433,0.159001621503,-2.33706021286
434,434,-0.0976545123341,-2.45699203098
435,435,-0.169991966946,-2.79191455987
436,436,0.577972762534,-1.86166830699
437,437,0.545603944298,-1.58851295495
438,438,0.346648033411,-2.9021641004
439,439,0.95141458026,-1.93010843935
440,440,-0.523427637169,-2.55936743636
441,441,1.21404753655,-2.10321123878
442,442,0.0569571839564,-2.46293265718
443,443,2.19536938899,0.326144765201
444,444,0.18575958338,-2.23220120833
445,445,-0.0136654008532,-2.56481562564
446,446,0.817138503533,-1.92835324133
447,447,-0.138075541854,-2.94901272894
448,448,1.03892571121,-2.34602467543
449,449,2.72938209224,0.0385377696128
450,450,2.77818663162,-0.156903759285
451,451,-0.219716682589,-2.7722373434
452,452,0.808384274144,-1.89668116783
453,453,0.0684072141898,-2.61063678833
454,454,0.79515516709,-1.88738960011
455,455,-0.127910997821,-2.5544276189
456,456,0.247260085822,-2.41940146313
457,457,-0.193932993931,-2.37938326941
458,458,-0.0938440649302,-2.30460455858
459,459,3.02338685758,0.0488577009007
460,460,0.0375600347996,-2.52419751392
461,461,0.591568293125,-1.77340693199
462,462,2.25681927006,-0.134554765867
463,463,0.269476926219,-2.6436088346
464,464,-0.791203906188,-1.56655139019
465,465,0.911169647539,-2.36211392526
466,466,0.416767385016,-2.60494858935
467,467,0.79319548607,-1.98788323478
468,468,0.104928570404,-2.24367098256
469,469,0.211763860652,-2.31753181204
470,470,-0.000119731838027,-0.347808143618
471,471,0.422539116077,2.11010616876
472,472,-0.129370572257,-2.35250268866
473,473,0.830445793471,-2.49679203723
474,474,-0.443966816141,1.56323711076
475,475,1.63804707859,1.77725774357
476,476,1.37204950592,1.69286617232
477,477,2.68373077878,-0.0415076685012
478,478,2.66249511791,0.179797085834
479,479,0.0670347825785,-2.67520256251
480,480,1.05216039714,-1.59751102146
481,481,-0.637207222304,2.30855949817
482,482,0.0556393698556,-1.88819642338
483,483,-0.845665351104,1.08532848629
484,484,0.106475458312,0.0778051461081
485,485,1.8674048551,0.659458064231
486,486,2.39562134055,0.0420017969124
487,487,2.45811053065,-0.185106729546
488,488,2.30419131242,0.559222171202
489,489,0.204537999215,-2.5903330016
490,490,0.464250503808,-2.1952761183
491,491,-0.867810292565,2.17793357065
492,492,0.00805683968598,2.80849219876
493,493,0.992245202673,-2.01001345886
494,494,0.00464866569689,2.61186821839
495,495,1.14463837074,-1.39784579719
496,496,2.23375836302,-0.920958064396
497,497,-0.10939702405,-2.29482436412
498,498,2.60025115585,0.20169073592
499,499,2.11161540673,-0.178150502074
500,500,-0.527759431184,-2.64354041581
501,501,-0.13513914639,-2.9207966662
502,502,0.0688551476672,2.56643858586
503,503,-0.190087841666,2.41985559344
504,504,-0.237623200478,2.43752083096
505,505,-0.214809481051,2.40175011935
506,506,-0.0118887492923,-1.99306260388
507,507,2.45410125879,0.290313681358
508,508,0.0501463996393,2.63142616366
509,509,0.440309850862,-2.49902450704
510,510,1.9390788505,1.44509238205
511,511,0.182262135656,-2.67308618596
512,512,0.263947491059,-2.11522981773
513,513,0.106274907789,-3.09146619084
514,514,-0.0141878577064,2.04252883552
515,515,0.733669749422,-1.69294192279
516,516,2.54702895617,-0.329987058814
517,517,2.3815345587,0.171392943718
518,518,-0.23724751699,-2.83880566658
519,519,-0.118092636481,-2.58693501378
520,520,0.114564246809,-2.62023087466
521,521,-0.0774068943201,-2.375823042
522,522,0.293647103277,-2.29393039896
523,523,-0.0325249092444,2.12859999806
524,524,-0.257398947303,2.12323968931
525,525,-0.111184601218,2.09542166473
526,526,0.124636994486,1.74850326096
527,527,-0.180505200613,1.81090855868
528,528,-0.647436554579,2.21637630276
529,529,-0.0112234073925,-2.78677075517
530,530,-0.370255457565,-1.6344472377
531,531,0.377012100013,-2.33510663113
532,532,-0.0277733588681,2.47246197554
533,533,-1.05391753489,1.42335281131
534,534,-0.536563700744,2.61814266267
535,535,0.478892603801,-2.2635881297
536,536,-0.611563126839,2.04081386412
537,537,-0.465965287293,2.27226194539
538,538,-0.496560554842,2.26467905852
539,539,-0.847330668398,2.25615823229
540,540,-0.777775849161,2.10089393638
541,541,0.0358734409384,2.46748158292
542,542,-0.777816121411,2.3393921006
543,543,0.96906654097,-1.96349390442
544,544,2.55323776238,0.296485902551
545,545,2.75902379238,0.25916019403
546,546,2.76015069352,0.248095015382
547,547,2.74198155938,-0.0912711993128
548,548,2.22435619452,0.222067658589
549,549,0.00849290005533,-2.28440304968
550,550,0.580516255061,-2.17319465894
551,551,0.545868132348,-0.99572302089
552,552,-0.157931227569,2.21958449863
553,553,-0.548461215424,2.31806991199
554,554,0.863811893516,-1.75341096493
555,555,1.19873390102,-0.700277482333
556,556,-0.0727495746583,1.21781000641
557,557,-0.552390160975,0.213235879594
558,558,-0.56861283944,0.925262381201
559,559,0.355050490801,0.765716711412
560,560,-0.624473101222,1.28103087874
561,561,0.848626701429,-0.393729326515
562,562,1.90790492343,0.474360607937
563,563,2.53626800562,0.0182834707621
564,564,2.46515705428,-0.00962268166821
565,565,1.54046564621,-1.52106909581
566,566,2.57557470861,-0.0540470195149
567,567,2.7151041276,-0.00352708525068
568,568,2.74946053752,-0.450795144715
569,569,2.58806626526,-0.258107335535
570,570,-0.0615912410048,-2.45331790855
571,571,-0.316337609792,-2.69484335997
572,572,0.032859118361,-2.56828463982
573,573,0.902886928994,0.111019838781
574,574,1.02458966587,-0.349737150796
575,575,0.428688283764,-2.12067924819
576,576,-0.267543511334,2.7516265141
577,577,0.540195394013,-1.93893183185
578,578,1.74803339974,1.14775895606
579,579,0.0881088118752,-2.72148028219
580,580,-0.0566921984821,-2.78212463981
581,581,-0.213803660185,2.24213597639
582,582,-0.43809447901,2.03482488843
583,583,-0.319887658362,-1.99041388675
584,584,2.35768830534,0.0325442900175
585,585,2.91823982276,0.0808478106454
586,586,-0.17802524498,-2.67782008149
587,587,2.4006255397,-0.0258824439377
588,588,-0.245319519539,-2.51262692602
589,589,0.663153335219,-1.05100734574
590,590,-1.3766998787,2.16882106255
591,591,-1.38654794774,1.32412745181
592,592,-1.76791036293,1.50483170187
593,593,-2.61315753729,-2.63158596936
594,594,-1.33024609879,2.16911904842
595,595,-0.452461723537,-2.06494498503
596,596,0.808631888606,-0.432417202375
597,597,1.98866338918,-0.102932941537
598,598,1.715016253,1.83289366188
599,599,0.355294682784,-2.06659771738
600,600,-0.193066065129,2.56763146696
601,601,-0.0771570055384,2.33290433719
602,602,2.16913220452,-0.167901150912
603,603,-0.1058150333,-2.4133446342
604,604,0.214285120023,-2.79235622592
605,605,1.39125439156,0.898465671752
606,606,0.0863470121148,3.02467237686
607,607,0.982956616707,-1.85236404122
608,608,-1.10359445433,1.56289226085
609,609,0.915722075237,-1.86523227183
610,610,-1.16198552102,2.15040156637
611,611,1.40643545167,-1.62176664826
612,612,2.48612687308,0.993285738334
613,613,1.15690960965,1.08838483522
614,614,0.508743781203,1.65865747773
615,615,0.674252624287,0.387542522678
616,616,0.644036130096,0.989099512493
617,617,0.424575431965,0.364011283369
618,618,0.493533419058,0.681757837439
619,619,0.68737254443,-1.86444376752
620,620,1.08791790941,1.72231431115
621,621,2.03295751357,-0.156589138654
622,622,0.755750369312,-1.68661927467
623,623,1.78396596135,0.851905776702
624,624,0.481018047283,2.05749474464
625,625,0.209733134008,-1.17905537597
626,626,-0.214909328338,-0.706839063775
627,627,0.374309248308,1.27395142302
628,628,1.3005273011,0.584267522051
629,629,1.37971111971,0.741535868982
630,630,-1.42083116704,-2.15872246277
631,631,-0.58014495128,-1.85381549001
632,632,-1.72574802086,1.85823253278
633,633,-0.721769434605,-1.49529512008
634,634,2.53913945596,0.158471060793
635,635,-0.0474608087285,-0.289126036906
636,636,-0.712736383318,0.799667428292
637,637,-0.151620825413,0.472509372861
638,638,4.02735276965,0.699430606555
639,639,0.36858264428,0.409589372088
640,640,-0.78169974566,-1.66370763899
641,641,0.94961410342,0.525476730903
642,642,1.52449239458,1.31879116257
643,643,-0.322266550036,-1.44788547367
644,644,-0.348818738615,2.68810732943
645,645,0.0539189133557,1.93761037376
646,646,0.973245367121,0.722902300161
647,647,2.12559796234,1.65566162992
648,648,1.7146784684,1.04466114129
649,649,0.543131337529,1.82091229486
650,650,2.25727731949,0.702014954806
651,651,-0.111106919351,-1.74943644953
652,652,-0.939585330351,-1.77060009319
653,653,2.49623231936,-0.113450132694
654,654,1.21000770661,2.45113214602
655,655,0.752783306695,0.93151617483
656,656,-0.882625074158,-2.42284495951
657,657,1.292289686,0.563794776004
658,658,0.631766749198,1.25844955092
659,659,3.11247565516,0.238623028177
660,660,1.49840916551,1.80687397829
661,661,1.59854965658,2.09653676901
662,662,1.94771931186,2.08908815774
663,663,1.09604059108,1.62505925334
664,664,1.16853516924,1.56580954456
665,665,1.19827926856,2.1606744494
666,666,1.65606960733,2.04263242013
667,667,0.715490893854,-2.54245121697
668,668,-0.11688246522,2.89434469994
669,669,1.3636535812,1.74931885416
670,670,-0.272736929713,-1.70304601467
671,671,1.26012980426,1.20394417965
672,672,2.3374158845,-0.297974214201
673,673,-0.947606195171,1.98021220396
674,674,-1.49396557848,1.90741280528
675,675,1.00792425669,-0.559698187967
676,676,0.405718974621,1.62587497542
677,677,0.889376784874,0.987007572912
678,678,1.76628079367,0.981624800665
679,679,0.0289622644278,2.51410207555
680,680,1.64258600387,0.494781642711
681,681,1.98628571773,0.630031392276
682,682,2.87062748265,-0.557450060149
683,683,1.60033353539,1.47348762518
684,684,1.67930934589,2.01427182033
685,685,0.0635002986495,2.39779042484
686,686,0.332906161972,2.93642029268
687,687,-0.159243361448,1.88310490882
688,688,0.196104227621,2.1536325018
689,689,0.350460037979,3.26820420078
690,690,-0.531722607687,2.67922458577
691,691,1.08411720899,0.916710545913
692,692,2.12826690854,1.71483594251
693,693,-0.21943186727,-2.47676122594
694,694,0.795030577302,1.32191760356
695,695,-0.25772682942,-1.79446424719
696,696,0.751773546677,1.82552088795
697,697,1.31641386971,2.06703087309
698,698,1.92366683903,0.0956851445971
699,699,1.76670019519,-0.212116712344
700,700,-0.120618201092,-1.65339434324
701,701,-0.244901958008,1.22015583776
702,702,-0.393667683039,2.03905830002
703,703,-0.591394563738,2.90705955739
704,704,-0.632318373568,-1.42509720429
705,705,-0.141847970909,2.38147897059
706,706,0.891533452424,1.45992268122
707,707,-0.199620961476,-2.14915794795
708,708,1.18002382435,2.17721755147
709,709,1.29286085642,1.2853965244
710,710,-0.50298103039,-2.31725901126
711,711,1.14829518736,0.481461677347
712,712,-0.0224080471493,-0.745370065051
713,713,-1.22913633868,-2.07977448535
714,714,-0.0454301164367,-2.42427677059
715,715,-0.622014791793,2.24128419706
716,716,-0.00970781784368,2.58767588942
717,717,0.176355613138,-2.51201777988
718,718,1.4213288899,1.70195776902
719,719,0.0887971298379,-1.77374269748
720,720,0.943764874251,1.42661571441
721,721,-0.481726235757,-2.13560228278
722,722,-0.449352225053,-1.3745756038
723,723,0.838756292331,1.28620055365
724,724,0.972541289191,1.06017470316
725,725,1.0939613701,1.09705088761
726,726,0.411336680222,-2.96694160974
727,727,-0.854454406712,-1.58344580106
728,728,1.22604461676,-0.961161087262
729,729,2.31149913424,0.566250575194
730,730,0.0129701165348,-2.3406801044
731,731,0.306389322813,-3.17446849587
732,732,-0.0619994473214,-1.67003974642
733,733,3.36563108529,0.23139755409
734,734,-0.23148750035,-3.09778610416
735,735,0.0357805863133,1.73109247064
736,736,-0.545219884323,-2.50020989877
737,737,-0.295205507744,1.99805496304
738,738,1.02950489931,-1.07464695666
739,739,-1.7777564523,2.18684166567
740,740,0.637627976483,-1.75276376514
741,741,-0.100104613977,1.84508012999
742,742,-0.973964648801,1.67488743381
743,743,1.74105318967,-2.40332992529
744,744,0.889077897028,0.367764467281
745,745,-1.24689854766,-2.04829158301
746,746,-0.156894165341,-1.68213458862
747,747,0.724493093087,-0.59301802001
748,748,1.9255004958,-1.29078323988
749,749,-0.230040722262,-3.17165421317
750,750,-0.0407730599606,-2.7013801912
751,751,-2.03298963952,-1.5662768352
752,752,-0.639023086255,2.34549904938
753,753,2.51657895738,0.209410727708
754,754,-0.105060856509,-2.58317743372
755,755,-0.153293845253,-2.2191607053
756,756,-0.0967043633977,-2.09067663591
757,757,0.211435839987,-2.21596923364
758,758,-0.741486386345,-2.16733171499
759,759,0.11656126465,-1.86124536567
760,760,-0.92715263051,-3.03817352357
761,761,-0.629450642743,-1.81797607171
762,762,0.700965416581,-2.33348948703
763,763,0.502803218676,2.60743423122
764,764,1.50976410261,0.140422080447
765,765,0.0716470737153,-1.98825819563
766,766,-1.25808515021,-1.18111835315
767,767,0.288491360573,-3.37202767577
768,768,0.289095229486,-2.28845370357
769,769,-1.44013712883,-1.34823300207
770,770,-0.540970538318,-1.76226077324
771,771,0.0106043166044,-1.39252354654
772,772,-0.522672162116,-2.62823104232
773,773,1.79295197347,-1.97935898891
774,774,1.61013125969,1.43507268735
775,775,0.940054403522,-2.19182926112
776,776,0.723598950179,-2.60741979418
777,777,-0.585325954268,2.60319220821
778,778,0.598537737769,1.25478921948
779,779,-0.0702242783138,1.84098585332
780,780,0.186805668099,-1.43978141411
781,781,0.369621349377,1.90473538638
782,782,0.436721510808,-2.31157142914
783,783,-0.0349357553514,-2.40204850845
784,784,0.412326049541,-2.44451445251
785,785,-0.368690713881,2.14837438601
786,786,0.00248667704903,2.20032905486
787,787,-0.20031403174,2.42124039457
788,788,-0.164252146973,2.44519298796
789,789,0.258455817636,-2.34611873114
790,790,0.0253143454216,-2.65816879767
791,791,-0.50988563833,2.08360459669
792,792,0.00180508563726,-2.40639817886
793,793,1.37535582133,-1.55292602385
794,794,-0.32088372105,2.06879421744
795,795,-0.132891466806,2.30863756853
796,796,-0.0190562279714,2.08923379435
797,797,0.447723467549,-2.31977982384
798,798,2.29968823021,1.01658660566
799,799,2.30210457255,0.142216163258
800,800,2.56210135084,-0.246456962444
801,801,2.31869002709,0.401814987334
802,802,0.268636100641,-2.72245381554
803,803,0.0387852377928,-2.57111766389
804,804,2.69046118477,0.0537825618618
805,805,-0.0824804245705,2.31107284415
806,806,0.198208855069,2.14367704696
807,807,-0.407035622919,2.49429267107
808,808,-0.042273738992,2.42072021944
809,809,-0.0600471542035,-2.26688769234
810,810,0.178541700817,-2.43747227522
811,811,0.0443724990667,-2.51318411124
812,812,-0.29119028306,2.36806272557
813,813,-0.159524901111,2.64409420993
814,814,0.805689389294,-1.90469540561
815,815,2.52254670571,0.55883365294
816,816,-0.307923486944,2.24238377352
817,817,-0.348196244838,2.5997901674
818,818,0.738031036138,-2.2623532274
819,819,0.143128093248,-2.71617040623
820,820,-0.0643252339772,2.41805148458
821,821,0.422194798094,-2.03497000435
822,822,2.75578689354,0.0623311042581
823,823,2.58264069455,-0.109554352621
824,824,-0.587400118796,2.46680857482
825,825,0.0173127609131,2.31362262962
826,826,2.69350307646,-0.0501889433808
827,827,0.296070112018,2.95966828844
828,828,0.240444428494,-1.7837432311
829,829,0.177995531307,-3.22589413184
830,830,0.0981519814412,-2.08801642941
831,831,2.36831658103,-0.140856571783
832,832,0.195977407738,2.40305587841
833,833,-0.140260301681,2.39665882494
834,834,-0.147329386177,-2.22428055899
835,835,1.75850222555,0.209291818748
836,836,1.71218180142,0.66376299092
837,837,2.17915055951,-0.41013273598
838,838,1.99034308266,0.224029765072
839,839,0.0250081255753,-2.18449155754
840,840,0.312319037964,-2.45889108689
841,841,-0.260731690893,2.60145698029
842,842,0.816195826855,-2.17954875232
843,843,0.16111999857,-2.54258040409
844,844,0.0666685298993,-2.46632586564
845,845,-0.114599678795,1.9835138044
846,846,0.346078325045,1.9316219491
847,847,0.300338148727,2.32828365664
848,848,0.149314121116,2.22911520801
849,849,-0.109447596771,2.18613338786
850,850,0.720467239902,-2.29842202546
851,851,0.294631689243,2.70925504742
852,852,0.739462436483,-2.18156415234
853,853,-0.16065090103,2.4390348206
854,854,0.286600890271,-2.49323716668
855,855,0.0433356077661,-2.87733563565
856,856,2.66053901849,0.136907706629
857,857,-0.314733857203,-2.80649238675
858,858,-2.59472076444,0.0886926353076
859,859,-1.43589213458,1.61872015017
860,860,-1.79628875142,1.4564254989
861,861,0.394069087979,-0.895636149357
862,862,-1.76544289425,-1.92535692933
863,863,-1.15598972853,2.04985348283
864,864,-0.605614240867,-2.29507761533
865,865,1.82978509177,0.447421979749
866,866,2.65243196353,0.227559144101
867,867,2.69300392289,0.0111089255714
868,868,0.370228181885,-2.60748901283
869,869,0.494181689767,-2.12889309495
870,870,0.494589861418,-1.03092219952
871,871,2.11079466084,0.59930602777
872,872,0.322280119493,-2.49417837522
873,873,-0.733551741287,1.81551098021
874,874,-0.0313900420378,1.34854855218
875,875,2.98294419215,0.218936136573
876,876,-0.16331836678,-0.428069110697
877,877,0.0183903398884,-1.16675584386
878,878,-0.163391163429,-2.4200772828
879,879,-0.050789200913,-1.07262292226
880,880,-0.382907547937,1.28631726977
881,881,0.284179941222,2.26125922979
882,882,1.88387746154,0.148158421112
883,883,2.35646908758,0.522195383525
884,884,2.51362048272,0.0198241143437
885,885,-0.26246802861,-2.59790166691
886,886,-0.273550807333,-2.4575049398
887,887,0.221866196112,-2.7273194364
888,888,2.63759903479,0.181422820388
889,889,0.247141266185,-2.18212347033
890,890,0.20754891536,-2.51212856099
891,891,1.96574640642,0.834966453868
892,892,0.122421033826,2.55138755833
893,893,0.640363776868,-2.37486531569
894,894,1.3130000265,-2.1317777996
895,895,0.751138826419,-2.41547299699
896,896,-0.0275847519739,-2.28626059142
897,897,0.0757714116264,-2.41954163733
898,898,1.4880537044,1.34409309142
899,899,0.261185302983,-2.43481869765
900,900,1.36258410386,0.8451924498
901,901,0.280041810114,2.47856716735
902,902,1.115883916,-1.38454424927
903,903,0.166224469929,2.0096555834
904,904,-0.325687602796,1.67339134306
905,905,1.98101756928,0.819881906169
906,906,1.61212226752,0.606622474464
907,907,1.73202759514,0.941146798693
908,908,1.38441365099,-0.190587270883
909,909,2.25374425994,0.535641087624
910,910,2.44497175972,0.17727792459
911,911,-0.223915181984,2.5373890167
912,912,2.54880389876,0.35480218292
913,913,2.52774916487,0.0374124068493
914,914,1.99409435266,-0.763274065639
915,915,-0.0518730685106,1.56206132231
916,916,-0.110704860933,2.36718314624
917,917,0.248531164024,-1.94995885869
918,918,0.0227945082338,-1.68371740231
919,919,1.8348256127,-0.668881383373
920,920,0.909180296065,-1.84900983369
921,921,0.546502060908,-0.218331995415
922,922,-0.00238613646332,-2.63943611408
923,923,0.87490753596,-2.30388169433
924,924,-0.570098767619,2.09738508978
925,925,-0.00378932632501,1.48192278408
926,926,-0.779350387017,-1.539426712
927,927,0.370053103374,-2.12621679517
928,928,0.0234381172555,1.11785745102
929,929,0.965313838443,2.07186517919
930,930,-0.0249052216316,2.08034259133
931,931,2.40984937389,-0.00392049067292
932,932,0.975052773635,-0.682129042847
933,933,2.47217496789,-0.317019491412
934,934,2.98490565108,-0.10418483698
935,935,-1.71041703252,-1.85358493338
936,936,0.688833673539,0.434006133937
937,937,1.25630409564,-0.592914550804
938,938,0.150277613144,-1.87204570707
939,939,-1.11905253759,1.19791696986
940,940,-0.471077393384,1.39998789587
941,941,1.17961297147,1.46845036893
942,942,1.73582609975,0.567010413013
943,943,-1.04865876639,0.275833651357
944,944,0.0585661856991,0.705633730391
945,945,-0.00433134704668,-1.61122992675
946,946,-1.42065162127,-1.47470292765
947,947,-0.280955690911,1.61060769008
948,948,-0.8643032425,-1.18940357014
949,949,-0.730162987547,-1.83341733293
950,950,0.496035806781,0.923065289326
951,951,0.25437762318,1.05878715412
952,952,0.361257712548,-2.14453859093
953,953,0.0205102974773,-2.90592878194
954,954,0.497409633733,1.04441005628
955,955,-0.207051194171,-1.04279005432
956,956,0.216489326349,2.10723253337
957,957,0.28444421314,0.88747039095
958,958,0.712962003589,-2.27822105752
959,959,-0.159808850079,-2.00213558603
960,960,-0.239916801388,-2.25355730838
961,961,0.238405583234,-2.33143447216
962,962,-0.0194249832913,2.64230702211
963,963,0.97865181916,-0.473299824868
964,964,0.209990510655,-2.33414266539
965,965,-0.357834039331,2.58200356632
966,966,1.15381371612,-0.159795613381
967,967,2.57469832747,0.42462948785
968,968,-0.791698536681,-1.26548556768
969,969,-1.63767575361,-1.90613850449
970,970,-0.889823586837,-1.56021661171
971,971,-0.0659392866716,1.70851738641
972,972,-0.831579907812,-0.726280898277
973,973,-1.90409874729,-2.10845800575
974,974,-1.19866822922,-1.44601834169
975,975,-1.30223776546,-1.30019185736
976,976,-0.533794807294,-1.3921256201
977,977,-0.397980370035,-2.00823304697
978,978,-1.41842136895,-2.10153514505
979,979,-0.362395651884,-2.15623667281
980,980,0.294154215563,-0.827890368777
981,981,2.68149441122,-0.0716165130153
982,982,0.158048507539,-2.29596208833
983,983,-0.800554022815,-1.30345007494
984,984,-0.371987778594,3.1110493258
985,985,-0.132768136473,-1.49196678543
986,986,-0.718442072663,-1.61837982976
987,987,-0.974038017433,-1.93073168441
988,988,0.118993977406,1.16722266996
989,989,-0.870733811957,-1.53070148686
990,990,-1.45351999582,-2.15476082709
991,991,-0.0351631519525,2.83383972373
992,992,0.0719189680837,-1.47489491015
993,993,-0.0210344623697,-2.34778524575
994,994,0.531777410689,-2.84794700585
995,995,1.89902300808,0.612809924063
996,996,0.252296881307,-2.43753186219
997,997,-0.666733783657,-1.38822251781
998,998,-1.39092216809,-1.4886053156
999,999,0.0970944305689,0.455277314334
1000,1000,-0.589758018524,1.00975443433
1001,1001,-0.509433634231,0.870833288334
1002,1002,-1.02599141913,-1.05105231722
1003,1003,-1.60745621098,-0.864389005335
1004,1004,-0.0812925627995,2.0092563249
1005,1005,-0.402007829723,2.45417692775
1006,1006,1.25950736091,-1.67069524801
1007,1007,0.292641143161,-0.242635399725
1008,1008,-0.0931936960265,2.33421662613
1009,1009,1.13200251614,-1.78024177146
1010,1010,2.33255191953,0.0968694594167
1011,1011,2.27185788496,0.0655181943745
1012,1012,2.55650012757,-0.136350954386
1013,1013,1.02621480473,-2.07419917714
1014,1014,0.0204547131877,2.08509275815
1015,1015,0.458336481338,-2.27733445788
1016,1016,-0.814221313506,-0.687966750726
1017,1017,-0.587081393061,1.8079321694
1018,1018,2.36234979991,-0.0445481330553
1019,1019,-0.242184504835,1.87314457339
1020,1020,0.355104295494,-1.76898224052
1021,1021,0.571573156927,-0.0362723222229
1022,1022,0.240431707436,-1.64722159104
1023,1023,-0.590415298591,1.58875637963
1024,1024,-0.410435788583,1.10741224119
1025,1025,-0.0846804408316,0.997582603878
1026,1026,0.673809322722,0.332286345921
1027,1027,-0.230689198339,-0.029920590477
1028,1028,-1.02676477358,0.29987681895
1029,1029,2.63341089211,0.428910796257
1030,1030,-0.383135940809,1.04090970808
1031,1031,0.871136315092,2.03909090779
1032,1032,-0.43061103593,0.979266502486
1033,1033,-0.875752951072,-0.409812002942
1034,1034,-0.459741005206,-1.87460498244
1035,1035,0.671346071137,-0.952660224589
1036,1036,-0.302424535805,-0.682725569528
1037,1037,0.260090170131,2.39293249543
1038,1038,1.28420427558,-0.8444436067
1039,1039,2.30885018592,-0.590026065008
1040,1040,0.0241707470456,-2.78243716054
1041,1041,2.31965699878,0.241607433636
1042,1042,0.293568388322,-2.45409935537
1043,1043,0.279985983457,-3.07780163976
1044,1044,-0.819713795273,1.74067142648
1045,1045,-0.871106306287,2.06158217669
1046,1046,-0.547354744142,2.16594675846
1047,1047,-0.541186619191,1.82658209804
1048,1048,1.17512667548,-1.98287403384
1049,1049,-0.125082903654,2.37267852091
1050,1050,1.62697464043,-2.07057438454
1051,1051,0.595198393416,-2.27184315322
1052,1052,-0.442558805036,2.16412423296
1053,1053,-0.864499019005,2.2565147481
1054,1054,-0.543036353689,2.37482812223
1055,1055,-0.295881015948,2.68584115408
1056,1056,0.90765380646,-2.116920973
1057,1057,0.755773854076,-2.35596583546
1058,1058,0.491933509222,-2.21286035674
1059,1059,-0.0306507241876,1.65087402344
1060,1060,-0.0854639894813,2.0455697305
1061,1061,0.944520381473,-1.51092119737
1062,1062,0.154144615534,-2.27488468203
1063,1063,0.979540321963,-2.42672310423
1064,1064,-0.314207720706,1.94311169258
1065,1065,-0.226525918454,2.50734648749
1066,1066,0.0884667147336,2.43637802522
1067,1067,-0.249068055379,2.44802129514
1068,1068,0.556481698733,-1.92340580276
1069,1069,0.158915722815,2.38101252504
1070,1070,-0.7974353869,2.64671013321
1071,1071,0.0895609408016,-2.09701658106
1072,1072,2.16551262995,0.651011500185
1073,1073,-0.0957746409065,-2.70140325934
1074,1074,2.87882785665,0.408808771954
1075,1075,-0.87707638428,-1.17792710275
1076,1076,0.533077683005,0.630204728518
1077,1077,-1.32898614663,-1.14336046978
1078,1078,-1.17893629071,-1.02232046954
1079,1079,-0.769996366247,1.7522754057
1080,1080,-1.55291742651,-1.38631359916
1081,1081,-1.85103485539,-1.53217440662
1082,1082,2.42974179407,-0.0756643289103
1083,1083,-1.22891323892,-1.49755452069
1084,1084,-0.532897804794,2.01143392243
1085,1085,0.221143600271,1.38722739767
1086,1086,-0.155399459511,0.414728692923
1087,1087,-1.43770398714,0.876172712506
1088,1088,0.556430088786,1.85920491072
1089,1089,-0.31471322823,1.13743175354
1090,1090,-0.435424645387,-0.881521692713
1091,1091,-1.08106891696,0.910144686045
1092,1092,0.416591718345,1.49968907343
1093,1093,-0.792789611692,-1.63752164317
1094,1094,0.157858224351,-2.53607697556
1095,1095,-1.01605925035,2.67372413627
1096,1096,0.59141997045,-2.80348548209
1097,1097,0.227908156251,-2.48309008206
1098,1098,0.564107560654,-2.11097209194
1099,1099,-0.0106780014598,-2.62541518067
1100,1100,0.583036206246,-1.92276891676
1101,1101,-1.1076183691,-1.67374506613
1102,1102,-0.359472056489,-2.07954772212
1103,1103,0.418699127841,-2.58399386759
1104,1104,-1.30451589555,-1.69450236192
1105,1105,0.0961101714536,-2.4678414024
1106,1106,2.58207149918,0.210566932591
1107,1107,-0.643899122618,2.32499823976
1108,1108,-1.57725213205,-1.81769793294
1109,1109,-0.241116616461,2.23638722913
1110,1110,0.384889024596,-1.21918656307
1111,1111,-0.260088196754,2.60118298319
1112,1112,0.798565773948,-1.6892767164
1113,1113,2.39951078097,-0.42965668571
1114,1114,1.46488683895,0.62882257718
1115,1115,0.371950516007,-2.73842967483
1116,1116,0.634575456126,-2.25319827707
1117,1117,-0.537051159226,1.07308128893
1118,1118,0.980604983209,-1.71057187223
1119,1119,1.66131729933,-1.15120188062
1120,1120,-0.885156487442,1.91062573662
1121,1121,-0.582292602004,2.33478563194
1122,1122,-0.488849914781,2.42448787009
1123,1123,1.21999997162,0.413038084758
1124,1124,-0.882440627552,-1.82560870381
1125,1125,1.19277024635,-1.81031480619
1126,1126,-0.406973794781,2.54131923198
1127,1127,0.503284155614,1.32472557241
1128,1128,1.70285062693,-1.103214405
1129,1129,-0.636195462878,2.07907512333
1130,1130,0.941886144094,-1.78318104448
1131,1131,-1.3156178292,-1.84212973301
1132,1132,0.447012404642,-1.85816206487
1133,1133,-0.192647410911,-2.26571812411
1134,1134,0.408735591204,-2.6273349451
1135,1135,0.621163133239,-2.03386753371
1136,1136,0.0680508366342,2.68310298728
1137,1137,-0.130948246014,-2.37266043743
1138,1138,0.302349729747,-2.38498268503
1139,1139,0.422160746878,-2.25892408356
1140,1140,-0.358575683035,1.99405190154
1141,1141,0.497476718551,2.24702930293
1142,1142,-0.240216980953,2.31034482812
1143,1143,1.22448063773,-1.41543474473
1144,1144,1.51615314002,0.870962285806
1145,1145,2.44788004206,-0.0625486296943
1146,1146,1.35210716765,1.57054557839
1147,1147,0.524777399386,2.22616600503
1148,1148,0.216386201535,-2.59201235568
1149,1149,0.558668859071,-2.57607002998
1150,1150,2.85024384014,0.140971079179
1151,1151,-0.28656251124,2.518821563
1152,1152,0.442229345059,2.82028438313
1153,1153,2.5709608554,-0.292721904451
1154,1154,-0.0645735327999,-2.5178248383
1155,1155,-0.0934628743288,-2.74266886055
1156,1156,2.00316427834,0.511140959576
1157,1157,-0.281454628042,2.07008676099
1158,1158,2.06037072466,0.458899752309
1159,1159,2.64338960644,0.129704294418
1160,1160,0.268312132211,2.11670264531
1161,1161,0.253409238086,-1.02924957858
1162,1162,-0.165645069288,2.20466858655
1163,1163,0.386402901556,1.9599154745
1164,1164,0.853493957002,-1.88609720353
1165,1165,1.40203963507,0.490006182349
1166,1166,0.558493781043,1.80999827451
1167,1167,2.39599066328,-0.114231640636
1168,1168,1.13812974981,-1.8278969667
1169,1169,2.42262304167,-0.298968918501
1170,1170,2.07689965518,0.34790949757
1171,1171,0.188633387239,-2.64618829335
1172,1172,0.422259621939,-2.42985189773
1173,1173,-0.604770374321,2.35526141613
1174,1174,0.210999575381,2.59972733809
1175,1175,0.320785282391,2.38983913898
1176,1176,0.0163302347188,2.59003696634
1177,1177,0.251730449533,-1.92927415807
1178,1178,1.61576512513,0.558226432751
1179,1179,-0.319270035941,-2.41211662146
1180,1180,-0.047305538586,-2.84762100394
1181,1181,2.35882397198,0.208562252551
1182,1182,-0.724626036344,-2.71187943731
1183,1183,-0.339009185294,2.8243871609
1184,1184,-0.116015219776,2.51166258411
1185,1185,1.30881103882,-2.08225457646
1186,1186,-0.130636678919,-2.50466172811
1187,1187,-0.420126783091,-2.38204900765
1188,1188,0.936218415036,-1.61095235471
1189,1189,-0.26006884628,-2.72085654738
1190,1190,-0.42848547397,-2.48953313458
1191,1191,0.139491258602,-2.30967199353
1192,1192,-0.376883676745,-2.18413749793
1193,1193,-0.0487960435197,-2.05784627279
1194,1194,-0.0592598356457,-1.68595689726
1195,1195,-0.181491972732,2.24143467801
1196,1196,1.90852034875,0.0132063357434
1197,1197,2.41680474653,-0.0324607348445
1198,1198,2.25957235096,0.071448147546
1199,1199,2.59956221645,-0.00846693673955
1200,1200,0.579788711073,-2.45092323635
1201,1201,0.821544960944,-1.86891104137
1202,1202,-0.707621864776,1.79330106892
1203,1203,-0.810796052325,2.59180549973
1204,1204,-0.253285496751,2.30827636365
1205,1205,1.23387387515,-1.84333261707
1206,1206,-0.370506973437,2.45179354026
1207,1207,-0.0755772758726,-2.60945759996
1208,1208,0.0656337890852,-2.09966664855
1209,1209,2.15053154012,0.0451843834621
1210,1210,2.85354456534,0.293386316114
1211,1211,-0.0271146580705,2.45652670357
1212,1212,1.16083520806,-2.06916078802
1213,1213,2.90502562534,0.133123084234
1214,1214,1.75517635666,0.545047861974
1215,1215,0.0105665404395,-2.73060280592
1216,1216,0.0894529943333,-1.94796365032
1217,1217,0.0342570859463,-2.44882814649
1218,1218,0.197909768754,-2.0416542369
1219,1219,2.35278003305,0.357973696563
1220,1220,1.52865064013,-1.29117561255
1221,1221,1.31641346392,-1.28800975138
1222,1222,1.24683173589,0.686117207649
1223,1223,1.42182510428,-0.997936897566
1224,1224,2.94604862646,-0.0342667555012
1225,1225,2.91480067839,0.165207089762
1226,1226,0.305155698421,-0.210944148853
1227,1227,-0.211046304958,2.62927711537
1228,1228,0.609465770774,-0.0574277947284
1229,1229,-0.171010520846,2.28321015767
1230,1230,-0.195492330563,-2.4678203442
1231,1231,0.230988143583,-2.68541324646
1232,1232,-0.276857995201,2.68206644426
1233,1233,1.11594762621,-2.18727571694
1234,1234,-0.0190704319892,2.42477739041
1235,1235,0.139256011529,-2.13384841172
1236,1236,2.54598535892,0.186258689918
1237,1237,0.301756553399,-2.26765576059
1238,1238,0.151298668025,2.56037635043
1239,1239,0.903374141027,-1.81249664621
1240,1240,-0.0593947891628,-2.09640408336
1241,1241,2.38263290576,-0.272870311226
1242,1242,0.309099489084,-2.39130826484
1243,1243,0.128416622365,-2.706532852
1244,1244,0.317036633211,-2.08771417146
1245,1245,-0.117678409709,2.44817931678
1246,1246,0.148086108028,-2.28132643851
1247,1247,0.054261448252,2.25309386467
1248,1248,-0.383109228929,2.6038129571
1249,1249,0.574278668211,-2.62746613355
1250,1250,-0.0319093386256,2.24532525562
1251,1251,-0.0328960844646,2.73800660757
1252,1252,-0.0635768344321,2.43718489894
1253,1253,0.731128287238,-2.24757600096
1254,1254,2.17063681348,0.638690434095
1255,1255,2.60551057559,-0.174280246386
1256,1256,2.24026705157,-0.182394678982
1257,1257,2.65511918696,0.0754798908399
1258,1258,2.43237498074,0.357869633423
1259,1259,2.35533239807,0.118959784408
1260,1260,2.90884556077,0.0466720249462
1261,1261,2.41256400782,0.0606481877998
1262,1262,0.168871205919,-2.15283895271
1263,1263,0.344823816653,-1.97837994576
1264,1264,2.61826920322,-0.0472608374317
1265,1265,0.345902684874,3.1555435169
1266,1266,1.22020964725,-0.0272414351054
1267,1267,1.74320084609,-0.196675964552
1268,1268,0.136347751328,-2.21456981172
1269,1269,0.0738124593407,-2.28722963107
1270,1270,1.62367345653,-0.0505117632453
1271,1271,0.060971753272,2.38959294188
1272,1272,1.96269818577,0.587602506033
1273,1273,-0.0106329760928,-2.20718469731
1274,1274,0.615679647587,-0.53679013862
1275,1275,0.0644087307577,2.63832134806
1276,1276,0.239012421041,-2.29691340366
1277,1277,0.329186183079,-2.48103605034
1278,1278,2.57241106274,0.210167240396
1279,1279,2.05250362242,0.0666782715557
1280,1280,0.789738225242,-0.0993525390169
1281,1281,2.77855073936,-0.0511494088959
1282,1282,2.27983431001,-0.0214914492478
1283,1283,2.31573667943,0.381530851296
1284,1284,-0.45331051832,-2.24252713889
1285,1285,1.38443522362,-1.90210919383
1286,1286,0.0214384681216,-0.475412712781
1287,1287,1.85715697749,0.82439805194
1288,1288,-0.43520871619,-2.09033572748
1289,1289,0.0475918835423,-2.16977375702
1290,1290,0.143582715755,-2.22018857562
1291,1291,0.873334922204,-0.530750739014
1292,1292,0.479874669812,1.7490069636
1293,1293,2.32770722658,-0.00158458489879
1294,1294,2.52568475553,-0.0153152551816
1295,1295,0.664598243855,-0.519825960083
1296,1296,0.233255332641,-2.42821029602
1297,1297,0.356443188015,-2.43339782452
1298,1298,1.48198912627,-0.925920915233
1299,1299,-0.0683062560478,2.59164670654
1300,1300,0.34426512607,-2.33530220477
1301,1301,0.00196158305704,2.72219344631
1302,1302,-0.585947642353,1.94117841976
1303,1303,1.16083003691,-2.30005015146
1304,1304,-0.138576861974,2.02149267287
1305,1305,-0.398465447725,2.29613519353
1306,1306,-0.290423403168,2.39794156802
1307,1307,-0.72934943414,2.52577239979
1308,1308,-0.280606780123,2.49170665177
1309,1309,-0.574611398573,2.274130024
1310,1310,0.312466170054,-2.21137387994
1311,1311,0.0259881127291,-2.80953453851
1312,1312,-0.428342819936,2.56776021514
1313,1313,-0.0592188260268,-2.52739015463
1314,1314,1.50373397231,-2.57329674542
1315,1315,0.237643421738,-2.39082397064
1316,1316,-0.885229920566,2.30287194408
1317,1317,0.0569377295228,2.41499140396
1318,1318,0.369641291613,-2.23888575725
1319,1319,-0.522657831652,2.42844181915
1320,1320,0.0453272932671,2.33155773828
1321,1321,-0.62372308434,2.10754703999
1322,1322,0.10049207579,2.22538745312
1323,1323,-0.265618604995,2.40754003084
1324,1324,0.842562154083,-1.81427820279
1325,1325,0.944796877319,0.837275594915
1326,1326,2.48188732539,0.209952396846
1327,1327,0.166153031341,-2.57705935246
1328,1328,0.222609760629,-2.29351804215
1329,1329,2.5200494416,0.140519455283
1330,1330,0.135758856322,2.70676648142
1331,1331,0.872125415015,-1.8131247564
1332,1332,1.6832162053,0.646299981677
1333,1333,0.192075543456,-2.35070145897
1334,1334,0.192148904829,1.91327300426
1335,1335,1.05913412738,2.46817725703
1336,1336,1.12175465442,2.13240553741
1337,1337,-0.0839499956254,2.17271185663
1338,1338,1.71723251664,1.04061553666
1339,1339,0.089136997868,2.36220597268
1340,1340,1.62403612305,1.45100926355
1341,1341,1.26563376044,1.07156399242
1342,1342,1.63209078981,1.33231896849
1343,1343,-0.28849488818,-2.46173855248
1344,1344,0.144378883404,-2.21790554141
1345,1345,1.50097965982,0.702814966303
1346,1346,0.324436376947,1.6831032793
1347,1347,1.95155623068,0.493664525719
1348,1348,0.780260625605,1.67262083094
1349,1349,-0.37440135229,2.82464577008
1350,1350,-1.17516710624,-1.9282843018
1351,1351,2.06089952559,1.24764966401
1352,1352,-1.02498103341,-1.07468721338
1353,1353,0.0296167896666,-2.24636377898
1354,1354,-0.0273190739305,2.20571966748
1355,1355,1.33493231337,1.41984615084
1356,1356,2.3163237283,0.584983867923
1357,1357,1.1703694895,1.68104308616
1358,1358,0.636718674126,1.63693112112
1359,1359,0.767473460551,0.61490022358
1360,1360,2.15911645577,0.50183378291
1361,1361,0.419447562258,0.231652345922
1362,1362,-1.09503605565,-1.49464736764
1363,1363,-0.656902577274,-1.85393564653
1364,1364,1.68831184168,0.311503385636
1365,1365,1.51955532068,-0.581788361888
1366,1366,2.65957375185,0.663959056381
1367,1367,-0.450670813518,0.874689797007
1368,1368,-0.497717215456,2.27566517201
1369,1369,0.533145221543,-2.0758585741
1370,1370,0.676788520997,2.49940202059
1371,1371,2.14413081459,0.368589364802
1372,1372,1.44285573936,0.364603144528
1373,1373,0.337333482335,1.45640084067
1374,1374,1.87996645158,0.577236818495
1375,1375,1.41461067595,1.71456674482
1376,1376,0.714758919621,1.32577127499
1377,1377,-0.568292141481,-0.94554854204
1378,1378,0.398753804431,-1.66153562103
1379,1379,1.41093469426,1.22475514894
1380,1380,0.263913482752,2.60670593612
1381,1381,0.545302401505,1.36391243147
1382,1382,0.00791756246723,-3.10734920044
1383,1383,-0.0617539220694,2.26104920737
1384,1384,1.78712889038,0.884394017801
1385,1385,2.16466390053,0.704452377921
1386,1386,1.73243984723,1.16283652661
1387,1387,1.6546484926,1.29478200396
1388,1388,2.79053150145,0.759623680386
1389,1389,1.41619302403,1.70387639593
1390,1390,0.0875964154768,2.71187064659
1391,1391,-0.480061010693,1.77370274164
1392,1392,0.668363700128,-2.43379742859
1393,1393,0.546038917014,0.315172984248
1394,1394,0.760639327112,0.092399205884
1395,1395,2.26576906048,0.14831187862
1396,1396,2.2455289053,0.135921625381
1397,1397,1.32563720616,-2.28756202526
1398,1398,0.434789168003,1.71417332755
1399,1399,-0.245486919293,-2.05507102248
1400,1400,1.07126272074,0.331672408598
1401,1401,-1.41447344677,-1.12123091519
1402,1402,-0.0524062114479,2.12561617983
1403,1403,1.00928981732,-0.0565036905102
1404,1404,0.031248478289,2.61469435779
1405,1405,0.999202141433,1.44144022873
1406,1406,-0.103270130234,3.10211748787
1407,1407,-0.479559059316,3.17232981793
1408,1408,-0.408200922081,2.24432330676
1409,1409,0.226034867538,3.07355436199
1410,1410,0.0448468806889,2.52495242179
1411,1411,-0.428314702172,2.35468104866
1412,1412,0.0993873115931,2.36499322832
1413,1413,-0.190547167221,2.40221774778
1414,1414,-0.114004690403,3.0641812615
1415,1415,1.03505597055,2.94390229992
1416,1416,-0.2756861462,3.48945820863
1417,1417,1.84118367226,0.249814501469
1418,1418,-0.0881611938675,2.50794106284
1419,1419,0.726925171136,0.330091133413
1420,1420,-1.49126580257,-1.46225665615
1421,1421,0.0620370396606,0.00788525155462
1422,1422,1.00536461617,-0.078438977046
1423,1423,2.82364750841,0.148914896946
1424,1424,0.163898815043,-2.98811137371
1425,1425,0.443353806113,1.55104984481
1426,1426,0.0575610458949,0.521565251696
1427,1427,3.3357685423,0.595342978565
1428,1428,3.87737272591,-1.1569873714
1429,1429,2.36241706222,0.0942686395521
1430,1430,1.58881532276,0.71494881424
1431,1431,2.12315559808,0.552787692984
1432,1432,2.27364722271,0.161484432232
1433,1433,1.98366286142,0.353942629957
1434,1434,0.653303320468,0.764661417145
1435,1435,1.48741279926,0.796966533389
1436,1436,0.223918804752,-2.88022879493
1437,1437,2.0655484838,-0.00534288544756
1438,1438,-0.364696679287,1.54078121038
1439,1439,1.492393838,1.85337880062
1440,1440,0.770645925381,1.69222437816
1441,1441,0.557247917047,0.756169938324
1442,1442,0.5567566034,1.97667361354
1443,1443,0.725885208046,-2.0244608778
1444,1444,1.85662711633,2.45310896595
1445,1445,0.788120478601,1.9742063146
