,vote,alpha,beta
0,0,-0.146209461783,2.46302485607
1,1,-0.436567191873,-2.53300012662
2,2,2.75951949438,0.362721461753
3,3,2.20116567891,-0.00498756076137
4,4,0.771896258396,-1.47642325123
5,5,2.80294949642,-0.487788681731
6,6,1.97725796282,0.402177979357
7,7,2.21697484942,0.464305577212
8,8,0.101675562329,-2.09110236046
9,9,1.20359378683,-1.50554162891
10,10,2.72365006548,0.343904167063
11,11,2.94116535424,-0.385164981357
12,12,2.3938891981,0.618973444722
13,13,2.6301554339,0.123777539901
14,14,2.97311433119,0.108368473476
15,15,1.96967847876,0.12111413453
16,16,-0.225445829374,2.42465908735
17,17,0.496351938188,-0.692604751487
18,18,2.64698891449,0.144498387428
19,19,2.63274519325,-0.223667747439
20,20,1.67344123071,-0.924424895497
21,21,-0.0571623733503,-2.79957744941
22,22,-0.0065223015354,-2.47261893755
23,23,2.90207912417,-0.200270863348
24,24,0.498270560434,-2.04299095432
25,25,1.36432820328,-0.175793223277
26,26,-0.722420494074,-0.0464798622139
27,27,-0.159780521489,2.81718503513
28,28,2.63693900851,0.0669700229375
29,29,2.83723024199,0.353398101487
30,30,2.3035072476,0.0436866839074
31,31,2.41260688266,-0.0221753523937
32,32,0.313415170682,-2.28610815568
33,33,0.372309745344,-3.04267796256
34,34,1.5417379965,-0.375908772337
35,35,0.00300820307122,2.39888480754
36,36,-0.289699652204,-2.37743513993
37,37,-0.134217345891,-2.39018965322
38,38,0.228848882694,-2.34115600714
39,39,-1.09287186709,-1.53756877161
40,40,1.94430296862,-1.43931411189
41,41,0.222226408244,2.56382289481
42,42,-0.46792319885,-2.13008006113
43,43,3.03301951805,0.0783019965524
44,44,3.04889655444,0.0505123869228
45,45,3.00136219464,0.224757790781
46,46,2.53487556608,-0.0564269310568
47,47,2.26474901033,-0.315352786924
48,48,2.7000149123,0.555575217741
49,49,1.83832995475,1.4379341078
50,50,-0.0224177697092,-2.31861220688
51,51,-0.00704786058224,-2.53735768892
52,52,-0.331693986705,2.61887661937
53,53,-0.00717522725647,-2.73645080254
54,54,-0.141184758892,-2.6892293538
55,55,0.602789518087,-2.03477454986
56,56,0.875975474576,-2.44218859956
57,57,-0.708699471305,2.06723242956
58,58,0.0742947362178,2.98276995409
59,59,-0.187930338829,-1.71850865854
60,60,1.12013882007,-2.68156503042
61,61,2.08136548038,-0.124393962539
62,62,2.43769810532,0.155420479207
63,63,2.74929147704,-0.118492313883
64,64,2.50524119202,-0.244455585472
65,65,2.78413700347,-0.236603798216
66,66,0.293457168745,-2.48059893551
67,67,0.59305525401,-2.42324430582
68,68,1.16607681456,-1.95442031868
69,69,-0.681739088641,-2.00439108426
70,70,-1.32072680602,1.75851720402
71,71,-0.761765781498,1.97640389609
72,72,-0.756879930931,2.07920797979
73,73,-0.713928690865,2.29314777632
74,74,-1.02946303907,2.41654795975
75,75,-0.688515753259,2.45386679679
76,76,-0.134091363912,2.0102224907
77,77,-0.754817799304,1.59542391753
78,78,0.278696890913,2.64255370359
79,79,1.0274027896,-2.07319042617
80,80,-1.0075758441,-2.46425222017
81,81,-0.116952421774,-2.55765876788
82,82,-0.0269922070267,-2.92071024994
83,83,0.0806611022745,2.83698974417
84,84,-0.177705018529,-1.80723019154
85,85,2.82874553302,-0.0464343671187
86,86,2.32964320447,-0.609027050076
87,87,-0.391847747147,-2.74800959894
88,88,0.0650294618503,-2.47283783859
89,89,-0.533248342855,-0.904875703554
90,90,0.227549745223,-0.476745444697
91,91,-0.461188654829,-1.92506487603
92,92,-0.875958059187,2.0413733585
93,93,-0.77076518364,-1.98430785478
94,94,0.066075315069,2.62963477618
95,95,2.06645544637,-0.141484269094
96,96,-1.16918054388,2.08422297387
97,97,-0.433953372932,2.02410341044
98,98,-0.286314518883,0.285281568743
99,99,-0.208792459016,1.85796622808
100,100,0.0410917659588,1.43104192664
101,101,-1.0024011045,0.659187630693
102,102,-0.492618787744,-1.77749911588
103,103,-0.855429808024,1.9585805907
104,104,-0.503855783714,-0.969573656496
105,105,-1.41039816924,-0.16708279249
106,106,0.595256005622,0.943809440495
107,107,0.0603799511157,-1.41523503207
108,108,-0.566993817582,0.46903218919
109,109,-0.376820310969,0.571899085967
110,110,1.52531462274,1.70469602444
111,111,-0.0617015266813,-2.21529563125
112,112,-0.444439803186,-1.35096774086
113,113,-0.263311340654,-1.93299072679
114,114,0.34255476451,2.83719184176
115,115,0.37026212667,-1.44328512192
116,116,2.81486379481,0.105687405011
117,117,2.81191197632,-0.283760764601
118,118,0.42034981175,-2.45824357776
119,119,2.13823539543,-0.325613039365
120,120,2.60373101046,-0.374141230734
121,121,-0.312539924881,2.07200924437
122,122,1.45095420157,-1.69494564533
123,123,2.56981307417,-0.0360017853721
124,124,0.759339314651,1.61435470998
125,125,0.591963763369,-2.83620219352
126,126,0.569858100735,-2.28081632947
127,127,-0.888213457708,0.82311168858
128,128,0.200482485438,-2.08117113615
129,129,-0.342984211983,-1.46480294148
130,130,-0.859611849506,-1.50570710377
131,131,0.881147697429,0.887184411819
132,132,-0.372468495096,-1.73975352961
133,133,0.259142087259,1.61449310725
134,134,0.599413645512,-2.14405593738
135,135,0.990763346681,1.74991686445
136,136,-1.92704760067,1.32096240257
137,137,-0.627340072761,0.656753287201
138,138,-1.2884754707,0.743591883437
139,139,-0.0210031412967,1.97614807907
140,140,-0.512655690935,0.0628014971067
141,141,-0.854575671208,0.514890677084
142,142,0.573136936329,-2.11090911867
143,143,-0.866451629418,2.25956631728
144,144,-1.26121635366,1.93004940063
145,145,-0.810490371311,1.48201683393
146,146,1.87143746554,0.739132993684
147,147,-0.148997908839,1.28374357594
148,148,2.59897414358,0.352762599077
149,149,2.85205383612,-0.202915619897
150,150,0.149907848767,2.28409190489
151,151,0.833950876908,-0.62935184296
152,152,2.80331547943,-0.175383776025
153,153,2.48429019924,-0.268377719042
154,154,2.64852803496,0.385022176974
155,155,0.165914672181,-2.64869141135
156,156,0.390681213712,-2.51548883297
157,157,2.78273353721,0.0608924303794
158,158,0.34861476897,-2.08243672461
159,159,1.8682017531,0.649536296053
160,160,0.401509100671,-2.30661624664
161,161,0.355223799217,-1.7224961478
162,162,-0.445952900628,2.27023348376
163,163,0.380434366534,-0.38577811763
164,164,-1.20439401525,-1.12961646685
165,165,-0.233083554089,1.62281211465
166,166,0.110530124369,-2.94149552335
167,167,-0.714007319106,1.54001028285
168,168,1.06013569554,1.34852063879
169,169,-0.059899380264,0.090200865514
170,170,-0.968920806778,-0.569487884208
171,171,-1.12831291985,-0.95409788039
172,172,-1.02154451397,1.24087723537
173,173,-1.27662638453,-0.817997923131
174,174,-0.919988050056,-1.91588055729
175,175,0.0982482071664,1.48038879473
176,176,0.17463473692,0.851253070816
177,177,0.267571728106,-2.24627390639
178,178,-0.0548756417662,1.05663451244
179,179,-0.50683586331,-1.32692711988
180,180,-1.14450807102,-1.62938436687
181,181,0.797844132323,-0.377039963328
182,182,-0.39106360198,-1.05896709771
183,183,-0.0309435451718,1.02340136416
184,184,-0.0383852391731,0.493684179048
185,185,-0.198887896906,0.31566085166
186,186,0.429935711253,-0.396351094265
187,187,0.171353192374,-0.533955995721
188,188,-0.0160693413355,-0.73262175827
189,189,0.0646852407283,-0.244404564416
190,190,0.162807426343,0.28725129467
191,191,-1.22003534921,-2.01113336565
192,192,-0.265003586627,-2.33205272334
193,193,0.187776341678,3.06151676136
194,194,-0.209338017317,-0.793266498319
195,195,2.36528018871,0.0268563608681
196,196,2.6631469732,0.520548218969
197,197,-0.00335124863325,-2.61589715659
198,198,-0.853949826788,1.22800119101
199,199,0.407997745234,-2.07030803313
200,200,0.40771585425,1.59128812246
201,201,-0.181529896722,2.43651201857
202,202,1.38158425541,-2.20966367928
203,203,3.33605567015,-0.438808653373
204,204,-0.305916441301,2.19695169134
205,205,0.292606193602,-2.26490211547
206,206,0.303189325457,-1.43089428581
207,207,0.420397854363,-1.93150627894
208,208,-0.552737581763,1.85301465486
209,209,0.23281498821,-2.44996115404
210,210,0.512663967752,-0.593817425364
211,211,-0.411314399778,-2.17136203306
212,212,0.521998748563,2.11561837539
213,213,-0.789416008563,2.16455049049
214,214,-0.0188201508122,2.44373288773
215,215,0.414862992785,-2.02023655507
216,216,2.12934067535,-0.909684009495
217,217,1.7369285408,-1.13608364888
218,218,2.56490458648,0.230352862318
219,219,0.0293981128088,-2.46662957392
220,220,0.490804657703,-2.11036570026
221,221,1.71249663186,0.554899779573
222,222,-0.630443988465,2.45986735569
223,223,-0.129986493353,1.81639549018
224,224,-1.24777336731,1.65107420487
225,225,-0.414856685684,0.190207199171
226,226,-1.27357133028,-1.77839385236
227,227,-0.666215030121,1.95685675613
228,228,-1.23212854297,-1.80185498529
229,229,0.124949465327,1.85567194288
230,230,-1.55930980749,-1.66012032751
231,231,1.81483319255,0.964754355669
232,232,-0.0562019322531,2.00600838003
233,233,-0.390100778456,1.61952223785
234,234,-1.16587613262,2.29872173454
235,235,-1.09505409319,1.81411334537
236,236,-0.70182714362,1.49116436613
237,237,-1.11118466448,0.704621015646
238,238,-1.09495394063,1.71810647793
239,239,-0.716405814455,1.34135809236
240,240,-0.772486342494,1.44166051968
241,241,-1.18172808873,1.89130605698
242,242,0.0914347849797,-2.58993550405
243,243,-1.2609086114,-1.89990488983
244,244,-0.580271501782,2.04112905395
245,245,-0.0582126474045,1.03317512794
246,246,-1.39359733049,-0.935861656123
247,247,-0.28695061042,1.27499272693
248,248,-0.651849884728,0.258801277274
249,249,-0.460457503898,0.286521448939
250,250,-1.16390408397,0.804095969362
251,251,0.371246465474,1.38586940608
252,252,-1.60465664263,-1.24022861784
253,253,0.188937720081,-2.28474301753
254,254,0.140514968819,-1.94478965536
255,255,-0.486644044988,1.48679267117
256,256,-0.15930656997,0.68672578855
257,257,-1.25837344858,-1.64912988706
258,258,-0.305571497196,2.24289263642
259,259,0.0826185750468,-1.89908059394
260,260,0.00515911325504,-2.62449907537
261,261,0.0139626225538,-2.71665111156
262,262,0.0055404819272,2.18554778321
263,263,0.268829842175,-2.63744139656
264,264,0.187933711203,-2.38783393815
265,265,-0.173386844327,2.47766390641
266,266,-0.378678497405,-2.04303212645
267,267,2.27459254664,0.0760274070114
268,268,2.87367791865,-0.334787770804
269,269,3.05631074852,-0.235447442973
270,270,0.121414908169,-2.74493759737
271,271,0.427192054682,-2.54464703954
272,272,-0.9328655041,0.274254388388
273,273,-0.0505736974095,3.17934197561
274,274,1.10046576691,-2.24164793128
275,275,-0.480316422472,2.37452864055
276,276,0.831395656956,-2.01808244286
277,277,0.247812931147,-2.19836421044
278,278,0.00454644933696,-2.63931845729
279,279,1.04990785226,1.68416329179
280,280,0.57181754094,-2.43335146297
281,281,0.291827884511,-2.02805392532
282,282,-0.112356633352,2.21902929031
283,283,-0.079026889907,-2.82956802447
284,284,-0.586999242536,1.91201432485
285,285,-0.270344578752,2.00593571842
286,286,0.268630216264,2.86980927917
287,287,-0.528602132515,-2.10719173931
288,288,2.37090176124,0.0282761034258
289,289,2.52399180649,0.0741036072539
290,290,0.0575788946758,-2.71042265104
291,291,-0.34634881352,-2.49801262419
292,292,-1.39620334461,0.51092052252
293,293,1.10397574765,-2.05395085284
294,294,-0.445132797621,1.57099084666
295,295,-0.884069385668,1.32081173079
296,296,-1.82213372682,0.861112792938
297,297,-1.12069404481,-0.832534729145
298,298,-0.371432568561,1.48733977157
299,299,-0.595471152071,1.80450165126
300,300,-0.164867571721,-0.353057087371
301,301,0.567635795503,0.115274450689
302,302,-0.224524597794,0.441817677806
303,303,0.243761818335,0.426954040095
304,304,1.43050097732,-0.836923798488
305,305,1.0006545122,0.475133753781
306,306,-0.465416116478,0.433806664666
307,307,0.601136163108,-1.84982902988
308,308,0.752556260824,-0.136537473042
309,309,0.300929201008,-2.17039767827
310,310,1.13079220501,0.663050353996
311,311,-1.26574335697,1.18789478543
312,312,-1.37845294043,1.81530117714
313,313,-0.105653038286,-0.520052235524
314,314,0.123791414402,-2.73981378001
315,315,-0.0124559577861,-2.58043426639
316,316,2.61825306729,0.0910552124486
317,317,0.437974897908,-2.74635446714
318,318,-0.291853439315,0.307934807977
319,319,0.650432517769,-2.0575595254
320,320,0.250510376521,0.972130578954
321,321,-0.731969433885,-0.801876392817
322,322,0.836449620546,-2.15032958151
323,323,0.422165859977,0.355779330241
324,324,1.21041481641,1.44692896342
325,325,-0.438094037008,1.68364308336
326,326,-0.345069628833,1.72746697457
327,327,0.301350237118,-2.99102696982
328,328,-0.235129896939,0.990442979176
329,329,2.69961731444,-0.976526678722
330,330,-0.072520315609,0.178051998968
331,331,-0.546071959289,1.96407146232
332,332,1.07154066595,-1.1403137878
333,333,-0.477284413347,2.17465807962
334,334,-0.64053943064,2.1347263117
335,335,-0.0124405224078,3.39999359168
336,336,0.941949989139,-1.62993963062
337,337,1.73381186366,1.38798007369
338,338,0.0385467048491,-2.24760021145
339,339,0.279145128908,0.638792851581
340,340,-0.271897692567,-0.498551990042
341,341,-0.524687102108,-0.92419471434
342,342,-0.53756852541,1.19527605812
343,343,-0.926147613834,0.93202559882
344,344,-0.995145567693,0.987199012314
345,345,1.32528298787,-0.18792425082
346,346,1.66382960167,-0.471446679243
347,347,-0.31603438451,2.58467146825
348,348,-0.449786954742,2.51834361529
349,349,0.028908650998,-2.48050206622
350,350,0.455692302449,-1.80818287439
351,351,-0.10806876584,2.18658263167
352,352,0.437886494815,-1.91454353918
353,353,0.108515197265,-2.41058968711
354,354,0.0279168694295,-2.40533241586
355,355,2.24503728229,0.0762285509731
356,356,0.610427763971,-2.25707646544
357,357,0.58095735139,-2.57008057171
358,358,0.0896558234218,-2.22142273174
359,359,1.39335458451,-2.46095408421
360,360,0.843932326767,-1.44501737768
361,361,-0.0349158288913,2.13485332837
362,362,-0.402793437602,1.8783839864
363,363,-0.0699444866238,2.21549783582
364,364,-0.103586914668,2.28876801737
365,365,0.309903262083,2.74087301056
366,366,0.207288140837,-2.13642692368
367,367,0.0195507915309,2.41650001127
368,368,0.231866299719,-2.0402781899
369,369,2.22617347588,1.07083621712
370,370,2.90802172476,-0.146017889128
371,371,2.684889254,0.0331307589148
372,372,2.47840537936,0.651776767153
373,373,1.89891282503,0.240296240671
374,374,3.03929625021,0.483863453258
375,375,2.43911361853,0.0453745020067
376,376,2.59050926754,0.0743049393484
377,377,2.16059304209,-0.0079491653487
378,378,0.0958147181824,-2.97401448683
379,379,0.0219452171246,-2.54608846814
380,380,0.410973928981,-2.96291899626
381,381,2.66704321898,0.105459253873
382,382,2.79759970559,0.136760793611
383,383,2.26971925345,1.01987941641
384,384,0.00754637914954,-2.58175301057
385,385,0.233726778082,-2.61775908613
386,386,2.24446608821,0.687984118919
387,387,-0.492476759625,2.25826559074
388,388,-0.338097946083,2.19858249074
389,389,-0.345497336191,2.21833833668
390,390,-0.684517762246,2.69364649711
391,391,3.35819261043,-0.095558567435
392,392,-0.180240145788,2.38720785116
393,393,0.515412550471,-1.95602049219
394,394,-0.115651284526,-2.25919814129
395,395,0.297126370229,-2.74718371375
396,396,-0.11754634593,-2.23983578679
397,397,-0.215805137788,2.26254171701
398,398,-0.545494045656,-2.26101676205
399,399,0.321298323929,2.85594357151
400,400,0.118446810037,-2.58428915794
401,401,-0.224746376002,-2.13948632314
402,402,0.617640778334,-1.92476183349
403,403,0.917137388395,-2.03831423588
404,404,0.326150724234,2.56869198141
405,405,0.674315007853,-2.31901994292
406,406,1.04681064309,-0.796600061955
407,407,2.35958634434,0.20692000702
408,408,3.36720057063,-0.406698351812
409,409,2.73829606416,-0.306104365205
410,410,-0.212053934917,2.12951159165
411,411,2.54033237557,0.558942793995
412,412,0.322694076741,2.18235441806
413,413,2.58157036868,0.223837282951
414,414,2.94772377603,0.0784518613829
415,415,-0.116777320096,-2.33862414002
416,416,-0.200351950621,-2.59670647931
417,417,0.00921338860191,-2.11018252951
418,418,2.2727994092,0.313864913239
419,419,0.783269228888,-2.26394801493
420,420,-0.232461665556,-2.46596052753
421,421,2.68159463138,0.255609544186
422,422,0.0746390546943,2.32363924055
423,423,1.70239275431,0.561307604525
424,424,0.0721508429832,-2.70720328238
425,425,-0.157560195778,-2.40987989913
426,426,2.10800361477,1.088885687
427,427,-0.0771986334487,-1.5529689772
428,428,0.1087170277,-1.99901749115
429,429,1.03361762838,-2.05272453676
430,430,0.780675141794,-1.65810320666
431,431,0.799219795151,-2.0653777531
432,432,0.104109152978,-2.32809304465
433,433,0.0779061778856,-2.15932700533
434,434,-0.158462937441,-2.60305072437
435,435,-0.34670447954,-2.81668147182
436,436,0.908508885874,-2.16591119376
437,437,0.58794210092,-1.70295023005
438,438,0.437414603305,-3.03997292329
439,439,1.24270049809,-1.94966995839
440,440,-0.256865360946,-2.75849356498
441,441,1.21885531859,-1.96309401636
442,442,0.364708118211,-2.53569825173
443,443,2.16073622906,0.444907444014
444,444,-0.0844808795174,-1.96120332984
445,445,0.0190556488011,-2.51921257481
446,446,0.96943701741,-2.12454635126
447,447,-0.00422697441111,-3.10815501566
448,448,1.13210291621,-2.41642384249
449,449,3.03483647622,-0.0619426166337
450,450,2.94760764854,-0.246047500022
451,451,0.0209786210596,-3.4252473457
452,452,0.957599728466,-2.01448929742
453,453,-0.20423153404,-2.61077138498
454,454,0.767575657898,-1.81116195434
455,455,-0.176814210539,-2.34634642588
456,456,0.519296699791,-2.52439752518
457,457,-0.0109456189518,-2.29807425599
458,458,-0.302539171535,-2.10175205641
459,459,3.27532146274,0.062454552211
460,460,0.275375728643,-2.49866170177
461,461,0.984401822762,-2.27580071909
462,462,2.46882099142,-0.113615900731
463,463,0.471444370354,-2.72292517936
464,464,-0.872476388186,-1.50423506724
465,465,0.946208902622,-2.27162243017
466,466,0.340441170608,-2.66463881179
467,467,1.01215090125,-2.10166939251
468,468,0.226131119083,-2.27062057887
469,469,0.456755153718,-2.56464179797
470,470,-0.0403755614873,-0.396759094075
471,471,0.340506589661,2.66810029032
472,472,0.0141823305825,-2.68095714061
473,473,1.11089702971,-2.46611212976
474,474,-0.507822839145,1.59429372413
475,475,1.82638412074,2.01971495677
476,476,1.68482033439,1.96003078094
477,477,2.62661358352,-0.0107720111969
478,478,2.63433492058,0.226365585787
479,479,0.119989009173,-2.45017207172
480,480,1.07326646132,-1.64404414323
481,481,-0.584931881945,2.31385719882
482,482,-0.210422190633,-1.93946073013
483,483,-0.972899089985,1.04515102584
484,484,0.202661919816,0.13863108889
485,485,1.73006372363,0.461206412462
486,486,2.05350137064,-0.314335832883
487,487,2.49719669287,-0.137581098793
488,488,2.35582396403,0.261188757119
489,489,0.124935300139,-2.67042773698
490,490,0.643996078922,-2.45409367271
491,491,-0.997603574945,2.14735156925
492,492,0.153692893593,2.9246035785
493,493,1.23848902678,-2.00584326092
494,494,0.298755266589,2.60853101871
495,495,1.11921528052,-1.34564311598
496,496,2.1589324339,-1.0429664318
497,497,0.0448742795678,-2.12367355794
498,498,2.51300092393,0.217906846368
499,499,2.24908253685,-0.2608532899
500,500,-0.386005971215,-2.69137745399
501,501,0.0102619378716,-3.18901241703
502,502,-0.0451560137526,2.44257966023
503,503,-0.315178876522,2.93406278227
504,504,-0.443040160087,2.73784766174
505,505,-0.204082549514,2.71285433248
506,506,-0.0713242453765,-2.18878470867
507,507,2.52345724195,0.326618296427
508,508,0.292328875483,2.80741537231
509,509,0.202232461309,-2.62894033607
510,510,2.4104575224,1.84831107744
511,511,0.413237412031,-2.73833135941
512,512,0.336761700843,-2.43720745751
513,513,0.322490649311,-3.17932584688
514,514,-0.188762605658,2.24973266676
515,515,0.656848580123,-1.44812712986
516,516,2.71589462073,-0.407860833174
517,517,2.86703203258,0.198855669612
518,518,-0.0488890198038,-2.99155287372
519,519,-0.0727962277787,-2.34415897262
520,520,-0.270927523226,-2.62828063006
521,521,-0.00708449000051,-2.3381279278
522,522,0.448489299817,-2.2510691135
523,523,-0.10085563467,2.1788252896
524,524,-0.274663318506,2.61432103219
525,525,-0.00383638103809,2.24588534997
526,526,-0.00614537507979,1.70559250054
527,527,-0.101392508682,1.91802680802
528,528,-0.679776405558,2.54223350966
529,529,-0.109269047381,-2.85879029007
530,530,-0.310635329215,-1.67084024754
531,531,0.434436303302,-2.43095295909
532,532,-0.218553678043,2.67180799579
533,533,-1.16349908411,1.56202825452
534,534,-0.551588417621,2.13850638682
535,535,0.62861812363,-2.15562258736
536,536,-0.576582530375,2.10078472419
537,537,-0.491842771887,2.5894819862
538,538,-0.397809542041,1.93027463565
539,539,-0.940898007365,2.28000748697
540,540,-0.865901122255,2.15153065417
541,541,0.0850437130313,2.5484360614
542,542,-0.662628207381,2.55782128589
543,543,0.913616732941,-1.98803421821
544,544,2.11212910272,0.217616782195
545,545,2.50740818573,-0.00331665264558
546,546,2.90477573981,0.0844948485519
547,547,2.59372342249,-0.144870211676
548,548,2.3303061506,0.65843534158
549,549,-0.0761140651606,-2.19922021786
550,550,0.552423250601,-2.21602528293
551,551,0.452790876384,-0.917645191614
552,552,-0.551110638992,2.09003786587
553,553,-0.533306508566,2.12814293813
554,554,1.34888148396,-2.02096894847
555,555,1.36570086573,-0.846990814697
556,556,-0.0288650553768,1.31256392812
557,557,-0.599537217443,0.148551712018
558,558,-0.626118352368,0.899566828432
559,559,0.382301042007,0.662947855136
560,560,-0.817343030465,1.44922205153
561,561,0.890126625915,-0.278027179234
562,562,2.04609026804,0.547281940653
563,563,2.62723702895,-0.202627034349
564,564,2.63305629238,-0.224492711253
565,565,1.56089275836,-1.63511397655
566,566,2.51606848331,-0.244871960046
567,567,3.09509593999,-0.0326579677526
568,568,2.70826366526,-0.305975596018
569,569,2.40874742532,-0.187010195297
570,570,-0.125149847192,-2.28894378454
571,571,0.0586444751872,-3.01674004745
572,572,0.0935107100618,-2.62394190686
573,573,0.803805687079,0.117476757242
574,574,1.20220478086,-0.463022644833
575,575,0.507770514679,-2.28326753903
576,576,0.0314622690235,2.69541139146
577,577,0.333216494709,-1.9107335964
578,578,1.85987582746,1.15222419797
579,579,0.0720925127894,-2.64847430446
580,580,0.00018533743241,-2.89243862373
581,581,0.138610281752,2.14760503804
582,582,-0.20457938659,2.10307795542
583,583,-0.161369200087,-1.61078559281
584,584,2.72948438866,-0.228460191286
585,585,2.78284042505,-0.00620056302878
586,586,-0.118153456832,-2.87847225822
587,587,2.8271640903,0.167851369142
588,588,-0.0574952824079,-2.57009682546
589,589,0.717975944069,-1.18928282408
590,590,-1.61021770992,2.34091557201
591,591,-1.3558402537,1.43939803405
592,592,-1.71925907945,1.42654950857
593,593,-2.71457029165,-2.66534982632
594,594,-1.23540473105,2.14466915035
595,595,-0.558332874853,-2.33243475022
596,596,0.829809070667,-0.47810090606
597,597,1.94551523456,-0.0166705799196
598,598,1.81043982484,1.78269726005
599,599,0.578351551649,-2.53598195517
600,600,-0.395427448008,2.90199795643
601,601,-0.300264887738,2.52497827743
602,602,2.20884414573,-0.358933749364
603,603,0.0226455231976,-2.72782016673
604,604,0.371773666173,-2.76946069612
605,605,1.10760354426,0.748818252003
606,606,-0.120993064169,2.73611178404
607,607,1.23312321717,-2.08257516775
608,608,-1.01853732792,1.53052580347
609,609,0.961089995677,-1.97294211259
610,610,-1.48387120007,2.5488278799
611,611,1.7256731857,-2.01089014427
612,612,2.202171861,0.486160495511
613,613,0.905419938784,0.58982993979
614,614,0.684434364341,1.57126127335
615,615,0.698359997969,0.492387054862
616,616,0.578189828526,0.822692344365
617,617,0.775486498802,0.616570268734
618,618,0.441708869401,0.56130660159
619,619,0.787326831313,-1.54232758196
620,620,1.09946935258,1.40797073901
621,621,2.2324211805,0.124998583441
622,622,0.867611558727,-2.28818658507
623,623,2.39916295051,1.14548263036
624,624,0.0393066210747,1.73275315315
625,625,0.0539806389933,-1.18099488471
626,626,-0.427926201658,-0.748206978293
627,627,0.724470745164,1.63351325406
628,628,1.2605632154,0.811654843433
629,629,1.5996670392,0.510197469634
630,630,-1.17541795882,-1.40996484646
631,631,-0.198662695393,-1.90591611833
632,632,-1.7686793623,1.85791501832
633,633,-0.83824458783,-1.46612660255
634,634,2.96265622589,0.25007445096
635,635,-0.120587448518,-0.335535262637
636,636,-0.841150233625,0.843194054621
637,637,-0.125791203461,0.487177439281
638,638,4.20827546131,0.346879476214
639,639,0.352114421653,0.285804791619
640,640,-0.306518523847,-1.93705327431
641,641,0.79687653652,0.432686379299
642,642,1.47564825565,1.38875770676
643,643,-0.875101239449,-1.1944079988
644,644,-0.839354722947,2.5690900082
645,645,-0.0884181622283,1.73531942509
646,646,0.721503472929,1.02555733262
647,647,2.24744425703,1.56031641065
648,648,1.87605344882,1.27853477322
649,649,0.7298126689,2.05066186124
650,650,1.99313360985,0.962860840156
651,651,0.00215808484164,-1.37985725739
652,652,-0.591881419991,-1.82096108045
653,653,2.01374377326,0.433083463716
654,654,1.17364627321,2.49801377289
655,655,0.897967606347,1.27474456234
656,656,-0.991046760964,-1.97535236028
657,657,1.45738748627,0.788147965737
658,658,0.239121553843,1.32580742438
659,659,2.79059743937,0.294270180678
660,660,1.3288164476,1.52545734616
661,661,1.72169473,2.07191576559
662,662,1.77003923566,2.24464294954
663,663,1.16641727023,1.60224120193
664,664,1.79212449174,2.24259767762
665,665,0.859509433105,1.69110123532
666,666,1.4934655044,1.85683156007
667,667,0.424840202158,-2.63892561524
668,668,-0.273921754997,2.44884218393
669,669,1.91445045002,2.00250699976
670,670,-0.279193216917,-1.45059475413
671,671,1.41739752667,1.41321634621
672,672,2.4000133404,-0.678401947778
673,673,-0.550350942622,1.89638012835
674,674,-1.99531534991,2.28483525429
675,675,1.50459164554,-1.11376565614
676,676,0.779108945812,1.79665425447
677,677,1.17022046211,1.26014072343
678,678,2.2342234978,1.46963187511
679,679,0.224738131016,2.31312308226
680,680,1.4800843633,0.432428083579
681,681,2.65169710848,0.662455786905
682,682,3.20154395757,-0.0955736202838
683,683,2.02943113497,1.5888051397
684,684,1.68637388783,2.04284360604
685,685,-0.364830151247,2.70360559346
686,686,-0.246913356814,2.23885083231
687,687,0.0393030411337,2.31500217163
688,688,-0.0735498659359,2.25375924359
689,689,0.172867987031,2.43230621856
690,690,-0.208483274892,2.68814840581
691,691,0.827747284487,0.712949385889
692,692,2.30115344871,1.70710103577
693,693,-0.0842020460765,-2.57562791557
694,694,1.02615535536,1.44085856023
695,695,0.0257277062442,-2.40092978501
696,696,0.891014312521,1.76204205305
697,697,1.43650209107,1.87159027308
698,698,2.08675143132,0.214422550178
699,699,1.94759800723,0.153149772272
700,700,-0.395230153373,-1.7779860221
701,701,-0.329309238308,1.95658158691
702,702,-0.143585808253,2.02406173203
703,703,-0.725304171529,2.56364327978
704,704,-0.609761707504,-1.29567899136
705,705,-0.642407870858,2.43676638866
706,706,1.04895985221,1.45800069427
707,707,0.00198241272843,-2.70764984723
708,708,1.31081530094,2.38935926954
709,709,1.02784416671,1.37133571369
710,710,-0.236480058752,-2.07333479965
711,711,1.04369942489,0.39650708587
712,712,0.142241856311,-0.304023311206
713,713,-1.53019678023,-1.83642890842
714,714,0.377173740705,-2.69750881906
715,715,-0.681457471913,2.25485928155
716,716,-0.0553858577791,2.06787527034
717,717,0.117336329525,-2.30805391889
718,718,0.812336332991,1.58170524833
719,719,0.178632649773,-1.78933765625
720,720,0.816946587104,1.81656716315
721,721,-0.0989353074047,-2.34899946357
722,722,-0.307888560295,-1.55404361034
723,723,0.67024929544,0.819235168508
724,724,0.774967421221,1.7406069427
725,725,1.03715478458,0.721658926924
726,726,-0.543776935993,-2.35885818146
727,727,-0.909489030342,-2.14305388285
728,728,1.22578401955,-0.566721731497
729,729,2.06349428769,0.314766438828
730,730,-0.240762597878,-2.19462723002
731,731,-0.065105465298,-3.23580498383
732,732,-0.28362523888,-2.37392862877
733,733,3.17995823265,-0.162198089989
734,734,0.84712140836,-3.42502868827
735,735,0.187422865029,2.3288750362
736,736,-0.687635639585,-2.41874824601
737,737,-0.0862536348286,1.68745138165
738,738,1.28580063108,-1.38423004575
739,739,-1.56197668904,2.25657613646
740,740,0.712545664425,-2.13895031506
741,741,0.101979570918,1.71624502361
742,742,-1.22194735732,1.56333755924
743,743,1.93052351312,-2.44571831906
744,744,0.602806518303,0.453054867354
745,745,-0.861365733629,-1.92086104129
746,746,0.419785131355,-1.56651845226
747,747,0.624482809508,-0.65278423935
748,748,1.867750961,-1.38328018394
749,749,-0.209869989364,-3.11009832204
750,750,-0.130419715532,-3.21990576986
751,751,-2.0160767207,-1.65894899697
752,752,0.332752510268,2.07177046244
753,753,3.35735380402,-0.0149856271193
754,754,0.421598220609,-2.41503689775
755,755,0.0944586898854,-1.55707834074
756,756,0.444233961929,-2.12686589804
757,757,0.387405796909,-2.2414912552
758,758,-1.1806184564,-2.56042156219
759,759,0.221874469502,-2.06039439918
760,760,-0.967952685031,-3.04915634762
761,761,-0.449558327806,-2.02729557443
762,762,1.00393687784,-2.33270565728
763,763,0.198576312489,2.43182507153
764,764,1.46701320084,0.547484800621
765,765,0.57205156181,-2.23765936408
766,766,-1.41851587232,-1.57288045094
767,767,-0.782426111251,-2.7751069996
768,768,0.0512948945694,-1.81319203585
769,769,-1.9254330569,-1.68043250148
770,770,-1.26024909201,-1.96374187553
771,771,0.422209660051,-2.39747095847
772,772,-0.930737138694,-2.31608406233
773,773,1.1977516653,-2.13541239663
774,774,1.90818740866,1.26415001115
775,775,1.27930897222,-2.8504153169
776,776,1.23854620859,-2.12564051409
777,777,-0.860097810943,2.33420641633
778,778,1.21144713139,1.43861337191
779,779,0.176417976265,1.60940679737
780,780,0.272074435534,-1.77468491831
781,781,0.181062418266,2.41152595197
782,782,0.133569048706,-2.36294237451
783,783,-0.0119447833587,-2.51948285289
784,784,0.493202683536,-2.37389151121
785,785,-0.357499191479,2.05011188666
786,786,-0.184230327212,2.25949273467
787,787,-0.626935757483,2.22704816993
788,788,-0.31014038913,2.51538466456
789,789,0.25018307514,-2.12935700137
790,790,0.212758369267,-2.94256670617
791,791,-0.295104585323,2.51275312898
792,792,0.00533146826527,-2.53642452142
793,793,1.46777444403,-1.55043132539
794,794,-0.323723067341,2.28568359481
795,795,-0.10422162559,2.24844547482
796,796,-0.0765894492945,2.33218801036
797,797,0.664447820577,-2.48108757814
798,798,2.35434185721,1.09652993633
799,799,2.63476069551,-0.238588242078
800,800,2.48573640558,-0.267160927618
801,801,2.37954627524,0.199809470101
802,802,0.077471633663,-2.72979729815
803,803,0.158481554522,-2.62077863681
804,804,2.61387875241,-0.341243328292
805,805,-0.173254561141,2.65584709362
806,806,0.313683120062,2.13502485365
807,807,-0.0685463806863,2.47228027346
808,808,0.390705349464,2.54284613925
809,809,-0.0757959609264,-2.09854914297
810,810,0.19668497656,-2.57552806692
811,811,-0.185358963934,-2.65507286521
812,812,-0.167861740858,2.51119337724
813,813,0.203694928747,2.88488720287
814,814,0.341002600006,-1.72118868339
815,815,2.36897892856,0.500784168967
816,816,-0.381637634239,2.27282883044
817,817,-0.124333877395,2.82347903228
818,818,0.793540629696,-2.42641147123
819,819,-0.0495719955263,-2.69565472803
820,820,0.00501304323178,2.86490507592
821,821,0.169014759838,-2.17005340871
822,822,2.85269830628,-0.0197674464807
823,823,2.70994835782,-0.00729930766241
824,824,-0.545673366312,2.33883258769
825,825,-0.117138164668,2.04929831554
826,826,2.8432325134,0.0869588193407
827,827,0.517776601491,2.77912275129
828,828,0.121929199671,-1.79218977512
829,829,0.210217707745,-3.01653084438
830,830,0.022723395074,-2.25213458697
831,831,2.34116059528,-0.209411749657
832,832,0.0769214904217,2.55402447894
833,833,-0.0502431366121,2.5800146506
834,834,-0.255771953672,-2.06146517414
835,835,1.70189240368,0.165920271047
836,836,1.78025464198,0.525452483414
837,837,2.37427782669,-0.432944105495
838,838,1.95244981989,0.184930367724
839,839,0.2639801376,-2.19592944923
840,840,0.571161054284,-2.33811933661
841,841,-0.155747650332,2.4034769317
842,842,0.862914010319,-2.30229052815
843,843,-0.0173630305519,-2.46463355695
844,844,0.14013017763,-2.76150449186
845,845,0.0257834194301,1.91213233235
846,846,0.0770123797863,1.89974242897
847,847,0.221135085357,2.63815514322
848,848,-0.0451181547559,1.96450082782
849,849,-0.162094806537,2.14420661544
850,850,0.185988658694,-2.57664103461
851,851,0.239664443217,2.55371349067
852,852,1.06052916209,-2.21771737293
853,853,-0.0365588050787,2.40307157372
854,854,0.490420123477,-2.91073597709
855,855,0.216685776641,-3.04727051594
856,856,2.78048410688,-0.199183914273
857,857,0.0501631138393,-3.03837304579
858,858,-2.86492723314,0.0160091381274
859,859,-1.63742230313,1.75145649278
860,860,-1.63237136256,1.36928329769
861,861,0.335921018978,-0.925062230066
862,862,-1.77990716016,-2.10932470152
863,863,-1.3834905962,2.35567343508
864,864,-0.664514436375,-2.14625283443
865,865,1.87128354743,0.449134444887
866,866,2.77763674796,0.333874638785
867,867,2.76310815739,-0.0615294937941
868,868,0.0868744904289,-2.48218570583
869,869,0.533201999142,-2.41351461695
870,870,0.431985335139,-0.766448760286
871,871,2.1529364794,0.329302621487
872,872,0.219116089757,-2.33647938767
873,873,-0.694395233539,1.7328875998
874,874,0.0507134295386,1.26446818623
875,875,3.11325988223,0.272135633622
876,876,-0.00584262509292,-0.385710419859
877,877,-0.0924292971462,-1.06809445705
878,878,-0.0425887664334,-2.82413988368
879,879,-0.235072344883,-1.19169967577
880,880,-0.44471992516,1.1927401595
881,881,0.00597373686725,2.44083205189
882,882,1.97388781242,0.14518109932
883,883,2.20205756592,0.444575598528
884,884,2.54812598048,-0.23279235981
885,885,-0.425707253798,-2.5799919398
886,886,-0.0976222585883,-2.66158046314
887,887,0.0145726791545,-2.9293320403
888,888,2.81804813052,0.272846025645
889,889,0.195189735365,-2.44100709441
890,890,0.298528904527,-2.76373150126
891,891,1.92226559452,0.634363644671
892,892,0.164767207986,2.6403704811
893,893,0.323905339813,-2.52049150256
894,894,1.15461012314,-2.28482627172
895,895,0.462519111939,-2.31849650403
896,896,0.0971491095095,-2.52684379141
897,897,0.114052176372,-2.97482079311
898,898,1.37458572407,1.44597662728
899,899,0.458257686521,-2.27514516889
900,900,1.41879084062,0.752097347156
901,901,-0.023486063083,2.65378729819
902,902,1.20652587609,-1.41378090268
903,903,-0.00830797801838,1.87899979254
904,904,-0.329417056978,1.75517479749
905,905,1.95222463679,0.844063293711
906,906,1.79423042611,0.648660007621
907,907,1.48067633237,0.797229439277
908,908,1.3273865602,-0.294039274572
909,909,2.01707923366,0.457135610112
910,910,3.03151800305,0.192018959907
911,911,-0.156632111256,2.67240022223
912,912,2.61444836559,0.574237724453
913,913,2.65557151207,0.094322918932
914,914,2.20575717245,-0.832450656749
915,915,-0.130891731832,1.42886520489
916,916,-0.0556657274954,2.20386124189
917,917,0.100707169173,-1.97921725968
918,918,0.112253417603,-1.91583520271
919,919,1.74318813811,-0.73088829795
920,920,1.19972622296,-1.93903445935
921,921,0.518708608314,-0.269758158572
922,922,-0.116544823269,-2.76842151089
923,923,1.00505481708,-2.14581596031
924,924,-0.64880625963,1.96646722142
925,925,-0.199750858843,1.41945266685
926,926,-0.862261302127,-1.61127031542
927,927,0.0907573188033,-2.18568088666
928,928,0.0336019282664,0.980201431381
929,929,0.764036997286,1.82709731334
930,930,-0.120908466179,2.5898124858
931,931,2.26558643568,-0.161642661105
932,932,0.948104345581,-0.652553613193
933,933,2.62903843421,-0.179025040922
934,934,2.99093212905,-0.131139707084
935,935,-1.92834031423,-1.98233756174
936,936,0.947298355461,0.538863399799
937,937,1.13530807758,-0.584468899281
938,938,-0.300729714732,-1.90426819089
939,939,-1.09718571681,1.31380713847
940,940,-0.456950091396,1.30454664528
941,941,1.30779785558,1.6297303459
942,942,1.80709210649,0.745891798207
943,943,-1.15790852336,0.433992123286
944,944,0.0652700966889,0.814846174442
945,945,-0.515046817683,-1.75208517738
946,946,-1.64300222367,-1.7631245863
947,947,-0.346191737831,1.5815824734
948,948,-0.768102029074,-1.34332655026
949,949,-0.703278880606,-1.9797822812
950,950,0.369051935966,0.895682514553
951,951,0.182277541348,0.954117180132
952,952,-0.0539486283746,-1.9626486642
953,953,-0.452717231035,-2.96242288535
954,954,0.419688044966,0.94561435288
955,955,-0.364428882267,-0.965420063358
956,956,0.315843830773,1.9809784684
957,957,0.231621302351,0.911680978704
958,958,0.653624982384,-2.30903382066
959,959,-0.180177467126,-2.30082900231
960,960,-0.23409120377,-2.14213749252
961,961,0.578846675389,-2.41583095088
962,962,-0.0144197838831,2.58160641521
963,963,1.03658086316,-0.628548825434
964,964,0.285559764653,-2.59732867729
965,965,-0.13471722986,2.51008005921
966,966,1.00388870646,-0.183966623333
967,967,2.99709163225,0.450447502132
968,968,-0.93517126508,-1.49385533868
969,969,-1.75305093507,-1.93145056399
970,970,-1.09282542817,-1.66929742343
971,971,0.242618576004,1.64472778773
972,972,-0.766044360115,-0.728204174558
973,973,-1.93827958139,-2.14610916755
974,974,-1.34907980963,-1.65100093017
975,975,-1.44544485563,-1.65657276615
976,976,-0.710607486049,-1.71287263587
977,977,-0.54984281594,-2.16179062896
978,978,-1.16143892912,-2.00876096215
979,979,-0.308256924916,-2.07480567043
980,980,0.457300033432,-0.881475089939
981,981,2.83432240605,-0.15412712971
982,982,0.38729362106,-2.29994859808
983,983,-1.03419331357,-1.6346099162
984,984,0.164027321576,2.83381658435
985,985,-0.224211840854,-1.37911951771
986,986,-0.658992459493,-1.70221547616
987,987,-0.963344493574,-2.02579444364
988,988,0.118596355906,1.28890495725
989,989,-1.07427917042,-1.66455808413
990,990,-1.34887171046,-2.14435393683
991,991,0.0676687145133,3.02882567743
992,992,0.0862410331276,-1.62423336901
993,993,-0.117023358008,-2.67277626054
994,994,0.390801657184,-2.83126715792
995,995,1.82021532218,0.396456217754
996,996,0.000402664928623,-2.49557856777
997,997,-0.669235156248,-1.435334639
998,998,-1.33338760603,-1.43700695534
999,999,0.0514550650334,0.323126601505
1000,1000,-0.568184759879,0.968055191078
1001,1001,-0.502311770763,0.854638139273
1002,1002,-1.21388391136,-1.25657744373
1003,1003,-1.61130801062,-0.941584611919
1004,1004,0.0608642326966,2.51134283429
1005,1005,-0.496257183257,2.38205947598
1006,1006,1.397266413,-1.77889734987
1007,1007,0.167138749041,-0.390667159067
1008,1008,-0.293893262051,2.45066854644
1009,1009,1.08126956573,-1.86337189386
1010,1010,2.50358745663,0.249600321015
1011,1011,2.32040491468,0.0686257239406
1012,1012,2.89186415656,-0.0313902399964
1013,1013,0.973763937326,-1.87307113645
1014,1014,0.207351343548,2.11573599241
1015,1015,0.44194771819,-2.39000401431
1016,1016,-0.580371163172,-0.618285241234
1017,1017,-0.377542071872,1.81113159128
1018,1018,2.27458959554,0.00271139633329
1019,1019,-0.0757010419402,1.70345983049
1020,1020,0.477497935226,-1.67485806916
1021,1021,0.622120716762,-0.0450405643792
1022,1022,0.123370325479,-1.76100182752
1023,1023,-0.630342365278,1.74418058449
1024,1024,-0.402705309418,1.0084852094
1025,1025,-0.181026410725,0.977137545067
1026,1026,0.542986171427,0.403551132384
1027,1027,-0.342747616588,-0.117129891492
1028,1028,-1.13209338422,0.397141501322
1029,1029,2.37971706351,0.344812137479
1030,1030,-0.410234720929,0.904299800851
1031,1031,0.90373692668,2.19496418367
1032,1032,-0.507474557211,1.04885308735
1033,1033,-0.888632537369,-0.323759925066
1034,1034,-0.372727955569,-1.78490777799
1035,1035,0.648881863134,-1.05516660784
1036,1036,-0.389321017679,-0.775173943069
1037,1037,0.538560937225,2.59055706955
1038,1038,1.27821703918,-0.690099604577
1039,1039,2.33049657692,-0.5137425593
1040,1040,0.0596051239695,-3.02318640721
1041,1041,2.42544219713,0.319156466578
1042,1042,0.317576725871,-2.53483957178
1043,1043,0.227435400991,-3.15705118634
1044,1044,-0.798711369481,1.71850802726
1045,1045,-0.858398000377,2.13543516015
1046,1046,-0.582653181147,2.13078069867
1047,1047,-0.375545653014,1.62246745495
1048,1048,0.988295616092,-2.10478918731
1049,1049,0.034931927498,2.65310650875
1050,1050,1.57628191073,-2.23817415674
1051,1051,0.41384485121,-2.32222799009
1052,1052,-0.695773546975,2.16427732502
1053,1053,-1.03421651225,2.28416147527
1054,1054,-0.704450646081,2.37074179252
1055,1055,-0.517743776047,2.90538374944
1056,1056,0.737077914097,-2.3232667992
1057,1057,0.643882353391,-2.01461874182
1058,1058,0.332580463154,-2.3360671789
1059,1059,0.103400348619,1.58541722067
1060,1060,0.103258329218,2.32689571744
1061,1061,1.0062741325,-1.62350822074
1062,1062,-0.123483408803,-2.38079721885
1063,1063,0.761381646245,-2.05528356236
1064,1064,-0.253736832707,2.06702473555
1065,1065,0.017179773427,2.58404193488
1066,1066,0.270961313517,2.45930180079
1067,1067,-0.377173463845,2.43971498421
1068,1068,0.496878607132,-1.73532768135
1069,1069,0.287702878632,2.81853855533
1070,1070,-0.86200327008,2.58965177009
1071,1071,0.147079835527,-1.8995199987
1072,1072,2.0207990911,0.585357959702
1073,1073,0.0526565642696,-3.20690986538
1074,1074,3.04808814122,0.653820533147
1075,1075,-1.04482899232,-1.2027886289
1076,1076,0.587739517261,0.667107127142
1077,1077,-1.5970230866,-1.4562085687
1078,1078,-1.29513862376,-1.19832497396
1079,1079,-0.539370505567,1.64955314746
1080,1080,-1.65490366982,-1.65461455243
1081,1081,-1.76107192709,-1.55226940106
1082,1082,2.19114196644,0.208347441523
1083,1083,-1.57648064227,-1.49933868035
1084,1084,-0.64786932527,1.9343831566
1085,1085,0.251756503071,1.35729432163
1086,1086,-0.119527770747,0.429445594667
1087,1087,-1.20753058607,0.766194372334
1088,1088,0.541158427506,1.58189652768
1089,1089,-0.22694916216,1.13074438397
1090,1090,-0.502128328203,-1.06557559351
1091,1091,-1.09703985378,0.962442915905
1092,1092,0.300889070178,1.42508424323
1093,1093,-0.741740976324,-1.4588640756
1094,1094,0.136176281066,-2.77065565599
1095,1095,-1.08861095082,2.81163607703
1096,1096,0.602135560447,-2.84389717777
1097,1097,0.193510640485,-2.48561414224
1098,1098,0.756302944486,-2.35915638716
1099,1099,-0.131788147041,-2.5667198212
1100,1100,0.548588760989,-1.9876706017
1101,1101,-1.38856689488,-1.65089219091
1102,1102,-0.282059259016,-2.16017788877
1103,1103,0.499594521509,-2.54445584531
1104,1104,-1.00221395562,-1.44910913351
1105,1105,0.0837817929297,-2.28090856382
1106,1106,2.67939570822,0.117912127148
1107,1107,-0.174385638892,2.5432506196
1108,1108,-1.65370557992,-1.7972597927
1109,1109,-0.18719248562,2.23708491648
1110,1110,0.464457330813,-1.39464530788
1111,1111,-0.012800465563,2.5809278448
1112,1112,0.69083942104,-1.79041911796
1113,1113,2.70917173115,-0.0612603001414
1114,1114,1.66556106367,0.790345252853
1115,1115,0.0617883228958,-2.65120135212
1116,1116,0.562862581809,-2.27374409364
1117,1117,-0.445937930266,1.15291590602
1118,1118,1.09610697051,-1.63969570708
1119,1119,1.47700093445,-0.994231695819
1120,1120,-0.821254025646,1.72086070998
1121,1121,-0.31567769383,2.00930161867
1122,1122,-0.200808957257,2.46667777685
1123,1123,1.33618042949,0.428254159745
1124,1124,-0.899501749533,-1.61167055657
1125,1125,1.30490516763,-1.74351111316
1126,1126,-0.287945501814,2.5060026014
1127,1127,0.304637582615,1.20816062905
1128,1128,1.57333668566,-1.12723708834
1129,1129,-0.724603805847,2.0974711049
1130,1130,0.770874940689,-1.48011580094
1131,1131,-1.1838357952,-1.93861130466
1132,1132,0.368210422521,-1.90937927054
1133,1133,-0.17717881907,-2.72269791123
1134,1134,0.41147493011,-2.64698339048
1135,1135,0.656279253022,-1.88248270102
1136,1136,0.252250533884,2.66479349694
1137,1137,0.00819706548161,-2.25337823529
1138,1138,0.209429685097,-2.44440034077
1139,1139,0.575022860197,-2.36322217198
1140,1140,-0.398144087679,2.19538289569
1141,1141,0.371776521675,1.93243703777
1142,1142,-0.551440972745,2.27341154787
1143,1143,1.0638592807,-1.3488974927
1144,1144,1.75790816978,1.14387756753
1145,1145,2.59544258174,-0.00286974563964
1146,1146,1.30547307862,1.70907173542
1147,1147,0.534693404091,2.39992292016
1148,1148,0.135378038256,-2.48806005346
1149,1149,0.496877997153,-2.55556360021
1150,1150,2.80874446037,0.497502512233
1151,1151,0.0362321402111,2.68016636713
1152,1152,0.709068666118,2.85897007061
1153,1153,2.69393223745,-0.2458286863
1154,1154,-0.355641536432,-2.40998110495
1155,1155,0.0919011761727,-2.45401665576
1156,1156,1.95944035639,0.465985750743
1157,1157,-0.0840925898058,2.43915626416
1158,1158,1.9561745078,0.236042959531
1159,1159,2.53274659352,-0.0163810514704
1160,1160,0.178992259671,2.72215993944
1161,1161,0.214293285486,-1.20500219432
1162,1162,-0.193046605102,2.32959422502
1163,1163,0.367614972471,2.0711926947
1164,1164,0.831908842987,-1.95512147255
1165,1165,1.42853034962,0.457595237625
1166,1166,0.444589200987,1.75796801116
1167,1167,2.68250884978,-0.00779556636512
1168,1168,1.30255208036,-1.97151526349
1169,1169,2.76298686705,-0.141524729461
1170,1170,2.22890469541,0.488543607062
1171,1171,0.102061362936,-2.67196497751
1172,1172,0.275581823392,-2.70651490509
1173,1173,-0.304693146524,2.34728366004
1174,1174,-0.0837045021617,2.7134760217
1175,1175,0.0469917672085,2.47907679229
1176,1176,-0.113523013843,2.61561899907
1177,1177,0.151389080542,-1.91031643509
1178,1178,1.49730264177,0.505461262412
1179,1179,-0.231523982915,-2.55354651913
1180,1180,-0.147332573198,-3.15933995578
1181,1181,2.20454278388,0.119842248591
1182,1182,-0.786384281161,-2.93812274763
1183,1183,-0.154029837555,2.74069182889
1184,1184,-0.0395103777871,2.69466481137
1185,1185,1.30307038768,-1.99872598972
1186,1186,-0.488041075562,-2.49898377036
1187,1187,-0.642326637023,-2.14386477805
1188,1188,0.876356447501,-1.571329833
1189,1189,0.233106190289,-2.88696848464
1190,1190,-0.484815695135,-2.41048354304
1191,1191,0.0619690113827,-2.20625007378
1192,1192,-0.203690106339,-2.39332493638
1193,1193,-0.171065473622,-2.21381627548
1194,1194,-0.0167324986857,-1.83760910986
1195,1195,-0.211801779809,2.48522849591
1196,1196,2.17276576789,0.290496768705
1197,1197,2.76174398283,-0.0532745294845
1198,1198,2.54751812815,0.0441093226117
1199,1199,2.49629839854,-0.135105960288
1200,1200,0.738558716969,-2.7298980535
1201,1201,0.814410419001,-1.98176294946
1202,1202,-0.587297601717,1.97541589345
1203,1203,-0.798153264755,2.78900098318
1204,1204,-0.340452077165,2.15454139156
1205,1205,1.3827241583,-2.04277612522
1206,1206,-0.492557848403,2.50213919735
1207,1207,0.0723029452698,-2.64696632353
1208,1208,-0.0252862419041,-2.2749641002
1209,1209,2.38893629606,0.185107419287
1210,1210,3.00650655635,0.384318922534
1211,1211,0.0814070130748,2.33570731066
1212,1212,1.08577110453,-2.10207889271
1213,1213,2.50680551656,0.147387607501
1214,1214,1.88860704291,0.613088228789
1215,1215,-0.0805526746076,-2.67664310843
1216,1216,0.0811136214864,-2.0136008503
1217,1217,0.0992378842538,-2.40780909497
1218,1218,0.258536422247,-1.83434571769
1219,1219,2.19283206614,0.207508479937
1220,1220,1.58916411411,-1.41098997247
1221,1221,1.26017568397,-1.04973677602
1222,1222,1.48490013084,0.848971605136
1223,1223,1.35013199662,-1.05876142377
1224,1224,2.66261988459,0.0317279674995
1225,1225,3.01544631029,-0.189410750162
1226,1226,0.280329059833,-0.132744066692
1227,1227,-0.288321399893,3.12947083134
1228,1228,0.63494360335,-0.0389750955974
1229,1229,0.0136340338221,2.47253021423
1230,1230,-0.258300335801,-2.9209703041
1231,1231,0.30367986833,-3.05786532149
1232,1232,0.171896278034,2.73314539304
1233,1233,1.1443524254,-2.14631094828
1234,1234,0.0095629326044,2.19932542332
1235,1235,0.0388158157737,-2.29821635637
1236,1236,2.64974368974,0.0750181581021
1237,1237,0.224102651752,-2.33631823168
1238,1238,0.108269129881,2.72656125201
1239,1239,0.935895936751,-1.7852102592
1240,1240,0.0119827220652,-2.06739474506
1241,1241,2.72149721601,-0.279111378183
1242,1242,0.263867038602,-2.33496404725
1243,1243,0.22757911533,-2.56658497576
1244,1244,0.568137451866,-2.09021497661
1245,1245,-0.0845615407129,2.75020084098
1246,1246,0.216672462143,-2.59126839644
1247,1247,-0.00580491719287,2.31748995799
1248,1248,-0.340399883286,2.82662197965
1249,1249,0.631077058358,-2.42870554373
1250,1250,0.0341521955445,2.1112738468
1251,1251,-0.152710436282,2.57651819603
1252,1252,0.0178405354309,2.70755302095
1253,1253,0.798269814799,-2.06786591144
1254,1254,2.23204164222,0.559451308673
1255,1255,2.56147644233,-0.106992791494
1256,1256,2.26888827723,-0.266938748815
1257,1257,2.63732269949,0.0176528575548
1258,1258,2.46911376039,0.890658018636
1259,1259,2.5783436377,0.261915518869
1260,1260,2.86265670935,-0.0053484486887
1261,1261,2.28341455712,0.214947505579
1262,1262,-0.0469411707692,-2.10543286217
1263,1263,0.0519341539354,-1.98786700947
1264,1264,2.56104884214,-0.200380622908
1265,1265,0.263000330632,2.91506913038
1266,1266,1.22690628366,0.0984424039957
1267,1267,1.74155741744,-0.294836595208
1268,1268,-0.192069495478,-2.54049383222
1269,1269,0.127782842817,-2.38763778509
1270,1270,1.93481495394,-0.255222164818
1271,1271,0.38252374658,2.46472435512
1272,1272,1.66834104743,0.419565383226
1273,1273,-0.293365186036,-2.0960714693
1274,1274,0.648591614496,-0.494344301599
1275,1275,-0.03208120243,2.55768252168
1276,1276,0.316971059718,-2.34090379975
1277,1277,0.841636305088,-2.60708225534
1278,1278,2.61690849506,0.191474660753
1279,1279,2.23492477947,0.0927254373827
1280,1280,0.58987852099,-0.261325270227
1281,1281,2.48110582144,-0.151813560753
1282,1282,2.62596351978,-0.306523029485
1283,1283,2.4678648894,0.310277199409
1284,1284,-0.526721957614,-1.83144947838
1285,1285,1.55682571361,-2.00369086235
1286,1286,0.0764133779689,-0.522537255286
1287,1287,1.82883940326,0.817023692606
1288,1288,-0.222280448011,-2.19956555399
1289,1289,-0.184609564406,-2.42852274732
1290,1290,0.105525789298,-2.56431374057
1291,1291,0.858501524192,-0.568457969994
1292,1292,0.765743253492,1.93221048922
1293,1293,2.44736651688,0.0869408575372
1294,1294,2.3691404606,-0.0478807730799
1295,1295,0.720139772639,-0.609083485312
1296,1296,0.0213419117702,-2.79487041996
1297,1297,0.266461458338,-2.51968222204
1298,1298,1.38989262759,-0.789245380245
1299,1299,-0.10657833701,2.90160379416
1300,1300,0.928334252561,-2.46394982488
1301,1301,0.00707981272353,2.60334501995
1302,1302,-0.384407560336,1.9425759661
1303,1303,1.42874141962,-2.54378339058
1304,1304,-0.450689575666,2.33379720223
1305,1305,-0.579249250936,2.22055288721
1306,1306,-0.485856495555,2.60896546556
1307,1307,-0.460496246613,2.59800632876
1308,1308,-0.233620351427,2.47985221301
1309,1309,-0.555426782405,2.54582468864
1310,1310,0.549407591365,-2.35232821233
1311,1311,-0.172892630385,-3.17227161288
1312,1312,-0.469522243539,2.78502633127
1313,1313,0.203790493858,-2.07337822281
1314,1314,1.70601983108,-2.82104669083
1315,1315,0.280986249018,-2.16168589018
1316,1316,-0.880661881014,2.53560055499
1317,1317,0.231574379192,2.66014923505
1318,1318,0.745702297723,-2.30727492409
1319,1319,-0.351696088615,2.5005120854
1320,1320,0.127923484071,2.41570359142
1321,1321,-0.57150651276,2.30114670069
1322,1322,0.354327856788,2.0685355149
1323,1323,-0.267397244324,2.54597074679
1324,1324,0.749195720554,-2.05564222359
1325,1325,1.15306899718,0.850453947839
1326,1326,2.51951771164,0.275029156312
1327,1327,0.201607603598,-2.57697631032
1328,1328,0.187347668708,-2.45897457187
1329,1329,3.10339217451,0.0808570363478
1330,1330,0.232968602643,2.79683248633
1331,1331,1.14799980621,-2.07720538321
1332,1332,1.64087648792,0.51112746167
1333,1333,0.0555128692589,-2.68859561045
1334,1334,-0.409851155667,2.19918735001
1335,1335,1.19179758653,2.42352089875
1336,1336,1.21175141063,2.32791879658
1337,1337,0.1102124677,2.06701086914
1338,1338,1.57637421979,0.666604317271
1339,1339,0.130084454482,2.17577451218
1340,1340,1.75018387502,1.76339408127
1341,1341,1.49398413372,1.45007510252
1342,1342,2.11296589614,1.56369243306
1343,1343,-0.195705795179,-2.31188099478
1344,1344,0.256054289024,-2.00772177584
1345,1345,1.70760375493,1.01163434444
1346,1346,0.134509906076,2.31590217963
1347,1347,2.37841952608,0.602048547365
1348,1348,0.749791661959,1.60056751794
1349,1349,-0.0832396349493,2.5984045616
1350,1350,-0.362509768648,-1.71047329812
1351,1351,1.93742875351,0.922808183403
1352,1352,-0.805142208099,-0.712897302037
1353,1353,0.460805020035,-2.27947017113
1354,1354,-0.187897368405,1.82387149918
1355,1355,1.52354318005,1.10167549886
1356,1356,1.91005074751,0.203486552296
1357,1357,1.15136039721,1.70153370158
1358,1358,0.87118742122,1.70836182756
1359,1359,0.948870617153,0.655907478528
1360,1360,2.42337296224,0.593346102197
1361,1361,0.677428003896,0.368386914151
1362,1362,-1.21841122063,-1.56812427978
1363,1363,-0.321755953241,-1.67761831159
1364,1364,2.27322867386,0.355087336359
1365,1365,1.12092350675,-0.532482375661
1366,1366,2.41138081975,0.068911627321
1367,1367,-0.238935146504,0.972101183986
1368,1368,0.400606566639,1.97749786348
1369,1369,0.173516514743,-1.90552239593
1370,1370,0.0659182429458,2.8548227013
1371,1371,2.5014084371,-0.49235681407
1372,1372,1.7424261841,0.412016696887
1373,1373,-0.00035320399561,1.41578302229
1374,1374,1.70408345457,0.762649087187
1375,1375,1.31221740272,1.41304853409
1376,1376,0.523776343074,0.827580773948
1377,1377,-0.849751227526,-1.05028818398
1378,1378,0.576038146593,-2.19512983604
1379,1379,1.6787524928,1.00134851365
1380,1380,-0.0346597779681,2.26234505281
1381,1381,0.731367629595,1.0476695938
1382,1382,0.317245925977,-2.51028905254
1383,1383,-0.0418338692161,2.37999298205
1384,1384,1.32096240375,0.474409868896
1385,1385,1.94458471313,0.678929787874
1386,1386,1.51393940205,0.777768183958
1387,1387,1.72922253206,1.41818127221
1388,1388,2.8975356853,0.987529732892
1389,1389,2.20222718566,1.76669813318
1390,1390,-0.0101460250378,2.51969003727
1391,1391,-0.077929716152,1.9520077646
1392,1392,0.81561540685,-2.32838087199
1393,1393,0.537888804486,0.727154736307
1394,1394,0.946935527424,0.156726903636
1395,1395,2.42590951456,-0.0558372215504
1396,1396,2.97281649085,0.710588422975
1397,1397,1.56755483799,-2.48249606642
1398,1398,0.534484789995,1.27729915075
1399,1399,0.243815138372,-2.72342157415
1400,1400,1.2694809387,0.201583626294
1401,1401,-1.29296824056,-0.956141163943
1402,1402,-0.266655475843,2.48084073443
1403,1403,1.34012967736,-0.0278828960794
1404,1404,0.0880205981207,2.12842309046
1405,1405,0.784501736302,1.22750881581
1406,1406,-0.0210417828191,2.79058219825
1407,1407,0.036335313452,3.80944587504
1408,1408,0.382684722551,2.71480101288
1409,1409,0.495404936696,3.16415845234
1410,1410,0.264871474574,2.37158754344
1411,1411,-0.0924638969938,2.5564735624
1412,1412,0.263258008242,2.60343322023
1413,1413,0.598500372589,2.63153553035
1414,1414,-0.0755373790756,2.70256116143
1415,1415,0.0746190409886,3.00780668643
1416,1416,0.117581972465,3.00913828057
1417,1417,1.85601313535,0.0883869136401
1418,1418,-0.333735106237,2.44040638608
1419,1419,0.956522237036,0.53242385196
1420,1420,-1.01356203717,-1.08852528694
1421,1421,0.139724676407,0.0835800409454
1422,1422,0.771149957659,0.029614208972
1423,1423,2.85432922144,0.511173040537
1424,1424,-0.327741551537,-3.18503092631
1425,1425,0.155645920533,2.03653912104
1426,1426,0.145429936461,0.679176562299
1427,1427,2.4471675071,0.437648268846
1428,1428,3.66000095018,-0.896395614509
1429,1429,2.88493821333,-0.474795721502
1430,1430,1.96388866916,0.882598005475
1431,1431,2.37455095984,0.713845903988
1432,1432,3.09570872256,0.686230116244
1433,1433,1.66227609827,-0.119333230731
1434,1434,0.824944202488,0.6941336334
1435,1435,1.80345249117,0.908889456922
1436,1436,-0.0889251197119,-2.88612210671
1437,1437,2.33052330089,-0.275702646636
1438,1438,0.03961932039,2.02039057637
1439,1439,1.43774507211,1.81957601155
1440,1440,0.69839558718,1.35169096313
1441,1441,0.180131246324,0.984167979188
1442,1442,1.06964642065,2.12675896228
1443,1443,0.253150942689,-2.35166379238
1444,1444,2.08385109864,2.49529421167
1445,1445,1.16081521008,2.74114886969
