,vote,alpha,beta
0,0,-0.118133301171,2.3967503647
1,1,-0.400485851136,-2.52358424906
2,2,2.74388454606,0.272339847257
3,3,2.25489783014,-0.0335083869954
4,4,0.840556394024,-1.5084483941
5,5,2.79469869674,-0.508247000333
6,6,2.02121852746,0.399034926727
7,7,2.20761358435,0.522692766704
8,8,0.112078151366,-2.08967164305
9,9,1.33164596056,-1.49634541942
10,10,2.59155843821,0.286629479562
11,11,2.96266188284,-0.411447379194
12,12,2.46897335151,0.706129782287
13,13,2.68501179332,0.0364758433755
14,14,2.93871040114,0.107453714003
15,15,2.00039546793,0.122014919844
16,16,-0.223320531353,2.48920163709
17,17,0.465233264741,-0.705855336356
18,18,2.50026145073,0.204029617625
19,19,2.6385384375,-0.200295696727
20,20,1.62681564827,-0.940972688263
21,21,-0.105428838069,-2.783371372
22,22,-0.0624825160818,-2.50533018352
23,23,2.86892313449,-0.165867383548
24,24,0.57429869205,-2.02604601781
25,25,1.33788721244,-0.189176498424
26,26,-0.758322192808,-0.152531544548
27,27,-0.053941828365,2.83538553842
28,28,2.5901500619,-0.0812473429443
29,29,2.77208951203,0.218609566357
30,30,2.33010601782,0.129316264132
31,31,2.45690929709,0.0207723315095
32,32,0.353405399183,-2.36345948444
33,33,0.280457778431,-3.01805280915
34,34,1.50130361433,-0.422513936329
35,35,0.0648148191402,2.38762796711
36,36,-0.233956673003,-2.39672517202
37,37,-0.191137935003,-2.43819680273
38,38,0.261860814114,-2.31263383398
39,39,-0.971914541458,-1.49810230325
40,40,1.95230136115,-1.48519123483
41,41,0.0438607746342,2.55741026112
42,42,-0.47724036068,-2.0760546607
43,43,2.93629021175,0.0780241962014
44,44,3.11217620968,0.00498133199549
45,45,3.0159926062,0.23104681358
46,46,2.42889003271,-0.129689559072
47,47,2.14429684107,-0.3829162578
48,48,2.81711607971,0.444092528948
49,49,1.88067641905,1.48203858025
50,50,-0.0200730995179,-2.31509417676
51,51,-0.057489072533,-2.56620300902
52,52,-0.280759694068,2.55356119735
53,53,0.0788835749132,-2.76969978004
54,54,-0.179615753954,-2.65600160558
55,55,0.57311657103,-1.92871797297
56,56,0.925383080518,-2.47318267942
57,57,-0.744284746807,2.00369490955
58,58,0.133249598824,2.9321502199
59,59,-0.285125342507,-1.65527953431
60,60,1.10117664109,-2.64651795436
61,61,2.27146186486,-0.237631193721
62,62,2.47340322676,0.243465962439
63,63,2.76862043216,-0.131125685395
64,64,2.52517325836,-0.249144518832
65,65,2.71850690286,-0.199165599197
66,66,0.228586194913,-2.45732189894
67,67,0.635336696442,-2.4034502538
68,68,1.17671463866,-1.92266885692
69,69,-0.53639325139,-1.98661898134
70,70,-1.29967090009,1.78825220133
71,71,-0.718651885515,1.92273648125
72,72,-0.664063500304,2.18742558879
73,73,-0.69020211469,2.31222961624
74,74,-1.03769315523,2.42814677432
75,75,-0.632973678194,2.57197875263
76,76,-0.134037246258,2.09368701907
77,77,-0.830138904891,1.62484664464
78,78,0.190562129335,2.64270625989
79,79,0.863808746251,-2.19023782345
80,80,-1.01198289389,-2.50265674814
81,81,-0.0683400129499,-2.53053741947
82,82,0.0529938806277,-2.94707309069
83,83,0.0588737606919,2.82872467274
84,84,-0.353194901957,-1.82525728925
85,85,2.76504591225,-0.0243318099237
86,86,2.32397252057,-0.659584552929
87,87,-0.308386772822,-2.71506614363
88,88,0.144329297835,-2.53030041993
89,89,-0.587947082802,-0.907403975128
90,90,0.210620192994,-0.571476227289
91,91,-0.492654767376,-1.96481830583
92,92,-0.92077971776,1.96313908828
93,93,-0.724983041638,-1.94599211013
94,94,0.0598841008492,2.5265102248
95,95,2.05858852633,-0.200625538864
96,96,-1.17228423566,2.14840969038
97,97,-0.509684519609,1.98408939114
98,98,-0.328283326809,0.300926565196
99,99,-0.266168607213,1.70416859944
100,100,-0.101227136086,1.34392408949
101,101,-1.0850891825,0.677325525295
102,102,-0.43584245976,-1.81447847416
103,103,-0.879153471649,1.84621198795
104,104,-0.387140433471,-1.01149374057
105,105,-1.20783829779,-0.222874144793
106,106,0.586535502457,0.83480385201
107,107,0.0558452434721,-1.48625885977
108,108,-0.546021896978,0.535556483494
109,109,-0.452393032165,0.573985239015
110,110,1.53976579988,1.69025219094
111,111,-0.0196215098784,-2.15067020387
112,112,-0.449551868073,-1.33481168273
113,113,-0.237325202655,-1.98885964899
114,114,0.29406061142,2.84051120804
115,115,0.361854573916,-1.49340035435
116,116,2.91950289449,0.162163256937
117,117,2.80970188157,-0.298672702651
118,118,0.453894474986,-2.41372012377
119,119,2.18874273564,-0.416843582689
120,120,2.53765300676,-0.327593505898
121,121,-0.339191979652,2.15909319133
122,122,1.36487677768,-1.62102253317
123,123,2.58081711688,0.0104260181698
124,124,0.751532801902,1.67474571951
125,125,0.657921607438,-2.76581714488
126,126,0.611140764347,-2.28134853705
127,127,-0.993644512658,0.748066776031
128,128,0.271060581663,-2.03248906574
129,129,-0.412956432016,-1.46277433667
130,130,-0.760807348275,-1.45129285099
131,131,0.896738838354,0.866501971633
132,132,-0.373976213036,-1.72419830808
133,133,0.176257711497,1.57407584447
134,134,0.661549112756,-2.17819720476
135,135,0.905607467367,1.78576496477
136,136,-1.98328574575,1.31141999761
137,137,-0.592238787152,0.712905366468
138,138,-1.30514562407,0.758172060455
139,139,0.00100702175139,2.04323881357
140,140,-0.569320888612,0.00504525819471
141,141,-0.809074948528,0.570842929688
142,142,0.59547611909,-2.1697128328
143,143,-0.930595435124,2.14782630358
144,144,-1.2190671589,1.95412289561
145,145,-0.781390266445,1.44741636841
146,146,1.75269197771,0.695455782548
147,147,-0.19704591566,1.2843758221
148,148,2.6514427872,0.295355702113
149,149,2.93110844133,-0.141994664105
150,150,0.130855392682,2.25005151366
151,151,0.771464806823,-0.54535306009
152,152,2.78675013255,-0.041354811117
153,153,2.52847622112,-0.23758762861
154,154,2.65218935438,0.444412395819
155,155,0.230491202683,-2.61636259023
156,156,0.295999987353,-2.47517670216
157,157,2.78779807189,0.0785515152822
158,158,0.301152716598,-2.18134273898
159,159,1.88023762401,0.677088763813
160,160,0.338465029006,-2.32405327868
161,161,0.371371865432,-1.81162954543
162,162,-0.436587288925,2.21439434325
163,163,0.420757163408,-0.362561056409
164,164,-1.17588022039,-1.11570548883
165,165,-0.304278238114,1.63192465682
166,166,0.104160634225,-2.89173911612
167,167,-0.683039359276,1.38249562634
168,168,0.959238072475,1.28911376386
169,169,-0.0277558500929,0.0959014427016
170,170,-0.975599248092,-0.682066180129
171,171,-1.26199268735,-1.00017594449
172,172,-1.03472254264,1.19552830367
173,173,-1.27801015296,-0.656543515633
174,174,-0.877484325986,-1.97284244239
175,175,0.0610740205061,1.56357709556
176,176,0.128920801379,0.896060850693
177,177,0.26770401903,-2.2628318082
178,178,-0.00264373560789,1.08883535864
179,179,-0.410018391866,-1.31831138785
180,180,-1.16806014535,-1.64063409397
181,181,0.872313537275,-0.360830587821
182,182,-0.378886276093,-1.18817812047
183,183,-0.0193701214206,1.05066349585
184,184,0.0310889759588,0.434664188571
185,185,-0.308417926519,0.263680419228
186,186,0.481681586668,-0.308176994417
187,187,0.176680626698,-0.391358921133
188,188,0.0392701404523,-0.663212377247
189,189,-0.0178690460711,-0.351375014721
190,190,0.108359372136,0.307078734084
191,191,-1.15636659867,-1.99062313125
192,192,-0.293153386574,-2.33108044487
193,193,0.238894616116,3.0143192635
194,194,-0.218413522744,-0.932442749661
195,195,2.45455267134,0.050552089709
196,196,2.72042064714,0.520149770112
197,197,0.0467452786703,-2.65966168026
198,198,-0.843908226876,1.21653388645
199,199,0.436361705345,-2.00326581793
200,200,0.307323608311,1.64570906223
201,201,-0.192065172121,2.42591784154
202,202,1.19587946646,-2.15866981222
203,203,3.32716157021,-0.469151245868
204,204,-0.359159466301,2.17408423727
205,205,0.275666890936,-2.24588529755
206,206,0.260761138216,-1.38966351327
207,207,0.503480328454,-1.84633301131
208,208,-0.587909858399,1.9083562951
209,209,0.308645055115,-2.37310308693
210,210,0.509612070011,-0.501452207708
211,211,-0.448459802652,-2.12994536626
212,212,0.667682218161,2.0861362034
213,213,-0.756828481053,2.17287781864
214,214,0.104941745261,2.2794833257
215,215,0.241927928169,-1.98478622272
216,216,2.21071056474,-0.981878715391
217,217,1.75441830769,-1.17799627976
218,218,2.56272101914,0.188349472835
219,219,-0.0512059414732,-2.42281868584
220,220,0.387280866308,-2.06063065608
221,221,1.76016085058,0.520879158437
222,222,-0.677411265962,2.56926183464
223,223,-0.216605368336,1.71696679685
224,224,-1.16090678977,1.68293326548
225,225,-0.458713043441,0.1627956817
226,226,-1.1902168715,-1.84158993824
227,227,-0.787156913156,1.99236653495
228,228,-1.24546923972,-1.87293675935
229,229,0.186701810456,1.778259226
230,230,-1.5187900176,-1.6094120827
231,231,1.81708764871,0.938692500151
232,232,0.0801602363504,2.06529089958
233,233,-0.288325058668,1.76123638892
234,234,-1.10597135581,2.33583865223
235,235,-0.988853688784,1.82902130075
236,236,-0.702241065328,1.64253555852
237,237,-1.17181198836,0.750438218318
238,238,-1.08506570243,1.72397949276
239,239,-0.803824033534,1.44147928595
240,240,-0.884913209482,1.45898910536
241,241,-1.06963344744,1.9512794187
242,242,0.0675045227642,-2.51304085365
243,243,-1.23020718838,-1.94423572244
244,244,-0.477068789384,2.15816529241
245,245,0.0497418656048,0.984100955768
246,246,-1.30894974845,-0.96625607371
247,247,-0.242700410778,1.32264536763
248,248,-0.641130327473,0.241995581266
249,249,-0.563295276831,0.352672954564
250,250,-1.25931215362,0.888939484811
251,251,0.42980880812,1.38865773143
252,252,-1.57173032077,-1.40855512821
253,253,0.141929929943,-2.37279107171
254,254,0.148710652136,-1.97845818942
255,255,-0.529911501801,1.55322542239
256,256,-0.159964414465,0.668396568497
257,257,-1.34500167305,-1.71216449331
258,258,-0.271320505298,2.26447718093
259,259,-0.0539506514628,-2.05290827213
260,260,-0.0825113583222,-2.60977379605
261,261,0.0627226209062,-2.64239912432
262,262,0.0685707483996,2.22027370777
263,263,0.274961598343,-2.66950809549
264,264,0.0979706050666,-2.44950347707
265,265,-0.126811009668,2.50763916907
266,266,-0.416128920036,-1.99308804052
267,267,2.41401174791,-0.0053509284183
268,268,2.85545353215,-0.275957273133
269,269,2.98161227574,-0.2224267034
270,270,0.0312266600864,-2.72473308926
271,271,0.516822658063,-2.54886163233
272,272,-0.94788630735,0.284889845026
273,273,0.0155522836234,3.12825068763
274,274,1.07927448791,-2.25377565247
275,275,-0.543149960061,2.3933345077
276,276,0.890149092745,-1.8706564848
277,277,0.345756174466,-2.17151330078
278,278,-0.0453207066606,-2.63456551316
279,279,1.00294685111,1.69511091531
280,280,0.555113259998,-2.40747464224
281,281,0.21105624244,-2.06240770274
282,282,-0.173236360183,2.27536525564
283,283,-0.0849486502893,-2.86754643288
284,284,-0.481358663651,1.83929901075
285,285,-0.281961504326,1.89683331977
286,286,0.304889832915,2.81227773008
287,287,-0.462708938313,-2.09029022455
288,288,2.20682731381,-0.0669057035382
289,289,2.54614568953,0.157356175768
290,290,-0.00698247345359,-2.67910146274
291,291,-0.307389133967,-2.56020064017
292,292,-1.42879565968,0.557573315464
293,293,1.04681981138,-2.03232086467
294,294,-0.450112708688,1.47543583029
295,295,-0.845780048546,1.3233109371
296,296,-1.77993743284,0.934679171175
297,297,-1.25595559443,-0.937870577651
298,298,-0.460835487123,1.49566560519
299,299,-0.690792436225,1.7504652952
300,300,-0.153502615818,-0.375037076369
301,301,0.521826315057,0.174550780722
302,302,-0.217536756383,0.603753606527
303,303,0.331643667379,0.405968361589
304,304,1.45114966367,-0.884972190436
305,305,1.06076149286,0.499449417078
306,306,-0.448169786247,0.421160472136
307,307,0.571576761205,-1.8643612653
308,308,0.845448488125,-0.199466633907
309,309,0.359363453999,-2.14850246365
310,310,1.15879253992,0.67422533514
311,311,-1.2874287559,1.24806046472
312,312,-1.33930364283,1.76886244871
313,313,-0.18315829487,-0.427937120331
314,314,0.0563433738795,-2.74130051575
315,315,0.0142477640219,-2.54551583608
316,316,2.61821424006,0.0271401539704
317,317,0.428498917445,-2.66287051304
318,318,-0.286205535546,0.269918476838
319,319,0.677313512767,-2.00298566125
320,320,0.134538423105,1.02318400079
321,321,-0.788866914593,-0.744160205494
322,322,0.757985355123,-2.19147869769
323,323,0.332144438046,0.443999175195
324,324,1.27829100682,1.48580312268
325,325,-0.514412563637,1.62942900533
326,326,-0.366241934685,1.748769606
327,327,0.262794214546,-2.91609150643
328,328,-0.124493338063,0.982236187257
329,329,2.76387572162,-1.02133950878
330,330,-0.0245300382718,0.192459775977
331,331,-0.542142092858,2.03804175407
332,332,1.12521220224,-1.04099538552
333,333,-0.390284950661,2.21186910475
334,334,-0.632011198194,2.14217492757
335,335,-0.0398612386425,3.34617599844
336,336,0.975782193741,-1.6697647926
337,337,1.77045367602,1.43297205391
338,338,0.0121340117933,-2.2374149946
339,339,0.322035321544,0.656358193687
340,340,-0.207278627524,-0.422227789631
341,341,-0.557228182331,-0.977989318981
342,342,-0.703247589121,1.12663351746
343,343,-0.869583639454,0.898433048915
344,344,-1.0024431637,1.11219345324
345,345,1.38895813573,-0.237585122691
346,346,1.58823592498,-0.415760395609
347,347,-0.390188961365,2.53787178242
348,348,-0.453954947872,2.52389532078
349,349,0.084456833887,-2.51133034521
350,350,0.58561981593,-1.82832558772
351,351,-0.125486345096,2.18708067222
352,352,0.34861830127,-1.94753254467
353,353,0.179003364561,-2.40971576428
354,354,0.0568276257166,-2.46450672152
355,355,2.34716443881,0.0199016648678
356,356,0.582712095162,-2.34041686503
357,357,0.569930287898,-2.4733327097
358,358,0.145809762284,-2.16896723421
359,359,1.31608687036,-2.42961733765
360,360,0.748467318868,-1.54878146928
361,361,-0.0821396036366,2.1870412161
362,362,-0.426715741268,1.92785384583
363,363,-0.0827970116027,2.38603291221
364,364,-0.117390176054,2.19800273895
365,365,0.279573567554,2.68954932792
366,366,0.15764371673,-2.09915323925
367,367,0.0934208382285,2.42560631538
368,368,0.217231784452,-2.00450034761
369,369,2.27682319388,1.06248575654
370,370,2.90117702561,-0.15847925357
371,371,2.66935258734,0.028941786624
372,372,2.48845003818,0.709054915194
373,373,1.9214557909,0.20402665018
374,374,3.05088419937,0.409601252877
375,375,2.46192975663,0.0208730147787
376,376,2.60883855629,0.0598980749955
377,377,2.17687845645,0.0348546723638
378,378,-0.0173742156813,-2.97973642434
379,379,0.017279016578,-2.44601827975
380,380,0.355845123421,-2.88515531512
381,381,2.68618156866,0.0159733505788
382,382,2.8788919801,0.171164867596
383,383,2.35554798517,1.00850296084
384,384,-0.04862007085,-2.62977788006
385,385,0.182874428322,-2.67821558677
386,386,2.15844372154,0.587914198217
387,387,-0.455225303451,2.20871055523
388,388,-0.383889980458,2.18891085796
389,389,-0.377527754817,2.18928065469
390,390,-0.596637216788,2.69834899212
391,391,3.42960613524,-0.0926047057254
392,392,-0.101850534286,2.30383225054
393,393,0.586526112542,-1.88007569604
394,394,-0.122564491384,-2.19495044929
395,395,0.198763775869,-2.78119434445
396,396,-0.164819994962,-2.21360686636
397,397,-0.264239496567,2.27013858595
398,398,-0.639016005456,-2.31567984944
399,399,0.274604126235,2.78914210781
400,400,0.0843747504199,-2.54342465366
401,401,-0.206137479855,-2.11271768596
402,402,0.665161046088,-1.91762425033
403,403,0.809016401017,-2.05502082598
404,404,0.23872049639,2.58348544812
405,405,0.68757738511,-2.30083480494
406,406,0.924389131538,-0.864249255366
407,407,2.41414400731,0.0760648714368
408,408,3.31289653259,-0.441638615769
409,409,2.86530680046,-0.234323542461
410,410,-0.282653964523,2.14524777394
411,411,2.57853765251,0.569618511014
412,412,0.230645276016,2.16189065058
413,413,2.60283906665,0.198069707277
414,414,2.92760986447,0.0346568257427
415,415,-0.0166664670435,-2.37154212602
416,416,-0.0545852569093,-2.56392198656
417,417,0.0258212622907,-2.09802805232
418,418,2.26125177539,0.390088146955
419,419,0.83438556968,-2.26149556625
420,420,-0.167720988007,-2.5149681729
421,421,2.67660420395,0.316533930424
422,422,-0.0137705574338,2.24545965172
423,423,1.64671677823,0.660764619867
424,424,0.182127224872,-2.74033863365
425,425,-0.181919792472,-2.37090616074
426,426,2.12810261782,1.13458120485
427,427,-0.082339768435,-1.58201651806
428,428,0.0385575974147,-2.04943004988
429,429,1.05172008614,-1.96103431917
430,430,0.920767976555,-1.56996451438
431,431,0.755525454747,-2.15533048403
432,432,0.0323249144808,-2.22436719392
433,433,0.107664213375,-2.12762782367
434,434,-0.0817707254318,-2.58872090004
435,435,-0.335711576168,-2.89023312244
436,436,0.779549919768,-2.10833917379
437,437,0.671475852471,-1.70513621575
438,438,0.520768328502,-3.08369871918
439,439,1.15074888145,-1.95525070949
440,440,-0.259525863647,-2.72136855387
441,441,1.27649309248,-1.98975536591
442,442,0.32951182131,-2.62063593737
443,443,2.20724129511,0.496397523191
444,444,0.0404258926511,-2.03307999408
445,445,0.0277867329638,-2.63701328018
446,446,0.919127715895,-2.09747075894
447,447,-0.0501635258045,-3.26836217352
448,448,1.17667062853,-2.37728843885
449,449,2.90110874355,-0.0685059113052
450,450,3.02843777218,-0.256188151408
451,451,0.0500634039454,-3.28689996128
452,452,0.858123639603,-1.97142966776
453,453,-0.26294589153,-2.5284734143
454,454,0.737296823434,-1.83778235317
455,455,-0.224055692865,-2.34329679453
456,456,0.495375503939,-2.51392024752
457,457,-0.114240817249,-2.42235016817
458,458,-0.277490171775,-2.14310050517
459,459,3.28121582748,0.0416215004052
460,460,0.305829334428,-2.52072897365
461,461,0.80293029044,-2.19989195506
462,462,2.50653007601,-0.149163898339
463,463,0.612466838849,-2.79468422215
464,464,-0.814485668506,-1.49747809671
465,465,1.0563517535,-2.18795917084
466,466,0.284852511614,-2.65522499129
467,467,0.998131514268,-2.23800058224
468,468,0.270848730789,-2.19484680858
469,469,0.405451542103,-2.48673525302
470,470,-0.0128357424571,-0.348205405815
471,471,0.335676452551,2.63511130203
472,472,-0.0108120285213,-2.57804209213
473,473,1.12031464012,-2.45878021367
474,474,-0.448736811027,1.64227995673
475,475,1.98602485168,1.94802235742
476,476,1.6046888857,1.93496112501
477,477,2.55900517365,-0.0172433800468
478,478,2.57697324413,0.152301740931
479,479,0.16502282434,-2.48937805022
480,480,1.0965697622,-1.53134244611
481,481,-0.725512598805,2.26789954998
482,482,-0.231359419543,-1.92165772189
483,483,-0.891675676024,1.0167549021
484,484,0.159033951056,0.0779449126464
485,485,1.72912209476,0.50532478931
486,486,2.19457407528,-0.355076202703
487,487,2.45000445727,-0.205876862077
488,488,2.38528260765,0.257319928741
489,489,0.10940693495,-2.56607133662
490,490,0.589750525025,-2.41047883874
491,491,-1.04583118457,2.18051343073
492,492,0.226162696732,2.97007887894
493,493,1.17532117879,-1.98527109662
494,494,0.259948267342,2.61344084324
495,495,1.20088300231,-1.27522629327
496,496,2.07370068144,-1.00752486106
497,497,0.0571169600255,-2.04263609776
498,498,2.5935362001,0.0785275818432
499,499,2.17606081232,-0.190873924963
500,500,-0.485652677345,-2.64761786923
501,501,-0.000326562190911,-3.18101927972
502,502,-0.145090005588,2.52206755026
503,503,-0.350078393063,2.86372919904
504,504,-0.329621937958,2.70475012282
505,505,-0.184990665905,2.71325610633
506,506,-0.0592333796233,-2.17879594425
507,507,2.55923302777,0.367101436643
508,508,0.362734969736,2.65896127178
509,509,0.18251660658,-2.62944407506
510,510,2.36382576531,1.80650597665
511,511,0.249403003967,-2.85186042442
512,512,0.418568658147,-2.43064289392
513,513,0.29549591124,-3.16651918866
514,514,-0.135259278083,2.16937273824
515,515,0.684016705144,-1.37501613406
516,516,2.60091714259,-0.401619450282
517,517,2.81025488753,0.0518956836174
518,518,-0.138977050248,-2.870502577
519,519,-0.206671888574,-2.38104267333
520,520,-0.197554520845,-2.65684846411
521,521,-0.0411121259931,-2.36914717914
522,522,0.49720107808,-2.26794203595
523,523,-0.0996066856924,2.2167638327
524,524,-0.217030009538,2.64938207602
525,525,0.0104335959746,2.13752579325
526,526,-0.107096448591,1.82860903458
527,527,-0.189118969233,1.8211701266
528,528,-0.597114447395,2.51308154786
529,529,-0.013439291788,-2.90721199979
530,530,-0.231831017013,-1.77449483536
531,531,0.385597167769,-2.3803035405
532,532,-0.137212682392,2.6049752359
533,533,-1.2404687136,1.65246833688
534,534,-0.47048532097,2.20603919073
535,535,0.655036906252,-2.10275153444
536,536,-0.582398204084,2.11378576702
537,537,-0.425960236449,2.54157811166
538,538,-0.346471705015,1.96138431493
539,539,-0.909438050498,2.27626584521
540,540,-0.74020323296,2.13068593915
541,541,0.0570541919012,2.62043359871
542,542,-0.703473184462,2.57221875226
543,543,1.0031547793,-2.05829782706
544,544,2.11484864125,0.189477716568
545,545,2.56568122362,0.0833960716695
546,546,2.81951083405,0.140320774755
547,547,2.64922583893,-0.0521089949511
548,548,2.38992234503,0.492192520257
549,549,-0.0624881433981,-2.0866594766
550,550,0.442997650677,-2.18926491252
551,551,0.417018285947,-0.88626337285
552,552,-0.535616026894,2.11526360407
553,553,-0.475831475889,2.09418692962
554,554,1.25461547487,-1.90657544882
555,555,1.42599503386,-0.934157274266
556,556,0.138561358668,1.22249051583
557,557,-0.586690570207,0.154609018406
558,558,-0.624208879018,0.961376349641
559,559,0.384393510383,0.691570998448
560,560,-0.786271393811,1.45847425148
561,561,0.833920063395,-0.245802069773
562,562,2.11934568348,0.516272030492
563,563,2.64333850506,-0.170039230278
564,564,2.53385837836,-0.227636310807
565,565,1.50008167988,-1.72555267603
566,566,2.46457228759,-0.135387735034
567,567,3.03901098019,0.0457675911541
568,568,2.75544058779,-0.269301401881
569,569,2.36619625257,-0.208117397649
570,570,-0.0933234528386,-2.27184528671
571,571,0.0221527841432,-3.0803789581
572,572,0.0617959851105,-2.67451424664
573,573,0.808577476621,0.145994734703
574,574,0.987786613386,-0.416581581903
575,575,0.563041058901,-2.30084266428
576,576,-0.0795628540714,2.64915163928
577,577,0.307281831997,-1.95070207042
578,578,1.83430888266,1.19844846685
579,579,-0.0175686625799,-2.67565557536
580,580,0.0405156571227,-2.9807288337
581,581,0.117801078269,2.15441063411
582,582,-0.117586088351,2.10193763836
583,583,-0.17411148358,-1.61055206332
584,584,2.78591384926,-0.26745759124
585,585,2.89440871426,0.0587545141938
586,586,-0.225549769105,-2.91206891193
587,587,2.71901557671,0.220858023138
588,588,-0.00961431038312,-2.52878435073
589,589,0.732147781392,-1.07961624612
590,590,-1.58881852689,2.30287679437
591,591,-1.23579908746,1.33341395526
592,592,-1.80210307871,1.38315135315
593,593,-2.88826338041,-2.68040132522
594,594,-1.21950406744,2.21365306067
595,595,-0.677446960887,-2.3553471427
596,596,0.748728221515,-0.403411805447
597,597,2.00669036783,-0.110340760127
598,598,1.7987674718,1.82572104864
599,599,0.574458242193,-2.49810127609
600,600,-0.341881247491,2.89535371552
601,601,-0.372662721462,2.47244367787
602,602,2.16254555596,-0.34284632937
603,603,0.0846976593399,-2.70219883175
604,604,0.452274457784,-2.80642783552
605,605,0.971658222433,0.71539496646
606,606,-0.354569034754,2.81277627737
607,607,1.27758848836,-1.99633103337
608,608,-0.957437969493,1.56648014986
609,609,0.886690614676,-2.00992156179
610,610,-1.21674217695,2.63511653165
611,611,1.22886460706,-1.95185432906
612,612,2.1015318478,0.509259554283
613,613,0.798980363994,0.839341929776
614,614,0.771592653974,1.49046740637
615,615,0.715366454708,0.566042866784
616,616,0.762581019984,0.742755473587
617,617,0.703906186313,0.672648895418
618,618,0.6674702816,0.641603141019
619,619,0.877020188713,-1.59689627647
620,620,1.12055457324,1.46989944347
621,621,2.44427055971,0.0541203538051
622,622,0.597760722714,-2.40364760344
623,623,2.41219777682,1.19301516039
624,624,0.245034679028,1.83391129483
625,625,-0.068402851465,-1.10607804128
626,626,-0.484514109782,-0.872392967492
627,627,1.00409203919,1.59793776491
628,628,1.22558514718,0.737889991151
629,629,1.6818702774,0.743030084721
630,630,-1.29718653374,-1.41660380723
631,631,-0.109843553108,-1.81157520605
632,632,-1.87584123645,1.83773747589
633,633,-0.780773222261,-1.38191188818
634,634,2.9718386664,0.196408559017
635,635,0.153282696776,-0.241261465607
636,636,-0.773780563655,0.641189707278
637,637,0.0433697327802,0.66205552794
638,638,4.35231671508,0.255110624393
639,639,0.224056629732,0.262245943551
640,640,-0.0905030871345,-1.84555738903
641,641,0.944845529891,0.409351658784
642,642,1.30970530723,1.36842769074
643,643,-0.721568450095,-1.326599042
644,644,-0.970030562943,2.51814068147
645,645,-0.145926090677,1.84428704368
646,646,0.547513777268,0.859844410085
647,647,2.20001328314,1.63114153173
648,648,1.7988252407,1.22904893648
649,649,0.929091364275,2.04668200899
650,650,1.9008697247,0.773978626653
651,651,-0.00468949252028,-1.25804746852
652,652,-0.609606444908,-1.7975837363
653,653,2.00346920457,0.409528533739
654,654,1.18177387652,2.41106971061
655,655,0.8541309487,1.04484590348
656,656,-0.967462742506,-2.07849119777
657,657,1.67641532153,0.696329254911
658,658,0.355862475574,1.35071290041
659,659,3.10171817719,0.468642369348
660,660,1.01210690374,1.50649008439
661,661,1.8743660418,2.28317678098
662,662,1.60647068647,2.30800976955
663,663,1.43027000971,1.55830271093
664,664,1.74902672613,2.28768485534
665,665,1.00625862541,1.58434623443
666,666,1.27810383777,1.94384815171
667,667,0.3993141608,-2.39008214326
668,668,-0.264237734852,2.4339683423
669,669,1.64861355939,2.21672255309
670,670,-0.422062176893,-1.72050328991
671,671,1.60555950923,1.38396729903
672,672,2.36036114129,-0.648370638571
673,673,-0.566062684352,1.90989431843
674,674,-1.93987503754,2.51562364123
675,675,1.77628508588,-1.14911197619
676,676,0.408619668858,1.70638053029
677,677,1.09090848332,1.13192567521
678,678,2.1254304942,1.41374170177
679,679,0.377998856316,2.45540425479
680,680,1.49924717815,0.393344127721
681,681,2.53156364503,0.648807011739
682,682,2.96895536893,0.100226661982
683,683,1.86335489534,1.59900056896
684,684,1.75791153588,2.07845103948
685,685,-0.264582896612,2.76141608654
686,686,-0.255975069502,2.19332172922
687,687,-0.0437194293224,2.28197691208
688,688,-0.323620008222,2.34290439428
689,689,0.149460082832,2.46429832832
690,690,-0.441350105532,2.615121407
691,691,1.07233910874,0.636662723323
692,692,2.09059593645,1.7459853318
693,693,-0.268822338781,-2.44746776313
694,694,0.764722894564,1.48663575243
695,695,-0.0513970384554,-2.22058872603
696,696,0.964903285079,1.78319211092
697,697,1.4387001718,1.78954937554
698,698,2.16301453212,0.233576095914
699,699,1.9302340577,0.0571640963389
700,700,-0.401332695946,-1.66441953198
701,701,-0.254374054071,1.89066709665
702,702,-0.0740405511271,2.02362401048
703,703,-0.544377833467,2.41207165234
704,704,-0.626265107559,-1.41563627852
705,705,-0.670923522861,2.5454963552
706,706,0.802094033934,1.63187518646
707,707,0.0924348566773,-2.77371860535
708,708,1.46391211644,2.40793966262
709,709,0.94249674175,1.14686144791
710,710,-0.00598617565557,-2.07336745878
711,711,0.977359729705,0.525025707376
712,712,0.148398451391,-0.471366031989
713,713,-1.38424059012,-1.90389730995
714,714,0.313121135116,-2.66466935751
715,715,-0.530323670101,2.35579490776
716,716,0.0777062147188,1.99644320302
717,717,0.245722330023,-2.20004406471
718,718,0.578555750466,1.5203953302
719,719,0.131736702875,-1.90149777082
720,720,0.796086156298,1.80620603234
721,721,0.0701681466891,-2.40964936557
722,722,-0.371544816864,-1.44925257377
723,723,0.755783143242,0.899309717416
724,724,0.465886321007,1.71141750175
725,725,0.943169550478,1.00014343428
726,726,-0.710852249475,-2.40560095032
727,727,-0.934194290424,-2.20832917672
728,728,1.24312419209,-0.892558469537
729,729,2.13778883112,0.446049240663
730,730,-0.33652339764,-2.10857337199
731,731,-0.213193613757,-3.00177739887
732,732,-0.240389823406,-2.31765603197
733,733,3.13018165554,-0.232745286627
734,734,0.790088764531,-3.40872000197
735,735,0.348102118113,2.13320500363
736,736,-0.651683783681,-2.41239001308
737,737,-0.262402766517,1.64547655529
738,738,1.19023952593,-1.3929757171
739,739,-1.50551291939,2.21328927489
740,740,0.715121064835,-1.79056223178
741,741,0.0285281196463,1.67445554599
742,742,-1.2125125133,1.674289119
743,743,1.86281078871,-2.27058919822
744,744,0.538530919053,0.426230981033
745,745,-0.936995430346,-1.81677228283
746,746,0.177321530266,-1.73206967628
747,747,0.552457852014,-0.798232088134
748,748,1.90329997344,-1.40282347268
749,749,-0.165347937509,-3.22404735074
750,750,-0.209467803803,-3.07836176975
751,751,-2.00596455818,-1.52539480305
752,752,0.256015696966,2.12667637735
753,753,3.53690144926,-0.151804734807
754,754,0.353225698179,-2.46390294711
755,755,-0.0306996455081,-1.57529082741
756,756,0.532541191691,-1.96868472097
757,757,0.229402630292,-2.30214305559
758,758,-0.938235020256,-2.55672709065
759,759,0.104388268994,-1.94383056783
760,760,-0.831525493086,-3.00048935104
761,761,-0.350303898194,-1.95217303761
762,762,0.589197625884,-2.07832168371
763,763,-0.000729943454877,2.58239079244
764,764,1.35587789018,0.325890993831
765,765,0.317109021562,-2.22980143875
766,766,-1.10880454795,-1.67779121363
767,767,-0.405786749401,-3.12384101768
768,768,-0.0111623207348,-1.9380324147
769,769,-1.77598163095,-1.64675187841
770,770,-1.04711407331,-1.9628254418
771,771,0.331746420246,-2.20448453154
772,772,-0.912519619184,-2.19968454727
773,773,1.43069607028,-1.94413732861
774,774,1.93185233504,1.26571625586
775,775,1.35959245767,-2.8204946106
776,776,1.04907430541,-2.23983690909
777,777,-0.764613418343,2.23906351652
778,778,1.09197155324,1.33335384084
779,779,0.0835543779361,1.35404556957
780,780,0.165668464901,-1.64803601636
781,781,0.198876834553,2.23392740861
782,782,0.203566246907,-2.29112650624
783,783,0.0754081159022,-2.47300822018
784,784,0.587692025545,-2.4419859666
785,785,-0.34136111779,2.09464678161
786,786,-0.156499384398,2.30318095606
787,787,-0.553920511627,2.25324980447
788,788,-0.161356748651,2.58906531112
789,789,0.32039072304,-2.16453091185
790,790,0.167264537057,-2.94983472925
791,791,-0.267736497646,2.45529927584
792,792,-0.144522444654,-2.6082995411
793,793,1.37120588178,-1.5754903323
794,794,-0.287807621045,2.21400360216
795,795,-0.241568534265,2.18525774997
796,796,-0.242575411346,2.40921354906
797,797,0.700541024688,-2.50530371393
798,798,2.42495661283,1.08211767726
799,799,2.64269920817,-0.17381469228
800,800,2.46899205483,-0.226327202936
801,801,2.36806121338,0.186509221632
802,802,0.154215664276,-2.62494657219
803,803,0.188284073367,-2.59307344833
804,804,2.57119652055,-0.358768783111
805,805,-0.206172385111,2.58418439444
806,806,0.326331534118,2.10194658697
807,807,-0.0393679714544,2.41963667207
808,808,0.449032241489,2.51846967288
809,809,-0.0545040723678,-1.99739935898
810,810,0.149194301604,-2.54734105249
811,811,-0.216411086585,-2.72261228943
812,812,-0.091446335527,2.60204451021
813,813,-0.0295907286815,2.78874880343
814,814,0.419535028262,-1.74386146673
815,815,2.47811206102,0.473806280596
816,816,-0.507099837836,2.23820492666
817,817,-0.12308606554,2.71643189296
818,818,0.79769513475,-2.46662998019
819,819,-0.129661631965,-2.73567093142
820,820,0.0357225546204,2.85219721759
821,821,0.24978643293,-2.14420393485
822,822,2.9599854309,0.0517900142879
823,823,2.72200192998,0.0555251138378
824,824,-0.531745864639,2.35240493202
825,825,-0.214846899471,2.1322135684
826,826,2.7787052302,0.0905601977953
827,827,0.543734859413,2.72256652205
828,828,0.185628253497,-1.77243963516
829,829,0.222548741768,-3.21751559324
830,830,-0.00497734531499,-2.24803268766
831,831,2.42664370857,-0.0886053782764
832,832,0.103329696211,2.41733655907
833,833,-0.0878645647934,2.6283170407
834,834,-0.215989082823,-2.10965283641
835,835,1.63433986282,0.207628388381
836,836,1.80292981735,0.598353083297
837,837,2.42791646142,-0.460041266116
838,838,1.85337718395,0.141855594438
839,839,0.163374922155,-2.1638693303
840,840,0.574231284639,-2.37213652349
841,841,-0.129559747693,2.48868756751
842,842,0.873057931432,-2.32217550678
843,843,0.0135284196359,-2.37860620357
844,844,0.0813913467416,-2.79798111559
845,845,-0.0502222828638,1.91956769147
846,846,0.151556402907,1.92135586446
847,847,0.227529122092,2.71025085859
848,848,-0.0103146799994,1.96631516679
849,849,-0.128311665012,2.09505073823
850,850,0.246704914282,-2.58099023034
851,851,0.0530371320745,2.50750423683
852,852,1.03715485049,-2.36109752825
853,853,-0.131209057048,2.47739708031
854,854,0.356581413389,-2.75964328088
855,855,0.257998922902,-2.97011887333
856,856,2.75896494045,-0.197362118785
857,857,-0.0676541509786,-3.01699213635
858,858,-2.75331156674,0.0204707116561
859,859,-1.57608761128,1.76527436364
860,860,-1.63243588036,1.35766481718
861,861,0.394352624138,-0.835901163369
862,862,-1.92151788353,-2.05552854911
863,863,-1.3612529977,2.24494888168
864,864,-0.598180978883,-2.21763244448
865,865,1.88277422563,0.441576629617
866,866,2.79725568349,0.384752066781
867,867,2.79365991699,0.029053175442
868,868,0.12889321182,-2.53636503196
869,869,0.613266139943,-2.38030117081
870,870,0.476464275113,-0.813430136367
871,871,2.21782958374,0.284954805338
872,872,0.175297444889,-2.34037828994
873,873,-0.629463649352,1.77448537469
874,874,0.0524247662875,1.22001350558
875,875,3.1304594578,0.232450271046
876,876,-0.0873182998529,-0.32422490889
877,877,-0.131972216656,-1.09883616275
878,878,-0.0682330529778,-2.74231453946
879,879,-0.244725069773,-1.24703554866
880,880,-0.461575459456,1.14300238805
881,881,-0.0295766271981,2.458438441
882,882,1.92776342961,0.113106061836
883,883,2.23785331746,0.43314339247
884,884,2.51015015806,-0.254523716156
885,885,-0.471608626237,-2.64139797181
886,886,-0.0786858436693,-2.60570972764
887,887,0.0445910666747,-2.90183178017
888,888,2.9083627784,0.226990004371
889,889,0.162995760309,-2.50472291056
890,890,0.214174848182,-2.79404930131
891,891,1.91542113314,0.701123445493
892,892,0.222576166332,2.62871723244
893,893,0.31225717776,-2.52792537211
894,894,1.22946200837,-2.27163885609
895,895,0.544157375503,-2.34145825193
896,896,0.143405631423,-2.5076497766
897,897,0.106228587949,-2.90070915223
898,898,1.47462708122,1.39739053321
899,899,0.414971838512,-2.28186886797
900,900,1.36253340704,0.812260318771
901,901,0.0592499731528,2.59238292145
902,902,1.33016364225,-1.46416362971
903,903,0.133058149464,1.86593337795
904,904,-0.481681631566,1.74510201426
905,905,2.00230733486,0.931789602617
906,906,1.88185651259,0.70317411734
907,907,1.54417775975,0.837745099117
908,908,1.22137288776,-0.272558837703
909,909,1.91755284025,0.494949005427
910,910,3.02081509502,0.165571306377
911,911,-0.247033401042,2.62640055648
912,912,2.66691974892,0.492250955578
913,913,2.64785385751,0.126471184062
914,914,2.20510781185,-0.817222341163
915,915,-0.17177000918,1.55039115867
916,916,-0.0732985584322,2.08299223646
917,917,0.138330711712,-1.94414732937
918,918,0.0933978242401,-1.86631105532
919,919,1.75715172068,-0.675335628053
920,920,1.25528632342,-2.08431973115
921,921,0.441020608728,-0.286002256138
922,922,-0.107538504816,-2.74406802306
923,923,1.03370850127,-2.2811362707
924,924,-0.686252959359,2.00707260042
925,925,-0.146320675218,1.41874836677
926,926,-0.822390707977,-1.61589032967
927,927,0.128155242122,-2.06033184282
928,928,0.0242744255041,1.13703369614
929,929,0.744347619784,1.87076763916
930,930,-0.178552596923,2.56240089387
931,931,2.32821437608,-0.194474004375
932,932,0.830054695207,-0.643413853558
933,933,2.57396767828,-0.147846145883
934,934,2.99179457808,-0.171739970721
935,935,-1.80916152792,-2.04598649958
936,936,0.841782306435,0.533642254613
937,937,1.16654766647,-0.68784285601
938,938,-0.265094673561,-1.79463585078
939,939,-1.07160212039,1.31784956476
940,940,-0.558428016382,1.30644271335
941,941,1.33235836062,1.78958884722
942,942,1.76223597383,0.625916374154
943,943,-1.12627137602,0.307977695864
944,944,0.10369538075,0.758401554657
945,945,-0.425565871887,-1.76355557253
946,946,-1.64818264414,-1.76736159987
947,947,-0.308708576813,1.62352091926
948,948,-0.787042839032,-1.28944324192
949,949,-0.658090629464,-1.86308919243
950,950,0.457159179989,0.897513708172
951,951,0.301410582703,0.972307617556
952,952,0.137246078386,-1.91422038432
953,953,-0.374002977521,-2.89555953145
954,954,0.539436046813,0.866342317045
955,955,-0.458856904901,-0.982699700563
956,956,0.295871191304,2.12662590642
957,957,0.2431197676,0.978829916241
958,958,0.652245116187,-2.30542480242
959,959,-0.139710469554,-2.35086946528
960,960,-0.242326767138,-2.26024742557
961,961,0.548830453825,-2.42837795212
962,962,0.108391782092,2.63669100558
963,963,1.04150311792,-0.64202098552
964,964,0.252763629118,-2.60137196907
965,965,-0.229392708559,2.50786315111
966,966,1.04100542069,-0.122860665821
967,967,3.03517231186,0.567862041309
968,968,-1.0280789007,-1.48234402652
969,969,-1.80771192328,-1.9434902956
970,970,-1.03247424957,-1.63942316557
971,971,0.160003854738,1.72542983205
972,972,-0.735421862475,-0.715418377344
973,973,-1.91166355216,-2.11515825436
974,974,-1.35831651934,-1.60902657161
975,975,-1.36814738823,-1.75712541548
976,976,-0.622466720722,-1.69428475214
977,977,-0.607278646803,-2.10288219399
978,978,-1.1592232819,-2.04204198787
979,979,-0.283953870308,-2.15310033389
980,980,0.379853961448,-0.880891630636
981,981,2.79887179375,-0.115574719031
982,982,0.366627635915,-2.32059878341
983,983,-1.03731606871,-1.63187726506
984,984,0.138088100879,2.82818342809
985,985,-0.0929895499067,-1.50364252654
986,986,-0.685610482058,-1.6672413272
987,987,-1.07651823424,-1.94306602456
988,988,0.182460576881,1.23118179707
989,989,-0.926193308903,-1.69691747525
990,990,-1.25594105286,-2.15464794552
991,991,0.174081750572,3.01455233334
992,992,0.0451573086406,-1.60007313058
993,993,-0.0652367014066,-2.64295326242
994,994,0.49173866149,-2.83207928649
995,995,1.94044293828,0.448435089941
996,996,-0.07971731913,-2.5719812406
997,997,-0.68144419237,-1.48880385193
998,998,-1.26848035039,-1.37204801095
999,999,0.0499858758237,0.344166578214
1000,1000,-0.619008480835,1.03484102929
1001,1001,-0.551945128179,0.907634914044
1002,1002,-1.18348792073,-1.238143464
1003,1003,-1.56970504985,-0.981532852403
1004,1004,0.0918913866488,2.35887927394
1005,1005,-0.466275939305,2.45558506736
1006,1006,1.36824946382,-1.87249109221
1007,1007,0.261363165389,-0.281570575773
1008,1008,-0.310121925996,2.40922583452
1009,1009,0.996034136469,-1.79200763136
1010,1010,2.5078493108,0.219256882357
1011,1011,2.33224615152,0.0676611775563
1012,1012,2.97742068886,-0.0358938865985
1013,1013,0.970171446545,-1.84896758085
1014,1014,0.166134716877,2.09035762716
1015,1015,0.38157077816,-2.2710735021
1016,1016,-0.556220944142,-0.501772676611
1017,1017,-0.496279895389,1.76135150947
1018,1018,2.3552236662,-0.0408119656228
1019,1019,-0.110036825439,1.76433152595
1020,1020,0.44777085421,-1.74279741227
1021,1021,0.694045695373,-0.00924830461135
1022,1022,0.0973220780058,-1.77742277077
1023,1023,-0.652861763416,1.76241502738
1024,1024,-0.38571417948,1.00631266401
1025,1025,-0.0358306747085,0.854408051476
1026,1026,0.618681611263,0.431634483099
1027,1027,-0.341693277184,-0.142447002229
1028,1028,-1.20113761006,0.437436982401
1029,1029,2.44908576348,0.199995855515
1030,1030,-0.402935356606,0.872154830483
1031,1031,1.05389344343,2.20725082413
1032,1032,-0.514992770403,0.967431492682
1033,1033,-0.854863065584,-0.340089068794
1034,1034,-0.430959930472,-1.80555208655
1035,1035,0.598874031413,-0.958004850496
1036,1036,-0.383080799425,-0.800932253838
1037,1037,0.510727474985,2.61509695028
1038,1038,1.23922124264,-0.800857220968
1039,1039,2.37350973203,-0.563165137432
1040,1040,0.128066746234,-3.05863865104
1041,1041,2.36967816555,0.30264118514
1042,1042,0.480490346113,-2.57518775575
1043,1043,0.270939461366,-3.13170120481
1044,1044,-0.841736895402,1.63043597601
1045,1045,-0.939821254008,2.01814991118
1046,1046,-0.667745691774,2.16226025573
1047,1047,-0.40012376806,1.74659439344
1048,1048,0.99396021477,-2.15405905234
1049,1049,0.116255117003,2.55671619476
1050,1050,1.51037657707,-2.27505379337
1051,1051,0.409278961611,-2.4271740857
1052,1052,-0.593090363901,2.13043834391
1053,1053,-1.02408524337,2.3903744856
1054,1054,-0.695291326167,2.32671979513
1055,1055,-0.410962574969,2.79416407567
1056,1056,0.812687164908,-2.24336671934
1057,1057,0.681463708285,-1.9870166739
1058,1058,0.294423819697,-2.33800811794
1059,1059,0.0014647961255,1.56663689598
1060,1060,0.183390910638,2.40564280069
1061,1061,0.973049092857,-1.66064719189
1062,1062,-0.195041784643,-2.36971285875
1063,1063,0.739268960028,-2.09766654374
1064,1064,-0.150043466772,2.09116733018
1065,1065,0.0323644362404,2.69129778425
1066,1066,0.129031957108,2.56540115324
1067,1067,-0.418551521824,2.414164187
1068,1068,0.431500531035,-1.7987506985
1069,1069,0.1962604414,2.75352503324
1070,1070,-0.742231168274,2.62738710669
1071,1071,0.172668176167,-1.84335769835
1072,1072,2.06638663916,0.571884930858
1073,1073,0.000392100499676,-3.20793292971
1074,1074,2.96363726549,0.627161102376
1075,1075,-1.0431929355,-1.24278840188
1076,1076,0.613956093017,0.616985008703
1077,1077,-1.6164254832,-1.47149586565
1078,1078,-1.25180976438,-1.15621011361
1079,1079,-0.565700609238,1.65991554361
1080,1080,-1.69263462549,-1.63622979134
1081,1081,-1.76811781593,-1.54703257265
1082,1082,2.22820921657,0.184276149302
1083,1083,-1.49959165671,-1.59769851237
1084,1084,-0.618862685143,1.96515675725
1085,1085,0.180998625774,1.31076718947
1086,1086,-0.0452035502369,0.433810228998
1087,1087,-1.28565565106,0.83777542074
1088,1088,0.582519363778,1.58960388374
1089,1089,-0.264450410912,1.12390925289
1090,1090,-0.442805320465,-1.02522055174
1091,1091,-1.15657123035,0.945069671335
1092,1092,0.187905297147,1.54384008327
1093,1093,-0.707627938563,-1.42288177914
1094,1094,0.195466733755,-2.7646528472
1095,1095,-1.23941085571,2.81638310244
1096,1096,0.543170170978,-2.90936338444
1097,1097,0.273027776788,-2.51273966172
1098,1098,0.766454260882,-2.29727488822
1099,1099,-0.221447585349,-2.68466863086
1100,1100,0.465923808663,-1.97894825374
1101,1101,-1.31898235622,-1.77423938497
1102,1102,-0.276499150593,-2.11096662109
1103,1103,0.498111567269,-2.65151718142
1104,1104,-0.922240034367,-1.44795170925
1105,1105,0.19165474371,-2.29509376131
1106,1106,2.73691927114,0.0952216555831
1107,1107,-0.217739153851,2.59183171579
1108,1108,-1.67873016684,-1.82640529716
1109,1109,-0.228647722628,2.26053988927
1110,1110,0.44339974592,-1.28493257599
1111,1111,-0.0967150910245,2.62777083366
1112,1112,0.822756316753,-1.80444512657
1113,1113,2.77017974259,-0.0270085757182
1114,1114,1.65562808239,0.662153208378
1115,1115,-0.0324091103691,-2.66412575727
1116,1116,0.61502928606,-2.18589650178
1117,1117,-0.514868588391,1.21502206947
1118,1118,0.832630579629,-1.61818575975
1119,1119,1.38315590368,-1.03040263446
1120,1120,-0.785348683598,1.71319890522
1121,1121,-0.366896718647,2.12094141107
1122,1122,-0.0909415540414,2.56946129854
1123,1123,1.36382087619,0.461458420343
1124,1124,-0.838981540913,-1.61894315503
1125,1125,1.27960925589,-1.78253491986
1126,1126,-0.263655369345,2.43758239963
1127,1127,0.287635139278,1.09789001021
1128,1128,1.61847896359,-1.09376854872
1129,1129,-0.781176096408,2.13586788806
1130,1130,0.613103470456,-1.56616057568
1131,1131,-1.19827585509,-2.03094805923
1132,1132,0.428980451507,-1.96472630111
1133,1133,-0.212271171516,-2.69210178612
1134,1134,0.462014048903,-2.69908425911
1135,1135,0.619366854537,-1.83385409483
1136,1136,0.191693541551,2.68313753681
1137,1137,0.00872991924393,-2.20747281116
1138,1138,0.235128515609,-2.44730022739
1139,1139,0.479338434224,-2.37635114006
1140,1140,-0.428714997638,2.18687055114
1141,1141,0.334713350693,1.98905483075
1142,1142,-0.567222431878,2.20574088244
1143,1143,1.07517943661,-1.36150505895
1144,1144,1.76721228579,1.10948457891
1145,1145,2.65106479088,-0.0150826616755
1146,1146,1.23545086209,1.84976655433
1147,1147,0.576613175462,2.39671194701
1148,1148,0.196005566868,-2.41228115394
1149,1149,0.526291912042,-2.59872755681
1150,1150,2.91862836154,0.463729631862
1151,1151,0.0929249136536,2.58575325169
1152,1152,0.708702681787,2.92533455804
1153,1153,2.75061382105,-0.199487061896
1154,1154,-0.400535272384,-2.35560345456
1155,1155,0.0400527368925,-2.41079231784
1156,1156,1.97240642064,0.635374306019
1157,1157,-0.0990344101204,2.39522914463
1158,1158,1.81649526959,0.201225254119
1159,1159,2.51512710578,-0.101279300129
1160,1160,0.162895550245,2.67169082324
1161,1161,0.103318783615,-1.1636444263
1162,1162,-0.0907963354685,2.3412241163
1163,1163,0.373489075571,2.06794819406
1164,1164,0.828687647663,-1.97694866977
1165,1165,1.41126143844,0.429135747718
1166,1166,0.475174808959,1.68600929222
1167,1167,2.59816519628,0.0541036248897
1168,1168,1.35414850617,-1.93195886879
1169,1169,2.78304541926,-0.237648322995
1170,1170,2.20342909671,0.490186265913
1171,1171,0.104228265281,-2.62721387588
1172,1172,0.329112305506,-2.69162637985
1173,1173,-0.251866939476,2.23793111709
1174,1174,-0.0921489764256,2.65716035712
1175,1175,0.115825073512,2.42307625275
1176,1176,-0.0991207391785,2.57760451842
1177,1177,0.285327854724,-1.94996570812
1178,1178,1.51791372581,0.484861036393
1179,1179,-0.0986487781893,-2.513405678
1180,1180,-0.174827142962,-3.22318627827
1181,1181,2.16124841335,0.185351319812
1182,1182,-0.686293120133,-2.86727583368
1183,1183,-0.0789414960317,2.70847028877
1184,1184,-0.0865669594117,2.67713185854
1185,1185,1.24793883981,-1.99212067275
1186,1186,-0.358468206637,-2.51205781547
1187,1187,-0.600900681411,-2.23667810904
1188,1188,0.986053025825,-1.4840165495
1189,1189,0.119321364688,-2.90209949577
1190,1190,-0.505250634968,-2.45707124161
1191,1191,0.0663935985744,-2.26251921301
1192,1192,-0.136115363997,-2.39851862888
1193,1193,-0.216954896338,-2.1213352144
1194,1194,-0.152350801682,-1.92479193441
1195,1195,-0.246765117011,2.50396392907
1196,1196,2.130560198,0.263405831158
1197,1197,2.64952102001,-0.000987506101011
1198,1198,2.48766859204,0.0646557192385
1199,1199,2.45697789995,-0.102751084064
1200,1200,0.822387798384,-2.6348467112
1201,1201,0.821554582291,-1.98641223741
1202,1202,-0.646611266713,1.94784293291
1203,1203,-0.740640837173,2.76550366229
1204,1204,-0.305306798639,2.10663722708
1205,1205,1.37324656564,-2.04132132982
1206,1206,-0.478369014312,2.45721747328
1207,1207,0.084863453641,-2.66209381402
1208,1208,-0.0188005420785,-2.25162253527
1209,1209,2.49568138436,0.29479498169
1210,1210,3.03541021517,0.393158712006
1211,1211,0.203850020801,2.41175703592
1212,1212,1.09340078588,-2.13937409156
1213,1213,2.35753286519,0.179961335105
1214,1214,1.96200390368,0.705444096182
1215,1215,-0.0947821439982,-2.72302635964
1216,1216,0.152636651917,-1.96238128856
1217,1217,0.0548052905493,-2.39698144557
1218,1218,0.17976710239,-1.80805077028
1219,1219,2.19709757907,0.20731180319
1220,1220,1.53028346318,-1.44743981004
1221,1221,1.2552285875,-1.12430309064
1222,1222,1.47046837934,0.899478203296
1223,1223,1.23562377175,-1.04656213827
1224,1224,2.71413808006,0.10642949864
1225,1225,2.89877918197,-0.175035017281
1226,1226,0.297894818823,-0.151396465567
1227,1227,-0.270648248255,3.05118095711
1228,1228,0.509912344945,-0.115209443851
1229,1229,-0.0575110339583,2.47842356501
1230,1230,-0.269866433907,-2.98313938822
1231,1231,0.349939598047,-3.01714023628
1232,1232,0.149101850732,2.74481529036
1233,1233,1.1750746286,-2.09025756888
1234,1234,0.0444990522899,2.22487673796
1235,1235,0.125052372322,-2.20282903578
1236,1236,2.73960366323,0.0975805464889
1237,1237,0.297690914235,-2.26085202357
1238,1238,0.134289663252,2.6781135983
1239,1239,0.833997745945,-1.77503962831
1240,1240,-0.10958895518,-2.0755967383
1241,1241,2.81717267688,-0.196450775083
1242,1242,0.330213108439,-2.3426344907
1243,1243,0.208295821937,-2.55732047156
1244,1244,0.582161190226,-2.00774242249
1245,1245,-0.18167806902,2.80182547849
1246,1246,0.0818167377203,-2.61243309229
1247,1247,-0.12316406305,2.21034839276
1248,1248,-0.392702684925,2.90046765512
1249,1249,0.655686490027,-2.50227820934
1250,1250,0.0496840371383,2.16775327342
1251,1251,-0.147695639046,2.68103086963
1252,1252,0.10238377724,2.66096672593
1253,1253,0.899936396768,-2.1422147365
1254,1254,2.26759932757,0.491396073022
1255,1255,2.60714966061,-0.211528592873
1256,1256,2.23013672193,-0.269940746988
1257,1257,2.70548583755,0.00447928560601
1258,1258,2.45153519615,0.792579720472
1259,1259,2.43196639224,0.17734114105
1260,1260,3.02028708309,0.0747054727219
1261,1261,2.27760213471,0.147683185179
1262,1262,-0.0506258381728,-2.20592113712
1263,1263,0.0596245384613,-2.01891745594
1264,1264,2.61139897217,-0.118106350935
1265,1265,0.459010127725,2.88323534486
1266,1266,1.19316534324,0.121549616485
1267,1267,1.82480462637,-0.276130106342
1268,1268,-0.173277173857,-2.56508876088
1269,1269,0.343696423939,-2.38191066963
1270,1270,1.81862466597,-0.281757642109
1271,1271,0.480841322205,2.44930104032
1272,1272,1.70173894604,0.475744358054
1273,1273,-0.325840232643,-2.12136721648
1274,1274,0.733698073428,-0.536250607892
1275,1275,-0.15503686885,2.51519742151
1276,1276,0.363289046658,-2.3945173147
1277,1277,0.754438298711,-2.56942748217
1278,1278,2.66971475082,0.0232101426398
1279,1279,2.12509597331,0.0974452323715
1280,1280,0.600566661488,-0.196336740217
1281,1281,2.40418626132,-0.0767280216854
1282,1282,2.56284753381,-0.19709022511
1283,1283,2.41605495462,0.240247370436
1284,1284,-0.543497902764,-1.84988812352
1285,1285,1.50006527331,-1.94784275997
1286,1286,0.0438372675853,-0.587589210406
1287,1287,1.79175076816,0.79086662386
1288,1288,-0.155254459467,-2.15171908451
1289,1289,-0.193054499914,-2.58031220697
1290,1290,0.18264220185,-2.50217153014
1291,1291,0.88863702209,-0.485090846132
1292,1292,0.691537509752,1.85129335002
1293,1293,2.50468698244,0.0965368320125
1294,1294,2.31830569736,-0.0300498429229
1295,1295,0.663735368167,-0.612067433642
1296,1296,0.081244702698,-2.81880477468
1297,1297,0.243431584886,-2.60121076566
1298,1298,1.39690871937,-0.780783562551
1299,1299,-0.0357134811937,2.90271033991
1300,1300,0.90628418043,-2.46276216221
1301,1301,0.0338412341384,2.60376029751
1302,1302,-0.421508990996,1.97572361172
1303,1303,1.47735720235,-2.46966917701
1304,1304,-0.518703723049,2.36675778657
1305,1305,-0.464115413607,2.22564102033
1306,1306,-0.406409921875,2.63607767125
1307,1307,-0.638089138328,2.53491560635
1308,1308,-0.371569937684,2.45801295082
1309,1309,-0.610564629383,2.54970713014
1310,1310,0.48743591367,-2.37271703888
1311,1311,-0.0865162674922,-3.16914201362
1312,1312,-0.392175496293,2.62151001435
1313,1313,0.148125821093,-2.10774156988
1314,1314,1.7618784998,-2.80690297866
1315,1315,0.276049215806,-2.1774379804
1316,1316,-0.859407004743,2.53697830904
1317,1317,0.165483876021,2.53740895183
1318,1318,0.686384796712,-2.32171991573
1319,1319,-0.189747885532,2.49983672822
1320,1320,0.0133239933946,2.45607178855
1321,1321,-0.522018028493,2.28139529799
1322,1322,0.374742392063,2.06481971571
1323,1323,-0.168677586634,2.52777903545
1324,1324,0.713582184307,-2.05805276733
1325,1325,1.1652756513,0.825269534864
1326,1326,2.53146701515,0.322702262556
1327,1327,0.146812147053,-2.61222196202
1328,1328,0.275157160725,-2.53170105034
1329,1329,3.05747290356,0.179425952789
1330,1330,0.243055338515,2.82136473041
1331,1331,1.13125091305,-1.89861210952
1332,1332,1.58671438089,0.437811915397
1333,1333,-0.112680634813,-2.79254803164
1334,1334,-0.298153564947,2.07658677885
1335,1335,1.22835057775,2.30987107882
1336,1336,1.17901546753,2.24123229798
1337,1337,0.0381941843848,2.19510845526
1338,1338,1.34199186915,0.689862386092
1339,1339,0.409475526978,2.11908177222
1340,1340,1.92480404284,1.61611285651
1341,1341,1.37414705305,1.5144419246
1342,1342,2.00388427289,1.58063725203
1343,1343,-0.297132979533,-2.32992791973
1344,1344,0.349842805528,-2.03557646481
1345,1345,1.62033645561,0.945578888804
1346,1346,0.265081470887,2.24751643853
1347,1347,2.17800215481,0.544519619563
1348,1348,0.741689820375,1.64660503825
1349,1349,-0.217233879156,2.51788752192
1350,1350,-0.424507666388,-1.46832209173
1351,1351,1.78917065357,1.01749595766
1352,1352,-0.88864382835,-0.82171473983
1353,1353,0.653924913894,-2.17654012709
1354,1354,-0.109922115529,1.86608793191
1355,1355,1.49457735442,1.05597383625
1356,1356,2.06962310118,0.300823840311
1357,1357,1.19552203851,1.51378572549
1358,1358,0.825254456453,1.66292844792
1359,1359,0.869253226514,0.567047900096
1360,1360,2.4600563395,0.60218281324
1361,1361,0.538632010898,0.43383779627
1362,1362,-0.97689681847,-1.46291957048
1363,1363,-0.139343754972,-1.62546287367
1364,1364,2.36341931902,0.419405271062
1365,1365,1.21280271002,-0.515330624672
1366,1366,2.58361176469,0.0808547867703
1367,1367,-0.404405642128,0.861682112145
1368,1368,0.195684740931,1.85925544401
1369,1369,0.0327044138759,-1.7413724947
1370,1370,0.412784085496,2.97502752084
1371,1371,2.61641257815,-0.515885366338
1372,1372,2.11382979167,0.314343712256
1373,1373,0.0325797293646,1.40037563815
1374,1374,1.71747790433,0.833050547785
1375,1375,1.37389686125,1.42700196712
1376,1376,0.451159804972,0.696249159954
1377,1377,-0.832222889688,-1.02528961708
1378,1378,0.537222713531,-2.23093578259
1379,1379,1.77997271097,0.965185742756
1380,1380,-0.0268134896202,2.31444444192
1381,1381,0.628466620805,1.21349434868
1382,1382,0.183475103722,-2.63162428073
1383,1383,0.0172026814189,2.23174369651
1384,1384,1.51259099453,0.453816129509
1385,1385,2.01572085005,0.772033093105
1386,1386,1.39160722106,0.737667696382
1387,1387,1.6687214501,1.41499090673
1388,1388,3.08664549866,1.21595186566
1389,1389,1.88469273879,1.98509109123
1390,1390,0.345797230029,2.49482110255
1391,1391,-0.0404204260782,1.87444752532
1392,1392,0.878289988627,-2.21212944826
1393,1393,0.569649918605,0.514628716382
1394,1394,0.897926122015,0.419945934144
1395,1395,2.53168356115,0.141693829483
1396,1396,2.81727633482,0.736522798081
1397,1397,1.64594409076,-2.37701959822
1398,1398,0.669962911154,1.32047850268
1399,1399,0.208608834324,-2.61775388687
1400,1400,1.2293270818,0.229652590609
1401,1401,-1.30149912635,-1.01771754491
1402,1402,-0.307674412193,2.57550469235
1403,1403,1.47690482641,0.199747204742
1404,1404,0.154217057398,2.21177680003
1405,1405,1.02147543089,1.08926752709
1406,1406,0.0327963628886,2.79165637109
1407,1407,-0.274963262178,3.74492835671
1408,1408,0.344953330992,2.59740450085
1409,1409,0.591091154102,3.04347372247
1410,1410,0.338466983069,2.27391686747
1411,1411,-0.10972209332,2.41936332743
1412,1412,0.2744533522,2.62192517706
1413,1413,0.39930997163,2.59304211872
1414,1414,-0.120508452559,2.84027615266
1415,1415,-0.0392170661832,3.09819526988
1416,1416,0.184171839861,3.16018489847
1417,1417,1.54551956149,0.365045180608
1418,1418,-0.431415044664,2.38110760334
1419,1419,0.826617790337,0.360763750159
1420,1420,-0.873101930058,-1.26388243306
1421,1421,0.157971623214,0.00450593773215
1422,1422,0.927087940205,0.104006784457
1423,1423,2.97701465234,0.481890305819
1424,1424,-0.3295334252,-3.19468703828
1425,1425,0.123537240496,1.87019555415
1426,1426,0.438004859579,0.757461693623
1427,1427,2.56894145192,0.422329846996
1428,1428,3.69984717201,-0.788393465526
1429,1429,2.96348972983,-0.481442450676
1430,1430,2.03816106806,0.838500837542
1431,1431,2.17903207761,0.661128663726
1432,1432,3.01619907457,0.50285328273
1433,1433,1.83884209795,-0.145619668407
1434,1434,0.888918825407,0.750208123917
1435,1435,1.56794379992,0.982861740261
1436,1436,-0.0410357827425,-2.97452475089
1437,1437,2.22904503189,-0.112356588449
1438,1438,-0.107493614445,2.09808418081
1439,1439,1.57600419696,1.98547863617
1440,1440,0.644654664058,1.27035793635
1441,1441,0.437784744569,0.765227272572
1442,1442,0.892231982796,2.19457916374
1443,1443,0.0429921055769,-2.45447938514
1444,1444,1.97132101927,2.3886215707
1445,1445,1.32645861197,2.82937357377
