,vote,alpha,beta
0,0,0.00165351319914,2.41880527257
1,1,-0.570444541534,-2.66561994303
2,2,2.87698945744,-0.242919368726
3,3,2.62809097928,-0.143906200828
4,4,0.970757311206,-1.74055541044
5,5,3.4705551626,-0.364548375417
6,6,2.08346934685,0.650306143469
7,7,2.50798540007,0.706686950595
8,8,0.210921134358,-2.02698402231
9,9,1.21255079998,-1.60878503818
10,10,2.65752831952,0.0414536304633
11,11,2.91285978747,-0.264270767386
12,12,2.43048337622,-0.0510631137891
13,13,2.92320852087,0.23021461564
14,14,3.04446645292,0.515102153047
15,15,2.15655997631,0.314409244366
16,16,0.0817931438103,2.49038153459
17,17,0.644261992661,-0.540133749947
18,18,3.02683900912,0.558713609285
19,19,2.53007774163,-0.160472156388
20,20,1.57815085251,-0.727484698761
21,21,0.26636902653,-3.41043766876
22,22,-0.356309767202,-2.37943914955
23,23,3.64293250618,-0.30638181418
24,24,0.831638484499,-2.35436464735
25,25,1.19385940884,-0.184973119075
26,26,-0.824056234536,0.0245124626668
27,27,0.0870849256184,2.6124321978
28,28,2.44679345625,-0.250105658416
29,29,2.46413283514,0.498591312523
30,30,2.7619004126,0.108621409269
31,31,2.7545889614,0.224548831098
32,32,-0.107627596026,-2.63450178316
33,33,-0.0500281267604,-3.58593426558
34,34,1.4527521029,-0.475355058783
35,35,-0.277249853825,2.41519551834
36,36,-0.743871987051,-2.99200251031
37,37,-0.027277653776,-2.32991254014
38,38,0.237030582047,-2.85103882006
39,39,-0.938427514127,-1.5134577005
40,40,2.14997047235,-1.61806514565
41,41,0.212164591776,3.05275446555
42,42,-0.348979881576,-2.26267057934
43,43,2.32656154959,0.293214200029
44,44,3.08216830011,-0.255396313173
45,45,3.42886007965,-0.194166898047
46,46,2.36611645692,0.161605167988
47,47,2.41000128206,-0.283097175489
48,48,2.83264455269,0.475237778266
49,49,2.52719837488,1.94982739162
50,50,-0.040347873894,-2.67249845265
51,51,0.128975408767,-2.46475677407
52,52,-0.599911941041,3.20649681858
53,53,-0.264446050514,-2.92197627387
54,54,0.0953622345176,-2.85425784325
55,55,0.14079484443,-2.60421705321
56,56,0.863666570621,-2.45725152953
57,57,-0.799431422367,2.17198091005
58,58,0.286241435819,3.4333354114
59,59,-0.372639834894,-2.0234957464
60,60,0.71804601219,-2.27397657502
61,61,2.2080487859,0.0240414301622
62,62,2.26593773231,0.0640000374564
63,63,3.04039634818,0.0226730699693
64,64,2.60928307603,-0.39031487945
65,65,2.4751608462,-0.419123886806
66,66,0.0284609118844,-2.46006208392
67,67,0.544599529773,-2.28595964446
68,68,1.10457891766,-2.3826841064
69,69,-0.580791791156,-1.67904106828
70,70,-1.13787964865,1.63095404788
71,71,-0.954612384647,2.32929779764
72,72,-1.0420881661,2.2478153695
73,73,-1.41817384098,2.59946365626
74,74,-0.986001564333,2.40971646916
75,75,-0.980687886494,2.17809179409
76,76,-0.608496725023,2.32593445306
77,77,-0.762324417714,1.45731835418
78,78,-0.0236528154453,2.82969336632
79,79,0.968157586428,-2.4920957034
80,80,-0.716083443187,-2.09955225503
81,81,-0.380682429907,-3.08594768751
82,82,0.417033357665,-3.34630572663
83,83,-0.0144537385851,2.48199768123
84,84,-0.268998197047,-1.96303360425
85,85,3.09231296762,0.489715534019
86,86,2.52410581911,-0.805519509324
87,87,0.265162816183,-3.53158458638
88,88,-0.257625120341,-2.81087699298
89,89,-0.592300312762,-0.845531239407
90,90,0.304469705713,-0.583455422882
91,91,-0.0303726749203,-2.00178207479
92,92,-0.846331594601,1.9644209416
93,93,-1.03394424225,-2.0382121045
94,94,0.457194100126,3.09670655009
95,95,2.17020883415,-0.365089444206
96,96,-1.13035937792,2.18931856253
97,97,-0.556070792807,1.99484474687
98,98,-0.396464368404,0.324427957186
99,99,-0.248988993343,1.9870572036
100,100,-0.110364484656,1.86357374497
101,101,-0.822147068051,0.408446207985
102,102,-0.11957359966,-1.63520636878
103,103,-0.817309193748,1.6780765992
104,104,-0.369067288065,-0.952914128111
105,105,-1.25442884442,0.0226202390378
106,106,0.851274121213,0.935767305442
107,107,0.231450923522,-1.34877886964
108,108,-0.319623620203,0.451431293182
109,109,-0.509812105424,0.515643531871
110,110,1.47165984369,1.6856664307
111,111,0.0121897418494,-2.08995288354
112,112,-0.429552376429,-1.32647472589
113,113,-0.241165088072,-2.03435302508
114,114,0.362362784108,3.0487281798
115,115,0.448575844979,-1.42805686236
116,116,2.95403691477,0.0715408995773
117,117,2.58086027508,-0.315288361146
118,118,0.602320351813,-2.17018099903
119,119,2.08463588567,-0.463225174487
120,120,2.50872068805,0.0851949007813
121,121,-0.528100660876,2.76666351148
122,122,1.20510985314,-1.22774279455
123,123,2.64428515601,0.209670353095
124,124,0.777002707072,1.61609369007
125,125,0.40122547761,-2.93517797389
126,126,0.454417695822,-2.83891845298
127,127,-0.724355515839,0.766090834154
128,128,0.311984019974,-2.07960470247
129,129,-0.194655554243,-1.25731698576
130,130,-0.955912836842,-1.64943702902
131,131,0.817969944202,0.758135104138
132,132,-0.344258471198,-1.66592392037
133,133,0.0883370275791,1.53492220835
134,134,0.529413225936,-2.43778299877
135,135,1.36123964298,2.31119969959
136,136,-1.9910940605,1.2657440618
137,137,-0.578554312755,0.593207948208
138,138,-1.49092798403,0.854380397906
139,139,0.104318391807,2.22620460468
140,140,-0.570243470413,0.248469192703
141,141,-0.655579396827,0.361066120681
142,142,0.23069949649,-1.95511197143
143,143,-0.662051796651,1.99411951155
144,144,-1.71266492853,2.23108045886
145,145,-0.816856100173,1.32022241229
146,146,2.19715268806,0.979292987373
147,147,-0.191452823851,1.33793521184
148,148,2.98684428402,0.366900897343
149,149,3.09714492089,0.0318987433216
150,150,0.274355642745,2.7729281294
151,151,0.796499941181,-0.599641863445
152,152,2.66279459578,-0.0679001854785
153,153,2.61549772321,-0.0114561552443
154,154,2.95257970469,0.495743948481
155,155,0.342223305494,-2.85519163254
156,156,0.358090399349,-2.27284620876
157,157,3.41288163395,0.104863214327
158,158,0.00242200240688,-2.25469726425
159,159,2.06023998721,0.853541726489
160,160,0.387010739807,-2.55880083483
161,161,0.468285340343,-1.88088386496
162,162,-0.373980541823,2.35178768298
163,163,0.44431559562,-0.504048867411
164,164,-1.12969264715,-1.1106969946
165,165,-0.38813569854,1.67116106701
166,166,0.236157506431,-2.89281408148
167,167,-0.836460767429,1.66474180195
168,168,1.2345576875,1.6180526247
169,169,-0.108216765229,0.129262078559
170,170,-0.897284579149,-0.653803655197
171,171,-1.65080526178,-1.34484134807
172,172,-0.96614102619,1.04177538257
173,173,-1.35789479283,-0.814631456659
174,174,-1.30643116878,-2.29143212453
175,175,0.0785623218878,1.46200072483
176,176,0.329250936073,0.815250279371
177,177,0.0883455656092,-2.21905672725
178,178,-0.0147872728233,1.18563332038
179,179,-0.444587573826,-1.28632786731
180,180,-1.43346638631,-1.91512597076
181,181,0.84129471004,-0.245808691352
182,182,-0.426262332327,-1.18799733752
183,183,0.140388010431,1.0970348733
184,184,-0.0635374938469,0.464134826291
185,185,-0.181191509945,0.38946972551
186,186,0.519746869808,-0.35010989398
187,187,0.23642735683,-0.408168496302
188,188,-0.108583194274,-0.749226987674
189,189,-0.0170058925728,-0.199583024611
190,190,0.136012947087,0.258509873855
191,191,-1.60232821879,-2.37289065688
192,192,-0.502500498092,-2.41895701895
193,193,0.151281538316,2.78055954793
194,194,-0.23812109086,-0.828958668665
195,195,2.27577601235,-0.0195233178573
196,196,2.31727220742,0.288065422627
197,197,-0.119872444492,-2.92972167345
198,198,-0.89861610815,1.3225562032
199,199,0.324641668421,-2.41401134766
200,200,0.302002225769,1.51026690287
201,201,-0.365707807911,2.68872380889
202,202,0.912837990734,-2.12417179947
203,203,2.87838715954,0.195761874943
204,204,-0.217921129088,2.47346263295
205,205,0.387991941975,-2.41219207656
206,206,0.123388448241,-1.35507184695
207,207,0.538707121327,-1.91482207532
208,208,-0.345978406843,1.97535270515
209,209,0.0233366998346,-2.52337869182
210,210,0.527650808759,-0.607237805243
211,211,-0.532677288758,-2.50081076638
212,212,0.422491505053,1.67033288938
213,213,-0.764629293189,2.20583425987
214,214,0.0042177515602,2.99595383688
215,215,0.48170318391,-2.00291824463
216,216,2.17231511517,-0.867112032036
217,217,2.07789428692,-1.50437698578
218,218,2.52162211295,-0.301689575743
219,219,-0.0968073876593,-2.42097633815
220,220,0.597382764238,-2.1249604125
221,221,1.8680424616,0.739759505561
222,222,-0.292314181274,2.44166962218
223,223,-0.209873351068,1.81351122605
224,224,-1.13662643611,1.77700437601
225,225,-0.489253808949,0.297847246424
226,226,-2.0237117843,-2.51432756897
227,227,-0.805379159885,1.70581533431
228,228,-1.38594882893,-1.87366360074
229,229,0.355534712869,2.01706516784
230,230,-1.4355167053,-1.49950589598
231,231,1.51521022611,0.80546054241
232,232,-0.103870573119,1.66513050568
233,233,-0.641824063536,1.77875865492
234,234,-0.732675832132,1.72054143
235,235,-1.12848502128,1.87916828688
236,236,-0.533471925839,1.37402647627
237,237,-1.33864583065,0.808288039189
238,238,-1.22556056845,1.68140147451
239,239,-0.948484742228,1.44864361729
240,240,-0.782949498743,1.40493587986
241,241,-1.36972379337,2.01904536847
242,242,0.391210153185,-2.49551660722
243,243,-1.47240382116,-1.93517677977
244,244,-0.751521094875,2.09597540974
245,245,-0.173718876998,0.909407771676
246,246,-1.16317614548,-0.664621231678
247,247,-0.347296622337,1.11719351085
248,248,-0.676320046284,0.20125278543
249,249,-0.584102551648,0.363297599114
250,250,-1.21345511238,0.833472389596
251,251,0.29270185171,1.28446975938
252,252,-1.48090082027,-1.22194454002
253,253,0.277239332349,-2.33646486713
254,254,0.333096103444,-2.06827994008
255,255,-0.678127510571,1.53417713213
256,256,-0.286395655659,0.695511131324
257,257,-0.89203594056,-1.34281318844
258,258,-0.447890091107,2.22577326978
259,259,0.20042760077,-1.85539627343
260,260,-0.216325178253,-2.63255397101
261,261,-0.392637905526,-3.3256244423
262,262,-0.418967414426,2.21175415207
263,263,-0.200081537181,-2.53415010014
264,264,0.122561394115,-2.77796569484
265,265,-0.201689771137,3.02584371862
266,266,-0.505836056321,-1.87719713666
267,267,2.90760675569,-0.167060465811
268,268,3.6620805232,0.293947643743
269,269,3.49917808103,0.211694942604
270,270,0.27308181324,-3.45923408447
271,271,0.593728753108,-2.53417958096
272,272,-0.921069351161,0.296270517697
273,273,-0.459307841532,2.84517410242
274,274,1.29940415462,-2.19375957501
275,275,-0.0186791424451,2.22248640412
276,276,0.903847597566,-1.93801045681
277,277,0.36718896327,-2.31631923581
278,278,0.406911948786,-2.43815730479
279,279,1.2420031261,1.67702731437
280,280,0.689393453593,-2.38228047582
281,281,0.0506572411879,-1.83012129125
282,282,0.276660642109,3.02765000884
283,283,-0.474373069801,-3.03599131927
284,284,-0.305082223704,2.18596045125
285,285,0.198435256787,2.58852707874
286,286,-0.0446147027593,2.68242853972
287,287,-1.32514286467,-3.04678438181
288,288,2.14816798741,0.0507131683133
289,289,3.46255974257,0.348014183133
290,290,0.367267876742,-3.03272872476
291,291,-0.434428365593,-2.7966688414
292,292,-1.51323026129,0.607548040596
293,293,1.17507657831,-2.25831220352
294,294,-0.59873707939,1.63564921506
295,295,-0.760573974592,1.22311577908
296,296,-1.83024411522,0.943030357653
297,297,-1.37819184963,-0.933473286297
298,298,-0.492125597656,1.38208114242
299,299,-0.583982545427,1.73448224566
300,300,-0.16403739901,-0.322508987568
301,301,0.56238992642,0.245718437591
302,302,-0.198880750547,0.573575817712
303,303,0.0994643736148,0.242535667436
304,304,1.19497184012,-0.659863463636
305,305,0.926862544643,0.497385104148
306,306,-0.415351531129,0.427222138964
307,307,0.856172948841,-1.85742717424
308,308,0.916464288069,-0.274773254488
309,309,0.44839393079,-2.32711184156
310,310,0.999700671832,0.64849221146
311,311,-1.29340838426,1.30496541852
312,312,-1.50960631253,1.9281295718
313,313,-0.122241658415,-0.273606494184
314,314,0.235365155151,-2.98821431783
315,315,0.495640426547,-2.75366482496
316,316,2.5780385936,-0.264849121324
317,317,0.767478249484,-2.88157695823
318,318,-0.135812674162,0.235635196299
319,319,0.65798133257,-1.91442269227
320,320,0.141484035448,0.978543908768
321,321,-0.788937870354,-0.755647075402
322,322,1.18391284981,-2.25997572535
323,323,0.402921122324,0.212593382991
324,324,1.02393600022,1.33810252312
325,325,-0.370832826421,1.73829431865
326,326,-0.194267944737,1.63570827607
327,327,0.429019675182,-3.08782165145
328,328,-0.111901592504,0.90782842969
329,329,2.56340247373,-0.83752343194
330,330,-0.0144250051452,0.267883492907
331,331,-0.342646934751,2.20681428371
332,332,1.01590193086,-0.913841881062
333,333,-0.4874753785,2.63500165124
334,334,-0.734962703572,1.88287480825
335,335,0.144303882009,3.41017156928
336,336,1.08114649707,-1.62968711366
337,337,1.62073366316,1.21031351548
338,338,0.153781170547,-2.35145571024
339,339,0.246260477941,0.66240572439
340,340,-0.109057305335,-0.495126316629
341,341,-0.426782308945,-0.879693210924
342,342,-0.676745337273,1.32930893098
343,343,-1.05933169664,0.916254693469
344,344,-1.01997031374,0.996025004323
345,345,1.58088911923,-0.325015438893
346,346,1.60747797966,-0.256344122344
347,347,-0.419310811552,2.66759123127
348,348,-0.961290563287,2.75837416989
349,349,-0.0580827129725,-2.35990721654
350,350,0.438470316042,-1.74658955803
351,351,-0.0876880282827,2.95267047497
352,352,0.568495547546,-2.3820700437
353,353,0.214850557757,-2.66806931431
354,354,0.115425237452,-2.33560070188
355,355,2.23597101832,0.0941046492315
356,356,0.416740746977,-2.14338663726
357,357,0.882110165618,-2.89779178565
358,358,0.0435869662777,-2.74588111371
359,359,1.59350041661,-2.36876179286
360,360,0.571837446071,-1.29631644534
361,361,-0.370749522194,2.1813541988
362,362,-0.305497989581,2.0094247121
363,363,-0.0576966571052,2.57786240652
364,364,-0.0100513875818,2.95350166352
365,365,-0.53846347965,2.72865729227
366,366,0.333975532177,-2.28374828855
367,367,-0.473816492827,2.68774986405
368,368,-0.0272079614237,-2.64450709386
369,369,2.72058671434,1.55311840677
370,370,2.88745350996,-0.464012999919
371,371,2.33770036331,0.0271605501594
372,372,2.3219053884,0.507704207774
373,373,2.23848846429,0.560321556801
374,374,2.08285706829,0.0316080034592
375,375,2.59044258745,-0.047098348305
376,376,2.5695074435,0.24607963454
377,377,2.29388278914,0.178695282227
378,378,0.194202665804,-2.85187539155
379,379,0.0596656456937,-2.57074924717
380,380,-0.00302714126217,-2.83979092038
381,381,2.79818174557,0.312686744753
382,382,3.0986570771,0.506586864606
383,383,2.39807259873,0.961018689099
384,384,0.127544999851,-2.74310779439
385,385,0.460958211627,-2.60152104948
386,386,1.98593963388,0.461672550673
387,387,-0.555827626521,2.49881878849
388,388,-0.503001446156,2.16783953089
389,389,-0.558277124634,2.50810006432
390,390,-0.424218590486,2.94324357466
391,391,3.25379689682,-0.174112926229
392,392,0.138440807153,2.54808301706
393,393,0.297626512725,-1.87335399721
394,394,0.0565490946621,-2.84799318597
395,395,0.33604312918,-2.75491370155
396,396,-0.0859266935347,-2.47309201978
397,397,-0.0486504624049,2.6114512724
398,398,-0.70129408461,-2.50523163458
399,399,0.316817701656,3.11988044825
400,400,0.739124781195,-2.94025482637
401,401,-0.219786079882,-2.2532985626
402,402,0.575095907777,-1.72448928021
403,403,0.871085953031,-1.98592775603
404,404,-0.0325001242472,2.53395543483
405,405,1.06291719112,-2.22049873245
406,406,1.10409899042,-0.911878214274
407,407,2.68025467044,-0.126002707369
408,408,2.92375696457,-0.116069544487
409,409,2.50246756004,-0.186419764737
410,410,-0.182323081198,1.97915268421
411,411,2.7788519111,0.3224973686
412,412,0.388532113513,2.52784504768
413,413,2.86905732175,0.0875084557111
414,414,2.41082105143,0.0788746199705
415,415,0.0690247976288,-2.36534491249
416,416,-0.134822052825,-2.52174015786
417,417,0.17432173736,-3.10616710999
418,418,2.30974617385,-0.0541451318961
419,419,0.942565205989,-2.39682177644
420,420,-0.184332828241,-2.98942005596
421,421,2.64918637057,0.164377155762
422,422,0.16188566798,3.05931552496
423,423,1.69895117345,0.563342795393
424,424,-0.308113972786,-2.5819210148
425,425,-0.477797035745,-2.31919677782
426,426,2.37023566058,1.30760447153
427,427,-0.000868788463027,-1.65171877827
428,428,-0.1626796696,-2.00752912837
429,429,1.36299828367,-2.48139058835
430,430,1.2042681375,-1.76265320628
431,431,1.0233987455,-2.08145966152
432,432,-0.0749144903395,-2.26967437646
433,433,0.261273689348,-2.46232391872
434,434,-0.19372987853,-3.31894983917
435,435,-0.161291957025,-2.86855397966
436,436,1.04507412602,-2.22746988748
437,437,0.841840086891,-1.84235691763
438,438,0.167620218782,-3.23763755239
439,439,1.58617839457,-2.24181408705
440,440,-0.154932351033,-2.70653366409
441,441,1.30438115198,-2.2293655823
442,442,-0.0402768577779,-2.78479817776
443,443,2.1556393581,0.32683050088
444,444,0.29430745613,-2.48643853404
445,445,-0.268477699703,-2.57067271799
446,446,0.980898689617,-2.34246755114
447,447,0.23045765199,-3.07229632867
448,448,0.916268308524,-2.25478089099
449,449,3.7160787757,0.111369923156
450,450,3.22995286321,-0.0216366785093
451,451,-0.133677556368,-3.27368457348
452,452,0.983295413897,-2.18432335634
453,453,-0.20012737944,-2.86942885091
454,454,0.819803288971,-2.00155043918
455,455,-0.207822571979,-2.8793204945
456,456,-0.06916758148,-2.72504487825
457,457,-0.0113299739119,-2.87547352922
458,458,-0.237271060955,-2.49589530231
459,459,3.15797486532,-0.363972609699
460,460,-0.0738022287342,-2.8004715323
461,461,1.49013509813,-2.6617198536
462,462,3.03361582464,-0.147373506899
463,463,0.307913578521,-2.58468912768
464,464,-0.956526861094,-1.51361292751
465,465,0.720442568741,-1.88550234937
466,466,0.0784051627685,-3.16072524541
467,467,1.00187354955,-2.23884327255
468,468,0.0104442659465,-2.23581558225
469,469,0.347574459731,-2.47934310778
470,470,-0.0156558600181,-0.233594288091
471,471,0.667804171672,2.43439300688
472,472,-0.221937664065,-2.85291586632
473,473,1.12088803963,-2.358280304
474,474,-0.554332248854,1.53057909004
475,475,1.78240250718,2.08632107145
476,476,2.04473987564,2.33739320598
477,477,2.55680964872,0.172314342414
478,478,3.89143683599,-0.24963653658
479,479,-0.132710201728,-2.45468077975
480,480,1.17793897617,-1.66791576109
481,481,-0.526290095789,2.15204707281
482,482,-0.00126028890356,-1.79199806188
483,483,-0.933787146953,1.04427722389
484,484,0.137072476346,0.0542216621976
485,485,1.64604953381,0.458169166464
486,486,2.53163364357,-0.0150675240583
487,487,2.7386568475,0.264356203522
488,488,2.40159573198,0.0252104824466
489,489,-0.112896218509,-3.2463998595
490,490,0.52024735023,-2.84958221932
491,491,-0.758970659754,2.17994058049
492,492,0.0728382642064,3.36712154812
493,493,1.32694893694,-2.13129585846
494,494,0.145628666895,2.51884181025
495,495,1.21958511825,-1.37391056566
496,496,2.75648865858,-1.27051763984
497,497,0.0661316181241,-2.48039644708
498,498,2.733962788,-0.00647675395216
499,499,2.48643087376,-0.158026301165
500,500,-0.161789883386,-3.25967428799
501,501,-0.215485658155,-3.60707404858
502,502,0.229733426137,2.16987401389
503,503,-0.455880393838,2.61620911448
504,504,-0.25736018342,3.05504329188
505,505,0.379870957737,3.16865571276
506,506,-0.156142964086,-1.82072372281
507,507,3.08713821443,1.13938793753
508,508,-0.0939952519749,2.78498014188
509,509,-0.177447572545,-3.18109487751
510,510,2.76798910984,2.13514944293
511,511,0.231389105798,-3.78749878408
512,512,0.0223495434204,-2.43687660736
513,513,0.507815370547,-3.1463031408
514,514,-0.353935885449,2.29696526276
515,515,0.967316171201,-1.87039281992
516,516,2.32199422544,-0.156091815453
517,517,2.94042253986,-0.519287925478
518,518,-0.307825957224,-2.93572922717
519,519,0.390167056535,-2.61010947657
520,520,0.0635252830725,-3.22946881058
521,521,-0.145073074089,-2.64883368331
522,522,0.247961743993,-2.40528549985
523,523,0.223556895696,2.67739067416
524,524,-0.291142376288,2.94025880893
525,525,-0.208268338392,2.25869135469
526,526,0.178213735461,2.45249296408
527,527,0.0237161548284,2.46466501061
528,528,-0.486315068396,2.44639886655
529,529,-0.424275864923,-2.58255657071
530,530,-0.233286626924,-1.60596892106
531,531,0.524572567453,-2.22300568992
532,532,-0.363600151194,2.36050799866
533,533,-1.46666725564,1.62395621618
534,534,-0.627971418393,2.16601674627
535,535,0.400573935728,-2.04852083416
536,536,-0.232717046465,2.2278298251
537,537,-0.56123830092,2.52842348635
538,538,-0.208787862103,1.97982593022
539,539,-1.05870309395,2.31720288458
540,540,-0.773253391073,2.47465564877
541,541,-0.513554637959,3.13414191556
542,542,-0.886993391503,2.82343444024
543,543,1.02865900808,-1.91259588299
544,544,2.25343856681,0.608584072411
545,545,2.52712888633,0.116024256313
546,546,2.9676321613,0.403893659255
547,547,2.9515547444,0.059356850857
548,548,2.45774298583,0.415428801826
549,549,-0.0841294199196,-2.44723326058
550,550,0.865913018315,-2.24944526436
551,551,0.585785253653,-1.06662632375
552,552,-0.490836369338,2.35672222679
553,553,-0.414548233135,1.85688126456
554,554,1.09527322831,-1.99719427829
555,555,1.45417236327,-0.805302734094
556,556,0.154252822457,1.06549985632
557,557,-0.5551084022,0.130128309286
558,558,-0.524912294886,0.934870092893
559,559,0.463254961507,0.587287465115
560,560,-0.471360276756,1.31847123172
561,561,0.774046670588,-0.281272826784
562,562,2.10845819819,0.507916103361
563,563,2.87047955952,0.247127241364
564,564,2.6743877613,-0.284988814586
565,565,1.61523858232,-1.58132292045
566,566,3.39656458303,0.56664212992
567,567,2.70571198808,-0.384640899473
568,568,2.85156097623,0.28134525675
569,569,2.77298102411,-0.00538000656803
570,570,-0.0947538271262,-2.57995191068
571,571,-0.174810627235,-3.34235956055
572,572,0.23351951896,-3.05602846573
573,573,0.799547227831,0.097625249813
574,574,1.01164922597,-0.284584584593
575,575,0.229153415839,-2.12228119417
576,576,0.37496200996,2.7704823559
577,577,0.386987389232,-1.86513476512
578,578,2.67556745821,1.95969909997
579,579,0.0210831059692,-3.04284592815
580,580,0.315028660473,-2.92100998324
581,581,0.0193030824293,2.70531843153
582,582,-0.222336410318,2.30214398535
583,583,-0.169704882233,-1.87395592077
584,584,3.05499499913,-0.00170196789162
585,585,2.29629631044,0.153366721993
586,586,0.01431099745,-3.47607531849
587,587,2.84997313078,0.0624280761089
588,588,0.443976810247,-2.75572377334
589,589,0.826723138374,-1.16590652641
590,590,-1.71532254781,2.70961668905
591,591,-1.81739578391,1.61748952057
592,592,-1.69370288676,1.37641798694
593,593,-1.95821125004,-1.90586972898
594,594,-1.22841478605,2.18630535224
595,595,-0.688869642311,-2.33900498377
596,596,0.719083506179,-0.479082526993
597,597,2.42074395748,-0.245595377497
598,598,1.66151883936,1.74377372888
599,599,0.284972287403,-2.32450989467
600,600,-0.325737933408,2.80000361739
601,601,0.0239829463541,2.94825549737
602,602,2.240725048,-0.418013222391
603,603,0.22653074526,-3.02319000952
604,604,-0.0428748972374,-3.1882536508
605,605,0.91603721025,0.375556245343
606,606,0.404286523718,2.55591709975
607,607,1.35548569913,-1.62154385472
608,608,-0.789734098757,1.2095447918
609,609,1.1893103541,-2.10256353612
610,610,-1.00588750964,2.82258516631
611,611,1.7610147594,-1.8782804505
612,612,2.22951179298,0.266569088094
613,613,0.795514446329,0.468305318081
614,614,0.870621874097,1.2849423022
615,615,0.69941810543,0.263112300272
616,616,0.70439244473,0.482497169135
617,617,0.351390905469,0.471800733947
618,618,0.582754527656,0.539041546831
619,619,1.16793736819,-2.24434867709
620,620,1.26154056952,1.63109536909
621,621,2.44279357796,0.38980531232
622,622,1.181908278,-1.75933446854
623,623,1.61204587536,0.728639177515
624,624,0.828154469436,1.84007958008
625,625,-0.206820380784,-0.967069051682
626,626,-0.643898479288,-0.617418552022
627,627,0.49044965104,1.38405523867
628,628,1.70849606663,0.790749309928
629,629,1.92364360055,0.586789463188
630,630,-1.11346819237,-1.11039524537
631,631,-0.678977115569,-2.45717527379
632,632,-1.24785504924,1.2355595552
633,633,-0.794212421922,-1.4268681979
634,634,2.8285617983,-0.0610508293947
635,635,-0.336918744197,-0.13611720614
636,636,-0.943937807665,0.659467489179
637,637,-0.0826454369906,0.342475813377
638,638,2.66788322382,0.799939755948
639,639,0.344767006593,0.229899959957
640,640,-0.317829307026,-1.55858788662
641,641,0.814863390601,0.388336946124
642,642,1.28097233856,0.97141540393
643,643,-0.416984865338,-1.17934535954
644,644,-0.689460754397,2.25919227395
645,645,-0.132773905633,1.3773958414
646,646,0.615439932579,0.755465534324
647,647,2.07732201999,1.51342464426
648,648,2.30884070157,1.35500569778
649,649,0.796123089851,1.84476305566
650,650,2.47483179475,0.938496699276
651,651,-0.50545062392,-1.39969474546
652,652,-1.13528241206,-1.8751384024
653,653,2.19540273565,0.381218683777
654,654,1.85192925296,2.68990605934
655,655,0.864733002705,0.394558201034
656,656,-0.54570588031,-2.21872831208
657,657,1.44706297574,0.551328155301
658,658,0.388959601369,1.49080934743
659,659,3.1304275626,0.656310660836
660,660,1.86722889285,2.1827775934
661,661,2.02192258359,2.1365675658
662,662,2.16165524046,2.36962354833
663,663,1.39260219614,1.9361941866
664,664,1.79660714907,1.81029620305
665,665,1.70101264529,1.7176492037
666,666,1.27535608784,2.17805133306
667,667,0.812576301108,-2.95618446777
668,668,-0.517024320885,1.75348837872
669,669,1.35321738595,1.62209863685
670,670,-0.389415193092,-1.37396377861
671,671,1.2694688328,1.08001102226
672,672,2.42673726653,-0.170329835851
673,673,-1.10413006121,1.83463209704
674,674,-1.89950818104,1.90004629223
675,675,1.38452311004,-0.739636816348
676,676,0.57914678313,1.86888334627
677,677,1.76572788577,1.44554119384
678,678,2.68227005945,1.34132198728
679,679,-0.184606877134,2.41922159314
680,680,1.86008096697,0.674068305668
681,681,1.93543298546,0.226287945242
682,682,2.51943550749,-0.131275794132
683,683,1.75305255617,1.04397073117
684,684,1.49286210858,1.47119396714
685,685,0.347151213944,2.8022209154
686,686,0.74504415302,2.64720336236
687,687,-0.0592914961219,1.83019388519
688,688,0.0789603901222,1.93796898157
689,689,0.250437249899,2.34341977217
690,690,-0.249334660296,2.11554166568
691,691,2.26450667629,1.52657986246
692,692,2.29532965764,1.85833219027
693,693,-0.870237810932,-2.66838630435
694,694,1.70758676252,2.07910596277
695,695,-0.0805337449805,-1.87098479961
696,696,1.04771067328,1.96717403069
697,697,1.3956470035,1.82097832751
698,698,2.20587606969,0.278611571449
699,699,2.33767055511,0.375926750808
700,700,-0.0625812319024,-1.59710080352
701,701,-0.121630357631,1.1630472414
702,702,-0.428441498452,2.11380414677
703,703,-0.373469286712,2.13995410497
704,704,-0.135278158713,-1.06160000103
705,705,-0.416610121097,2.00116099208
706,706,1.4594695571,1.28306501869
707,707,-0.618954431057,-2.14564943099
708,708,1.57716741109,2.03509526166
709,709,0.940377291023,1.16034491364
710,710,0.179738598145,-2.27262138047
711,711,1.0557405572,0.391038629976
712,712,-0.288644059593,-0.39984951012
713,713,-1.21630288899,-1.52272006882
714,714,0.449155192856,-2.39348525453
715,715,-0.888643549414,1.69596056358
716,716,0.391431168585,2.71681005556
717,717,-0.351966364447,-2.31920492198
718,718,1.01338797419,1.30236209279
719,719,0.115485278184,-1.55742723472
720,720,1.60317378137,1.81596264589
721,721,-0.0268653374933,-1.50694447477
722,722,-0.58522713657,-1.39878101926
723,723,1.26439680491,1.28089334941
724,724,0.820927260046,1.38712657309
725,725,0.852114754493,0.748116013721
726,726,0.056107994489,-2.52413052373
727,727,-0.190387307916,-0.978741826103
728,728,1.80260128562,-1.14983764023
729,729,2.04850936046,0.441951721391
730,730,-0.433305214864,-2.66264484311
731,731,0.164079611791,-3.00354239555
732,732,-0.239123658569,-1.89302059903
733,733,2.25030753178,0.37220476093
734,734,-0.043928230379,-3.07217795156
735,735,0.650287742282,2.5917444822
736,736,-0.0997036930809,-1.22263369683
737,737,-1.0168088084,1.9551117995
738,738,2.06119895862,-1.82569777511
739,739,-2.0899657698,2.59915603464
740,740,1.45729849245,-2.11350935582
741,741,0.0842163305938,2.32739229306
742,742,-1.06979574118,1.06218277105
743,743,0.921219073208,-1.06941352447
744,744,0.96073841287,0.619753624237
745,745,-1.10187445535,-1.99045652854
746,746,0.478607403831,-1.93822169159
747,747,0.511925984571,-0.3216744105
748,748,2.37129596515,-1.42361492558
749,749,-0.443054528062,-1.79559863686
750,750,-0.8886484988,-2.86329177416
751,751,-1.83518532091,-1.08656702194
752,752,0.403808406532,1.79101553422
753,753,2.80114016537,0.300991919641
754,754,-0.282394012743,-2.4114258155
755,755,0.343617267337,-1.89695417908
756,756,-0.212231934692,-2.06757458827
757,757,0.742896322745,-2.48154675673
758,758,-0.523156508446,-2.69459518218
759,759,-0.0781670095635,-1.93084398976
760,760,-0.677128483557,-2.55403487486
761,761,-0.411268897705,-1.58599401067
762,762,-0.461499879082,-2.05736492104
763,763,0.335271586328,1.976312662
764,764,1.8225043424,0.371102012761
765,765,0.557690288746,-2.07446738306
766,766,-1.22230363839,-0.99016594009
767,767,-0.658702395537,-3.11817974772
768,768,0.0635448547104,-2.07739333186
769,769,-1.54519194674,-1.53407466376
770,770,-0.475907508182,-1.40237285732
771,771,0.704698992096,-2.1247103221
772,772,-1.01150512132,-2.55617719295
773,773,1.37627931081,-1.52946563776
774,774,1.65431947437,1.25419060469
775,775,1.31835945641,-2.3719367061
776,776,1.01811127805,-2.02430835961
777,777,-0.191423258387,1.54856761283
778,778,0.605642450572,1.03985856077
779,779,-0.185746680461,1.33043900967
780,780,0.662677727735,-1.48222178637
781,781,0.468049390863,2.69741094588
782,782,-0.0285509157695,-2.57466205622
783,783,-0.069105593642,-2.88092547585
784,784,0.634797466794,-2.33889780729
785,785,-0.395593004402,2.30142293667
786,786,-0.122367989953,2.55319334182
787,787,-0.283619959346,2.71318902586
788,788,-0.152963863466,2.86634108891
789,789,0.309019555238,-2.18380657464
790,790,-0.166533965019,-2.71728166787
791,791,-0.7775762142,2.84005876589
792,792,-0.106903979241,-2.37364396684
793,793,1.47018721858,-1.60022668635
794,794,-0.143723105508,2.0382826391
795,795,-0.124175808836,2.28094928515
796,796,-0.32080436016,2.45482085315
797,797,0.849459283052,-2.64302460095
798,798,2.18386208017,0.825367100294
799,799,2.58705609144,0.0288541226677
800,800,2.64593416866,-0.040013230446
801,801,2.11094595365,0.0202773907716
802,802,0.0652706449013,-2.90267924553
803,803,0.192085868846,-2.6715724507
804,804,2.36917603671,0.263513000405
805,805,-0.218857754952,2.84783357395
806,806,0.155458652889,2.45981491723
807,807,-0.56032220073,2.99306900096
808,808,0.0693605230185,2.59604172805
809,809,0.278443715839,-2.31215595729
810,810,0.159974558785,-3.46200601367
811,811,0.218061184202,-2.99781298922
812,812,-0.314355620148,2.51161444659
813,813,0.67557499025,3.21403952799
814,814,0.672941164682,-2.15833513137
815,815,2.3664716241,0.446875845792
816,816,-0.514351022693,2.38677498972
817,817,-0.156774380073,2.80772913364
818,818,0.925169588454,-3.03869908718
819,819,-0.141395979901,-2.89277797029
820,820,0.418868735988,2.93440179116
821,821,0.299920241386,-2.35325203656
822,822,3.05662632541,-0.112476561327
823,823,3.01471196991,-0.198715635576
824,824,-0.299061213158,2.78544010133
825,825,-0.0625257822174,2.02875786914
826,826,2.88754497597,-0.0461588143694
827,827,0.344900324761,3.36187525711
828,828,0.000470359211209,-2.10461933647
829,829,0.0596537129114,-2.44381755364
830,830,0.09281507089,-2.41696467855
831,831,2.82522023065,-0.0350256113436
832,832,0.511952807999,2.58988355151
833,833,-0.0109464146753,2.71830202673
834,834,-0.128907779996,-1.95434226261
835,835,1.75628350302,0.340177685005
836,836,1.62363018465,0.483271041636
837,837,2.34989618505,-0.232213296305
838,838,1.87741780673,0.13693466862
839,839,0.531262516434,-2.56238391792
840,840,0.594332317903,-2.67990085655
841,841,-0.49030351254,3.07876679068
842,842,1.52822026114,-2.84862239726
843,843,0.292808030733,-2.63413942622
844,844,-0.0956445911758,-2.54360119204
845,845,0.058147829964,2.14513700631
846,846,0.676563669301,2.41113255979
847,847,0.0150572199797,2.23901504456
848,848,-0.106750101811,2.16594216712
849,849,0.287776983414,2.62085346341
850,850,0.267059780669,-2.41379941912
851,851,-0.125350470561,3.00683396331
852,852,0.747616386444,-2.05126392392
853,853,0.095746091959,3.05401454977
854,854,0.556758807197,-2.82713713363
855,855,0.299185464932,-2.55224240921
856,856,3.21788850499,-0.225226877455
857,857,-0.0566364358106,-3.14168551786
858,858,-2.46404986388,0.100171980765
859,859,-1.76721141701,1.76558191718
860,860,-1.7875657437,1.56263163155
861,861,0.377155420981,-0.959033043808
862,862,-2.25746230545,-2.41571455086
863,863,-1.71802159947,2.29859595667
864,864,-0.578804780534,-2.14197397951
865,865,1.9341799567,0.439891337536
866,866,2.68415330284,-0.22892661275
867,867,2.91507502742,0.534718689114
868,868,0.308495309032,-2.72549538531
869,869,1.04777837382,-2.09328650216
870,870,0.473039539978,-0.864449900552
871,871,1.91055725083,0.349010272443
872,872,-0.250030398963,-2.79456128037
873,873,-0.565998106506,1.77177734618
874,874,-0.00188023676825,1.2668029916
875,875,2.70985341494,0.528141198072
876,876,-0.0490891150184,-0.358392669514
877,877,0.0200319776439,-1.08003773154
878,878,-0.735167134267,-2.90346108604
879,879,-0.127517895829,-1.23217110357
880,880,-0.578051599667,1.14436372994
881,881,0.393115757093,3.08924974321
882,882,1.80207226245,0.159515703243
883,883,2.54742386731,0.443026619314
884,884,2.71679109552,-0.306814073919
885,885,-0.557822397996,-3.31774373028
886,886,-0.150986025518,-3.01754946466
887,887,-0.0101335353173,-3.45075557312
888,888,3.30798663136,0.185831616516
889,889,0.0984004145634,-2.29500436819
890,890,0.340495004807,-2.67921110355
891,891,2.21203473028,0.980605283383
892,892,-0.113781540775,2.34906752257
893,893,0.576540673357,-2.8779494474
894,894,1.43856514883,-2.58151342437
895,895,0.550923848423,-2.24863419949
896,896,-0.476732078247,-3.03117469783
897,897,0.153273514015,-2.89743266236
898,898,1.40361298294,1.40021547374
899,899,0.949305282778,-3.20710729144
900,900,1.34143616389,0.678632184888
901,901,0.224238376789,2.73903530215
902,902,1.06184814795,-1.35484705495
903,903,-0.118076510055,1.67340977676
904,904,-0.30573981329,1.63841202443
905,905,1.60923189854,0.544372842837
906,906,1.87904200909,0.621947451687
907,907,2.21141008963,1.2783245123
908,908,1.2263446847,-0.323080933536
909,909,2.41047531155,0.822501706624
910,910,3.04911822181,-0.0201634420957
911,911,0.0536326636806,2.44668219282
912,912,1.89853601345,0.204144504399
913,913,2.77942117895,0.0547841713064
914,914,1.99422349374,-0.677845359605
915,915,-0.174979479487,1.55665788126
916,916,0.289323061511,2.33306228744
917,917,-0.0073948022703,-1.75859280459
918,918,0.208177784192,-2.18035725957
919,919,2.19266727978,-0.841879174747
920,920,1.44659261148,-2.15733956098
921,921,0.579518172208,-0.137249107449
922,922,0.424635952326,-2.46763516731
923,923,0.692674079938,-1.65629608183
924,924,-0.615520225583,2.05444579403
925,925,-0.160947134733,1.39111650327
926,926,-1.02184273119,-1.78649487858
927,927,0.214710821112,-2.17650619547
928,928,-0.0905783070766,1.21470553834
929,929,0.520577682011,1.52406466633
930,930,-0.196236185212,2.91040504006
931,931,2.76030103969,-0.050222887783
932,932,0.908375571698,-0.776709191085
933,933,2.54977460281,-0.128179990076
934,934,2.94032030636,-0.0982477080606
935,935,-2.09915230352,-2.1768484953
936,936,0.614449741252,0.378480645041
937,937,1.2115768104,-0.618745419431
938,938,-0.148628567399,-1.7006386174
939,939,-1.71920926978,1.75487681713
940,940,-0.295575209122,1.28933205057
941,941,1.34209726812,1.63144387684
942,942,1.93160762929,0.917808771784
943,943,-1.02971992352,0.174575912283
944,944,-0.0885783984193,0.742461647628
945,945,-0.198838705936,-1.58789304322
946,946,-2.18587480042,-2.18077557311
947,947,-0.358946204899,1.59654107704
948,948,-0.733596337484,-1.17728342676
949,949,-0.653016145632,-1.70238160226
950,950,0.427803372076,0.83802425326
951,951,0.123111219022,0.962073252032
952,952,-0.325157955085,-2.1984772632
953,953,-0.0452954134274,-2.84591324455
954,954,0.469105431953,0.768581604018
955,955,-0.137837874846,-0.876964648365
956,956,0.458664399813,2.26273022342
957,957,0.496217515728,1.04133204139
958,958,0.68579268092,-2.30664862086
959,959,-0.17563738096,-1.92717488907
960,960,-0.464921911344,-2.38021720702
961,961,0.167912160343,-2.47588960714
962,962,0.384559262594,2.93990773576
963,963,0.88460975274,-0.554853629439
964,964,0.482784356039,-2.8936694668
965,965,0.116833721613,2.91203911274
966,966,1.14537111537,-0.249169435259
967,967,2.9411177631,0.466007676308
968,968,-1.07276862891,-1.61619176805
969,969,-1.97709138889,-2.05782076402
970,970,-1.36432095708,-1.79066873513
971,971,0.092389614277,1.37727644132
972,972,-0.818001645885,-0.633086158031
973,973,-1.75818282658,-2.06498510027
974,974,-1.53755239733,-1.82725690533
975,975,-1.43045954501,-1.51976980169
976,976,-0.929112661544,-1.87186632702
977,977,-0.521413971525,-1.97762947555
978,978,-1.3996170521,-2.04671221981
979,979,-0.549620132447,-2.21822972508
980,980,0.289041869586,-0.752599193656
981,981,3.14551991688,-0.00243324547091
982,982,0.125221243214,-2.48999158839
983,983,-1.34735447571,-1.90111958325
984,984,0.392254566287,2.83358385094
985,985,-0.352223911826,-1.66829907899
986,986,-0.828878566034,-1.70126318422
987,987,-0.889939474204,-1.7247735698
988,988,0.0571325889587,1.17166514246
989,989,-1.16327829581,-1.67690832224
990,990,-2.02855179786,-2.64226265027
991,991,-0.23595355481,3.05097430701
992,992,0.12131564186,-1.45738709376
993,993,-0.182256066381,-2.24161266813
994,994,0.439778650847,-2.58454085425
995,995,2.09930177221,0.447257262551
996,996,0.351928027257,-2.63190272958
997,997,-0.780849110235,-1.56042363578
998,998,-1.56529267387,-1.72070494549
999,999,0.109920798232,0.280811730396
1000,1000,-0.834875237382,1.14510980918
1001,1001,-0.435394187643,0.804122269721
1002,1002,-1.06599136645,-0.987107145778
1003,1003,-1.46167969623,-0.872056753297
1004,1004,-0.084593879256,2.14002417959
1005,1005,-0.419275118088,2.81491802978
1006,1006,1.29374411836,-1.7410329495
1007,1007,0.207398231377,-0.326993792257
1008,1008,-0.381076553555,2.12133266726
1009,1009,1.24206793268,-1.84265503194
1010,1010,2.37112565523,0.257885382022
1011,1011,2.87224291361,0.253337474535
1012,1012,2.69786402165,-0.0261363964088
1013,1013,0.777206274272,-1.68098514352
1014,1014,0.0639058951352,2.05798610707
1015,1015,0.61429788056,-3.10921640183
1016,1016,-0.76094637786,-0.711835337384
1017,1017,-0.428554622652,1.88705082686
1018,1018,2.26305847448,0.187256863124
1019,1019,-0.408319924028,1.61498761148
1020,1020,0.478381223507,-1.74735208675
1021,1021,0.656498070815,0.119667251058
1022,1022,0.321438002973,-1.82929439245
1023,1023,-0.847194353802,1.7631293524
1024,1024,-0.313587226733,0.953828212956
1025,1025,-0.0584406822786,1.01742382063
1026,1026,0.557507574969,0.431423473729
1027,1027,-0.232963862469,-0.0939544196605
1028,1028,-1.03264111318,0.328054275622
1029,1029,2.5475780744,0.0601933805634
1030,1030,-0.496925215301,0.95940968071
1031,1031,0.866213545354,2.4443103703
1032,1032,-0.402104667695,0.990786761378
1033,1033,-0.881638365189,-0.391559099358
1034,1034,-0.272025087238,-1.63985519014
1035,1035,0.758156511891,-0.810577427564
1036,1036,-0.480077259886,-0.81019551086
1037,1037,0.385416230289,2.90629116837
1038,1038,1.58709649086,-0.948394864446
1039,1039,2.3028990326,-0.755135583513
1040,1040,-0.00521451652233,-3.17937861908
1041,1041,2.16617172302,0.195025851407
1042,1042,0.108020337958,-3.30653062405
1043,1043,-0.0812781333704,-3.05504259879
1044,1044,-0.930724400898,1.71279634345
1045,1045,-0.913942076073,2.10438775078
1046,1046,-0.877613015589,2.21542369469
1047,1047,-0.556543350367,1.6312466856
1048,1048,1.01039927741,-1.95116612438
1049,1049,-0.161494196704,3.01769650785
1050,1050,2.30976817069,-2.56434001636
1051,1051,0.33904828972,-2.30008806854
1052,1052,-0.774583762076,2.24915671677
1053,1053,-1.19271177729,2.34178480634
1054,1054,-0.643154807545,2.24526586998
1055,1055,-0.00551233699384,2.70156875307
1056,1056,1.18826707356,-2.89833495206
1057,1057,0.315709118898,-2.22260208388
1058,1058,0.229565674606,-2.47090028634
1059,1059,0.296719934645,1.75469878251
1060,1060,-0.0633329441887,2.38138371436
1061,1061,1.32730646067,-1.79315483104
1062,1062,-0.124475423727,-2.4115562667
1063,1063,0.633733861113,-2.00572256074
1064,1064,-0.121430915562,2.48280803584
1065,1065,-0.121171868739,2.43071837316
1066,1066,0.370862301277,2.15766645599
1067,1067,-0.438288474081,2.51065953703
1068,1068,0.451112813684,-1.7959401987
1069,1069,0.132481530331,2.62560177869
1070,1070,-0.526481738459,2.0802913871
1071,1071,0.204591586542,-2.13892558425
1072,1072,2.69186938598,1.21400076939
1073,1073,0.0882039950487,-2.81507242974
1074,1074,4.04255239455,1.03521768855
1075,1075,-0.832556954138,-0.880663592379
1076,1076,0.584327625045,0.547448578692
1077,1077,-1.11694011226,-1.11339843825
1078,1078,-1.13530447696,-0.998574105527
1079,1079,-0.867817054001,1.81014096928
1080,1080,-2.27974670952,-1.9816212063
1081,1081,-2.15603947725,-1.893504892
1082,1082,2.0317249447,0.261724778095
1083,1083,-1.86705419535,-1.88312568225
1084,1084,-0.342298068062,1.69032181095
1085,1085,0.362117122561,1.45328281821
1086,1086,-0.0986146158974,0.332123476066
1087,1087,-1.11507752502,0.710079335642
1088,1088,0.409323026725,1.64001992729
1089,1089,-0.101979458533,1.22426568963
1090,1090,-0.350772561148,-0.774713928464
1091,1091,-1.03809460097,0.775227175295
1092,1092,0.447270193143,1.43894294519
1093,1093,-1.16550550638,-1.98719404546
1094,1094,0.199671309545,-2.5869316994
1095,1095,-0.76611216858,2.34541333764
1096,1096,0.131850783674,-2.85847481812
1097,1097,-0.0120531795266,-2.50676826144
1098,1098,0.383765840777,-2.44436857325
1099,1099,0.0455689643573,-2.23908239169
1100,1100,0.358238199431,-1.65525704558
1101,1101,-1.95883754146,-2.07264598978
1102,1102,-0.411222129432,-1.98148900417
1103,1103,-0.0193699604903,-2.68027182787
1104,1104,-1.39902193937,-1.75579100991
1105,1105,-0.0395977296937,-2.56993781722
1106,1106,2.73217457094,0.136634404061
1107,1107,-0.345877095011,2.30865119114
1108,1108,-1.88661557018,-2.0112312025
1109,1109,0.0129103242422,2.14460639537
1110,1110,0.217056879921,-1.15525752534
1111,1111,-0.264045053397,2.54444803657
1112,1112,0.839364506301,-1.47505579888
1113,1113,3.51550089036,-0.460174302441
1114,1114,1.66739492824,0.933008528324
1115,1115,0.207224803387,-2.69458705188
1116,1116,0.57527254921,-2.11798040554
1117,1117,-0.613605681117,1.12593061914
1118,1118,1.13536469218,-2.04988354713
1119,1119,1.41181055173,-0.83333099157
1120,1120,-0.636575537324,1.50511618637
1121,1121,-0.857640679246,2.11673436688
1122,1122,-0.0873222544584,2.82147922303
1123,1123,1.25194412708,0.21630404253
1124,1124,-0.576591674408,-1.42455214403
1125,1125,1.45574755866,-2.05501044021
1126,1126,-0.39323489312,2.75674004107
1127,1127,0.207782003104,1.32803066263
1128,1128,1.5062457964,-0.98907877978
1129,1129,-0.769726331618,2.32816382702
1130,1130,1.0938016518,-1.78222724175
1131,1131,-1.45210804765,-2.13716029933
1132,1132,0.509389586899,-1.91494562863
1133,1133,-0.28419797757,-2.45424535624
1134,1134,0.402259239111,-3.26257788265
1135,1135,0.732663715876,-2.19197191427
1136,1136,-0.103962057162,2.58411959942
1137,1137,-0.064239115442,-1.97767128443
1138,1138,0.449940037924,-2.32152915972
1139,1139,0.480433578957,-2.5194539537
1140,1140,-0.0123785450769,2.3338219879
1141,1141,0.538146503418,2.33167684488
1142,1142,-0.332741026899,2.31114599839
1143,1143,1.20139594828,-1.6007707595
1144,1144,2.18094025218,1.49519706654
1145,1145,3.0249278212,0.257949065649
1146,1146,1.37532816614,1.79069378992
1147,1147,0.464694567827,2.27283308104
1148,1148,0.22421943922,-2.77345772809
1149,1149,0.407645751047,-2.41074980053
1150,1150,3.18189586586,0.365659870778
1151,1151,-0.178633721219,2.55813480099
1152,1152,0.810936899988,3.04739572839
1153,1153,3.02633563813,0.263328994716
1154,1154,-0.291020565525,-2.91257731137
1155,1155,-0.187883324753,-3.19070093494
1156,1156,1.9588859929,0.532647452608
1157,1157,-0.0144605057817,2.39948119069
1158,1158,2.12233853614,0.453629020146
1159,1159,2.27439734591,-0.108225995404
1160,1160,0.648364916571,2.42187905213
1161,1161,0.147164457089,-1.15045528473
1162,1162,-0.0330040139049,2.50240042529
1163,1163,0.172181574891,2.14515556135
1164,1164,0.55602988576,-1.79057507554
1165,1165,1.49922686294,0.410184187947
1166,1166,0.83170920883,2.04203990362
1167,1167,2.77443039078,0.120774562647
1168,1168,1.12563229488,-1.89978487744
1169,1169,3.08188479836,0.236047452205
1170,1170,2.30148693206,0.261271682145
1171,1171,-0.172793049735,-3.05432237493
1172,1172,0.238558055264,-2.97317181042
1173,1173,-0.309194908893,3.23548983899
1174,1174,-0.66767362893,3.35372970674
1175,1175,0.439729632535,2.21099562167
1176,1176,0.190345276236,2.96853656732
1177,1177,0.222563547238,-1.46929313017
1178,1178,1.52184887579,0.509539029139
1179,1179,-0.863082897879,-2.88234351948
1180,1180,-0.294623537074,-2.76882405376
1181,1181,2.44385732405,0.509293382776
1182,1182,-0.800409583715,-2.54924983744
1183,1183,-0.294676115447,2.50319356851
1184,1184,-0.277898172374,2.36403227319
1185,1185,1.22493489426,-2.02914832824
1186,1186,0.0570598186762,-2.3640804958
1187,1187,-0.421869800178,-2.42216612054
1188,1188,1.02452523353,-1.55196083659
1189,1189,-0.127933342003,-2.74213833494
1190,1190,-0.571991658878,-2.74661278131
1191,1191,-0.368004176598,-2.84510908166
1192,1192,-0.20751570172,-2.42491984582
1193,1193,-0.627802840817,-2.40693721221
1194,1194,-0.284262464126,-1.93220466038
1195,1195,-0.479178536797,2.63990894748
1196,1196,2.19048305464,-0.193882125642
1197,1197,3.16585051517,0.233690642319
1198,1198,3.15191803586,0.537418284958
1199,1199,2.81040116854,0.277566541292
1200,1200,0.808286714564,-2.83467668023
1201,1201,0.943179835769,-2.36040264018
1202,1202,-0.708287898178,1.88001807752
1203,1203,-0.579248623379,2.50721450472
1204,1204,-0.336643932462,2.3318366708
1205,1205,1.67790014514,-2.3863366292
1206,1206,-0.557249181745,2.43025754437
1207,1207,0.139625863769,-2.37643121239
1208,1208,0.402201683494,-2.4771843521
1209,1209,2.70488334506,-0.114483889765
1210,1210,3.321618147,0.459607259245
1211,1211,0.0621089876803,2.30449518663
1212,1212,1.25985845275,-2.22005264514
1213,1213,2.63259049834,0.182453902576
1214,1214,1.75578268113,0.588925490022
1215,1215,0.0261222055864,-2.93523526
1216,1216,0.132773640323,-2.00434293518
1217,1217,-0.10408078313,-2.60506546265
1218,1218,0.32492349572,-2.22821374365
1219,1219,1.90072948356,-0.0197508015179
1220,1220,1.60921659649,-1.31197543527
1221,1221,1.71494793941,-1.32904797053
1222,1222,1.21534461741,0.600806132448
1223,1223,1.46030175996,-1.10391479679
1224,1224,2.97017944075,-0.204636377055
1225,1225,2.53050097621,-0.206143126076
1226,1226,0.416359377729,-0.180571208689
1227,1227,-0.162542969957,3.51364208801
1228,1228,0.745835149225,-0.0270356481167
1229,1229,0.0011195341237,2.67170758739
1230,1230,0.172199127838,-3.1086255691
1231,1231,0.214437310474,-2.85324126714
1232,1232,0.112566041151,2.78067379122
1233,1233,1.51257148639,-2.37822937818
1234,1234,0.107507329688,2.40009497595
1235,1235,0.12780049747,-2.03226199638
1236,1236,2.90508553483,0.144626580091
1237,1237,0.535863995893,-2.1996917924
1238,1238,-0.244801257451,3.49495015866
1239,1239,1.28443089439,-2.08754359433
1240,1240,0.0037472061449,-2.17550491271
1241,1241,2.60780539517,-0.073875308825
1242,1242,-0.520413676004,-2.68459093871
1243,1243,0.184583058558,-2.90589169695
1244,1244,0.762072830479,-2.8175257445
1245,1245,-0.159692987106,2.75300159445
1246,1246,0.375876753114,-2.54439990837
1247,1247,-0.158299944299,2.75671686074
1248,1248,0.104174613701,3.49108947308
1249,1249,1.07765976126,-2.62177973961
1250,1250,-0.0987900230812,2.41502613203
1251,1251,0.0285788261191,3.37771450467
1252,1252,0.110251952023,2.83383217867
1253,1253,0.83283081839,-2.16057511969
1254,1254,2.42932320701,0.739371668978
1255,1255,2.91423304851,0.0694294220842
1256,1256,2.88195324307,-0.213854532875
1257,1257,3.12657153296,0.523269546416
1258,1258,2.17239437638,0.301237835681
1259,1259,2.65164175331,-0.0656339107267
1260,1260,2.57916428027,-0.154251762841
1261,1261,2.89528513993,0.513581770397
1262,1262,0.147396989844,-2.29614833157
1263,1263,0.196427492671,-2.52534694675
1264,1264,2.32436711297,-0.255279306616
1265,1265,0.398648522296,3.75518970895
1266,1266,1.18688993801,0.037813995219
1267,1267,1.77953175904,-0.277585076491
1268,1268,-0.0102382278384,-2.37070424966
1269,1269,0.111730181131,-2.57011088815
1270,1270,1.94987929001,-0.175277459889
1271,1271,0.247373961364,2.94071926826
1272,1272,1.83334389014,0.680779489197
1273,1273,-0.295938424601,-2.46471897954
1274,1274,0.559228810505,-0.518098959122
1275,1275,-0.213105987974,3.02069455197
1276,1276,0.385632077176,-2.86552588369
1277,1277,0.634937644257,-2.98860537915
1278,1278,2.48516745016,0.0738801864216
1279,1279,2.18656209253,0.196426966836
1280,1280,0.696530122574,-0.220002824491
1281,1281,2.72145928551,0.316493156646
1282,1282,2.50090414498,0.294414086955
1283,1283,2.63329426049,0.267248421101
1284,1284,-0.469842440181,-1.8622824058
1285,1285,1.32449799084,-1.83075101164
1286,1286,-0.109289850478,-0.437872572256
1287,1287,1.6910410462,0.769587258652
1288,1288,-0.248177934849,-2.29972481999
1289,1289,-0.333234207395,-2.45936547238
1290,1290,0.0323592748054,-2.58771158655
1291,1291,0.856304576177,-0.488720095041
1292,1292,0.60503204105,1.76994001018
1293,1293,2.38813907025,0.489134985984
1294,1294,3.08812284687,0.0349711657278
1295,1295,0.754183925314,-0.552316829176
1296,1296,-0.00760339333958,-3.31678522821
1297,1297,0.256928957718,-2.22331166885
1298,1298,1.93599789473,-1.23489723835
1299,1299,-0.309886160086,2.85215303435
1300,1300,1.34564139817,-2.96441116247
1301,1301,0.326611202493,2.89764224377
1302,1302,-0.235252853232,1.73856872013
1303,1303,1.6859548442,-2.77922353022
1304,1304,-0.918163078452,2.8491270458
1305,1305,-0.383361758376,2.14563049011
1306,1306,-0.479434855977,1.97790928052
1307,1307,-0.636083589503,2.62265763914
1308,1308,-0.547159968435,2.52657962508
1309,1309,0.127616392317,2.77625624435
1310,1310,0.759394785903,-2.81951789745
1311,1311,-0.00578091042598,-2.46371229109
1312,1312,0.277265183716,2.88796529821
1313,1313,0.141151957903,-3.07169373543
1314,1314,1.9789003998,-3.00230454123
1315,1315,0.356718366337,-2.36774167964
1316,1316,-0.908391042498,2.32353462811
1317,1317,0.354649139465,2.56641239458
1318,1318,0.986357548701,-2.68101727271
1319,1319,-0.277240233355,2.48978710538
1320,1320,0.384576204518,2.56800007554
1321,1321,-0.727595692087,2.25010620797
1322,1322,0.0615928344595,2.90273609557
1323,1323,-0.390016134327,3.03478507121
1324,1324,0.897971567753,-2.03578639387
1325,1325,1.0673558221,0.947319227519
1326,1326,2.8910468072,0.15412182505
1327,1327,0.222824510353,-2.66735667098
1328,1328,0.260634493705,-2.78983243384
1329,1329,2.68226924016,0.540630544845
1330,1330,-0.13971944787,2.65865950654
1331,1331,1.0935261462,-2.16234727439
1332,1332,1.54437737274,0.551047265311
1333,1333,0.130047556023,-3.05851715701
1334,1334,0.141056977697,1.94543362594
1335,1335,0.650592934039,1.16491972214
1336,1336,0.733018362294,1.80607009338
1337,1337,-0.450139435141,2.18123260223
1338,1338,1.37353964396,0.799976959721
1339,1339,0.154052120862,1.62559434529
1340,1340,1.36627475485,1.4868380157
1341,1341,2.18002889917,1.76520455239
1342,1342,1.61942482382,1.42804501727
1343,1343,0.619868904663,-2.23636814885
1344,1344,-0.143305679504,-2.29427835171
1345,1345,1.80524304501,0.931670009475
1346,1346,0.9501610482,2.04751457313
1347,1347,2.13792245831,-0.204570995937
1348,1348,1.22826756224,1.85032613909
1349,1349,0.00440084565707,2.85986834354
1350,1350,-1.13891661105,-1.45171745082
1351,1351,1.55401265474,0.702479314269
1352,1352,-1.05078101301,-0.950238014553
1353,1353,0.439345297799,-1.99198972821
1354,1354,0.721419344836,1.85646384603
1355,1355,1.16874768027,1.02094746279
1356,1356,2.07001697682,0.40383316429
1357,1357,1.13562772427,1.64994935775
1358,1358,0.684538992141,1.68946474873
1359,1359,0.739511763486,0.646330761345
1360,1360,2.33002888352,0.599597103285
1361,1361,0.550272499456,0.35784138484
1362,1362,-0.663610530797,-1.29449504927
1363,1363,-0.591140919469,-1.52358069549
1364,1364,2.23285478399,0.577359386118
1365,1365,1.69474839847,-0.747482585875
1366,1366,1.87202526579,-0.142097872415
1367,1367,-0.49307328944,0.855918502093
1368,1368,0.605376760261,1.97404679829
1369,1369,0.868559132554,-1.81733523866
1370,1370,0.430459190079,2.12740744526
1371,1371,2.41752403904,-0.011169472877
1372,1372,2.90186187084,0.848454034464
1373,1373,-0.097067835012,1.27031305341
1374,1374,1.77425394406,0.821228918644
1375,1375,1.29302963185,1.35883459441
1376,1376,0.512542159367,1.20214812926
1377,1377,-1.17105772907,-1.17979750745
1378,1378,0.285993308453,-1.61111267243
1379,1379,2.14189855442,1.52110228596
1380,1380,0.178358403972,1.62318319445
1381,1381,0.694370827813,1.02376682554
1382,1382,-0.10042348054,-2.16634516006
1383,1383,-0.178946546234,1.72847854733
1384,1384,2.00556380611,0.617669329496
1385,1385,1.93557978024,0.453692377758
1386,1386,1.36145391553,0.549952519871
1387,1387,2.1067171071,1.4937570926
1388,1388,2.31784537898,0.27075366231
1389,1389,1.65237834873,1.41368904438
1390,1390,0.0755416942272,3.34679815674
1391,1391,-0.0585264437088,2.58401617934
1392,1392,0.905553094591,-2.38708390016
1393,1393,0.595925435887,0.499421959306
1394,1394,0.626037833574,0.0876328971932
1395,1395,2.33921994366,0.455574186581
1396,1396,2.07151492371,-0.0194425139526
1397,1397,1.75094608555,-2.20443332328
1398,1398,0.704981101191,1.40478913752
1399,1399,-0.594051233235,-2.26543400784
1400,1400,1.06355009959,0.48957579742
1401,1401,-1.88047613895,-1.11598926949
1402,1402,0.601086658492,2.20383137917
1403,1403,1.24769998756,0.206914482448
1404,1404,0.557648925983,1.7861255524
1405,1405,0.805221617949,1.16597693675
1406,1406,0.38910254055,3.05153742029
1407,1407,0.732315129833,4.19642207713
1408,1408,-0.683958746472,3.62821189228
1409,1409,0.0706520827022,2.46722589014
1410,1410,0.571005381954,1.69252350268
1411,1411,0.460442358425,2.29446024616
1412,1412,-0.240935567975,3.02283553294
1413,1413,0.0734471504563,2.96052074324
1414,1414,0.876626637623,1.83601110449
1415,1415,0.29903878716,3.3844605956
1416,1416,0.108009201944,1.49730582957
1417,1417,2.00439467129,-0.271099803293
1418,1418,-0.175562143609,2.22196479294
1419,1419,0.534342443319,0.2921937842
1420,1420,-2.07160682199,-1.66771866057
1421,1421,0.314120451408,-0.148466914441
1422,1422,0.832299982393,0.228056085062
1423,1423,3.54710839437,0.475040139228
1424,1424,-0.497558134645,-3.25972723579
1425,1425,0.274483422633,1.94204664943
1426,1426,-0.186118857981,0.462556860535
1427,1427,2.31536799375,0.0763287869909
1428,1428,3.78670097979,-0.832871635632
1429,1429,2.33023170462,-0.27752893414
1430,1430,1.26773951293,0.158659392337
1431,1431,2.43847579783,-0.0428484396367
1432,1432,3.02810707499,-0.00188597612948
1433,1433,2.53133951636,0.181131961173
1434,1434,0.654308210157,0.734538061502
1435,1435,1.67718919516,1.11732814228
1436,1436,-0.0122980851851,-2.15971560984
1437,1437,2.2377150377,0.35042050443
1438,1438,-0.339761935243,1.72124720074
1439,1439,1.75560202796,1.97376565212
1440,1440,0.921419872893,1.31498178016
1441,1441,0.297301010522,0.592295894389
1442,1442,0.461019691368,2.02389617574
1443,1443,0.586729284216,-2.55342648022
1444,1444,1.91249583284,2.09893568786
1445,1445,1.08395213637,2.36382141204
