,vote,alpha,beta
0,0,-0.0887431497926,2.53205875396
1,1,-0.451621503635,-2.68312610813
2,2,2.67735938692,0.157212696454
3,3,2.34561293786,-0.0562645995495
4,4,0.679029929914,-1.3770839055
5,5,2.94889890533,-0.346256893377
6,6,2.03395406562,0.476801337434
7,7,2.25666679688,0.540496915445
8,8,-0.105585736025,-2.17742491333
9,9,1.25637224592,-1.40195313672
10,10,2.78830479747,0.0533775942798
11,11,2.83219571071,-0.527272660375
12,12,2.53856166151,0.548999327952
13,13,2.64581615136,0.200260108877
14,14,2.96087683422,0.329519739395
15,15,2.00374164487,0.0557143322535
16,16,-0.0344580690487,2.29472720605
17,17,0.527688606928,-0.493806465966
18,18,2.55612853683,0.0364422018269
19,19,2.56861517825,-0.195691344993
20,20,1.68362659642,-0.867687682843
21,21,-0.00952432931,-2.73664304454
22,22,-0.107441298161,-2.69082300565
23,23,2.85575656486,-0.0583518747052
24,24,0.382825791461,-2.13681809771
25,25,1.3408793342,-0.255505807351
26,26,-0.729689549183,0.0941686095834
27,27,-0.302560646506,2.64736317393
28,28,2.47378708715,0.147860637123
29,29,2.59032947737,0.292852803991
30,30,2.33671268679,0.0397536032861
31,31,2.16315430823,-0.131216172681
32,32,0.213194633128,-2.47089494221
33,33,0.246608205785,-3.09287997165
34,34,1.45666814645,-0.439312724129
35,35,0.0914776157163,2.23875382751
36,36,-0.40716371241,-2.6543187987
37,37,-0.0617484043641,-2.41802197632
38,38,0.348042465142,-2.45365154669
39,39,-1.0306439479,-1.68745332669
40,40,1.88619314816,-1.51240532896
41,41,0.315480838404,2.59133413709
42,42,-0.373010778592,-2.23911361934
43,43,2.95957985277,0.279232225372
44,44,2.83914829094,-0.0770327684352
45,45,3.24466408884,0.0819128340618
46,46,2.47757684595,-0.105819082575
47,47,2.37148529651,-0.35020452078
48,48,2.62540776332,0.721062528034
49,49,1.88338025864,1.66335781514
50,50,0.0722965152761,-2.47874926739
51,51,0.165483796965,-2.41412504361
52,52,-0.560019101026,2.86281492025
53,53,-0.133972921737,-2.70403401718
54,54,-0.2096515457,-2.75329891412
55,55,0.253370237071,-2.30700544992
56,56,1.13682053438,-2.5729527162
57,57,-0.856586274417,1.94883553829
58,58,0.0766762545628,2.91433083026
59,59,-0.0720552535929,-1.79569964819
60,60,0.995575085887,-2.58530816703
61,61,1.8870462294,-0.0236885444563
62,62,2.362652882,0.231188272053
63,63,2.80676253254,-0.277121994838
64,64,2.65080680976,-0.303969404735
65,65,2.87307611266,-0.166831528814
66,66,0.39612135275,-2.62630581362
67,67,0.589870494483,-2.708600451
68,68,1.0742722672,-2.04502813526
69,69,-0.521388409334,-1.78160144026
70,70,-1.46836756408,1.87833760497
71,71,-0.651044248589,1.8074221273
72,72,-0.775186517563,2.226788705
73,73,-0.538455294869,2.3403427939
74,74,-0.979423163246,2.43958059922
75,75,-0.816046839522,2.39644976288
76,76,-0.178562903456,2.22405930084
77,77,-0.824162239096,1.5468447519
78,78,0.176961114677,2.71061597952
79,79,0.93491097489,-2.17767021778
80,80,-1.07191083446,-2.28393996896
81,81,-0.453833048177,-2.64318630617
82,82,0.163823435992,-3.08059276428
83,83,-0.0580328545265,2.65717013843
84,84,-0.326786642221,-1.92233504374
85,85,2.94141000582,-0.00131707834085
86,86,2.33112481369,-0.812516628826
87,87,-0.32327375059,-2.87626518731
88,88,0.187635490898,-2.42445790168
89,89,-0.636344298155,-0.807945641291
90,90,0.179924510712,-0.548704014578
91,91,-0.527882970422,-2.01057082183
92,92,-0.942182767926,2.04927268131
93,93,-0.820530011147,-1.87174702769
94,94,0.234235044293,2.50119808157
95,95,2.02060902891,-0.207959746296
96,96,-1.14293453466,2.1732438841
97,97,-0.519600747063,2.20965200965
98,98,-0.36074615535,0.244079234752
99,99,-0.292786253017,1.92243673279
100,100,-0.185110041827,1.64255960274
101,101,-1.06885470476,0.414861361351
102,102,-0.353898540725,-1.77515699312
103,103,-1.00283782252,1.79335981853
104,104,-0.437523246069,-0.927534159928
105,105,-1.22952552548,-0.0489785906989
106,106,0.735623106537,0.938387000276
107,107,0.0539041835755,-1.51431371641
108,108,-0.488546241759,0.510786538387
109,109,-0.396627264028,0.508147625816
110,110,1.40967441453,1.56708308135
111,111,-0.207016487353,-2.018264892
112,112,-0.339456702248,-1.44241738733
113,113,-0.161158452897,-1.78887309801
114,114,0.302016650134,2.86824098471
115,115,0.390094363322,-1.38523626775
116,116,2.81507230156,0.177868382482
117,117,2.60073258664,-0.429135272783
118,118,0.392020791795,-2.35100895243
119,119,2.07651684793,-0.451870388002
120,120,2.77059898624,-0.189692971758
121,121,-0.0654989731357,2.2213816868
122,122,1.57734497787,-1.71848276468
123,123,2.47084884302,-0.107772686475
124,124,0.577470783164,1.67760375194
125,125,0.433891864339,-2.82280962764
126,126,0.553601713449,-2.28822625842
127,127,-0.985342034949,0.780715214965
128,128,0.18727723009,-2.01637265291
129,129,-0.325126342093,-1.36882793506
130,130,-0.694849486067,-1.41752012126
131,131,0.798989143207,0.84524348584
132,132,-0.413271984802,-1.7795577241
133,133,0.0741725590381,1.48282327736
134,134,0.43620268753,-2.2730579306
135,135,1.0449418175,1.89274813935
136,136,-2.03336466573,1.35974034429
137,137,-0.715803745085,0.733006383384
138,138,-1.33015075427,0.827911337148
139,139,-0.0765812077192,1.9445779102
140,140,-0.533125529976,0.161639575309
141,141,-0.695306598181,0.440895773204
142,142,0.353298123858,-1.99730590133
143,143,-0.932826176505,2.13881275795
144,144,-1.40002088716,1.97859188754
145,145,-0.830406814379,1.4266470469
146,146,1.76894474961,0.705560557514
147,147,-0.130504523657,1.28655829975
148,148,2.5191646022,0.311367998467
149,149,2.96947867964,-0.160977537398
150,150,0.00825819215516,2.07435110327
151,151,0.687671873038,-0.609446475749
152,152,2.9998961306,-0.0216318883702
153,153,2.48089131891,-0.305625040518
154,154,2.70686600063,0.305985071774
155,155,0.214219243665,-2.74455379189
156,156,0.416498099497,-2.22328713068
157,157,2.91085296121,-0.288908897302
158,158,0.2929445856,-2.07901704937
159,159,1.67833966115,0.584585969105
160,160,0.21820951568,-2.4653991607
161,161,0.420324067407,-1.75869612363
162,162,-0.382004597181,2.31454941493
163,163,0.43230339949,-0.359085600343
164,164,-1.36687332546,-1.16549092224
165,165,-0.11996150731,1.61495813269
166,166,0.172080901898,-2.97725657166
167,167,-0.857401045601,1.50373972224
168,168,0.93811126551,1.4721666007
169,169,-0.150448749613,0.0825896389463
170,170,-0.931767788007,-0.521675320315
171,171,-1.17273258908,-1.05187628518
172,172,-1.1029091413,1.29459786827
173,173,-1.32315919363,-0.765323580238
174,174,-0.8278881899,-2.02566589988
175,175,0.234299953981,1.45456123803
176,176,0.184008804675,0.682691573257
177,177,0.311576835414,-2.13117512691
178,178,0.0591152391461,1.2008633754
179,179,-0.568987862759,-1.34645739077
180,180,-1.17425645765,-1.53093647796
181,181,1.03586505524,-0.415324925122
182,182,-0.467752043216,-1.22658659321
183,183,0.122113894053,1.14310385967
184,184,0.112126687039,0.590970506043
185,185,-0.169295678856,0.295059657198
186,186,0.483049564475,-0.346644934295
187,187,0.176558801586,-0.525930919507
188,188,-0.0430106305317,-0.746730527291
189,189,-0.0557239789917,-0.227937233253
190,190,0.0707447511405,0.338459561179
191,191,-1.29631965334,-2.00187365701
192,192,-0.335337548359,-2.53757623491
193,193,0.175498293981,3.25470821875
194,194,-0.246084059982,-0.731906324251
195,195,2.57888132542,0.101442342356
196,196,2.77209128244,0.549246537768
197,197,-0.0798380704547,-2.73770752821
198,198,-0.750598498935,1.242434689
199,199,0.280473036032,-2.00481314641
200,200,0.479518349104,1.8655324957
201,201,-0.00665223885305,2.27941114253
202,202,1.36387557086,-2.34726878713
203,203,3.23229972887,-0.379087470954
204,204,-0.291922179843,2.3255503247
205,205,0.347540850854,-2.36717865181
206,206,0.221719382027,-1.27670551247
207,207,0.311642514156,-1.92891063513
208,208,-0.585728249584,1.78278080958
209,209,0.0666238172027,-2.46194385172
210,210,0.5810347003,-0.534705241587
211,211,-0.191229870295,-2.10964217636
212,212,0.457530142804,2.15787874345
213,213,-0.685594214469,2.14949033662
214,214,-0.20378976613,2.64206664692
215,215,0.640438835477,-2.11816791787
216,216,1.99702818374,-0.894116299991
217,217,1.70153250989,-1.12669750321
218,218,2.43853533036,0.00223039735485
219,219,0.0433143239068,-2.55865608665
220,220,0.530499503498,-2.14575081898
221,221,1.87266320367,0.703905036906
222,222,-0.636938931446,2.34784537861
223,223,-0.101047299017,1.87927342806
224,224,-1.28687444807,1.67186929001
225,225,-0.500746920967,0.283478759749
226,226,-1.20091690173,-1.86151547379
227,227,-0.697495797201,1.96671885254
228,228,-1.33411805137,-1.85884788104
229,229,0.11753864821,1.89143260103
230,230,-1.53157113136,-1.57131169906
231,231,1.72051081288,0.917639279987
232,232,-0.0944761435946,1.9491986353
233,233,-0.455458201542,1.64633900909
234,234,-0.999982836856,2.35936072609
235,235,-0.899739982954,1.85499836609
236,236,-0.654617360991,1.50829946974
237,237,-1.33405092809,0.792840031634
238,238,-0.971602440667,1.64779857948
239,239,-0.912086040852,1.43925731386
240,240,-0.776244564924,1.59010611322
241,241,-1.22459978464,1.94481302709
242,242,0.228519953723,-2.5041645432
243,243,-1.3127690508,-1.95327557811
244,244,-0.45802199376,2.09254430637
245,245,-0.0555560503157,0.95957495154
246,246,-1.57518044631,-0.925889309187
247,247,-0.303253455366,1.27627083556
248,248,-0.641685612093,0.324175853934
249,249,-0.5874211139,0.34994899954
250,250,-1.09181273775,0.795879288663
251,251,0.23335768263,1.35827076231
252,252,-1.51480546577,-1.2137253808
253,253,0.260610577512,-2.29813760802
254,254,0.100487658225,-1.98361567136
255,255,-0.559325200045,1.53772081956
256,256,-0.12941300526,0.724632295612
257,257,-1.1620719095,-1.50054206295
258,258,-0.422505605142,2.23660119801
259,259,-0.139839122537,-2.03683081205
260,260,-0.0722937285599,-2.44948580336
261,261,-0.242475783246,-2.70854615389
262,262,0.0361135868609,2.16576859428
263,263,0.359691299269,-2.59159598233
264,264,-0.014771546449,-2.32724242246
265,265,-0.22919077776,2.49856055501
266,266,-0.536424514117,-2.17069506253
267,267,2.11640024139,0.00873027628404
268,268,2.90535048902,-0.248046433757
269,269,3.08231218337,-0.101975190205
270,270,0.0262064876075,-3.05774455573
271,271,0.482543934933,-2.4248528528
272,272,-0.924842261855,0.326787396488
273,273,-0.115638046963,3.44386417211
274,274,1.1727880232,-2.12044168826
275,275,-0.52850685127,2.54346908486
276,276,0.908387116937,-1.87462288504
277,277,0.152838125262,-2.08551542478
278,278,0.132574450422,-2.48466767945
279,279,1.06389869547,1.65992212514
280,280,0.604834282741,-2.32560899259
281,281,0.325408744444,-2.00883070277
282,282,-0.211350357373,2.24754979826
283,283,0.0229424253335,-2.84879959737
284,284,-0.39699484078,1.95098359243
285,285,-0.250663376261,2.00535889759
286,286,0.196033515976,2.98265263054
287,287,-0.365542690166,-2.34575974327
288,288,2.4263531955,0.104952469088
289,289,2.81336458422,0.150863606612
290,290,0.0548452883356,-2.59354454917
291,291,-0.357701777765,-2.74920608196
292,292,-1.44121561497,0.513490835625
293,293,0.980657897713,-2.03969068447
294,294,-0.513725103331,1.27348158786
295,295,-0.793524206522,1.17456329737
296,296,-1.69664566076,0.801048491327
297,297,-1.24945419874,-0.950572114298
298,298,-0.557613238243,1.46645566947
299,299,-0.52756509564,1.92376694165
300,300,-0.120188060155,-0.238791624626
301,301,0.430486673222,0.0793576227993
302,302,-0.198183643673,0.483753874126
303,303,0.196057657878,0.347947569977
304,304,1.35931486266,-0.785588239788
305,305,0.92220047353,0.395451617981
306,306,-0.455047585779,0.502687962831
307,307,0.643654811729,-1.87057136362
308,308,0.769890152556,-0.217468059332
309,309,0.321073985234,-2.27672656959
310,310,1.01127939997,0.72209482013
311,311,-1.1981942304,1.17343091541
312,312,-1.18810497808,1.65280821137
313,313,-0.206982619088,-0.462044006653
314,314,-0.0205674016636,-3.04198016024
315,315,-0.00463439610262,-2.6525378175
316,316,2.57798895171,0.115193221303
317,317,0.504793255712,-2.67861553725
318,318,-0.190364789661,0.224223125385
319,319,0.543386850179,-1.9961162613
320,320,0.0554421415304,0.977296890279
321,321,-0.620601686822,-0.844875752173
322,322,0.75229065979,-2.42904365083
323,323,0.337405757089,0.255406093275
324,324,1.05138094125,1.41284448565
325,325,-0.480580479861,1.55960091954
326,326,-0.461919093706,1.79162841216
327,327,0.234229378837,-3.07755112086
328,328,-0.0785278312275,0.927454276214
329,329,2.42915236396,-0.809369716776
330,330,0.022646589412,0.165711756599
331,331,-0.52303650663,2.01079444191
332,332,1.06857262284,-0.973547994752
333,333,-0.306508489493,2.21781804576
334,334,-0.665895229052,2.04733040878
335,335,-0.0128927015581,3.40975408096
336,336,1.10232816665,-1.63585339407
337,337,1.57612062299,1.26688352699
338,338,-0.0726182975535,-2.44845845074
339,339,0.287853653652,0.548539702721
340,340,-0.136720488613,-0.414530853904
341,341,-0.44210899139,-0.85322678324
342,342,-0.561600631085,1.12328925822
343,343,-0.839560136754,0.868014465065
344,344,-1.09548669062,1.04681474097
345,345,1.43043938774,-0.251311403724
346,346,1.73407512249,-0.423198447505
347,347,-0.277811703647,2.54845393123
348,348,-0.564381389359,2.75492079129
349,349,0.180206221715,-2.46224965976
350,350,0.432976191213,-1.81326829023
351,351,-0.280112553624,2.12605653429
352,352,0.540193618615,-1.90118132283
353,353,0.125194147975,-2.49817987019
354,354,0.228961028611,-2.41323329614
355,355,2.29862697552,0.32850322394
356,356,0.518197222429,-2.24797076491
357,357,0.758214531621,-2.49293555466
358,358,0.190949820403,-2.36374573378
359,359,1.44202507781,-2.34186343834
360,360,0.569342456905,-1.30766768207
361,361,-0.0643849101938,2.0276068338
362,362,-0.564540630531,1.76624670182
363,363,-0.0938889131897,2.2774317053
364,364,-0.204641740134,2.2664949773
365,365,0.151813843164,2.69664522001
366,366,0.238816778506,-2.37794461773
367,367,-0.274888019241,2.28386036375
368,368,0.300093126508,-2.19405710937
369,369,2.35669161212,1.10805173264
370,370,3.08546730376,-0.0824124541102
371,371,2.51406101796,0.104875701077
372,372,2.3785991805,0.419829379187
373,373,2.09721302534,0.211547522688
374,374,2.95908293653,0.252800674101
375,375,2.55969599903,0.0592353276201
376,376,2.53821416331,0.0402701631855
377,377,2.10401719866,0.180243644867
378,378,0.0314239421862,-3.11892367313
379,379,-0.0274328090054,-2.53254219786
380,380,0.367935922528,-3.17232999728
381,381,2.73309610478,0.197681254543
382,382,3.0055844821,0.123539056404
383,383,2.23912969316,1.04994612919
384,384,0.15802670317,-2.52380681659
385,385,0.228218413327,-2.65811015083
386,386,2.12371683166,0.64240370991
387,387,-0.584172075852,2.29542106703
388,388,-0.41420939343,2.13217546809
389,389,-0.238148302995,2.09911760378
390,390,-0.73648666354,2.82492974011
391,391,3.32636902681,-0.0882110370916
392,392,-0.0575042718007,2.47070394401
393,393,0.569256939501,-2.08891602895
394,394,-0.14005949189,-2.39501131768
395,395,0.327641109374,-2.50101719641
396,396,-0.196078471494,-2.2650359791
397,397,-0.22923080958,2.52789000495
398,398,-0.61177014973,-2.35016292313
399,399,0.262323038513,2.85747047065
400,400,-0.00800192718759,-2.58282847443
401,401,-0.20533396768,-2.03991836264
402,402,0.690755704785,-1.89418896202
403,403,0.886776168058,-2.03663917281
404,404,0.31680696031,2.42535152469
405,405,0.62065401386,-2.5175497767
406,406,1.16159847048,-0.791847079546
407,407,2.50583419496,0.0519185241356
408,408,3.29363391787,-0.586563370962
409,409,2.75304436733,-0.12086408235
410,410,-0.404382671196,2.32147381866
411,411,2.50444661869,0.521126050884
412,412,0.180058563137,2.29188765428
413,413,2.72920859487,0.320307341389
414,414,2.82307464253,-0.00914117585177
415,415,-0.337750761606,-2.09553738795
416,416,-0.310685434235,-2.41304006052
417,417,-0.0714503922078,-2.23162666348
418,418,2.04643807795,0.227122878207
419,419,0.962697479528,-2.32066711503
420,420,-0.331204996318,-2.44722725978
421,421,2.73273935273,0.352655672223
422,422,-0.0378945636296,2.5350413606
423,423,1.55645252462,0.563364562103
424,424,0.0087082099339,-2.7804170892
425,425,-0.339904555527,-2.25806862784
426,426,2.23917065834,1.10889936655
427,427,0.0573568258693,-1.63691290272
428,428,0.177302664318,-2.06419866246
429,429,1.0752451765,-2.06758093749
430,430,0.823682548128,-1.59361248
431,431,0.7996180391,-2.07018063112
432,432,-0.00621930358881,-2.62396380029
433,433,0.230466269171,-2.09826870269
434,434,-0.26307049236,-2.73506489339
435,435,-0.238179921743,-2.77926492543
436,436,0.935667267738,-2.10834749383
437,437,0.731921127068,-1.81802428027
438,438,0.447454149932,-3.12108885879
439,439,1.23473781187,-1.98761220007
440,440,-0.11577712457,-2.80271666298
441,441,1.11703195992,-2.10705318977
442,442,0.254533665371,-2.6080305246
443,443,2.25745713581,0.585396278831
444,444,-0.0811568950568,-2.17385566865
445,445,-0.00300398004017,-2.46799758209
446,446,1.10667573747,-2.14460402035
447,447,-0.134916949097,-3.02337842542
448,448,1.40892018105,-2.46916586551
449,449,3.25242155647,-0.0585182332922
450,450,3.14400341919,-0.348212686664
451,451,-0.182072601059,-3.49473861269
452,452,1.05170928168,-2.02639782963
453,453,-0.404188125614,-2.70529801543
454,454,0.677387381757,-1.96280107928
455,455,-0.176651166462,-2.69292292092
456,456,0.427097360976,-2.48648020672
457,457,0.104185945581,-2.24967015478
458,458,-0.263395014917,-2.2412697313
459,459,3.17228313462,-0.0132774655971
460,460,0.543796470787,-2.50658922624
461,461,0.994175157023,-2.37422394259
462,462,2.52322112746,-0.329523455699
463,463,0.517367398823,-2.74217457868
464,464,-0.898326855914,-1.44595766395
465,465,0.994818556957,-2.27643518245
466,466,0.277073424756,-2.83052621921
467,467,0.877035849236,-2.23394512234
468,468,0.397208687235,-2.39596608179
469,469,0.326890298903,-2.46141443339
470,470,-0.206913100677,-0.19970382041
471,471,0.492585910198,2.51458836934
472,472,0.0834660594362,-2.63950093375
473,473,1.14347441917,-2.45399572593
474,474,-0.398563603111,1.65325423306
475,475,1.80276893611,2.11127623657
476,476,1.75479693886,2.01938221553
477,477,2.67944783253,-0.0598116466443
478,478,2.88669152118,0.0412468086864
479,479,0.248172764699,-2.52520254011
480,480,1.09277866507,-1.63284172616
481,481,-0.53827410956,2.37630177211
482,482,-0.0745751646396,-1.94597999919
483,483,-0.940581804537,1.202323267
484,484,0.261317355225,-0.0129646500813
485,485,1.8282092705,0.60283621682
486,486,1.97394566401,-0.247597017366
487,487,2.6871960175,-0.0760858914454
488,488,2.29130033717,0.14725767
489,489,0.0519274048893,-2.78443213232
490,490,0.616083604775,-2.30570390223
491,491,-1.09660318125,2.21416382698
492,492,0.127020849282,2.95092286457
493,493,1.25510861282,-2.10550080733
494,494,0.144560298064,2.7351021359
495,495,1.07164733709,-1.13922624068
496,496,2.25748664267,-1.05136582351
497,497,0.0713030455131,-2.09462796386
498,498,2.78947963253,0.23544839848
499,499,2.36297683809,-0.203555190004
500,500,-0.194991229126,-2.73666308932
501,501,0.00574975523283,-3.21954477486
502,502,-0.0336771696313,2.49705088595
503,503,-0.207092230037,2.88016483157
504,504,-0.363404904433,3.00130059823
505,505,-0.136027743287,2.72428108697
506,506,-0.325010812062,-2.27249850473
507,507,2.54926061241,0.548920556565
508,508,0.261409852905,2.86263921203
509,509,-0.0269113609674,-2.71741414072
510,510,2.54466670883,1.91423299268
511,511,0.292752148746,-2.83833250186
512,512,0.381397359188,-2.52439540106
513,513,0.237893340604,-3.13975265107
514,514,-0.165427938753,2.43804498565
515,515,0.642247909711,-1.46062870024
516,516,2.58140404591,-0.351686371623
517,517,2.8835631129,0.316131769413
518,518,0.00761162944152,-2.93496267809
519,519,-0.182164404694,-2.3416479643
520,520,0.0095838051256,-2.67415220254
521,521,-0.0191286249056,-2.30854240073
522,522,0.270151485296,-2.08827421285
523,523,-0.134643280501,2.14370012574
524,524,-0.399955469542,2.90044683445
525,525,-0.00775044797992,2.08523212712
526,526,0.0666544899503,1.84619944104
527,527,0.0497274327165,1.9619267745
528,528,-0.637189904933,2.46669829869
529,529,-0.146854443596,-2.85739692924
530,530,-0.355698902857,-1.72252979958
531,531,0.407208596992,-2.48649927279
532,532,-0.26653971276,2.62570384967
533,533,-1.21339265216,1.6039436175
534,534,-0.493595932287,2.27778024493
535,535,0.688071289655,-2.16460755735
536,536,-0.583092106,2.2623418916
537,537,-0.407574326081,2.51393720716
538,538,-0.420566957375,1.99391389039
539,539,-0.995621434163,2.37504229736
540,540,-0.712089348037,2.28484615971
541,541,-0.144091759411,2.68208463379
542,542,-0.600289091834,2.45517484231
543,543,0.931771716796,-1.80079785325
544,544,2.28462066859,0.251264408788
545,545,2.50342970148,0.0978561450492
546,546,2.79342896223,-0.0261933260457
547,547,2.70411277237,-0.066418513364
548,548,2.47677897898,0.535978835
549,549,-0.228008062274,-2.27230016324
550,550,0.605824304612,-2.18970227516
551,551,0.472679866069,-0.920580284417
552,552,-0.417281642574,2.24400813915
553,553,-0.442722902102,2.05198926939
554,554,1.25247786599,-2.09990322655
555,555,1.33093841638,-0.722450541927
556,556,0.0272666129386,1.20796841411
557,557,-0.678952589559,0.361311444336
558,558,-0.632072851842,0.916234991634
559,559,0.379750973403,0.589980420228
560,560,-0.762105153467,1.34915020909
561,561,0.851080024095,-0.272675299145
562,562,1.8529311751,0.656350545507
563,563,2.77797695126,-0.303913319839
564,564,2.68743673026,-0.36403615122
565,565,1.51671423866,-1.56821843358
566,566,2.68363529259,-0.388758266674
567,567,3.09985332456,0.00140949228291
568,568,2.76967028828,-0.111143995545
569,569,2.43805869174,-0.280563996862
570,570,-0.12121629064,-2.50738036579
571,571,0.0929744956106,-3.07566195219
572,572,0.0912799657419,-2.50593625408
573,573,0.692148398064,0.107283271342
574,574,1.10289831944,-0.361049026358
575,575,0.41308255261,-2.54010196256
576,576,0.0429484508294,2.7719340044
577,577,0.268807034193,-1.89364000788
578,578,1.82810084208,1.2144789571
579,579,0.253942817004,-2.60034745488
580,580,-0.12597678456,-2.90505953822
581,581,-0.0365697380103,2.37197437225
582,582,-0.174174024129,2.04971608093
583,583,-0.0339539809681,-1.46135032394
584,584,2.63595016844,-0.162517508807
585,585,2.61637560885,0.184577145096
586,586,-0.0922255619749,-3.02040457544
587,587,2.99227807301,0.15288338887
588,588,0.160426154631,-2.48868595974
589,589,0.659003596585,-0.93707776178
590,590,-1.48071042536,2.39924868232
591,591,-1.38954891328,1.40558031703
592,592,-1.66015780039,1.42447367738
593,593,-2.5401677577,-2.31792520327
594,594,-1.23720515323,2.18223070973
595,595,-0.626353297241,-2.38493702083
596,596,0.815050758023,-0.453571349782
597,597,2.00435251164,0.103850046362
598,598,2.02366221823,1.9940258266
599,599,0.487901774954,-2.43007536326
600,600,-0.43662410615,3.06845059042
601,601,-0.302297859693,2.5427825832
602,602,2.34319874242,-0.303366015226
603,603,0.0589764607813,-2.83735285095
604,604,0.138791637214,-2.85020177501
605,605,1.64180402733,0.983720747704
606,606,-0.119120800654,2.78040480744
607,607,1.3498679886,-2.14777579636
608,608,-0.878606492148,1.50254433695
609,609,0.964259781186,-1.83817442605
610,610,-1.71769874674,2.3531583832
611,611,1.87858681324,-1.99462931461
612,612,2.29155681455,0.224346353134
613,613,0.878602128404,0.489745901851
614,614,0.928282281295,1.4828278202
615,615,0.729829450677,0.547940718042
616,616,0.558534894296,0.543020140018
617,617,0.605515900924,0.582479030482
618,618,1.0699749242,1.12882671332
619,619,0.746970809914,-1.4303460529
620,620,0.940147863557,1.60265236863
621,621,2.71012369712,0.391062166689
622,622,0.943734664498,-1.9404134662
623,623,2.14804859129,1.26820238807
624,624,0.237901028925,1.37159161831
625,625,-0.208739970401,-1.23833389281
626,626,-0.320306305985,-0.897816732276
627,627,0.782263347133,1.88513108152
628,628,1.2501698509,0.745655568418
629,629,1.44117369271,0.393896197586
630,630,-1.18703758274,-1.43903975259
631,631,-0.621608686434,-2.49023596582
632,632,-1.7916416297,1.83603988922
633,633,-0.505415990834,-1.23287360459
634,634,2.47267784956,0.444235642655
635,635,-0.133450188822,-0.1214553249
636,636,-1.25088757815,1.14940425464
637,637,-0.0367383229227,0.686941986819
638,638,4.3357958144,0.307399607791
639,639,0.312797153686,0.455716541414
640,640,-0.316401607016,-1.75586682706
641,641,0.725477873809,0.439136250335
642,642,1.50134010217,0.996895739987
643,643,-0.306059880438,-1.22442653745
644,644,-0.988587457773,2.57236548234
645,645,0.0714935964999,1.58832672709
646,646,0.399143336374,0.807595776833
647,647,1.95706867997,1.33474330688
648,648,1.96544969005,1.24748589202
649,649,0.696955907202,2.38593374829
650,650,2.25946964815,0.936283571234
651,651,-0.325806393536,-1.43690069775
652,652,-0.345783732498,-1.6909200547
653,653,2.14254991484,0.220304162698
654,654,1.69963351662,2.52872433575
655,655,0.670074672026,0.755095988449
656,656,-0.937569852094,-2.45444756759
657,657,1.70331196797,0.726268463586
658,658,0.432219547233,1.34412761882
659,659,3.21553518303,0.210441548557
660,660,1.1358746037,2.1238489146
661,661,1.79898150088,2.00146514533
662,662,1.76228495664,2.06020461571
663,663,1.18146418621,1.81526400475
664,664,2.18230841819,2.03761895286
665,665,1.31061694542,1.85655153593
666,666,1.53973678944,1.99243343038
667,667,0.0386919949924,-2.69241920648
668,668,-0.19300371729,2.3578757535
669,669,1.52268579702,1.85067097022
670,670,-0.151084230627,-1.76546053597
671,671,1.28214610701,1.22916022536
672,672,2.75812077984,-0.709971724785
673,673,-0.876361172376,1.78199938064
674,674,-2.1074076544,2.51513098601
675,675,1.35551084956,-0.801227080892
676,676,0.577936130397,1.6847927952
677,677,1.5714184059,1.37079273498
678,678,2.51078193368,1.46702369346
679,679,0.134779010749,2.38554141729
680,680,1.660780348,0.602722402013
681,681,2.61472589131,0.393918642525
682,682,3.49751264418,0.0510961237795
683,683,1.98550476001,1.49610780107
684,684,1.45898098903,2.02323745476
685,685,-0.082361405892,2.75955146362
686,686,-0.29999017268,2.31079902715
687,687,-0.165815582763,2.51137777935
688,688,-0.14920694153,2.28260066037
689,689,0.0217169798835,2.68837237257
690,690,-0.353127980088,2.64863352051
691,691,1.61379327805,1.02531471694
692,692,2.32029070703,1.77764805073
693,693,-0.241525255204,-2.60358253712
694,694,0.929929690832,1.73060494025
695,695,-0.198325863608,-2.4092368814
696,696,1.13812679503,1.78047504227
697,697,1.56133667883,1.93033707883
698,698,2.31805179347,0.186770222387
699,699,2.49827142805,0.180557031142
700,700,-0.260030960858,-1.75258946413
701,701,-0.393810143256,1.33986170481
702,702,-0.456588916639,1.8927752357
703,703,-0.758658832076,2.39989237309
704,704,-0.720693545695,-1.33241996808
705,705,-0.690013415689,2.35309635524
706,706,0.838049351135,1.41584808574
707,707,0.185130824614,-2.4832639547
708,708,1.29111399781,2.1072524228
709,709,0.74430798479,0.794101951529
710,710,0.157459760704,-2.15089945562
711,711,1.32885292612,0.509538773313
712,712,-0.0128533437212,-0.547813433026
713,713,-1.28002569708,-1.85542978858
714,714,0.441133596367,-2.95496061001
715,715,-1.04407682065,2.27595838141
716,716,0.237100941698,2.07211044252
717,717,-0.0405275681602,-1.63047844451
718,718,0.965364285925,1.51002727458
719,719,0.199759233026,-1.69655732055
720,720,0.780306561876,1.84977336898
721,721,0.255137480637,-2.20237451184
722,722,-0.573247383716,-1.27383774992
723,723,0.55151456224,0.862390447381
724,724,0.97386383365,1.30302749915
725,725,1.0649670963,0.979311953024
726,726,-0.100341506727,-2.22649841945
727,727,-1.23120317781,-2.1156224105
728,728,1.03013055744,-0.667877513048
729,729,2.0400085134,0.608277130243
730,730,-0.239169519383,-2.38753352165
731,731,0.243330633314,-3.17316305779
732,732,-0.403566348174,-2.51712551166
733,733,2.9940802257,-0.166675005943
734,734,1.06262789889,-3.35832537133
735,735,0.558955117874,2.43892550369
736,736,-0.747796422206,-2.41017649947
737,737,-0.230923068196,1.68837149878
738,738,1.64301657129,-1.47811327802
739,739,-1.75718939935,2.53857005236
740,740,0.968214458184,-2.10609596732
741,741,0.106136627942,1.79907477919
742,742,-1.08707364959,1.29184611198
743,743,1.43219557978,-2.28549162464
744,744,0.589266626476,0.538340785303
745,745,-0.472676266162,-1.92645392657
746,746,0.529593863578,-2.00327013987
747,747,0.797082312918,-0.497868323166
748,748,1.53265914159,-1.08224855312
749,749,-0.193564396012,-3.01392215286
750,750,-0.0311780647774,-3.38696311402
751,751,-2.36360417047,-1.63050269111
752,752,-0.0522773600031,2.15453339261
753,753,2.99882063226,-0.0843394165701
754,754,-0.0645388643429,-2.43999062669
755,755,0.194635846473,-1.97401121115
756,756,0.3564241423,-1.77099168852
757,757,0.437104216723,-2.20113747125
758,758,-1.46274101367,-2.53694426565
759,759,0.0312616875734,-1.88874682691
760,760,-0.691931422449,-3.31502260252
761,761,-0.215337689358,-1.86895714801
762,762,0.96240481071,-2.37409784124
763,763,0.253033597705,2.6066576152
764,764,1.70700232225,0.321122871107
765,765,0.185258064415,-2.38494656528
766,766,-1.61491555168,-1.61692818055
767,767,-0.370915799325,-2.68224621532
768,768,-0.0270584901628,-1.97472618394
769,769,-1.65033467766,-1.41269067923
770,770,-1.31137053983,-2.01921867948
771,771,0.264582120303,-2.18322532697
772,772,-0.451347962977,-2.47158660407
773,773,1.18650319775,-1.89144900112
774,774,2.01456942346,1.58477774733
775,775,1.37739078217,-3.01399392866
776,776,1.09623307604,-2.39891800053
777,777,-0.462275387523,2.25018169014
778,778,1.45520959239,1.77060945442
779,779,0.118472744086,1.60188370921
780,780,0.368943578989,-1.51142687382
781,781,0.0790160610948,2.04255288878
782,782,0.185717480481,-2.35014986292
783,783,0.0805865941082,-2.70239929994
784,784,0.582995367293,-2.39678622619
785,785,-0.315099862109,1.9773065851
786,786,-0.101246691272,2.37057150161
787,787,-0.647645811613,2.43450249136
788,788,-0.404937428867,2.40513447118
789,789,0.447785760637,-2.17694761796
790,790,0.254469510113,-3.02313211798
791,791,-0.339008762989,2.44673083376
792,792,-0.0400754494993,-2.4834784093
793,793,1.48307794491,-1.57383080269
794,794,-0.382972619616,2.2536455878
795,795,0.169481337482,2.1567500912
796,796,0.135934158813,2.26276936208
797,797,0.690693744719,-2.52612043541
798,798,2.49287877582,1.08731495287
799,799,2.48508235659,-0.307275389486
800,800,2.52929039644,-0.170973342567
801,801,2.46013310655,0.46782265978
802,802,0.0834407418152,-2.77891998709
803,803,0.224667007463,-2.49252154403
804,804,2.72366779424,-0.217224594748
805,805,-0.0902846291675,2.86524153127
806,806,0.33135393452,2.195964861
807,807,-0.119981261112,2.48956374707
808,808,0.433451483967,2.49398239625
809,809,0.11705900191,-2.07197497846
810,810,0.236572476565,-2.7474247122
811,811,-0.274044451031,-2.70459883337
812,812,0.0514642115476,2.45683748209
813,813,0.297462109631,2.82432734792
814,814,0.576519312084,-1.99418876399
815,815,2.43710519135,0.622798215203
816,816,-0.373771978385,2.37668647109
817,817,-0.2093772329,2.81747065216
818,818,0.742287994982,-2.39603420266
819,819,-0.0344188853298,-2.69969509784
820,820,-0.204575087869,2.90066807899
821,821,0.271108302738,-2.28789882273
822,822,2.85148883641,-0.0147695815789
823,823,2.79321474655,0.0853295392063
824,824,-0.375556699523,2.5328091791
825,825,-0.0828220389781,2.02564628773
826,826,2.84964151834,0.0350711660591
827,827,0.596358341411,2.659333078
828,828,-0.00287297669585,-1.82956758684
829,829,0.194743893085,-3.06279490927
830,830,-0.00468644040085,-2.25912646521
831,831,2.57524741102,-0.131539023722
832,832,-0.0817050038891,2.40734979836
833,833,-0.0659972839744,2.79310394907
834,834,-0.107922557619,-2.1166815736
835,835,1.67220338693,0.193388418387
836,836,1.78290255891,0.559801202406
837,837,2.23477901668,-0.470062702561
838,838,2.05334714473,0.150909238485
839,839,0.332712001256,-2.21321183702
840,840,0.417848227611,-2.6016147295
841,841,-0.00464085620441,2.52006111489
842,842,0.794559494844,-2.37278808846
843,843,-0.0812570014962,-2.70991943982
844,844,0.0974769423913,-2.52035515458
845,845,0.122359571886,2.10929224559
846,846,0.124827857836,1.99246424377
847,847,0.286512452399,2.67824393646
848,848,0.181501058596,2.18036601549
849,849,-0.183289035612,2.27370252187
850,850,0.190194641797,-2.65301720675
851,851,0.180040917103,2.79354656432
852,852,1.03205384543,-2.30950334196
853,853,-0.019562403642,2.49442781689
854,854,0.6421525197,-2.89056539971
855,855,0.136018004416,-3.0065878917
856,856,2.52565432083,-0.160388005498
857,857,-0.0877368489388,-3.24815203354
858,858,-2.87729327338,0.064503439453
859,859,-1.80051320395,1.71878520503
860,860,-1.73414685784,1.40438066583
861,861,0.436385461024,-0.92129833185
862,862,-2.06732260501,-2.07534207765
863,863,-1.40929200658,2.34261575175
864,864,-0.496599492053,-2.17905349708
865,865,1.90250876361,0.482821201773
866,866,2.77123723945,0.107444652808
867,867,2.68200872881,0.0421171705264
868,868,-0.0962901203344,-2.49109128256
869,869,0.468231885599,-2.29244254117
870,870,0.578265818587,-0.816587262713
871,871,2.12282216874,0.336258068077
872,872,0.0249806175511,-2.32576891437
873,873,-0.708207544189,1.8410398513
874,874,-0.219487353659,1.36751965772
875,875,3.11508231436,0.389546641234
876,876,-0.0792433786627,-0.416069155997
877,877,-0.144688123459,-1.10261315782
878,878,-0.155277400203,-2.92303488954
879,879,-0.203965798044,-1.06935232876
880,880,-0.521209991813,1.23509929565
881,881,0.0496340978691,2.68147227857
882,882,2.00611374877,0.00578915572752
883,883,2.40643843602,0.471856413129
884,884,2.55644753739,-0.0443001297562
885,885,-0.387343480106,-2.65760601173
886,886,0.0822065837545,-2.69097556799
887,887,-0.292310791409,-2.97538090992
888,888,2.62972526421,0.295977941908
889,889,0.283173591346,-2.3795172004
890,890,0.465384332083,-2.71422611177
891,891,1.67968992746,0.874431463638
892,892,0.15657416275,2.77329794117
893,893,0.22780999734,-2.27530428002
894,894,1.280618038,-2.17237631662
895,895,0.360288519242,-2.13505996353
896,896,0.0720605498548,-2.65138444679
897,897,0.295046554557,-2.7722947392
898,898,1.48153150093,1.62753713837
899,899,0.414721252742,-2.36925004271
900,900,1.27175520478,0.728010774866
901,901,0.015084930377,2.41880493165
902,902,1.01255782626,-1.25136067338
903,903,-0.179330846493,1.85750115826
904,904,-0.296578101619,1.91256906221
905,905,1.94514187393,0.791493499367
906,906,1.87687105484,0.595365905982
907,907,1.65025423138,0.824181993784
908,908,1.34450594422,-0.431796093587
909,909,1.6808608908,0.415674545793
910,910,3.14221944235,0.0887977481706
911,911,-0.395007148159,2.6101261816
912,912,2.39509848289,0.43009613496
913,913,2.66716570971,-0.0243418242118
914,914,2.16016174031,-0.856456267253
915,915,-0.104006108011,1.36608131419
916,916,-0.0303964568669,2.38143507866
917,917,0.0496550033675,-1.9238635787
918,918,0.0990833798189,-1.99777818456
919,919,1.67501231751,-0.720973297083
920,920,1.09640859918,-2.11939507311
921,921,0.475758640119,-0.136347552378
922,922,-0.0630129590383,-2.74414469664
923,923,1.05017915852,-2.13103421792
924,924,-0.528882047973,1.72982648619
925,925,-0.23781540661,1.3311351547
926,926,-0.844995840802,-1.66818193257
927,927,0.217468246356,-2.21076552993
928,928,-0.146487471197,1.21793851156
929,929,0.724478886741,1.90431173598
930,930,-0.0246244941997,2.58149051422
931,931,2.30167101566,-0.21981307983
932,932,0.984774822461,-0.675415552986
933,933,2.30985704492,-0.0974796123948
934,934,2.93273472667,-0.0638861808425
935,935,-1.85571517619,-2.02671969956
936,936,0.8002691897,0.416692643565
937,937,1.13714255469,-0.632846892464
938,938,-0.147379533048,-1.91791833247
939,939,-1.03373103656,1.37348174998
940,940,-0.33178364501,1.4976917557
941,941,1.2184354013,1.53999238287
942,942,1.80827166949,0.630237850162
943,943,-1.01329340859,0.246804645873
944,944,-0.106180754352,0.851767022216
945,945,-0.462916106058,-1.86920535654
946,946,-1.63258839827,-1.76478445011
947,947,-0.542942253931,1.59730600574
948,948,-0.875097530764,-1.27311483339
949,949,-0.641031316736,-1.75538111845
950,950,0.350943680928,0.787617994325
951,951,0.345431383161,1.08179788083
952,952,-0.238163328548,-1.82315181341
953,953,-0.444798099949,-2.94620730982
954,954,0.559118709839,0.904916354319
955,955,-0.257775541832,-0.95037424288
956,956,0.423085528808,1.8145558774
957,957,0.214712089466,0.846699022885
958,958,0.58426860147,-2.29257216141
959,959,-0.302209110201,-2.33184818434
960,960,-0.315612908155,-2.03345464239
961,961,0.362479564076,-2.24919049992
962,962,0.148228469668,2.73126193296
963,963,1.07658945908,-0.615386942242
964,964,0.059919673165,-2.6398262744
965,965,0.0567176885635,2.6102593992
966,966,1.14594269551,-0.159366430942
967,967,2.88541267783,0.662787684913
968,968,-0.843267753971,-1.51178432525
969,969,-1.80407039769,-1.89495062527
970,970,-1.21207294824,-1.59551952445
971,971,0.206445106154,1.62627652066
972,972,-0.914848881194,-0.577188793103
973,973,-1.90741721193,-1.94937726887
974,974,-1.44602257184,-1.76654677696
975,975,-1.518572536,-1.58017175251
976,976,-0.662895554994,-1.62198683434
977,977,-0.67033583036,-2.17305119977
978,978,-1.13826942055,-1.85392848584
979,979,-0.323829338724,-2.20944200826
980,980,0.452226778946,-0.901231132528
981,981,2.92349531581,-0.0589462140426
982,982,0.205050212506,-2.49419450043
983,983,-1.14048457886,-1.64140591391
984,984,0.00406651134665,2.85876626565
985,985,-0.121244578799,-1.41178538626
986,986,-0.72032950637,-1.82187235527
987,987,-0.971401307083,-1.87933811671
988,988,-0.0316080588078,1.24355904729
989,989,-1.05539908618,-1.80442001743
990,990,-1.42512094453,-2.20961584295
991,991,-0.0615417847261,3.14483988934
992,992,0.229505764984,-1.55152384003
993,993,-0.202311521112,-2.45384615409
994,994,0.448544846698,-2.93562465386
995,995,1.73814464004,0.302674298287
996,996,0.0611332249891,-2.50062553705
997,997,-0.698102956199,-1.52076805308
998,998,-1.2360318014,-1.29487252698
999,999,0.0476508774218,0.24966628525
1000,1000,-0.414819971818,0.848767800252
1001,1001,-0.5301182659,0.834181604584
1002,1002,-1.15471935335,-1.00881336209
1003,1003,-1.51375949217,-0.872149890865
1004,1004,0.152059990568,2.17447214811
1005,1005,-0.382889161538,2.42940929059
1006,1006,1.38421524226,-1.75681483529
1007,1007,0.206025876778,-0.296104570405
1008,1008,-0.382522623219,2.58551253403
1009,1009,1.32905526567,-2.11151980826
1010,1010,2.4836328911,0.35582644496
1011,1011,2.40675316128,0.0984318416096
1012,1012,2.85572723917,0.0264976208943
1013,1013,1.05374099591,-2.0036671866
1014,1014,-0.02749945345,2.16360558906
1015,1015,0.346326525305,-2.61576983587
1016,1016,-0.653752945895,-0.748723634314
1017,1017,-0.509632785013,1.78189574602
1018,1018,2.34194950133,-0.0774881992245
1019,1019,-0.141413342899,1.72635159895
1020,1020,0.44885360087,-1.5917508026
1021,1021,0.633009212975,0.0821716261227
1022,1022,0.134929637055,-1.88709549572
1023,1023,-0.496677674931,1.84319175062
1024,1024,-0.232293679308,0.977079444849
1025,1025,-0.15200004604,1.05266172972
1026,1026,0.700747675085,0.448981279764
1027,1027,-0.195815556327,-0.158827585522
1028,1028,-1.10963978196,0.324921198051
1029,1029,2.40096023668,0.20752141696
1030,1030,-0.465289070571,0.983928028203
1031,1031,1.02305103489,2.29108444162
1032,1032,-0.483405538511,1.02504727495
1033,1033,-0.849637565489,-0.378234100195
1034,1034,-0.543478884059,-1.71047493015
1035,1035,0.636275704463,-0.92209732529
1036,1036,-0.444080623572,-0.794197270071
1037,1037,0.563780469969,2.61839834611
1038,1038,1.31451625308,-0.958348421169
1039,1039,2.19584059154,-0.654516297268
1040,1040,0.212796108132,-3.09917406664
1041,1041,2.58713241605,0.232543316092
1042,1042,0.353012212179,-2.68385789717
1043,1043,0.286747187387,-2.86527844021
1044,1044,-0.603128059888,1.64394688768
1045,1045,-1.0737348696,2.13076009455
1046,1046,-0.651746533002,2.30091795601
1047,1047,-0.42136380327,1.59460392063
1048,1048,1.03450774358,-2.04978073454
1049,1049,0.165650441495,2.80195152472
1050,1050,1.72923062077,-2.30515883427
1051,1051,0.481575786226,-2.28773709048
1052,1052,-0.568752272358,2.14414327024
1053,1053,-1.0309986646,2.29436485336
1054,1054,-0.892887473607,2.29290472249
1055,1055,-0.363963511665,2.77022411909
1056,1056,0.806198571145,-2.54894154254
1057,1057,0.607889622062,-2.05569308658
1058,1058,0.252864723915,-2.319270675
1059,1059,-0.0324963376315,1.8178067667
1060,1060,0.00632956937411,2.26261642283
1061,1061,1.02454631851,-1.67626590357
1062,1062,-0.356305243464,-2.51828592
1063,1063,0.856781594022,-2.14759772341
1064,1064,-0.227538986798,2.32327757014
1065,1065,0.0437373126951,2.58626576521
1066,1066,-0.0674341948978,2.36550342856
1067,1067,-0.514495692705,2.24255021687
1068,1068,0.457228854813,-1.78116028014
1069,1069,0.0350660263055,2.70823830873
1070,1070,-0.791508271673,2.56966648395
1071,1071,0.186393253509,-1.88933887283
1072,1072,2.05833423564,0.789444258743
1073,1073,0.222479894633,-2.88020795709
1074,1074,3.34258195603,0.551123391273
1075,1075,-1.02390371747,-1.06002405814
1076,1076,0.515825737693,0.519822163803
1077,1077,-1.45671817884,-1.32228073225
1078,1078,-1.22085985626,-1.29910938048
1079,1079,-0.557476273029,1.63878784203
1080,1080,-1.6839419929,-1.59098947522
1081,1081,-1.7782200907,-1.55393338313
1082,1082,2.3580253345,0.194146633408
1083,1083,-1.61335739388,-1.61206289947
1084,1084,-0.417694416937,1.84161272796
1085,1085,0.316643130475,1.39981233224
1086,1086,-0.143675582797,0.495229723827
1087,1087,-1.18697841058,0.78213166789
1088,1088,0.570910429107,1.52611571137
1089,1089,-0.190132427656,1.10915527883
1090,1090,-0.382418990545,-0.940703530723
1091,1091,-1.11099580597,0.964873569946
1092,1092,0.340346016942,1.29401062002
1093,1093,-0.75744380911,-1.52128021409
1094,1094,0.104060918621,-2.7251273306
1095,1095,-1.13951543433,2.75102039769
1096,1096,0.625828800762,-3.00226371677
1097,1097,0.390775971282,-2.49635739036
1098,1098,0.714905154008,-2.41606960912
1099,1099,-0.111744745612,-2.54424683477
1100,1100,0.425554800914,-1.87220301665
1101,1101,-1.5934812059,-1.80417041384
1102,1102,-0.455531365953,-2.20217633818
1103,1103,0.38593341244,-2.44983563714
1104,1104,-1.10335653307,-1.57105792217
1105,1105,0.131599017303,-2.23999172129
1106,1106,2.93369700866,0.12933892468
1107,1107,-0.178519324407,2.41754625923
1108,1108,-1.79366644292,-1.98521768781
1109,1109,-0.0763698358634,2.07554221796
1110,1110,0.555138026436,-1.44683387003
1111,1111,-0.104075113651,2.66531492536
1112,1112,0.649219841104,-1.72826115863
1113,1113,2.94896511486,-0.0923827125919
1114,1114,1.67913795718,0.784199999409
1115,1115,0.129702351788,-2.55271035426
1116,1116,0.678941757681,-2.24452617516
1117,1117,-0.433884192992,1.08625393957
1118,1118,1.26163445812,-1.67739408891
1119,1119,1.32482046268,-0.867825084209
1120,1120,-0.903586246067,1.67314773103
1121,1121,-0.230959666523,1.98581840482
1122,1122,-0.102263761332,2.50994086743
1123,1123,1.27063374741,0.393681989307
1124,1124,-0.815463380132,-1.70484528886
1125,1125,1.262489936,-1.66003107974
1126,1126,-0.0832219947652,2.52165446082
1127,1127,0.42243181692,1.22675986885
1128,1128,1.59876402952,-0.919565900124
1129,1129,-0.61797614002,2.27752018774
1130,1130,0.807536823999,-1.49388948274
1131,1131,-1.17727825739,-2.10077719659
1132,1132,0.477660644981,-2.03099886718
1133,1133,-0.0308290907518,-2.57845348726
1134,1134,0.343170495084,-2.75479164703
1135,1135,0.7816201567,-1.96999959728
1136,1136,0.171825432631,2.78234532601
1137,1137,0.153597488712,-2.1883052239
1138,1138,0.30014661011,-2.59316794567
1139,1139,0.66249850657,-2.37568064977
1140,1140,-0.373830736217,2.19310685558
1141,1141,0.476274637711,2.03028468905
1142,1142,-0.570543848183,2.23887116961
1143,1143,1.08237353795,-1.46865435995
1144,1144,2.05068778449,1.37025963623
1145,1145,2.54903012453,0.0342136218659
1146,1146,1.15148159164,1.5265180985
1147,1147,0.56280057054,2.50330928061
1148,1148,0.27392534564,-2.55903638136
1149,1149,0.153386969957,-2.7436042987
1150,1150,2.80269289379,0.654106890559
1151,1151,0.11220301726,2.54645578738
1152,1152,0.401452182544,2.80573758709
1153,1153,2.98887241557,-0.13343048353
1154,1154,-0.203858010469,-2.44509847874
1155,1155,-0.138426748664,-2.49603988165
1156,1156,2.01358789043,0.391983867239
1157,1157,0.196438917942,2.51833230803
1158,1158,2.10620491439,0.348836020473
1159,1159,2.49113913666,-0.130465772429
1160,1160,-0.0478644983847,2.87001179465
1161,1161,0.0122444470482,-1.07723752888
1162,1162,-0.0754514493258,2.43850619974
1163,1163,0.215700219146,2.03442241988
1164,1164,0.861814176437,-1.9869256015
1165,1165,1.42244814302,0.551740767242
1166,1166,0.503455262212,1.73615747963
1167,1167,2.49329967433,0.111807032952
1168,1168,1.27868472801,-1.9268053631
1169,1169,2.68763106844,-0.0728399158941
1170,1170,2.31450592547,0.421609845252
1171,1171,-0.00373233130198,-2.99407812164
1172,1172,0.613104947879,-2.61600829739
1173,1173,-0.380929468416,2.31601569215
1174,1174,-0.196020532968,2.77901000557
1175,1175,0.217933282308,2.31496975702
1176,1176,-0.0304003949444,2.79796110903
1177,1177,0.0753826328028,-1.72084405266
1178,1178,1.67468923234,0.557870865759
1179,1179,-0.473795747996,-2.59608943274
1180,1180,-0.121332795124,-3.07327512617
1181,1181,2.36632098593,0.0609077038396
1182,1182,-0.68882337944,-2.73680810932
1183,1183,-0.230867481588,2.8159399424
1184,1184,0.0216779375354,2.66493759165
1185,1185,1.23992826015,-2.12944470864
1186,1186,-0.462867816816,-2.38839717609
1187,1187,-0.536846597451,-2.25941297142
1188,1188,0.799903995564,-1.64679446865
1189,1189,0.0248720189577,-2.93058942472
1190,1190,-0.366937544392,-2.33170994272
1191,1191,-0.337200034359,-2.20846948864
1192,1192,-0.513802263021,-2.49744450831
1193,1193,-0.2437058315,-2.23300122537
1194,1194,0.0452526909211,-1.83129726484
1195,1195,-0.124118473302,2.46567520757
1196,1196,2.31953988406,0.101610651293
1197,1197,2.79185463236,0.105508536813
1198,1198,2.56441904723,0.0414154180824
1199,1199,2.55050474747,-0.180335189445
1200,1200,0.767736703237,-2.68926688957
1201,1201,0.858467464549,-2.05848488787
1202,1202,-0.432348128466,1.82349125653
1203,1203,-0.889356862961,2.70565781406
1204,1204,-0.321186409273,2.17637434146
1205,1205,1.48458012505,-2.15110063373
1206,1206,-0.406559964468,2.59072151083
1207,1207,0.0403139392611,-2.70465998209
1208,1208,0.15737280195,-2.26598304523
1209,1209,2.40665304057,0.159781607239
1210,1210,2.9623936956,0.309750715266
1211,1211,0.143495258772,2.31914222972
1212,1212,1.04014083418,-2.28500380726
1213,1213,2.47256367672,0.147295902533
1214,1214,1.74490329764,0.452757140766
1215,1215,0.113671875542,-2.95847111498
1216,1216,0.150926280558,-1.96805256527
1217,1217,0.0602758705426,-2.59766748923
1218,1218,0.290128609037,-1.75099224357
1219,1219,1.98685206773,0.168033880486
1220,1220,1.67532951124,-1.58669383455
1221,1221,1.43904163975,-1.13077205697
1222,1222,1.34815595753,0.685084388399
1223,1223,1.45193163715,-1.24771426734
1224,1224,2.71242713187,0.0858727801812
1225,1225,3.0163940045,-0.2027781929
1226,1226,0.352250206453,-0.162371036002
1227,1227,-0.180821317788,3.26391882387
1228,1228,0.635498531223,-0.0798285466331
1229,1229,0.135781194472,2.55175634894
1230,1230,-0.162924940767,-2.88767296341
1231,1231,0.245657116182,-2.90219007421
1232,1232,-0.13118122482,2.4765466663
1233,1233,1.28414812019,-2.34161139139
1234,1234,0.044406010211,2.18204614151
1235,1235,0.00166549202137,-2.29337930263
1236,1236,2.89652139182,0.157523386285
1237,1237,0.145506604805,-2.38643415764
1238,1238,0.154047090823,2.8124392302
1239,1239,1.03242565212,-1.72030956603
1240,1240,-0.105312830962,-2.19204407268
1241,1241,2.84941626759,-0.158715222699
1242,1242,0.183027812724,-2.31400531828
1243,1243,0.337609697325,-2.7537414164
1244,1244,0.468632961661,-2.07638831232
1245,1245,-0.0141759390593,2.6868696983
1246,1246,0.33325636713,-2.59484584951
1247,1247,-0.000761371403789,2.60832766569
1248,1248,-0.294019779192,2.83652031449
1249,1249,0.809445303341,-2.58774493665
1250,1250,-0.0706472777036,2.17844393992
1251,1251,-0.234169486335,2.54727652558
1252,1252,0.00609849881297,2.84275518852
1253,1253,0.744667229003,-2.10824016803
1254,1254,2.38478576528,0.606876609972
1255,1255,2.40220565378,-0.127785073324
1256,1256,2.40068905871,-0.242808157102
1257,1257,2.46168408495,0.0427061842213
1258,1258,2.4539530642,0.689715841725
1259,1259,2.67002885601,0.324415676777
1260,1260,2.93361541973,-0.00662933728883
1261,1261,2.49177744297,0.0747540725916
1262,1262,0.0376868879672,-2.33756283604
1263,1263,0.0176222364304,-2.16343670496
1264,1264,2.46052998421,-0.130005722857
1265,1265,0.419322370408,2.91808625737
1266,1266,1.34120911556,-0.0581755458001
1267,1267,1.86007326402,-0.214059577493
1268,1268,-0.0922334604494,-2.4906894374
1269,1269,0.316412151764,-2.27253009325
1270,1270,1.79051936879,-0.183650074934
1271,1271,0.380047505087,2.75796449485
1272,1272,1.7568478096,0.556170904408
1273,1273,-0.344085045878,-2.19451123173
1274,1274,0.603248591122,-0.483915206312
1275,1275,0.194005038105,2.71351800922
1276,1276,0.195411793224,-2.38884212636
1277,1277,0.984136128305,-2.68277556172
1278,1278,2.54501148054,0.280379390186
1279,1279,2.22841032385,-0.0241270357918
1280,1280,0.808302993718,-0.100306986123
1281,1281,2.5773191329,-0.258461304188
1282,1282,2.64651562833,-0.19759629712
1283,1283,2.49084665736,0.267134898715
1284,1284,-0.548363393428,-1.83201427198
1285,1285,1.64505548913,-2.14897755566
1286,1286,0.0863416828523,-0.542686293253
1287,1287,1.69884013421,0.777662608072
1288,1288,-0.174427660836,-2.29456518258
1289,1289,-0.20299823893,-2.54816956239
1290,1290,-0.0145924524992,-2.45055040896
1291,1291,0.854441557084,-0.548785794673
1292,1292,0.736103835608,1.7397208915
1293,1293,2.46286029158,0.0982642213373
1294,1294,2.32217427478,0.025628625837
1295,1295,0.727087607167,-0.534337814248
1296,1296,0.00763099892968,-2.76467172012
1297,1297,0.430830736606,-2.47876102022
1298,1298,1.37093489009,-0.842177215788
1299,1299,-0.199356901973,2.64224278381
1300,1300,0.889521466121,-2.37861653827
1301,1301,-0.103843077781,2.59461176272
1302,1302,-0.423636911847,1.92948888833
1303,1303,1.23420214455,-2.42730699236
1304,1304,-0.478323208707,2.29725493817
1305,1305,-0.415349914788,2.17251622504
1306,1306,-0.437141799276,2.73367671363
1307,1307,-0.486997276258,2.63084129853
1308,1308,-0.384917743669,2.52014749824
1309,1309,-0.503566029292,2.55685258152
1310,1310,0.6149794251,-2.37956398042
1311,1311,-0.339889338269,-3.13328158093
1312,1312,-0.496531731296,2.70579939727
1313,1313,0.19491979306,-2.16283527661
1314,1314,1.66725559144,-2.82701499619
1315,1315,0.487082874494,-2.19627445905
1316,1316,-1.00629030531,2.57200202187
1317,1317,0.259298684348,2.79610615874
1318,1318,0.625116558941,-2.32259972012
1319,1319,-0.342755781085,2.61484475231
1320,1320,0.202708778763,2.53037924992
1321,1321,-0.570230091457,2.16634595818
1322,1322,0.414461932853,2.22530221989
1323,1323,0.0865364131319,2.45120401348
1324,1324,0.720976461182,-2.07235657501
1325,1325,1.08322544664,0.724647089742
1326,1326,2.4142605097,0.197031525439
1327,1327,0.303495888912,-2.69023735516
1328,1328,0.0311150092354,-2.59459313505
1329,1329,3.00692747413,0.289613483757
1330,1330,0.15739964303,2.67407458624
1331,1331,1.18931552676,-2.32375563206
1332,1332,1.53751434748,0.498451359558
1333,1333,0.103964930926,-2.67788376283
1334,1334,-0.232446021845,2.10854193103
1335,1335,0.746826270197,2.36540007753
1336,1336,0.917225413072,2.19496105719
1337,1337,0.11224751774,1.84478080868
1338,1338,1.4409692053,0.703830060776
1339,1339,0.116752740986,2.06150822545
1340,1340,1.32215094336,1.78281667284
1341,1341,1.41987653456,1.38170554355
1342,1342,1.87347525415,1.57436625157
1343,1343,-0.319260860959,-2.42922280964
1344,1344,0.0870503692236,-1.92552336898
1345,1345,1.82470234561,0.969960090847
1346,1346,0.318884891997,2.05972515886
1347,1347,2.35623890252,0.423958757722
1348,1348,0.899924154868,1.66738087608
1349,1349,-0.0690631745211,2.43367835606
1350,1350,-0.896960444289,-1.72376289284
1351,1351,2.03949572316,0.927258795433
1352,1352,-0.822545669203,-0.733866815552
1353,1353,0.527357203206,-2.04375983574
1354,1354,0.0399289182027,1.30259982387
1355,1355,1.52664709102,1.12993304739
1356,1356,1.74366320957,0.099478413549
1357,1357,1.34480583429,1.70114005299
1358,1358,1.1674754009,1.72999443435
1359,1359,0.82429020605,0.617989591778
1360,1360,2.42361565441,0.656617588374
1361,1361,0.330344667041,0.397451717776
1362,1362,-0.873087395641,-1.75272553599
1363,1363,-0.444508723474,-1.62244169886
1364,1364,2.1714769089,0.710478268797
1365,1365,1.24841743134,-0.586060557304
1366,1366,2.43139408014,-0.121183480545
1367,1367,-0.622327906935,0.878637931347
1368,1368,0.0713310264809,2.04160483226
1369,1369,0.34310483183,-1.90945965832
1370,1370,0.360533025504,2.343523843
1371,1371,2.70008636116,-0.559727524605
1372,1372,1.83592621472,0.321301813005
1373,1373,0.111587949713,1.47784180386
1374,1374,1.82285452739,0.793800990875
1375,1375,1.32336184863,1.43888133784
1376,1376,0.57937280347,0.770927366101
1377,1377,-0.960888030932,-1.53844045436
1378,1378,0.0898424869452,-2.086718855
1379,1379,1.3253147025,0.663311430417
1380,1380,0.172729770749,2.29270771646
1381,1381,0.573523695984,0.928799539408
1382,1382,0.284486201087,-2.56399579374
1383,1383,-0.11145205744,2.25457478127
1384,1384,1.23221176717,0.421861915586
1385,1385,1.70032064092,0.552028143247
1386,1386,1.87426003538,1.17603339473
1387,1387,1.79376250917,1.52216933829
1388,1388,3.01911357834,0.888230242915
1389,1389,1.72177888488,1.63191777145
1390,1390,0.0172957616955,2.38866088924
1391,1391,-0.478596692448,2.16304152022
1392,1392,0.835371993799,-2.36724754719
1393,1393,0.844758566384,0.728405112497
1394,1394,0.536029001769,0.297340533842
1395,1395,2.64889710031,0.290577121694
1396,1396,2.78189556344,0.277673312036
1397,1397,1.60362704543,-2.17592815969
1398,1398,0.712399042352,1.25292017115
1399,1399,0.278270401801,-2.48139258799
1400,1400,1.10965592592,0.510662625601
1401,1401,-1.20469346033,-0.753137325612
1402,1402,0.0503710481935,1.80783765692
1403,1403,1.15317008323,-0.0107405126736
1404,1404,0.304996270822,1.89655370995
1405,1405,1.03217013911,1.47370750828
1406,1406,0.0335725205451,2.76096450013
1407,1407,0.160372407019,3.95255857701
1408,1408,-0.155269399866,2.95350225224
1409,1409,0.184615186901,3.05069887676
1410,1410,0.322836824233,2.05757852621
1411,1411,-0.495718941053,2.77264545579
1412,1412,-0.0223437436,2.70778822639
1413,1413,0.128577301702,2.61848294666
1414,1414,-0.0507809363157,2.59626797217
1415,1415,-0.0927046789037,2.86127186169
1416,1416,0.0351814042936,2.97668898603
1417,1417,1.67484966017,0.0366955923373
1418,1418,-0.102299483883,2.13085131964
1419,1419,0.881257382858,0.472488031366
1420,1420,-0.877789991895,-1.07564947786
1421,1421,0.275953142337,0.0475412836142
1422,1422,1.01802645992,0.0372659505875
1423,1423,2.91616457172,0.238726980499
1424,1424,-0.252384049369,-3.20676280848
1425,1425,0.340838937812,1.7753495932
1426,1426,0.196325444526,0.711191657397
1427,1427,2.1690473865,0.53050744603
1428,1428,3.91320081893,-1.08965302099
1429,1429,3.07788957869,-0.826157893144
1430,1430,1.9533750869,0.692988817995
1431,1431,2.76242248849,0.612333683871
1432,1432,3.10260239593,0.534906935798
1433,1433,1.8198210278,0.0182309810782
1434,1434,0.875332949145,0.663259461405
1435,1435,1.56321601187,1.15418959171
1436,1436,-0.352967395274,-2.59537720908
1437,1437,1.83805439888,-0.0729080840864
1438,1438,-0.153475896855,2.16520016386
1439,1439,1.14667406293,2.09815862474
1440,1440,1.33308695961,1.62106607278
1441,1441,0.127838774908,0.728467259614
1442,1442,1.09615664,2.12969284635
1443,1443,0.468354033758,-2.32772527294
1444,1444,2.09039404173,2.21374955712
1445,1445,0.882211685269,2.43747491007
