,vote,alpha,beta
0,0,0.000834213961518,2.41887691775
1,1,-0.585652237029,-2.62373629929
2,2,3.08769644413,-0.0314005711909
3,3,2.62077270101,-0.125964344648
4,4,0.947862034266,-1.70485972477
5,5,3.53964002972,-0.246251458036
6,6,2.20344058226,0.517059916005
7,7,2.24748850613,0.764978768188
8,8,0.0798953111077,-1.94298635152
9,9,1.23835563482,-1.43279716469
10,10,2.51684118797,0.0341577119878
11,11,2.94394401625,-0.108174500976
12,12,2.30678184235,-0.182896493521
13,13,2.86119464047,0.262877699743
14,14,3.16976147045,0.531444160795
15,15,2.18748868085,0.269850136353
16,16,0.210104779666,2.4325473222
17,17,0.590626138464,-0.50072272307
18,18,2.99199216809,0.481802157537
19,19,2.63501132705,-0.0194960672553
20,20,1.47934913906,-0.737680021377
21,21,0.368441799087,-3.3497667515
22,22,-0.229715487363,-2.44314119028
23,23,3.50404195393,-0.257426606708
24,24,0.80384349882,-2.46154136195
25,25,1.27432674495,-0.218998320262
26,26,-0.728075370049,-0.0281545521405
27,27,-0.0806811427682,2.71390055473
28,28,2.4495499618,-0.131518117694
29,29,2.49643331896,0.355667196278
30,30,2.78851524746,0.107431525483
31,31,2.78680210954,0.370881533987
32,32,-0.109422302811,-2.50596360856
33,33,-0.154589467831,-3.51024820417
34,34,1.474746532,-0.506986735352
35,35,-0.278220785921,2.38485372514
36,36,-0.69020064736,-2.75463978546
37,37,0.138064083569,-2.23049573075
38,38,0.297788520514,-2.97440021503
39,39,-0.862734681148,-1.46758069149
40,40,2.24693054532,-1.66806212619
41,41,0.305137934,3.11382707499
42,42,-0.356310116203,-2.37952186476
43,43,2.39539928057,0.355333623008
44,44,3.2547516547,-0.372180253917
45,45,3.38587103493,-0.289437555105
46,46,2.57825378569,0.23350345465
47,47,2.28266147641,-0.248530092479
48,48,2.66805718751,0.580246554958
49,49,2.4544896102,1.97599465385
50,50,-0.0119099105873,-2.81206253279
51,51,0.0374740016517,-2.46509869422
52,52,-0.504134019485,3.35149080394
53,53,-0.250869164976,-2.95178331189
54,54,0.038372645049,-2.86911761765
55,55,-0.00973431372564,-2.58000931594
56,56,0.872808219463,-2.5888673848
57,57,-0.808480541677,2.17586776436
58,58,0.33721512524,3.47410826727
59,59,-0.430163909625,-1.98011528015
60,60,0.711150587044,-2.17741167059
61,61,2.19926827895,0.19665210125
62,62,2.21064769065,0.154828822881
63,63,2.96275350001,-0.129263489471
64,64,2.61909817725,-0.386081673105
65,65,2.66658399981,-0.432884671251
66,66,-0.332612455415,-2.50566579039
67,67,0.511733819254,-2.19478263668
68,68,0.982837924165,-2.40490155532
69,69,-0.422801138654,-1.69374543756
70,70,-1.13944852389,1.60353048204
71,71,-0.737254913079,2.11184286111
72,72,-0.996118570954,2.35493171859
73,73,-1.23275936206,2.67735992215
74,74,-0.776482625413,2.39849842988
75,75,-0.890862349572,2.31778934785
76,76,-0.675922688987,2.30416597341
77,77,-0.744868517472,1.41802345078
78,78,0.00459917770558,2.88332612129
79,79,1.00196017062,-2.54739664897
80,80,-0.79476229693,-2.26943174191
81,81,-0.515328612737,-3.18725928878
82,82,0.519144124271,-3.59898477502
83,83,0.119288256516,2.551231752
84,84,-0.348273601247,-1.9295141843
85,85,3.24680448026,0.508625192334
86,86,2.47445154508,-0.666637024895
87,87,0.0642337404066,-3.46220610433
88,88,-0.443865421812,-2.82624884069
89,89,-0.439504387178,-0.865432356739
90,90,0.24931629424,-0.431686560585
91,91,-0.0785941773736,-1.91974358705
92,92,-1.02532099597,2.00298537472
93,93,-1.08526561539,-2.11512179035
94,94,0.383154464708,3.01517319278
95,95,1.97526369417,-0.396286390687
96,96,-1.17183030853,2.14396075241
97,97,-0.551194136031,1.8610089852
98,98,-0.367340525534,0.256034422218
99,99,-0.225062024804,1.89242306743
100,100,-0.111881182566,1.68784930015
101,101,-0.861783164272,0.419766113009
102,102,-0.0693725866982,-1.72342802095
103,103,-0.859244549501,1.68406355928
104,104,-0.488728956383,-0.894830482272
105,105,-1.12697812747,-0.0861207912669
106,106,0.790633544829,1.04225745758
107,107,0.158083550146,-1.31910260338
108,108,-0.40114986973,0.436276727162
109,109,-0.357287198364,0.477562226312
110,110,1.52731220795,1.64813812108
111,111,0.0792176624473,-2.08971679761
112,112,-0.464141149981,-1.5014970632
113,113,-0.498416390516,-2.10399011948
114,114,0.420122155583,3.0385429912
115,115,0.384589167026,-1.37217846513
116,116,3.00369301842,-0.0498243747394
117,117,2.75656384926,-0.177664082276
118,118,0.382450311408,-2.21026545836
119,119,2.10159749635,-0.484195560454
120,120,2.58808950781,0.0583647447228
121,121,-0.608471086861,2.70988109258
122,122,1.21361078644,-1.34268625884
123,123,2.6213917821,0.25902510578
124,124,0.823469513094,1.63588558266
125,125,0.509546068483,-2.95118800173
126,126,0.311618295285,-2.90583082543
127,127,-0.916890198166,0.692782790629
128,128,0.141029581687,-2.11254036798
129,129,-0.222152953224,-1.19979057869
130,130,-0.978708044512,-1.65546612865
131,131,0.882685522946,0.692560394275
132,132,-0.468276997923,-1.77647025804
133,133,0.156249195559,1.41655195221
134,134,0.573730342121,-2.35499922593
135,135,1.42459396945,2.2000673072
136,136,-2.02829115362,1.24815264449
137,137,-0.480667772001,0.56303156625
138,138,-1.33700705241,0.912049145455
139,139,-0.0328215133126,2.37147787328
140,140,-0.601981604774,0.0470926167686
141,141,-0.81127993844,0.442749070111
142,142,0.337261341408,-2.07490675274
143,143,-0.709709228107,1.87638915448
144,144,-1.62332143527,2.21312576667
145,145,-0.921996915181,1.43523254902
146,146,2.11610861453,1.02405909043
147,147,-0.0310844377269,1.29176486791
148,148,2.76373061251,0.357648385575
149,149,2.82285097235,0.0297114876733
150,150,0.255398570544,2.86793270576
151,151,0.919207555293,-0.627430742118
152,152,2.48400773387,-0.137775963255
153,153,2.63167379887,-0.0378432906823
154,154,2.95279218257,0.424324773303
155,155,0.301378317989,-2.889613806
156,156,0.0804737905851,-2.23638132462
157,157,3.34749189713,-0.097206541588
158,158,0.0820145505808,-2.26555277764
159,159,2.08187371453,0.732665775472
160,160,0.470680433201,-2.41373420338
161,161,0.428811291257,-1.76718908651
162,162,-0.284990665438,2.29267604452
163,163,0.327356268062,-0.425091582321
164,164,-1.19164778974,-1.20046969626
165,165,-0.410885493899,1.64146659422
166,166,0.285271128457,-2.98239137835
167,167,-0.893205587754,1.56442450163
168,168,1.30377752954,1.5450344702
169,169,-0.0526173851676,0.00843726346181
170,170,-0.966333643993,-0.723261355245
171,171,-1.53371959195,-1.28587196496
172,172,-0.940168999861,0.993842931309
173,173,-1.45272137556,-0.880751567499
174,174,-1.23745290168,-2.36158860112
175,175,0.102232918921,1.55883556967
176,176,0.21668119352,0.812875875076
177,177,0.207627237889,-2.26823578681
178,178,0.0378215093694,1.20468993897
179,179,-0.424140993166,-1.26924973399
180,180,-1.58529067856,-2.0301971104
181,181,0.858518956216,-0.331250952171
182,182,-0.361030989577,-1.20477060929
183,183,0.0274894153848,1.04421316781
184,184,-0.0726342993567,0.44991945186
185,185,-0.188292513494,0.327287799615
186,186,0.494907830176,-0.390699143565
187,187,0.0663665719985,-0.52177037552
188,188,-0.166493614149,-0.614312379495
189,189,-0.117099033944,-0.193110852222
190,190,0.0847287552995,0.233153344384
191,191,-1.67598035035,-2.39882523855
192,192,-0.485256935727,-2.62938300546
193,193,0.143587919309,2.91867682666
194,194,-0.365741439481,-0.868133367155
195,195,2.36366742974,0.0566526429287
196,196,2.32370446142,0.310055933799
197,197,0.0559993601903,-2.86499448189
198,198,-0.659838984368,1.22353260868
199,199,0.361353579753,-2.4393834897
200,200,0.420859649826,1.53078582276
201,201,-0.305839360271,2.60613032076
202,202,0.870226068178,-2.03700670471
203,203,2.84400641,0.211538063477
204,204,-0.142945762988,2.42066235871
205,205,0.6615530374,-2.32029849943
206,206,0.121362340027,-1.17034577078
207,207,0.334600456173,-1.85327976446
208,208,-0.413742394366,1.87163514416
209,209,0.0867000072256,-2.44242234806
210,210,0.642793390101,-0.660806152462
211,211,-0.726821819994,-2.4370538008
212,212,0.228512580755,1.56295395293
213,213,-0.972586778758,2.17781077226
214,214,-0.0964382449252,3.24416269814
215,215,0.522446626401,-1.93655202036
216,216,2.05056832547,-0.829228636056
217,217,2.06318702518,-1.5127674664
218,218,2.59228712747,-0.246296153561
219,219,-0.111429363889,-2.49948400834
220,220,0.434685005946,-2.06569948838
221,221,1.7604781977,0.691329132807
222,222,-0.375675537448,2.4743287572
223,223,-0.281653072095,1.98471766944
224,224,-1.1887729309,1.60867960847
225,225,-0.37578811526,0.285387556229
226,226,-2.00979723523,-2.557937414
227,227,-0.798167301338,1.78547036504
228,228,-1.44421779437,-2.01831088795
229,229,0.285203803621,2.10504455921
230,230,-1.45283762708,-1.50036761331
231,231,1.55548367428,0.762110669499
232,232,0.226584600294,1.67415035285
233,233,-0.693202192863,1.7481035002
234,234,-0.651653960413,1.8093721239
235,235,-1.00565286842,1.87260687402
236,236,-0.579337554955,1.49408089928
237,237,-1.54624648323,0.774008850432
238,238,-1.10824474996,1.59681789979
239,239,-0.86067580853,1.2896680807
240,240,-0.816456678277,1.44421687383
241,241,-1.24985295721,1.93867731925
242,242,0.327862851478,-2.46068770248
243,243,-1.51179438877,-2.13498481284
244,244,-0.464771687289,1.98950163021
245,245,-0.0630528525433,1.00767285739
246,246,-1.23824464836,-0.722635355815
247,247,-0.177977774004,1.00871132791
248,248,-0.65230421669,0.278521685404
249,249,-0.673691258214,0.393422022169
250,250,-1.10695418707,0.913930473341
251,251,0.369381391109,1.26982664852
252,252,-1.48179172117,-1.1803099285
253,253,0.292116145495,-2.59192410202
254,254,0.393380400566,-2.09318568303
255,255,-0.705467325288,1.55464709235
256,256,-0.28538149822,0.715285533233
257,257,-1.02518918905,-1.37760544234
258,258,-0.188025311972,2.15856599503
259,259,-0.0420146316432,-1.93260266708
260,260,-0.348871267949,-2.63462733374
261,261,-0.366987345298,-3.30313006758
262,262,-0.272899392846,2.17129858502
263,263,-0.29325218959,-2.41376279064
264,264,0.314496375923,-2.65090790803
265,265,-0.335696409492,2.99064564531
266,266,-0.38201029313,-1.84311531466
267,267,3.06782319362,-0.285415678779
268,268,3.63659533356,0.213967232815
269,269,3.44664443684,0.247276385041
270,270,0.481835672829,-3.39892310458
271,271,0.498466249033,-2.55018071781
272,272,-0.976152438643,0.27266559437
273,273,-0.408795833,2.90117481441
274,274,1.37838469247,-2.31053203977
275,275,0.152637470212,2.46800982299
276,276,0.792656147364,-2.01299947894
277,277,0.237896388249,-2.38229524433
278,278,0.24984751293,-2.44521836187
279,279,1.21865622343,1.59496898532
280,280,0.469134521414,-2.48537275084
281,281,0.0498921726286,-1.77510939026
282,282,0.304459373346,3.08348261785
283,283,-0.661483559285,-2.88432997093
284,284,-0.359224890746,2.09345523326
285,285,0.288827922588,2.52432007733
286,286,-0.0473212615745,2.86826961819
287,287,-1.27139278102,-2.9866599779
288,288,2.0725863442,-0.153637789929
289,289,3.27384063767,0.324780391629
290,290,0.144180581395,-2.89613604144
291,291,-0.340762919843,-2.74492443183
292,292,-1.56226709366,0.726482560938
293,293,1.07971385386,-2.17904206879
294,294,-0.502803908801,1.56619425476
295,295,-0.851740915831,1.25692012209
296,296,-1.90757479878,0.908904939149
297,297,-1.19720956579,-0.868469296982
298,298,-0.582384390636,1.50726035876
299,299,-0.551526828854,1.72138782275
300,300,-0.280886368243,-0.433532072312
301,301,0.516987790253,0.0928397874759
302,302,-0.261422858264,0.398982769271
303,303,0.112775938464,0.260214813579
304,304,1.2418485324,-0.668804569218
305,305,0.919955221541,0.414924817283
306,306,-0.418413118297,0.397707966968
307,307,0.753582709331,-1.82712298576
308,308,0.893685078737,-0.237477550266
309,309,0.712090171409,-2.2708796585
310,310,1.05776495816,0.697512525553
311,311,-1.33786632506,1.29290008231
312,312,-1.4320258139,1.90947087431
313,313,-0.0781761848879,-0.442696886916
314,314,0.136576754296,-3.05347785198
315,315,0.283606865237,-2.89792308566
316,316,2.5002705486,-0.341235898743
317,317,0.940436384788,-2.75880058804
318,318,-0.0822025945939,0.149521681539
319,319,0.432784476098,-1.97431606133
320,320,0.228934254154,1.02831859046
321,321,-0.710291229536,-0.796096670409
322,322,1.10556950329,-2.19987521118
323,323,0.431562050445,0.323231464075
324,324,1.11921523986,1.27502758489
325,325,-0.547132331585,1.59963997455
326,326,-0.0904877796519,1.71421684926
327,327,0.204353251455,-3.04219092461
328,328,-0.146013164679,0.893595319284
329,329,2.70302731572,-0.732480052551
330,330,-0.0525690331938,0.206037721132
331,331,-0.261942408697,2.03519761566
332,332,0.918247148178,-0.992208904284
333,333,-0.430830601114,2.67519723856
334,334,-0.821972782022,1.95866161581
335,335,0.171759235987,3.2526849601
336,336,1.00139873228,-1.7181573806
337,337,1.623703198,1.466091263
338,338,0.221127171859,-2.38029482041
339,339,0.306087909838,0.591789780472
340,340,-0.0977317916135,-0.41340180785
341,341,-0.46246426558,-0.893485301209
342,342,-0.763324585916,1.29237694813
343,343,-0.930130546975,0.88880616073
344,344,-1.10801921735,0.962262896978
345,345,1.54484378146,-0.448809105438
346,346,1.88131991455,-0.479060075995
347,347,-0.415769224453,2.62499784133
348,348,-0.881566424019,2.81748328856
349,349,0.0551863419378,-2.31743028152
350,350,0.627560204841,-1.69743327665
351,351,0.153265362626,2.79752540551
352,352,0.549207609719,-2.50197443271
353,353,-0.00686691248438,-2.59033854765
354,354,0.0878546304078,-2.30790393572
355,355,2.16956162993,-0.0680088287273
356,356,0.536605857049,-2.06956419675
357,357,0.846025505562,-2.87075711301
358,358,0.0843578706489,-2.60738036276
359,359,1.52666814246,-2.33007197038
360,360,0.750530625902,-1.30720791814
361,361,-0.209881304008,2.15772993885
362,362,-0.315120436214,1.92676187271
363,363,0.0384523368154,2.52684718443
364,364,-0.165163899534,2.89387888033
365,365,-0.526174193826,2.67657442328
366,366,0.331533694559,-2.27069858646
367,367,-0.45755336529,2.78945698071
368,368,-0.0140348731183,-2.68612304207
369,369,2.82892689028,1.51775759925
370,370,3.01341514318,-0.536761658673
371,371,2.54698154587,0.0298057436508
372,372,2.52842244336,0.512902368803
373,373,2.20936128424,0.428234487547
374,374,2.18622668766,0.118183655465
375,375,2.71790675356,0.10019926917
376,376,2.65588535193,0.310216462813
377,377,2.47611581137,0.250379029922
378,378,-0.0019960463505,-2.77914461506
379,379,0.0803107485477,-2.53543687425
380,380,0.277154642161,-2.90127381264
381,381,2.5766490988,0.339371556772
382,382,3.25828903931,0.491178453261
383,383,2.36299302843,0.980112147714
384,384,-0.0564831574863,-2.87484819924
385,385,0.445868868132,-2.58773609396
386,386,1.712347918,0.570505976578
387,387,-0.497281680187,2.45436102365
388,388,-0.388445331167,2.18392286855
389,389,-0.507526254805,2.5083574036
390,390,-0.309352816374,2.9103389967
391,391,3.41769943639,-0.294372737023
392,392,0.0227281731005,2.55447369716
393,393,0.22902429894,-1.90069697029
394,394,0.0915177922362,-2.73638973609
395,395,0.264349984994,-2.83132437533
396,396,0.0549734530165,-2.57951806821
397,397,0.0435580072398,2.47411261846
398,398,-0.468164153913,-2.49615782189
399,399,0.324812102227,3.11714224188
400,400,0.518108234298,-2.9246482472
401,401,-0.347476102889,-2.03369834344
402,402,0.620025936587,-1.83734704655
403,403,0.74271022909,-1.87885409099
404,404,0.109596668327,2.57223980417
405,405,1.07015635377,-2.43485277913
406,406,1.01457323782,-0.764501393871
407,407,2.59585584403,-0.0062875808233
408,408,3.03131824458,-0.13441141818
409,409,2.51644512537,-0.125324883253
410,410,-0.220529304305,2.01611857315
411,411,2.78588842507,0.314236371474
412,412,0.432378521494,2.50209868418
413,413,2.89347568917,0.156829706232
414,414,2.17936381344,0.14010650685
415,415,0.0537000670862,-2.55620593553
416,416,-0.136705270835,-2.47007220791
417,417,0.321492273043,-3.18415038662
418,418,2.34091649158,-0.0864351881708
419,419,1.18321510216,-2.33744333058
420,420,-0.320284767911,-3.12815989167
421,421,2.39697771116,0.00951329689881
422,422,-0.00915680587253,2.95995878761
423,423,1.79016487199,0.495936790609
424,424,-0.378275282129,-2.6154418571
425,425,-0.311697734536,-2.19472589948
426,426,2.2670405544,1.31440296182
427,427,-0.127397389243,-1.57575594364
428,428,0.0222831385219,-1.93933895965
429,429,1.36193410523,-2.51084957366
430,430,1.13773117997,-1.84850097083
431,431,1.08652033239,-2.18810208883
432,432,-0.160805073339,-2.28913206916
433,433,0.136946236586,-2.51944075186
434,434,-0.297746515673,-3.14901785927
435,435,-0.179903706818,-2.82409717905
436,436,0.896110434518,-2.18388264113
437,437,0.770659423691,-1.82923135873
438,438,0.252670358165,-3.19970742848
439,439,1.56633233571,-2.23183870946
440,440,0.00762449042459,-2.77384158103
441,441,1.09214543035,-2.10279639437
442,442,-0.158930522106,-2.76561213751
443,443,2.30307077329,0.510601368814
444,444,0.520940808834,-2.42944328497
445,445,-0.0567062403154,-2.55311684431
446,446,0.94312612556,-2.23331084643
447,447,0.323676434927,-3.1276287917
448,448,0.7972781253,-2.22058053757
449,449,3.76228682326,0.0252243484558
450,450,3.09938940547,0.0281722881392
451,451,-0.362291309497,-3.26624727895
452,452,1.01250923669,-2.24330653239
453,453,-0.299113187243,-2.83552817976
454,454,0.934688896155,-2.09364088209
455,455,-0.206217207521,-2.84069779968
456,456,-0.120084259046,-2.65013385237
457,457,-0.206499891688,-2.86913303117
458,458,-0.410805208076,-2.5354492556
459,459,3.06700286901,-0.435049536542
460,460,0.0564092436617,-2.85040936348
461,461,1.40281466452,-2.61068102788
462,462,2.87293467539,-0.139336688964
463,463,0.282887062505,-2.61616733474
464,464,-0.957428068718,-1.46998870081
465,465,0.850944607369,-1.87412571379
466,466,0.115798379488,-3.38622436584
467,467,1.04071351316,-2.40838647381
468,468,-0.00410420029834,-2.32848727103
469,469,0.353422873172,-2.46595338955
470,470,-0.029903261477,-0.219652316715
471,471,0.664549923761,2.61027875827
472,472,-0.273876614759,-2.79926645713
473,473,1.12659408169,-2.36923502206
474,474,-0.396527990194,1.55798158945
475,475,1.81226651008,1.99792038866
476,476,2.21273584355,2.45636914532
477,477,2.50913923633,0.332456856173
478,478,3.79907067999,-0.127827222715
479,479,-0.0270009376244,-2.49466428368
480,480,1.17169898831,-1.54995775931
481,481,-0.439778359563,2.15035778505
482,482,0.0381828111019,-1.81157394198
483,483,-0.857256843297,1.04923846669
484,484,0.149835244775,0.0256621616685
485,485,1.78131058929,0.476369107094
486,486,2.50663731536,-0.0556272923978
487,487,2.72486980744,0.283601670943
488,488,2.59743063311,-0.0815138628164
489,489,-0.06166559454,-3.2747373266
490,490,0.640605196119,-2.82852825356
491,491,-0.53987005508,2.30178630838
492,492,0.0619762825576,3.60155260166
493,493,1.41394373059,-2.20941090904
494,494,0.0139186575018,2.7600333116
495,495,1.32191184259,-1.42947067147
496,496,2.72182157151,-1.316000533
497,497,0.0638029803731,-2.57342492098
498,498,2.54320964873,0.0314136177748
499,499,2.4393808233,-0.294840922948
500,500,-0.18048748816,-3.568768785
501,501,-0.24221506028,-3.52242955011
502,502,0.249127155701,2.20955535623
503,503,-0.449466436977,2.70193689455
504,504,-0.186357165432,3.14375415588
505,505,0.357418600075,3.13823767332
506,506,0.0130472263151,-1.84879994882
507,507,2.81003977498,0.984567518166
508,508,-0.0896925971284,2.87245742897
509,509,-0.220229336333,-3.21654146894
510,510,2.77975728692,2.06311294606
511,511,0.255616000115,-3.77803078387
512,512,0.0169306405398,-2.42776154912
513,513,0.387793623259,-3.21029686746
514,514,-0.331959733197,2.22387902415
515,515,1.06661030804,-1.96623403042
516,516,2.23730810816,-0.114181913686
517,517,3.00051339194,-0.524247946498
518,518,-0.462225023782,-3.04591554567
519,519,0.273722241752,-2.54414018362
520,520,-0.126448671324,-3.01759596586
521,521,-0.248511145566,-2.63898180642
522,522,0.359994200987,-2.59355709286
523,523,0.254248127451,2.68627101336
524,524,-0.380250086651,3.20151701804
525,525,-0.153087853601,2.23250983163
526,526,0.422716180567,2.35558218656
527,527,-0.00693537961833,2.42429915285
528,528,-0.480644021972,2.58676341524
529,529,-0.328500356663,-2.51034704493
530,530,-0.343383103666,-1.73788761516
531,531,0.6237036208,-2.27820172006
532,532,-0.102035980224,2.52216008154
533,533,-1.37961702434,1.64526588481
534,534,-0.495931412156,2.21012968283
535,535,0.491885421156,-1.93464171954
536,536,-0.111703972313,2.28181453755
537,537,-0.593226670235,2.68292594103
538,538,-0.486770638728,2.04929665769
539,539,-1.02143233188,2.08398992231
540,540,-0.889408013917,2.62957320866
541,541,-0.488441581172,3.23086835285
542,542,-0.85607072442,2.95044475723
543,543,0.943574177696,-1.90079250624
544,544,2.22725833417,0.715577055703
545,545,2.55882243989,0.301749047899
546,546,2.88300100152,0.432013492104
547,547,2.91352417103,-0.029876695696
548,548,2.28305759055,0.312912530158
549,549,0.0822389601107,-2.64063735237
550,550,1.06721423377,-2.44029571186
551,551,0.59252427732,-1.1582100746
552,552,-0.593646492313,2.1787581464
553,553,-0.344618863457,1.99312540706
554,554,1.13760705803,-2.02559824819
555,555,1.33068248088,-0.867908441175
556,556,0.124695566117,1.01775232019
557,557,-0.574265030423,0.277252691653
558,558,-0.6613443316,0.917425042243
559,559,0.471640875905,0.705878499519
560,560,-0.629402362012,1.26783585181
561,561,0.815262450506,-0.205484949672
562,562,2.19575821517,0.488697248028
563,563,2.66347265919,0.374503632892
564,564,2.92734516121,-0.345664424363
565,565,1.69837901998,-1.59561169641
566,566,3.35817984174,0.488632780037
567,567,2.76876294843,-0.226704862204
568,568,2.92467553653,0.350356338427
569,569,2.78291588913,-0.0837023397432
570,570,-0.0439913235306,-2.53826302109
571,571,-0.261877416531,-3.45794215346
572,572,0.369228895983,-3.27087454624
573,573,0.837632128796,0.0834469648611
574,574,1.09896659218,-0.30841608401
575,575,0.277330785303,-2.01765226864
576,576,0.343025461002,2.68624145256
577,577,0.375200539333,-1.87389067896
578,578,2.99841863012,2.10453861797
579,579,-0.0342372113647,-2.8823696264
580,580,0.359564647148,-2.97267191619
581,581,-0.0562986897944,2.72662989804
582,582,-0.173076386387,2.41909244617
583,583,-0.0696725953879,-1.77318441487
584,584,3.01560319553,0.214010983551
585,585,2.39598820798,0.21746721659
586,586,-0.22673004689,-3.56671972576
587,587,2.81528017756,-0.143968455107
588,588,0.317614893305,-2.70713559343
589,589,0.693696617155,-1.0783307607
590,590,-1.88187121701,2.79879119759
591,591,-1.60776944623,1.63552242407
592,592,-1.85549603577,1.42982333743
593,593,-2.21099769631,-1.97949908772
594,594,-1.23381360993,2.1680749484
595,595,-0.584197945786,-2.30711996605
596,596,0.770986440654,-0.506773118157
597,597,2.21735342935,-0.257494594415
598,598,1.77056816197,1.73830427411
599,599,0.413340196445,-2.31095853709
600,600,-0.400159122797,2.89916976273
601,601,0.0492694860769,2.78089715625
602,602,2.16527855578,-0.480247684038
603,603,0.0443672124375,-3.11344837753
604,604,0.0614454078377,-3.31799201205
605,605,0.852564043891,0.439709076943
606,606,0.558455290981,2.75814548403
607,607,1.18668818884,-1.67611355732
608,608,-0.744508957237,1.05622802905
609,609,1.51533717015,-2.05214436703
610,610,-1.41790997592,2.51506668582
611,611,1.75512489639,-1.82089953944
612,612,1.84702885118,0.216424694118
613,613,0.740484973535,0.426968764589
614,614,0.743506184755,1.28815293322
615,615,0.740124565617,0.469361576479
616,616,0.520974960573,0.82994088317
617,617,0.799863512898,0.684286589954
618,618,0.639843105019,0.637239232381
619,619,1.24384297533,-1.99379939818
620,620,1.07099758198,1.65496260097
621,621,2.41094792105,0.546274422355
622,622,1.12760676464,-1.88540761371
623,623,1.63307732673,0.821910753421
624,624,0.842033426868,1.81797116541
625,625,-0.598420561236,-0.856441837247
626,626,-0.462197043172,-0.600569235551
627,627,0.831531442764,1.51518333581
628,628,1.65563113696,0.793805073209
629,629,1.59655144941,0.566035677493
630,630,-1.13726328749,-1.67100607231
631,631,-0.838048407869,-2.41648149646
632,632,-1.5560770412,1.29873557516
633,633,-0.674172275218,-1.45801505721
634,634,2.95021291754,0.0979882304833
635,635,-0.0568940815898,-0.0943904067844
636,636,-1.20879748635,0.879743059773
637,637,-0.217905682557,0.371730082999
638,638,2.46113929484,0.724590375078
639,639,0.501076518624,0.310788387479
640,640,-0.653223674329,-1.7651993926
641,641,0.819930961712,0.594090052825
642,642,1.09009812313,0.964892021772
643,643,-0.402934048374,-1.28893933764
644,644,-0.475592173571,2.10940759169
645,645,0.0543680842397,1.09172110954
646,646,0.884790818493,0.911526613265
647,647,1.8966085099,1.26974034558
648,648,2.29794458823,1.2305933136
649,649,0.756964492393,1.88953537413
650,650,2.46711583371,1.05207995577
651,651,-0.398651795829,-1.44951969224
652,652,-0.805215743999,-1.77776856454
653,653,2.4065457912,0.488568096137
654,654,1.67059104454,2.49208309384
655,655,0.864196414162,0.64656188118
656,656,-0.679472742815,-2.03016050947
657,657,1.54885222973,0.581504034151
658,658,0.258071610462,1.47091853659
659,659,2.63072180403,0.561602122728
660,660,1.8981706913,1.94741530695
661,661,2.43049186734,2.32002707533
662,662,2.46286049381,2.53862462805
663,663,1.69249359126,1.74798151535
664,664,1.68688914589,1.90137712429
665,665,1.83653275989,1.88021334343
666,666,1.70486956757,2.042006067
667,667,0.57538126425,-3.20946085983
668,668,-0.365265542763,1.87559667133
669,669,1.51399974859,1.34549543532
670,670,-0.158908405036,-1.61504761871
671,671,0.779880730362,1.07624552441
672,672,2.18159157201,-0.200919077591
673,673,-0.985483864506,1.87006966027
674,674,-2.02978529641,1.81825912279
675,675,1.62113861747,-0.789151106604
676,676,0.165090944927,1.91542255277
677,677,1.83092019485,1.56661856106
678,678,2.733607668,1.71449693192
679,679,-0.233124209764,2.68375516515
680,680,1.57474904958,0.71604630401
681,681,1.9675352834,0.0966984632553
682,682,2.47189796128,-0.236030091982
683,683,1.35431618982,1.2115534672
684,684,1.62371418261,1.45425900168
685,685,0.18799129121,2.7168243926
686,686,0.299454135398,2.90472084334
687,687,-0.282033823748,2.19018559144
688,688,-0.0428440496322,2.08058956516
689,689,-0.104287320084,2.20698170155
690,690,-0.270549063449,2.2507951071
691,691,2.65780251918,1.85669517274
692,692,2.16107124629,1.82313516257
693,693,-0.750240273922,-2.7492360652
694,694,1.77647844213,2.07613447239
695,695,0.0920069939287,-1.9982637298
696,696,0.788481527075,1.93694919274
697,697,1.50717052136,1.87386828448
698,698,2.20455496285,0.59181274949
699,699,2.39441585159,0.459005132693
700,700,-0.428399552258,-1.78602946358
701,701,-0.316440233246,1.31270036405
702,702,-0.628652864252,2.31111899714
703,703,-0.298660834102,1.97421570288
704,704,-0.377651968616,-1.11543743546
705,705,-0.0430931002899,1.97559890908
706,706,1.35138786876,1.59498744183
707,707,-0.646581208803,-2.09845538233
708,708,1.20632885613,2.00864571744
709,709,0.772376323306,0.929308702557
710,710,0.302334556169,-2.40946966429
711,711,1.05092094113,0.541185989453
712,712,-0.207013951619,-0.602644024644
713,713,-1.24541061796,-1.75956317507
714,714,0.405851764465,-2.28387507186
715,715,-0.928789472421,1.8472672509
716,716,0.623715719656,2.99277934007
717,717,-0.31890758496,-2.25420601314
718,718,1.04542199939,1.46364919695
719,719,0.0876690615191,-1.67953174793
720,720,1.37230707405,1.55815792599
721,721,-0.076160041763,-1.25083345746
722,722,-0.837752314445,-1.22500408305
723,723,1.01834930935,1.43279472313
724,724,0.866552273166,1.48710927222
725,725,0.675879455747,0.641024518109
726,726,0.0295024886687,-2.46723110506
727,727,-0.481106747687,-1.07675144347
728,728,1.48534583987,-0.944164066257
729,729,1.76150651343,0.295366602977
730,730,-0.344155924306,-2.6904251337
731,731,0.113353688129,-3.10859662546
732,732,0.0997882290224,-2.32790404732
733,733,2.27001797469,0.348577771848
734,734,-0.18598865623,-3.00855695347
735,735,0.399550991545,2.23008998568
736,736,-0.0999048200166,-1.35486249069
737,737,-1.04043610297,1.86595645383
738,738,2.07221723208,-1.70066570034
739,739,-1.9495178578,2.68166666222
740,740,1.27369575023,-1.95483173912
741,741,0.197079916472,2.42472354649
742,742,-0.757508347642,1.00659763727
743,743,0.80098980466,-1.21235180011
744,744,0.660499080214,0.458895306534
745,745,-0.790845162342,-1.96043798115
746,746,0.385386720169,-1.96565792101
747,747,0.529429067237,-0.433989772835
748,748,2.38418427931,-1.55644019391
749,749,-0.225573885323,-1.91531251782
750,750,-0.862450741004,-2.69736834213
751,751,-1.68326845783,-1.38330891245
752,752,0.064648458598,1.78942789434
753,753,2.81564565543,0.403720229576
754,754,-0.428209528691,-2.3774004126
755,755,0.303153940463,-2.02746566759
756,756,-0.365498089926,-1.96116107525
757,757,0.507563198839,-2.50785391296
758,758,-0.803692578796,-2.31165817951
759,759,-0.37587613499,-1.89834805673
760,760,-0.593553427805,-2.63520768356
761,761,-0.438359021947,-1.30189535321
762,762,-0.0276394406166,-2.07949904649
763,763,0.210702382644,1.78283026451
764,764,1.68372124252,0.46432102703
765,765,0.344544647984,-2.08594051841
766,766,-1.25416076556,-1.02908444334
767,767,-0.70246834123,-3.09059610533
768,768,0.424552112952,-2.21164392237
769,769,-1.92310797528,-1.32319443484
770,770,-0.630044669272,-1.40893514017
771,771,0.952856394182,-2.44310261848
772,772,-1.09379961475,-2.6758859281
773,773,1.83980404793,-1.72131185584
774,774,1.58738125926,1.30998223687
775,775,1.31017218633,-2.27778318299
776,776,1.26434676502,-2.00079860118
777,777,-0.125162022259,1.69168269195
778,778,0.733703238199,1.0351511205
779,779,0.138161738444,1.77215277237
780,780,0.376815507046,-1.59286356063
781,781,0.524399904017,2.53216587298
782,782,-0.166375487814,-2.66698708751
783,783,-0.0555341395867,-3.03147011506
784,784,0.56318767889,-2.26271967931
785,785,-0.601647046314,2.47531105319
786,786,-0.103731118477,2.29055106684
787,787,-0.367216528365,2.76233097163
788,788,-0.189250350776,2.77902495531
789,789,0.256783583608,-2.22055080108
790,790,-0.0615974639298,-2.78930578797
791,791,-0.839785994871,2.72681994705
792,792,-0.14742425313,-2.3987106707
793,793,1.45142257347,-1.55156231049
794,794,-0.386657878117,2.20163919468
795,795,-0.294767298393,2.38926108804
796,796,-0.198245997551,2.47671816368
797,797,0.852067213062,-2.62757112248
798,798,2.14264351412,0.74439064596
799,799,2.69310497815,-0.0852959721818
800,800,2.58738705991,-0.205180266868
801,801,1.99018155221,0.0583571120093
802,802,0.0677800807299,-2.94238899943
803,803,0.132529396203,-2.6244910705
804,804,2.45574577853,0.296644270466
805,805,-0.204015422691,2.93034222865
806,806,0.13624120771,2.59324324734
807,807,-0.622168099416,2.99534660012
808,808,0.318295959297,2.74427557352
809,809,0.280765250643,-2.14134904325
810,810,0.081921794969,-3.51845979845
811,811,0.230826253911,-3.24576020361
812,812,-0.133585207866,2.56203656507
813,813,0.591365703761,3.22206376366
814,814,0.701763109406,-2.08136344708
815,815,2.43102928686,0.428988246774
816,816,-0.674374431699,2.50272443015
817,817,-0.062561136169,2.98929859964
818,818,1.05177047615,-3.03644663617
819,819,-0.120526778089,-2.85081608421
820,820,0.400956802469,2.96077796941
821,821,0.331566314441,-2.14152060427
822,822,3.18437641894,-0.137185807954
823,823,2.91554717251,0.0367554395664
824,824,-0.320147829284,2.8661045738
825,825,-0.147033810333,2.15538876116
826,826,2.84923528779,-0.26022557085
827,827,0.442789296666,3.34937631916
828,828,-0.0502583925925,-2.01964234397
829,829,0.138540454352,-2.35416108368
830,830,0.0699220625678,-2.40140487429
831,831,2.87591655176,-0.0113922058662
832,832,0.53817799046,2.5446897348
833,833,-0.0408903104886,2.9188330496
834,834,-0.161135471524,-2.02985279716
835,835,1.81015570903,0.255803423747
836,836,1.81600682928,0.590286920861
837,837,2.16849760897,-0.260791197878
838,838,2.0456092126,0.215383051991
839,839,0.565273517125,-2.66340577051
840,840,0.586233457426,-2.75318435886
841,841,-0.503018235957,3.15589731848
842,842,1.67454984331,-2.85112739048
843,843,0.283265239215,-2.63579012103
844,844,-0.122994905801,-2.43674021979
845,845,0.136022595157,2.0553690205
846,846,0.609294273841,2.5506699808
847,847,0.0297059416065,2.27935018136
848,848,-0.0855753967606,2.33080322846
849,849,0.338259346218,2.73446622326
850,850,0.193503343381,-2.62234250308
851,851,-0.131291207787,2.99911065668
852,852,0.715090609039,-2.02391857785
853,853,0.203998132454,2.99307160899
854,854,0.361329032154,-2.66860334432
855,855,0.0379788489306,-2.53259744297
856,856,3.17309715253,-0.175924446085
857,857,0.0265921121405,-3.27096395996
858,858,-2.36756997277,0.0693407775635
859,859,-1.80403805689,1.7594501499
860,860,-1.99146065588,1.52419220223
861,861,0.313477409331,-0.844917532039
862,862,-2.38338005938,-2.48984681977
863,863,-1.59549108341,2.2902717227
864,864,-0.623244071446,-2.11832000372
865,865,1.9713143535,0.434496466049
866,866,2.67505639286,-0.304317635951
867,867,2.95299143154,0.499555483488
868,868,0.208180632714,-2.74881033868
869,869,1.08238586366,-2.07695978607
870,870,0.414212114295,-0.963336051751
871,871,2.08714654866,0.388235005365
872,872,-0.0949965075349,-2.91932004154
873,873,-0.760714900611,1.65931456106
874,874,0.0888750165834,1.17580322061
875,875,2.55106649376,0.453924512568
876,876,-0.172533390711,-0.454298210915
877,877,-0.113997456459,-0.961379993112
878,878,-0.643745617598,-2.79375968655
879,879,-0.291338604256,-1.13001932336
880,880,-0.422218879727,1.28142683535
881,881,0.337079313224,3.01098274426
882,882,1.84077107679,0.147352678083
883,883,2.60494430314,0.480073361094
884,884,2.80564440482,-0.135868810078
885,885,-0.509790234243,-3.23853381202
886,886,-0.187184773859,-2.92718194543
887,887,0.073725610435,-3.51384128177
888,888,3.45774434878,0.0236257486673
889,889,0.140258053956,-2.35208209336
890,890,0.373371500003,-2.68215597135
891,891,2.10526630728,0.842717672435
892,892,0.0233245705138,2.34092650929
893,893,0.444599035457,-2.89500591829
894,894,1.30465482116,-2.53222305996
895,895,0.344583623819,-2.09809600951
896,896,-0.517504170613,-3.17662775096
897,897,0.175154855306,-3.02567670272
898,898,1.52128221003,1.40827731771
899,899,0.831811541317,-3.34218885467
900,900,1.41191732388,0.711010760022
901,901,0.0171625435754,2.77483457465
902,902,0.97701169527,-1.1861029965
903,903,-0.137050274406,1.67400542048
904,904,-0.3417080772,1.42499999147
905,905,1.69949043996,0.512617836088
906,906,1.91798661248,0.787089797045
907,907,2.20346364562,1.16661194065
908,908,1.16264058547,-0.276802547277
909,909,2.49937258453,0.797642039741
910,910,3.11911945903,-0.129036134659
911,911,0.0766497234118,2.38692927999
912,912,1.83556768627,0.235875169596
913,913,2.91458217248,0.125560616969
914,914,1.99510201391,-0.705866506823
915,915,-0.165779998831,1.52938521205
916,916,0.1809338434,2.34398131135
917,917,-0.100794873463,-1.83746364459
918,918,0.125722277516,-2.14634807598
919,919,2.11973354406,-0.944307801427
920,920,1.48630480821,-2.19738009914
921,921,0.530797102711,-0.192283999528
922,922,0.313856268408,-2.4130254725
923,923,0.60096839398,-1.75017578478
924,924,-0.629386656728,2.11251272157
925,925,-0.214839810535,1.38933911819
926,926,-0.954112526004,-1.74641014888
927,927,0.340245566006,-2.2793869216
928,928,-0.168220208949,1.14859249275
929,929,0.580609722166,1.46522030626
930,930,-0.168792565367,2.95133628533
931,931,2.71924311628,-0.0680991251217
932,932,0.879748935612,-0.756024491301
933,933,2.65511439079,-0.0365086326604
934,934,2.87544380105,-0.0297814226928
935,935,-1.94481830093,-2.06237962922
936,936,0.708053908185,0.28617022764
937,937,1.1617759741,-0.584243156109
938,938,-0.146399420733,-1.84922826251
939,939,-1.44316381204,1.7574217781
940,940,-0.185291857354,1.33289003608
941,941,1.26170729013,1.6637668804
942,942,2.12816749997,0.922729012724
943,943,-1.00707865697,0.33619592967
944,944,-0.15721412309,0.668917160586
945,945,-0.291039723661,-1.57240225435
946,946,-2.029668327,-2.1947437338
947,947,-0.224321451159,1.61786646111
948,948,-0.813415655603,-1.15125918916
949,949,-0.676121830303,-1.71260368676
950,950,0.523228587372,0.90808552038
951,951,0.225160569813,0.941697254928
952,952,-0.420311390942,-2.24053498748
953,953,-0.0324182887842,-2.78406837612
954,954,0.492189396289,0.801542687622
955,955,-0.213717058268,-0.833483202363
956,956,0.454799265973,2.34747102454
957,957,0.281681618063,0.956885980751
958,958,0.705319197916,-2.39866149642
959,959,-0.148299191969,-1.968486685
960,960,-0.514494162994,-2.30867712459
961,961,0.350659387745,-2.47626725081
962,962,0.309017579705,3.04741510227
963,963,0.992589708718,-0.589859585324
964,964,0.382922174715,-2.82885694731
965,965,0.0563172066607,2.97661149097
966,966,1.06063752884,-0.127141466911
967,967,2.9285898854,0.510416157995
968,968,-1.18577961499,-1.58606877114
969,969,-2.03003558548,-2.07593832336
970,970,-1.45180180298,-1.89195603358
971,971,0.0951110186882,1.29662524071
972,972,-0.861134336057,-0.569391535189
973,973,-1.94116077815,-2.00337185395
974,974,-1.55751946251,-1.72358778906
975,975,-1.47460923356,-1.58438030594
976,976,-0.718394956361,-1.79484822679
977,977,-0.502570385125,-2.0459062222
978,978,-1.45213460648,-2.13871893535
979,979,-0.617429287238,-2.25963374685
980,980,0.281081550052,-1.0270463837
981,981,3.13860828619,-0.0378821958821
982,982,0.0633460435129,-2.52818081829
983,983,-1.29826403805,-1.88832559305
984,984,0.252406576958,2.7677849436
985,985,-0.348801097334,-1.53367107587
986,986,-0.779090722958,-1.61692294375
987,987,-0.937884664583,-1.76693849808
988,988,0.112601404797,1.173940661
989,989,-1.08980461392,-1.74983896189
990,990,-2.14516020708,-2.70858045233
991,991,-0.156200514689,2.96898264695
992,992,0.0635767757805,-1.64099758448
993,993,-0.100305054121,-2.37261547328
994,994,0.512604999168,-2.58337921745
995,995,2.10761037615,0.464779266862
996,996,0.618986273742,-2.58454892516
997,997,-0.816978909601,-1.47640462676
998,998,-1.78816156091,-1.62855597919
999,999,0.176995367863,0.338203934415
1000,1000,-0.76893625751,1.03521305583
1001,1001,-0.577281136934,0.790913678275
1002,1002,-1.08592564076,-1.07757015742
1003,1003,-1.49698539515,-0.794311692606
1004,1004,-0.118929695347,2.28877511151
1005,1005,-0.295923289472,2.77717781808
1006,1006,1.33843286381,-1.71083479331
1007,1007,0.222966923371,-0.229931564373
1008,1008,-0.247889780253,2.13669273074
1009,1009,1.31793599066,-1.96951531045
1010,1010,2.26276509068,0.278371180404
1011,1011,2.7740484226,0.277667148591
1012,1012,2.68122620821,-0.0830531021496
1013,1013,0.701092380815,-1.82559675159
1014,1014,0.114380541764,2.08185697592
1015,1015,0.465893516032,-3.11430371091
1016,1016,-0.739570261253,-0.714338956357
1017,1017,-0.505922597953,2.08584850408
1018,1018,2.31857186577,0.185153887774
1019,1019,-0.27915163003,1.69495230944
1020,1020,0.554863552953,-1.77274545948
1021,1021,0.643853190871,0.010694690465
1022,1022,0.351531557124,-1.85615373674
1023,1023,-0.891744650692,1.80861210455
1024,1024,-0.463030094969,1.1164683673
1025,1025,-0.178600477858,0.919823653406
1026,1026,0.598028542157,0.38950419983
1027,1027,-0.256855218892,-0.162033507555
1028,1028,-1.04100479265,0.379252807011
1029,1029,2.58346713692,0.0195166500906
1030,1030,-0.41997904055,0.95170675541
1031,1031,1.04822188007,2.3418296977
1032,1032,-0.402530223526,0.826476033446
1033,1033,-0.756407595569,-0.363663976663
1034,1034,-0.367698730553,-1.58399302898
1035,1035,0.658018840414,-0.895574448595
1036,1036,-0.359646304561,-0.669783183456
1037,1037,0.286088908218,2.8909111465
1038,1038,1.7073827302,-1.04212595802
1039,1039,2.55269399289,-0.79519666454
1040,1040,-0.16661718163,-3.20160518944
1041,1041,2.13854812682,0.304411557828
1042,1042,0.132310197964,-3.44154774724
1043,1043,-0.233136157318,-3.02034361028
1044,1044,-0.948032033304,1.74985946647
1045,1045,-0.98589073193,2.0733742791
1046,1046,-0.870351842615,2.20297655539
1047,1047,-0.460165906735,1.64215094551
1048,1048,0.989756428409,-1.6747660994
1049,1049,-0.154977741448,3.08625499121
1050,1050,2.22738760606,-2.58215666553
1051,1051,0.486741581538,-2.26794510062
1052,1052,-0.611875580328,2.46691761107
1053,1053,-1.16876915146,2.56295083239
1054,1054,-0.832140546187,2.19622258177
1055,1055,-0.204685621642,2.70962794817
1056,1056,1.05249158642,-2.83613022068
1057,1057,0.343207997925,-2.09782217704
1058,1058,0.338759242305,-2.55463592725
1059,1059,0.220556898884,1.76908785881
1060,1060,-0.128372676913,2.44297782842
1061,1061,1.38278799173,-2.01046039498
1062,1062,-0.239217427861,-2.38054815747
1063,1063,0.750063353927,-1.83396520414
1064,1064,0.057125264004,2.47157945836
1065,1065,-0.0313458642319,2.5347381152
1066,1066,0.197944852598,2.19922108052
1067,1067,-0.32706642169,2.50391372798
1068,1068,0.515583350847,-1.86263993749
1069,1069,0.0711035360402,2.51903969225
1070,1070,-0.502743383286,2.20675488278
1071,1071,0.355636683459,-2.05463923888
1072,1072,2.85522167457,1.38571484811
1073,1073,0.193467016565,-2.86511770886
1074,1074,3.81664942945,1.11564992199
1075,1075,-0.839436727697,-0.855137981476
1076,1076,0.557328519448,0.540685732294
1077,1077,-1.30189129491,-1.08720243295
1078,1078,-1.18046265494,-1.03945565165
1079,1079,-0.725493218107,1.94082993952
1080,1080,-2.31995263833,-1.95418599171
1081,1081,-2.24962393472,-1.95407913926
1082,1082,2.06537262353,0.276044252616
1083,1083,-1.92907600237,-1.99664849875
1084,1084,-0.29966173648,1.73826252242
1085,1085,0.427516049668,1.29496515203
1086,1086,-0.194187068507,0.367309399833
1087,1087,-1.3068357249,0.819278323182
1088,1088,0.293253054462,1.4699171915
1089,1089,-0.305460900018,1.17929591302
1090,1090,-0.417432169191,-0.907176033279
1091,1091,-1.19762984495,1.03278786053
1092,1092,0.498890086124,1.49096551727
1093,1093,-1.24503467287,-2.05302498766
1094,1094,0.159075675355,-2.58098683734
1095,1095,-0.617798399163,2.36865224007
1096,1096,0.0421888676857,-2.86780259663
1097,1097,-0.140716338548,-2.63217106522
1098,1098,0.260731995049,-2.47485447695
1099,1099,-0.0415308899325,-2.28202442953
1100,1100,0.423331529266,-1.56308378975
1101,1101,-1.90109451291,-2.11666226013
1102,1102,-0.524901766028,-2.04678310134
1103,1103,0.121043819599,-2.92533498619
1104,1104,-1.38896064534,-1.71723856332
1105,1105,-0.149551623939,-2.41446926114
1106,1106,2.74923723524,0.189588992753
1107,1107,-0.353887348332,2.29359272137
1108,1108,-2.05367069491,-2.10548370855
1109,1109,0.00384765162759,2.31864211878
1110,1110,0.510572412484,-1.17482435702
1111,1111,-0.251660602124,2.59263973865
1112,1112,0.690474414662,-1.55419719066
1113,1113,3.5034933297,-0.37145379534
1114,1114,1.77977507946,0.777155810047
1115,1115,0.22561332765,-2.56689912655
1116,1116,0.61125332965,-2.0736586225
1117,1117,-0.519708704326,1.0574398642
1118,1118,1.14420127893,-2.02373751239
1119,1119,1.57038147373,-0.989116823604
1120,1120,-0.603777228286,1.35614787155
1121,1121,-0.68599252181,2.2763994104
1122,1122,-0.0852392007356,2.73161281906
1123,1123,1.16757171903,0.29513694713
1124,1124,-0.649631008207,-1.43480193821
1125,1125,1.61746189252,-1.97841285012
1126,1126,-0.207555003885,3.00260234929
1127,1127,0.359599665348,1.26884708391
1128,1128,1.62338727561,-0.972864016321
1129,1129,-0.738938862543,2.24874309551
1130,1130,1.22129717315,-1.90031980584
1131,1131,-1.4305008223,-2.1600366374
1132,1132,0.480190440309,-1.86216801767
1133,1133,-0.322943111903,-2.57648635083
1134,1134,0.418380605421,-3.32767476428
1135,1135,0.844012096336,-2.28778405544
1136,1136,-0.0846448709741,2.64394158288
1137,1137,0.0742347080528,-2.03006474055
1138,1138,0.436689732643,-2.53953133053
1139,1139,0.544614692072,-2.40566529578
1140,1140,0.193540488275,2.32978090545
1141,1141,0.443842519101,2.16207161143
1142,1142,-0.470556005288,2.37525466665
1143,1143,1.23328258912,-1.50877464469
1144,1144,2.22731033825,1.47373398087
1145,1145,3.08792598517,0.177332875446
1146,1146,1.31381156185,1.73263878908
1147,1147,0.578433918254,2.35028153584
1148,1148,0.12531786824,-2.75518801823
1149,1149,0.504036116017,-2.36598299276
1150,1150,3.13754908277,0.286018040314
1151,1151,-0.375721054981,2.50743545584
1152,1152,0.577244449842,3.09150417273
1153,1153,3.02877505435,0.415906112888
1154,1154,-0.205870559516,-2.8499261823
1155,1155,-0.0930237825994,-2.95936318641
1156,1156,1.99923620721,0.555557992452
1157,1157,-0.185091887078,2.49232002648
1158,1158,2.12652689571,0.319467324032
1159,1159,2.52952896382,-0.0103743934289
1160,1160,0.553065542405,2.43911429414
1161,1161,0.0550625576961,-1.07155460726
1162,1162,-0.045170270459,2.31643204694
1163,1163,0.286872793828,2.18943637593
1164,1164,0.594703429475,-1.65653153874
1165,1165,1.43150104263,0.522728941303
1166,1166,0.884980575569,1.99329961175
1167,1167,2.76353291672,0.0391487269694
1168,1168,1.15559356055,-1.89147908735
1169,1169,3.0389727857,0.182449006288
1170,1170,2.3793384195,0.346125948594
1171,1171,-0.236154922806,-3.10885097798
1172,1172,0.454691701027,-3.0285673852
1173,1173,-0.228953461611,3.25157131228
1174,1174,-0.515489227585,3.22373482954
1175,1175,0.530537493629,2.05071874622
1176,1176,0.20215052375,3.01660866866
1177,1177,0.333584021315,-1.69834841625
1178,1178,1.5745406533,0.487065438867
1179,1179,-0.850419052766,-2.90073600976
1180,1180,-0.193002232793,-2.69981866937
1181,1181,2.44591623639,0.457453887518
1182,1182,-0.882827692162,-2.59179542943
1183,1183,-0.42105713778,2.67722437501
1184,1184,-0.375096826245,2.45721609649
1185,1185,1.18592406634,-2.04860893604
1186,1186,0.0547040952438,-2.34843532436
1187,1187,-0.441255275847,-2.3673453289
1188,1188,0.950516169385,-1.54309591869
1189,1189,-0.19941905717,-2.84947127024
1190,1190,-0.718442852078,-2.74072810339
1191,1191,-0.312978558053,-2.8489415248
1192,1192,-0.373823883315,-2.42991491265
1193,1193,-0.578397764551,-2.31395496959
1194,1194,-0.202360155336,-1.93569317162
1195,1195,-0.640280969871,2.53277030273
1196,1196,1.97813287424,-0.267656386491
1197,1197,3.08377132762,0.303882881688
1198,1198,3.00877410146,0.451411966992
1199,1199,2.81462560456,0.249789124341
1200,1200,0.912620830412,-2.90881072522
1201,1201,0.91724781419,-2.46147774329
1202,1202,-0.609429250019,1.8057135151
1203,1203,-0.834951777837,2.4886490997
1204,1204,-0.24114003561,2.33554742871
1205,1205,1.84478282328,-2.3367554514
1206,1206,-0.389167183171,2.63454777639
1207,1207,-0.0326152598262,-2.39077404409
1208,1208,0.477696380624,-2.44882971715
1209,1209,2.71241994852,-0.1404373446
1210,1210,3.3502479897,0.373283974675
1211,1211,0.206806080885,2.3645077751
1212,1212,1.16023824518,-2.30637406779
1213,1213,2.80346268714,0.103706546725
1214,1214,1.90158961247,0.600354137868
1215,1215,0.0257396616436,-2.96441073052
1216,1216,0.112430991884,-1.9512082359
1217,1217,-0.0738901517224,-2.41135243687
1218,1218,0.413034008558,-2.17119456032
1219,1219,2.10051070386,0.0862966847356
1220,1220,1.59435941682,-1.26801489223
1221,1221,1.77241695744,-1.41131393814
1222,1222,1.33980205653,0.65337333283
1223,1223,1.44628953274,-1.26290991463
1224,1224,3.00870616126,-0.359956175461
1225,1225,2.71493878951,-0.303087514053
1226,1226,0.460061839013,-0.251690473539
1227,1227,-0.253886324598,3.55769294004
1228,1228,0.640331750151,-0.0569044375704
1229,1229,-0.259078983613,2.51089817016
1230,1230,0.156365328225,-3.19557764633
1231,1231,-0.0392757194594,-2.8431415159
1232,1232,-0.269057240142,2.68419283606
1233,1233,1.46666890401,-2.46157554244
1234,1234,-0.0746458824608,2.44961311749
1235,1235,0.0993208002239,-2.00609287811
1236,1236,2.81548114112,0.218572584821
1237,1237,0.460165904891,-2.22018760551
1238,1238,-0.300017274391,3.46485469662
1239,1239,1.17960549269,-2.12214684505
1240,1240,0.041818353096,-2.12990338532
1241,1241,2.47380177342,-0.0269230005271
1242,1242,-0.240651989934,-2.7452626071
1243,1243,0.103475492621,-2.98573783079
1244,1244,0.569136692323,-2.74598669246
1245,1245,-0.0748828216722,2.8961115198
1246,1246,0.354514788526,-2.65709323472
1247,1247,-0.217327024442,2.59568208043
1248,1248,0.0937071743164,3.45909796391
1249,1249,0.829747059441,-2.60139309488
1250,1250,0.145874557644,2.33263008797
1251,1251,-0.179416928711,3.35136719195
1252,1252,0.0822023897658,2.97785088194
1253,1253,0.814912625777,-2.12696824993
1254,1254,2.47447932784,0.701087530281
1255,1255,2.93121208108,0.151161387092
1256,1256,2.80502873416,-0.157081016925
1257,1257,2.97996748794,0.591918443437
1258,1258,2.15613388113,0.103246143721
1259,1259,2.64916732502,-0.0532911845503
1260,1260,2.48448904675,-0.170156844291
1261,1261,2.80139351357,0.522997904402
1262,1262,0.257955596987,-2.28320140785
1263,1263,0.182171459653,-2.40984485198
1264,1264,2.32420893866,-0.0732001210324
1265,1265,0.535597247843,3.72608913422
1266,1266,1.12329931356,-0.015322279003
1267,1267,1.75129160807,-0.239203792711
1268,1268,0.103335665454,-2.24594540585
1269,1269,0.227552223224,-2.50971004057
1270,1270,1.8855985939,-0.10754696339
1271,1271,-0.0871312828992,2.80616676646
1272,1272,1.82991058944,0.566294442035
1273,1273,-0.584538765066,-2.42244834865
1274,1274,0.66962449071,-0.591395844669
1275,1275,-0.265384544643,3.03526695326
1276,1276,0.548662869855,-2.73287005542
1277,1277,0.722937756201,-2.97702882002
1278,1278,2.51024119306,0.156627610825
1279,1279,2.30692381206,0.207079682025
1280,1280,0.681371327284,-0.263435051544
1281,1281,2.83196889784,0.141351507201
1282,1282,2.69605740387,0.317446668091
1283,1283,2.63966338978,0.266573391431
1284,1284,-0.536904022099,-1.92349996766
1285,1285,1.29341029767,-1.75132418563
1286,1286,-0.00331592186932,-0.481530179172
1287,1287,1.75410325569,0.72981629397
1288,1288,-0.127755950906,-2.5470702833
1289,1289,-0.301165491054,-2.50292010583
1290,1290,0.136544053304,-2.65032402688
1291,1291,0.931378571619,-0.520484695879
1292,1292,0.756398273757,1.80546943234
1293,1293,2.38144651705,0.630860004086
1294,1294,2.9853067967,0.0385675181859
1295,1295,0.697270610855,-0.560935714231
1296,1296,-0.00224346937605,-3.32801090742
1297,1297,0.185666246655,-2.24852830167
1298,1298,1.97272990021,-1.20030201271
1299,1299,-0.117383755509,3.01458930456
1300,1300,1.47241972716,-2.97416537017
1301,1301,0.268828140373,2.92768075525
1302,1302,-0.405361526801,1.77162828823
1303,1303,1.55813162968,-2.56842861795
1304,1304,-0.851380175605,2.89206676158
1305,1305,-0.328161002647,2.22160484636
1306,1306,-0.290744067888,2.0687270863
1307,1307,-0.474318701112,2.49699545402
1308,1308,-0.477207855029,2.62376380158
1309,1309,0.0120842954503,2.74300702904
1310,1310,0.555251580361,-2.90680771769
1311,1311,0.0649508064191,-2.47097978004
1312,1312,0.26370660123,2.96978389133
1313,1313,0.134333911268,-3.12661622469
1314,1314,2.17940653688,-3.06141308735
1315,1315,0.489609005505,-2.60105019837
1316,1316,-0.957906856467,2.30805512785
1317,1317,0.522097279918,2.63513737801
1318,1318,0.895396432548,-2.6392486264
1319,1319,-0.545022523065,2.70340818025
1320,1320,0.507625236448,2.56081065178
1321,1321,-0.86749911356,2.13688036968
1322,1322,-0.0065123200379,2.92664156278
1323,1323,-0.39462703036,3.04596529697
1324,1324,0.798057067179,-2.01046334199
1325,1325,1.06616753548,0.844882239015
1326,1326,2.85680449342,0.180150803638
1327,1327,0.0903205901292,-2.7114638051
1328,1328,0.158036010727,-2.83175004632
1329,1329,2.67431832847,0.516349409763
1330,1330,-0.274613185314,2.47789961448
1331,1331,1.13277254968,-2.11381686463
1332,1332,1.43860208806,0.423431181084
1333,1333,0.0369907190921,-3.00586003879
1334,1334,0.221687386717,1.65179822137
1335,1335,0.726784526309,1.37056391282
1336,1336,0.68737463538,1.67719464834
1337,1337,-0.499767262689,2.03849569062
1338,1338,1.34310121598,0.92708723636
1339,1339,0.49551252328,1.65371220327
1340,1340,1.19221546883,1.37881167399
1341,1341,1.87106839072,2.08457498068
1342,1342,2.01927080082,1.30792493572
1343,1343,0.572899835662,-2.34030064675
1344,1344,-0.541386143665,-2.3863517515
1345,1345,1.49700694867,0.797979424925
1346,1346,0.944366086136,2.17687875347
1347,1347,1.53839742302,0.206839704287
1348,1348,1.46793587923,1.55165478227
1349,1349,0.0418153120548,2.84993970137
1350,1350,-0.776689997671,-1.63043109873
1351,1351,1.66410708744,0.589840744812
1352,1352,-1.31598262051,-0.856678962634
1353,1353,0.578256791692,-1.89303993323
1354,1354,0.453515262748,1.83129295866
1355,1355,1.18085675427,0.887074511921
1356,1356,2.02664831765,0.518627662948
1357,1357,1.22366999556,1.57318260332
1358,1358,0.765446968495,1.62457285097
1359,1359,0.62048784631,0.559403221143
1360,1360,2.3053758579,0.693172713953
1361,1361,0.460560106188,0.331877842692
1362,1362,-0.857701969825,-1.3612908617
1363,1363,-0.887879770417,-1.51999371653
1364,1364,1.83948875919,0.462520476352
1365,1365,1.76194755598,-0.65261533256
1366,1366,1.72224996782,-0.148826507878
1367,1367,-0.49572078744,0.779232305602
1368,1368,0.484380536812,1.99475461775
1369,1369,0.880668399377,-1.83949323585
1370,1370,-0.0149802303374,2.27450718936
1371,1371,2.46538066435,-0.105540577337
1372,1372,3.08902088198,0.943270461626
1373,1373,0.0992542925343,1.37106932063
1374,1374,2.20278153596,0.858074171642
1375,1375,1.53783105367,1.02540925535
1376,1376,0.696759888503,1.08262382262
1377,1377,-1.16720034738,-1.39026103948
1378,1378,0.303235269993,-1.72143152833
1379,1379,1.98354201755,1.48914257084
1380,1380,0.210222919357,1.62347384685
1381,1381,0.580297888853,1.05742513859
1382,1382,-0.383813206213,-1.86028743388
1383,1383,0.135802243714,1.75823039468
1384,1384,2.08421384898,0.808017725818
1385,1385,2.10640578342,0.118114216346
1386,1386,1.07959874492,0.466590343964
1387,1387,2.36339626419,1.62181593761
1388,1388,2.01502126695,-0.162702631274
1389,1389,1.41948560585,1.41501239173
1390,1390,-0.0842385991226,3.48952638133
1391,1391,0.213717939668,2.55927051585
1392,1392,0.710640184453,-2.23991124178
1393,1393,0.793675038152,0.314058908691
1394,1394,1.13356395774,0.121523350448
1395,1395,2.15755925751,0.609845676266
1396,1396,2.44218630531,0.412602990113
1397,1397,1.7538683902,-2.08250422704
1398,1398,0.155689074742,1.47478577362
1399,1399,-0.444375110171,-2.40867167536
1400,1400,1.09023786069,0.38110637695
1401,1401,-1.78558521831,-0.863112776956
1402,1402,0.623925861127,2.30565027107
1403,1403,1.32599992704,-0.160411651895
1404,1404,0.562145048494,1.79497957922
1405,1405,0.862602686682,1.01822695253
1406,1406,0.0805483691504,2.88610275826
1407,1407,1.17474035167,4.25989656523
1408,1408,-0.40695570471,3.53761717142
1409,1409,0.240852287202,2.52309137605
1410,1410,0.564355829791,1.99310226323
1411,1411,0.636375759038,2.21564197272
1412,1412,-0.32625383501,3.130723452
1413,1413,0.0818544961297,3.14528096801
1414,1414,0.635866539851,2.29464709518
1415,1415,0.295792732587,3.41636316748
1416,1416,0.148557487136,1.54340614107
1417,1417,1.87062700656,-0.143787700249
1418,1418,-0.514101390976,2.22122634106
1419,1419,0.865491678778,0.0805964911521
1420,1420,-2.16876991723,-1.63213020348
1421,1421,0.180674729621,0.0475581888566
1422,1422,0.92737245479,-0.0243562538859
1423,1423,3.71000747885,0.725860218659
1424,1424,-0.84013105811,-3.32282201271
1425,1425,0.191713676331,2.21441026943
1426,1426,0.297259731543,0.542542813031
1427,1427,2.22461458717,0.275950690474
1428,1428,3.34259932817,-0.80577703376
1429,1429,2.24572577712,-0.235658338451
1430,1430,1.48547344532,0.215186057178
1431,1431,2.59016879379,-0.341572564059
1432,1432,3.07403238059,0.0520295771156
1433,1433,2.30297347149,0.0896452307607
1434,1434,0.728446179457,0.67833394284
1435,1435,1.65967115215,1.22266653883
1436,1436,-0.304900955806,-1.967323088
1437,1437,2.34175939894,0.297404350108
1438,1438,-0.458096791306,1.99229546335
1439,1439,1.60519859069,2.22593506055
1440,1440,0.790349963667,1.35282482525
1441,1441,0.276242348887,0.629186128671
1442,1442,0.701959404605,2.04851336644
1443,1443,0.770702476516,-2.36321428095
1444,1444,1.84065069214,2.21092216649
1445,1445,1.11252300052,2.49292885684
