,vote,alpha,beta
0,0,-0.200159265815,2.45504573814
1,1,-0.20262918481,-2.30411675574
2,2,2.54960201883,0.0531006823072
3,3,2.42749713169,0.0692999308819
4,4,0.630422221384,-1.38985778852
5,5,2.75670429057,-0.26823185863
6,6,1.92663441565,0.595524558005
7,7,1.85244306596,0.34271825657
8,8,0.285408363277,-2.00476961668
9,9,1.21512694661,-1.61717386646
10,10,2.70708464495,-0.0574851944861
11,11,2.68923842811,-0.274398161705
12,12,2.67273479475,0.416920116443
13,13,2.66007189972,-0.152550287797
14,14,2.5070568458,0.125443259408
15,15,1.9908245004,0.157800143338
16,16,-0.330939417989,2.26071918094
17,17,0.555015144371,-0.668478497705
18,18,2.39175445422,0.334731297999
19,19,2.65827392109,-0.282265352211
20,20,1.56694330157,-0.74875331483
21,21,0.32220386254,-2.55235808613
22,22,-0.357676300597,-1.96837979576
23,23,2.61057642572,-0.168113704477
24,24,0.572168058562,-2.0023109398
25,25,1.32881592875,-0.255249648425
26,26,-0.970600759297,-0.0303218718461
27,27,-0.251198090735,2.68774551223
28,28,2.54683153329,0.233154774329
29,29,2.37175158211,0.196439006652
30,30,2.44141660026,0.0309719315096
31,31,2.33518879769,-0.184050436907
32,32,0.526843046928,-2.55888879857
33,33,0.0846491231802,-2.32732837235
34,34,1.42104371814,-0.377500139439
35,35,-0.257172384289,2.24625166812
36,36,-0.258353377249,-2.12268557993
37,37,0.210200696771,-2.09104165757
38,38,0.136908051308,-2.3074684254
39,39,-0.8767565712,-1.32085598847
40,40,1.53462489248,-1.45881215634
41,41,-0.198645326279,2.19072575377
42,42,-0.189276422776,-2.27687656882
43,43,2.3793010525,-0.0543477818512
44,44,2.59269499603,-0.0824581357728
45,45,2.66223056936,-0.0456453973469
46,46,2.33555892569,0.021213364223
47,47,1.92303223586,-0.133941195297
48,48,2.45178115177,0.330909973992
49,49,1.41220806931,1.14945912842
50,50,-0.100190833907,-2.19589391938
51,51,0.641035118535,-2.61143917193
52,52,-0.183464858387,2.28549692548
53,53,-0.0279000930408,-2.42900520834
54,54,-0.181158711327,-2.50679549838
55,55,0.131016333201,-1.98779828028
56,56,0.449365665948,-2.07109519622
57,57,-0.607527075236,2.13582490907
58,58,0.148103817985,2.54729803636
59,59,-0.0335686528985,-1.78042152105
60,60,0.691180192119,-2.14688646867
61,61,1.99777941552,0.0030735562521
62,62,2.48471421623,0.200584513629
63,63,2.40441928929,-0.151178245868
64,64,2.62756781711,0.119676319164
65,65,2.43455221732,-0.103167847904
66,66,0.181552622875,-2.41063510682
67,67,0.787398358792,-2.56143663904
68,68,0.760709543375,-1.87756534399
69,69,-0.290066160923,-1.88151748496
70,70,-1.09703546309,1.7481528191
71,71,-0.690911030318,1.81380552432
72,72,-0.592923413732,1.96997758279
73,73,-0.829086475775,2.18255415689
74,74,-1.17552797962,2.36062683438
75,75,-0.648175803268,2.06591148075
76,76,-0.220219416274,2.08529669821
77,77,-0.489791666418,1.55100991391
78,78,-0.109870064479,2.11574214052
79,79,0.549610796787,-1.83737579968
80,80,-0.388991662968,-1.89038005777
81,81,-0.0182421128235,-2.13175631212
82,82,0.129596701741,-2.30530675226
83,83,0.190594614561,2.55244926002
84,84,-0.126682626749,-2.107381673
85,85,2.18829533265,0.042888117967
86,86,2.18056952321,-0.501467998937
87,87,-0.193859038714,-2.4719763648
88,88,0.0235604712059,-2.30221205336
89,89,-0.811569367949,-1.11884185976
90,90,0.285761625281,-0.574466443224
91,91,-0.40398566591,-2.12066415483
92,92,-0.657767267985,1.90631521324
93,93,-0.442434744195,-1.5931018488
94,94,0.121264528271,1.97105528212
95,95,2.06680993705,-0.0431018448477
96,96,-1.00638005106,1.99951226691
97,97,-0.457308620556,1.86339830782
98,98,-0.352410650508,0.228169226757
99,99,-0.11029180312,2.03794173263
100,100,-0.0876374488199,1.70414883877
101,101,-1.15670762685,0.684658886511
102,102,-0.49360882869,-1.75046224093
103,103,-0.773540408464,1.58068437797
104,104,-0.527434292895,-1.03739114953
105,105,-1.29467844597,-0.0238594213274
106,106,0.622135772365,0.869281162936
107,107,0.151027889681,-1.54150961392
108,108,-0.485452863116,0.682187379196
109,109,-0.525971558233,0.604512872711
110,110,1.13106682873,1.40332840236
111,111,-0.244139482656,-2.09552196815
112,112,-0.315331712516,-1.37128681833
113,113,-0.258354455199,-2.17523284113
114,114,-0.122821118559,2.12594070661
115,115,0.389460735801,-1.52503941162
116,116,2.24893711527,0.0975268055637
117,117,2.54719403589,-0.0889196533795
118,118,0.336198053274,-2.09009847556
119,119,1.95366370202,-0.317561572743
120,120,2.33164520055,-0.288425030325
121,121,-0.0646807101981,2.13498130088
122,122,1.04783746237,-1.44614651324
123,123,2.40290056612,0.105578998859
124,124,0.440139647536,1.59035661203
125,125,0.33841175893,-2.25402584246
126,126,0.104600880167,-2.08945144893
127,127,-0.869067425832,0.73881772606
128,128,0.180767716375,-2.04021656914
129,129,-0.313335280154,-1.58912265359
130,130,-0.780930019645,-1.42256660109
131,131,0.944215616477,0.889720736956
132,132,-0.550900857919,-1.84783714135
133,133,0.297871787902,1.51872615044
134,134,0.152271129726,-1.98817350409
135,135,0.951458904456,1.89307622098
136,136,-1.50886040868,0.97667394395
137,137,-0.545283325966,0.778593756715
138,138,-1.28333524168,0.747706984518
139,139,-0.160948910719,2.03867728733
140,140,-0.446941418193,0.0661013298538
141,141,-0.625833593492,0.481044926966
142,142,0.298172234357,-1.84688932604
143,143,-0.61675561301,1.87533634052
144,144,-1.36482441919,1.90683674038
145,145,-0.807854259623,1.22507194115
146,146,1.73751553769,0.646809342254
147,147,-0.0646579584873,1.38115022916
148,148,2.55868168279,0.252763765388
149,149,2.22647909352,-0.23471563408
150,150,0.00784696025208,2.09888338055
151,151,0.841501097399,-0.71362984159
152,152,2.62327475208,-0.234457609032
153,153,2.45643171284,-0.0127171720501
154,154,2.4476566853,0.0644010603523
155,155,0.0411457876512,-2.66451703272
156,156,-0.090332248539,-2.05895318776
157,157,2.63235321812,0.151849302735
158,158,0.0311797217899,-2.18237272409
159,159,1.93202008218,0.579002597321
160,160,0.374557861055,-2.51993063711
161,161,0.412331812483,-1.83550135725
162,162,-0.23806200055,2.11128051996
163,163,0.367470112922,-0.457338880905
164,164,-0.932643695582,-0.868258628719
165,165,-0.108487391901,1.72637282457
166,166,0.0505487919195,-2.52116901352
167,167,-0.815967796715,1.58401564678
168,168,1.14417099808,1.46379623427
169,169,-0.0525376034593,0.0313235738544
170,170,-0.977459927666,-0.775350086936
171,171,-1.16066185732,-1.01236319538
172,172,-0.940604718691,1.12679633031
173,173,-1.09036540977,-0.643482487471
174,174,-0.83925325367,-1.85207361393
175,175,0.156319330612,1.57074718249
176,176,0.0341841136322,0.628269289877
177,177,0.166007166761,-2.08081495231
178,178,0.0298833084774,1.13842199428
179,179,-0.263626334501,-1.28579922783
180,180,-0.978431314735,-1.5739284206
181,181,1.07861584863,-0.547759184032
182,182,-0.214738100518,-1.15866247387
183,183,0.150664693765,1.0783778986
184,184,0.0317972785232,0.482989296744
185,185,-0.246673389664,0.212226357662
186,186,0.491653143592,-0.487440735233
187,187,0.0412260986508,-0.4952554609
188,188,-0.08905727062,-0.762986039127
189,189,-0.0590392312987,-0.288731286688
190,190,0.119338077545,0.465591516569
191,191,-0.994959193402,-1.66751618578
192,192,-0.0386891429923,-2.17800496819
193,193,-0.0475652285358,2.78846102523
194,194,-0.405196315824,-0.897941880054
195,195,2.23343645743,-0.0513499194608
196,196,2.28782944993,-0.167526369903
197,197,0.114001525183,-2.52708797568
198,198,-0.92258619684,1.46217150429
199,199,0.148059852927,-1.8873027538
200,200,0.0667234186221,1.53142655154
201,201,-0.0442799766516,1.93808497049
202,202,1.28765512678,-2.21153848317
203,203,2.14108002668,-0.276332118739
204,204,-0.714598406017,2.33677587032
205,205,0.527786391129,-1.94841643906
206,206,0.242445569597,-1.57216012582
207,207,0.142587611261,-1.85722958695
208,208,-0.368643204003,1.86353312832
209,209,0.187785357086,-2.32634976554
210,210,0.418196238852,-0.632726529058
211,211,-0.136235683408,-2.02137565271
212,212,0.380090744967,1.85267472533
213,213,-0.704882271856,2.05119959678
214,214,-0.0187957590782,2.16543053783
215,215,0.305539087223,-1.74414816776
216,216,2.0159395538,-0.748732744138
217,217,1.47905850215,-1.06112996915
218,218,2.33556588195,0.259851619472
219,219,0.115495023312,-2.21431235724
220,220,0.357615296264,-2.09764983819
221,221,1.67636455253,0.615685625196
222,222,-0.67335290665,2.26154396079
223,223,-0.088203711677,2.03226942093
224,224,-0.852077414103,1.5533282234
225,225,-0.339051281666,0.231641735323
226,226,-0.900026953023,-1.54491987817
227,227,-0.797428275161,1.73922528862
228,228,-0.992177617765,-1.68797003974
229,229,0.301726542103,1.94508190717
230,230,-1.05855058751,-1.21278340708
231,231,1.77632389474,0.845964057912
232,232,0.0928074612874,1.5801640475
233,233,-0.53590421623,1.98888834303
234,234,-0.632187082028,1.85211096132
235,235,-1.04085964123,1.81348588327
236,236,-0.943522499961,1.83350025124
237,237,-1.13610498414,0.748350234225
238,238,-0.76341732932,1.49080610049
239,239,-0.722858591644,1.32286405476
240,240,-1.02782629837,1.63639893014
241,241,-1.19001004947,1.88053726975
242,242,0.118252937105,-2.13743330789
243,243,-1.08482901856,-1.69907719083
244,244,-0.624834442373,1.95854131938
245,245,-0.251147087288,1.09484064678
246,246,-1.38872623273,-1.09529105768
247,247,-0.155660670434,1.19921481257
248,248,-0.633881163212,0.335607165598
249,249,-0.485832095671,0.359817520034
250,250,-1.10198414768,0.859740012609
251,251,0.249958000512,1.34862578333
252,252,-1.700682029,-1.39506856729
253,253,0.252412852484,-2.06721329126
254,254,0.0513313818116,-1.88509440399
255,255,-0.699685103946,1.49724043221
256,256,-0.212092416252,0.761360273897
257,257,-1.09221156843,-1.55988785438
258,258,-0.179831748493,2.26625433385
259,259,-0.163431695389,-1.86379285604
260,260,0.0894939099813,-2.54297523135
261,261,0.158445541808,-2.13797577623
262,262,-0.133431660022,2.09272629308
263,263,0.135339926829,-2.51502954053
264,264,0.274277378899,-2.53359027438
265,265,-0.271916938577,2.40468221525
266,266,-0.417064905874,-2.2523431521
267,267,2.35247043396,-0.291757457842
268,268,2.51443607355,-0.0394357536547
269,269,2.77978852639,-0.188596863706
270,270,-0.0586119133085,-2.22886877585
271,271,0.212173402659,-2.19402423754
272,272,-0.899760414462,0.330112407171
273,273,-0.386727862439,2.52770851427
274,274,1.00225939527,-1.76166347625
275,275,-0.0599377223326,2.54113888213
276,276,0.625892251059,-2.0524034053
277,277,0.0728749293367,-1.91911675451
278,278,0.201078946903,-2.43008076278
279,279,0.942149097611,1.52081218549
280,280,0.56967423603,-2.24483992536
281,281,0.555333218686,-2.05517981618
282,282,-0.00738325946088,2.15521666359
283,283,0.0518047848592,-2.24303759503
284,284,-0.14220239624,1.95192879183
285,285,-0.121651620438,1.93914556265
286,286,0.116608,2.91925739048
287,287,-0.361803982067,-1.90191835256
288,288,2.10080695893,0.196861761022
289,289,2.75122406098,0.043554462203
290,290,0.177323664713,-2.00935129429
291,291,0.0678753015476,-2.2137490961
292,292,-1.49845626218,0.871803794261
293,293,0.727129801642,-1.81562562604
294,294,-0.561010623924,1.63204912307
295,295,-0.732708024055,1.30647194468
296,296,-1.59293467684,0.772675515037
297,297,-1.03842839434,-0.761825923576
298,298,-0.454390944797,1.34923761254
299,299,-0.529500987041,1.81392942326
300,300,-0.217049840531,-0.369699704309
301,301,0.43216853622,0.074435640291
302,302,-0.21020310714,0.423212013839
303,303,0.252733458518,0.363878324995
304,304,1.10705478402,-0.562084524877
305,305,0.983566971629,0.470731237621
306,306,-0.481120508103,0.567487100661
307,307,0.652973004587,-1.61284037532
308,308,0.887648341918,-0.295714309184
309,309,0.291769358413,-2.39247410149
310,310,1.14057489089,0.721365515064
311,311,-1.07204527151,1.12023376633
312,312,-1.13330185635,1.5519947789
313,313,-0.253156741541,-0.408837015278
314,314,0.218994753763,-2.53121158906
315,315,0.219319439571,-2.42124731302
316,316,2.35600736642,0.0202247137363
317,317,0.426710036884,-2.18222995219
318,318,-0.258542315219,0.249967864001
319,319,0.226807364611,-2.04653785835
320,320,0.171713235243,1.09113076435
321,321,-0.640543826245,-0.810555427093
322,322,0.697018596257,-2.29611677478
323,323,0.386636865846,0.299592934865
324,324,0.946812056356,1.44269756392
325,325,-0.342630675657,1.61738658584
326,326,-0.0471301132834,1.71653127629
327,327,0.0631280688553,-2.5570282132
328,328,-0.232888126022,0.985749274557
329,329,2.41826579465,-0.826405731138
330,330,0.0162682683422,0.251625027427
331,331,-0.220445760604,2.23769699152
332,332,1.16655021172,-1.11233923752
333,333,-0.421747687111,2.06126229575
334,334,-0.677194068845,2.00965017324
335,335,-0.139401619696,2.50600986418
336,336,1.14017250225,-1.68265199835
337,337,1.45724991092,1.19932270215
338,338,-0.198732692307,-2.54531623573
339,339,0.218425520934,0.709251412343
340,340,-0.0610923490442,-0.476248919018
341,341,-0.578976654036,-1.04514625629
342,342,-0.590996800153,1.19810180356
343,343,-0.866372018912,1.04391221996
344,344,-0.685876685133,0.983183226226
345,345,1.66988889676,-0.338873971582
346,346,1.6220996097,-0.394390426416
347,347,-0.436770876908,2.33098672281
348,348,-0.418471564276,2.19009553298
349,349,-0.0993124919522,-2.05673072488
350,350,0.471991529617,-1.79988770988
351,351,-0.19788919548,2.24638577273
352,352,0.210467469399,-2.08647483821
353,353,0.243418908195,-2.02163069745
354,354,0.10541227677,-2.2588332143
355,355,2.18456952336,0.00702948360661
356,356,0.574921253761,-1.82057055695
357,357,0.464836598469,-2.12859630106
358,358,0.146801687973,-1.91804156641
359,359,0.934216786238,-1.99545327006
360,360,0.443033975441,-1.25400009217
361,361,-0.25370379379,2.04323637309
362,362,-0.486788953339,2.16289783574
363,363,-0.00555136455041,2.50731506007
364,364,-0.156715503331,2.30881684506
365,365,-0.171059853393,2.33929284262
366,366,0.394848675798,-1.95854077873
367,367,0.126222697124,2.52644028365
368,368,-0.135645957767,-2.14500260922
369,369,1.85282860856,0.753987462918
370,370,2.94134370933,0.333477833574
371,371,2.16829476157,0.119879532891
372,372,2.26870479095,0.477559917996
373,373,2.0971972014,0.372233011039
374,374,2.73906063162,-0.055157229815
375,375,2.22775642523,0.133845641132
376,376,2.21960557366,0.0122341254609
377,377,1.89890593895,0.0162935143013
378,378,-0.0715347094934,-2.46436209401
379,379,-0.00090641117379,-2.06187919988
380,380,0.294201038986,-2.36371565473
381,381,2.29878973573,0.171790411114
382,382,2.62067813706,0.179886390827
383,383,1.90208600175,0.629449226515
384,384,-0.0546056048883,-2.40067273218
385,385,0.140756622695,-2.1188519657
386,386,1.74372159014,0.215204371323
387,387,-0.540745426341,2.26610632828
388,388,-0.569096578499,2.03913611845
389,389,-0.57049151545,2.56271106016
390,390,-0.0590742823239,2.55659392213
391,391,2.71439841103,-0.239659928354
392,392,0.0970496602011,2.18836573805
393,393,0.71288462879,-1.8072982118
394,394,0.0897709334913,-2.25758862124
395,395,-0.260454812854,-2.69360935884
396,396,-0.309346592258,-2.41357424253
397,397,-0.100387765504,2.23692421836
398,398,-0.402449770158,-1.87573852604
399,399,-0.0425066215365,2.2962260736
400,400,0.0596782695966,-1.87434273397
401,401,-0.195446417026,-2.06082748791
402,402,0.329985275164,-1.84321695377
403,403,1.06819635751,-2.29498027899
404,404,-0.173603729494,2.37534761687
405,405,0.802759458384,-1.91489491592
406,406,0.87398488493,-0.79716702764
407,407,2.49368133664,-0.169705666071
408,408,2.86867797862,-0.265032502868
409,409,2.79400401621,0.217032100454
410,410,-0.34188275074,2.15157721721
411,411,2.25376503078,0.154665524512
412,412,0.172697368061,2.19973720081
413,413,2.33782199251,0.242731995603
414,414,2.69585896072,0.141085919211
415,415,0.0421095575393,-2.09735577212
416,416,0.290052943893,-2.21483905799
417,417,0.192068219974,-2.23504835977
418,418,2.42051007331,0.0173121665588
419,419,0.646998844815,-1.82770494355
420,420,-0.358567620423,-2.61264754881
421,421,2.58222940079,0.049515181785
422,422,-0.147602126016,2.13486358282
423,423,1.50854277756,0.481960064383
424,424,0.141873906777,-2.56283446637
425,425,0.0180338782409,-2.02771725907
426,426,1.79847837129,0.800838176731
427,427,-0.0530707278818,-1.99555186635
428,428,-0.0295722236574,-1.84834874572
429,429,0.857783460756,-1.85572844821
430,430,0.872441116099,-1.83856049332
431,431,0.723091200752,-2.02417043154
432,432,0.0803359117472,-2.25151884368
433,433,0.116365895415,-2.16765077847
434,434,-0.019136665909,-2.12834912476
435,435,-0.336629617768,-2.71158586061
436,436,0.718753612779,-1.91835621736
437,437,0.746661905739,-1.73344746663
438,438,0.0823564977395,-2.53810735118
439,439,0.741358612733,-1.76170049844
440,440,-0.0885752988868,-2.20309994042
441,441,0.839312475148,-1.87439610014
442,442,0.127230884268,-2.53301374114
443,443,1.83118531029,0.139224967449
444,444,0.206074010726,-2.15813774929
445,445,-0.108007852241,-2.55530338534
446,446,0.726230925804,-1.80055309099
447,447,-0.0730513808855,-2.53657928928
448,448,0.879301498695,-1.9770998635
449,449,2.95382182306,0.14532981696
450,450,2.71082203492,-0.0832036199519
451,451,0.0021228695245,-2.62840076211
452,452,0.908916739953,-1.96842823925
453,453,-0.205428174973,-2.44397505057
454,454,1.00518433207,-2.19995300511
455,455,-0.101272038797,-2.62095467921
456,456,0.0974853784022,-2.11984658023
457,457,-0.123828647173,-2.68133256539
458,458,-0.112584434551,-1.97914288683
459,459,2.71714238873,0.13656971988
460,460,-0.000555426596097,-2.53876723875
461,461,0.571155008294,-1.68088201189
462,462,2.31447640715,-0.118830616679
463,463,0.158087470148,-2.14770527684
464,464,-0.881340155463,-1.49106981282
465,465,0.891409292563,-2.12476047348
466,466,0.297846857227,-2.50123253317
467,467,0.780183537213,-2.0197740915
468,468,-0.173257084797,-2.07705569351
469,469,0.141985684608,-2.2615088182
470,470,-0.0816430323987,-0.322883345017
471,471,0.32683846149,1.95443517868
472,472,-0.105062295663,-2.17653371973
473,473,0.516010317116,-2.11369831028
474,474,-0.686655079197,1.62056015778
475,475,1.02995738149,1.33957397689
476,476,1.0550594055,1.41227871542
477,477,2.35629034742,-0.0148612429188
478,478,2.68673933336,0.189000740103
479,479,0.215448852268,-2.45107305168
480,480,0.847004711074,-1.43777297889
481,481,-0.4256177343,2.13955972581
482,482,-0.101110686203,-2.27986630407
483,483,-0.933197539637,1.21373337921
484,484,0.0975604323934,0.0396212726308
485,485,1.74300895178,0.559622875674
486,486,2.11261004148,0.155989434068
487,487,2.44985723968,-0.206906531186
488,488,2.33666465199,0.469294160377
489,489,0.327844338862,-2.24315306386
490,490,0.399881201092,-2.11298764592
491,491,-0.736588232283,1.93028672364
492,492,0.0743895493396,2.22707579187
493,493,0.862148711445,-1.88678555411
494,494,-0.114606500274,2.32825936127
495,495,1.20940494071,-1.39752969937
496,496,1.83967631264,-0.699446547977
497,497,0.03326615479,-2.1014888627
498,498,2.48886123526,-0.00273726460274
499,499,2.38612486967,0.0155825438447
500,500,0.0804954679454,-2.25331633219
501,501,0.0456178319131,-2.54710185685
502,502,0.0168241484948,2.36036502172
503,503,-0.135100424907,2.44087832345
504,504,0.0587357782284,2.29691435022
505,505,0.105814273999,2.28906031968
506,506,0.126094974926,-1.81388132182
507,507,2.39100906756,0.264953970666
508,508,0.05739610975,2.2136701006
509,509,0.151999344919,-2.30402470323
510,510,1.4825816758,1.09984384312
511,511,0.145994309067,-2.49415277508
512,512,0.30076798206,-2.21688773412
513,513,0.00135714711894,-2.8620451918
514,514,-0.253434451649,2.27895392395
515,515,0.904803547786,-1.63104169946
516,516,2.46684818927,0.00661215292757
517,517,2.44389006006,0.220829497861
518,518,0.199627490895,-2.71873760219
519,519,0.0426553455884,-2.52789185422
520,520,-0.0812205740725,-2.33539183464
521,521,-0.159324912774,-2.20628951912
522,522,-0.0662840731552,-2.18623088943
523,523,-0.175427793944,2.04448981281
524,524,-0.341573153144,2.29684830631
525,525,0.217489065501,2.05167089182
526,526,0.0446163007182,1.92132119315
527,527,-0.141341617594,2.22985272704
528,528,-0.465357305746,2.32766186081
529,529,-0.0362404444664,-2.47276124236
530,530,-0.484389810642,-1.88632854029
531,531,0.429391988092,-2.12189480792
532,532,-0.23599527512,2.10632896316
533,533,-1.06100272079,1.58747863072
534,534,-0.343449380353,2.27633373918
535,535,0.497658280723,-2.31101556549
536,536,-0.199292414583,2.0273932299
537,537,-0.43095445799,2.45758578211
538,538,-0.200142595221,1.94654323246
539,539,-0.879502638914,2.15982077797
540,540,-0.633506090975,2.14553180466
541,541,-0.133315111244,2.16583870279
542,542,-0.481856191566,2.13783927424
543,543,0.66970665841,-2.1280132833
544,544,2.31847443174,0.221951297434
545,545,2.80671261081,-0.114485095919
546,546,2.60284195109,0.35011381526
547,547,2.32612974543,-0.170117132587
548,548,2.3140900804,0.0941189501758
549,549,0.00671158058048,-2.20728297641
550,550,0.375160232534,-2.20992537129
551,551,0.495763397544,-0.900796039933
552,552,-0.180954006325,2.53853432037
553,553,-0.420433470739,2.02575748742
554,554,0.841424308431,-1.75994340327
555,555,1.2591733696,-0.770580363803
556,556,0.0126593112117,1.33572032718
557,557,-0.56589345432,0.322193601658
558,558,-0.512200654439,0.901700373115
559,559,0.313189550835,0.718279939923
560,560,-0.668594680359,1.30789186766
561,561,0.829200110371,-0.417135259619
562,562,2.04726233987,0.726309393713
563,563,2.67402222137,0.516805915425
564,564,2.57326749647,0.0348100617112
565,565,1.39471181624,-1.47144106684
566,566,2.42809256005,0.164900312822
567,567,2.3231278585,-0.104046438824
568,568,2.4151943004,0.0240579615736
569,569,2.58364860595,-0.0538147385371
570,570,-0.0325113752362,-2.43880853219
571,571,0.217665460108,-2.2817478479
572,572,-0.012234162851,-2.26630095225
573,573,0.765853839794,0.186017520118
574,574,1.11759063736,-0.559812338075
575,575,0.214974343031,-2.27148214944
576,576,-0.0799714692939,2.50660437326
577,577,0.427409253195,-1.9248722251
578,578,1.49399490415,1.03282864094
579,579,-0.0122497317878,-2.54086259881
580,580,0.00417924065263,-2.67125159831
581,581,-0.0349191542809,2.33695780264
582,582,-0.312291657051,1.95709255198
583,583,-0.227076561951,-1.75548061984
584,584,2.45129942424,0.291904745523
585,585,2.4711896982,0.0769654314405
586,586,-0.201698074342,-2.51199364383
587,587,2.44313549867,-0.0439448733433
588,588,-0.0132713094354,-2.50020946945
589,589,0.778251807454,-1.14199359247
590,590,-0.986606716037,1.95429303941
591,591,-1.34525188189,1.39684344725
592,592,-1.82473446364,1.47111776977
593,593,-2.28549875311,-2.15589783036
594,594,-1.02207036567,2.09487035028
595,595,-0.228716462536,-2.06763514321
596,596,0.720887252213,-0.460426553262
597,597,1.98268356471,0.0274845012548
598,598,1.54769462765,1.62106041634
599,599,0.14085786805,-2.00707430723
600,600,-0.215614023554,2.63808816746
601,601,0.0541268551136,2.28805015484
602,602,2.0556372455,-0.399565608715
603,603,0.218072074131,-2.43371052684
604,604,0.361975444557,-2.72830731641
605,605,1.46885750263,0.996005277236
606,606,0.452223661467,2.65009911421
607,607,1.1428806537,-2.00999069475
608,608,-1.09400046119,1.99181727801
609,609,0.601083110646,-1.88061882396
610,610,-0.932121447893,2.14401359521
611,611,1.41153136671,-1.66360329658
612,612,2.65611284997,1.02502243883
613,613,1.25051443859,0.741321512663
614,614,0.678521854027,1.75956800608
615,615,0.908862748097,0.566125577063
616,616,0.361751442557,0.624873027169
617,617,0.230566550242,0.7286951445
618,618,0.536603609587,0.504730139396
619,619,0.39299409271,-1.56548547922
620,620,0.397466342255,1.47068420097
621,621,2.27261676186,-0.323071374682
622,622,0.42527102834,-2.10832833661
623,623,1.80201082665,1.25046309625
624,624,0.472095351239,2.25526749287
625,625,0.0386944121109,-1.1711113634
626,626,-0.516850285689,-0.473862576145
627,627,0.534103148805,1.33376889919
628,628,1.39482489583,0.351486404423
629,629,1.63744296323,0.695699084917
630,630,-1.1121896639,-1.81701419665
631,631,-0.725262367187,-2.37532430329
632,632,-1.9077960436,1.52796208456
633,633,-0.927258000634,-1.63941320402
634,634,2.49968976414,0.0224388418514
635,635,-0.155709233247,-0.119137324786
636,636,-1.17638368854,1.17275217253
637,637,-0.13871448848,0.374077753521
638,638,3.59367418973,0.780965007252
639,639,0.531695455051,0.112385535616
640,640,-0.438507211284,-1.56666850646
641,641,0.878810774895,0.688534320848
642,642,1.3835345085,1.47934851676
643,643,-0.120869774893,-1.33607292427
644,644,-0.178604499823,3.07829546965
645,645,0.120824213513,2.06605100054
646,646,0.768771475281,1.09302256748
647,647,1.76410624847,1.26530312342
648,648,1.53264653544,1.16349512177
649,649,0.473048239276,2.20080162351
650,650,1.97420792698,1.03478191626
651,651,-0.346251435422,-1.83773022638
652,652,-1.10474036346,-1.88647717508
653,653,2.49098487145,-0.474923619503
654,654,0.64692109765,2.24770399964
655,655,0.983961449261,1.05248856961
656,656,-0.88288718784,-1.92369149965
657,657,1.93113202558,1.05501238019
658,658,0.539451741309,2.03531804122
659,659,2.92815296193,-0.220684750166
660,660,1.5297314608,1.77051096676
661,661,1.10240986861,2.07177399473
662,662,1.54775337388,2.11443798933
663,663,1.57372486754,2.42139098442
664,664,1.22775893397,1.48815100847
665,665,1.36850300049,2.16809418768
666,666,1.30334889387,2.3114859187
667,667,0.956247626451,-2.81981372043
668,668,-0.155243098728,3.01555225301
669,669,1.16549984535,1.40560408799
670,670,0.012232704893,-1.74724892932
671,671,1.12433360115,1.27260986904
672,672,2.51950862311,-0.307585701551
673,673,-0.91319531857,2.25374136703
674,674,-1.05622688333,1.58518639908
675,675,1.27692723002,-0.61269406623
676,676,0.252226541884,1.68843489268
677,677,1.05833145378,1.04244387699
678,678,1.94668553725,1.17405029398
679,679,0.0489318936125,2.1597529483
680,680,1.11096105649,0.41187916994
681,681,2.52766726707,0.483092258871
682,682,2.40023683947,-0.129791652902
683,683,1.45702040196,1.49799386021
684,684,1.15671690028,1.7538101198
685,685,0.577726155274,2.23565625105
686,686,0.013487970393,2.57951224135
687,687,0.237460115851,2.59141760291
688,688,0.173206065779,2.31801709637
689,689,-0.216001068782,2.97388393361
690,690,-0.0823465713406,2.47160291634
691,691,1.81622421556,0.996243663301
692,692,2.05119587791,1.75452733474
693,693,-0.00218755116505,-1.973877047
694,694,0.768004775198,1.57167798163
695,695,-0.515234323791,-1.73389552092
696,696,1.27540999382,1.86939406698
697,697,1.08758358074,1.99063637852
698,698,2.15261752313,0.492107657705
699,699,2.20938067585,-0.50154086355
700,700,0.00689730694913,-1.49377433726
701,701,-0.0602090845854,1.29048100639
702,702,-0.0605879781788,2.33980612302
703,703,-0.807227261847,3.00493502397
704,704,-0.85868168598,-1.70211975985
705,705,-0.924880346305,2.17915261202
706,706,1.18842609792,1.47108858889
707,707,-0.160415382527,-1.82140989547
708,708,1.15882643841,1.61625189015
709,709,1.15771979088,1.24724187813
710,710,-0.224803862131,-2.26222439349
711,711,1.16145105367,0.562035092566
712,712,-0.161874222864,-0.534751771545
713,713,-0.824995826955,-1.88751341263
714,714,0.0314797549455,-2.72735940157
715,715,-0.636573174737,2.10979214942
716,716,-0.146106542921,3.29985810828
717,717,-0.0145051170683,-2.58742618932
718,718,0.950176552238,1.75699746081
719,719,0.12728883061,-1.56210301213
720,720,1.31352907629,1.98228517251
721,721,-0.0662213795757,-1.86380253984
722,722,-0.871866274859,-1.79232337877
723,723,0.877590267885,1.55215774363
724,724,0.884128992312,1.33763691935
725,725,0.869537165242,0.761930899959
726,726,0.0458485316754,-2.22807493856
727,727,-0.565901703667,-1.51020417252
728,728,1.11632069771,-0.735883025078
729,729,2.00395907539,0.738138899968
730,730,-0.342161058955,-2.73244125525
731,731,-0.0584487920399,-2.9881093823
732,732,-0.0414728720328,-2.22844006078
733,733,2.80458124829,0.485973956073
734,734,0.105745606876,-2.4190429295
735,735,0.0823959549175,2.15272837143
736,736,0.20362750067,-2.15176958739
737,737,-0.358693108582,2.00498301466
738,738,0.819905294745,-1.34144373509
739,739,-0.824012602097,1.89935711764
740,740,0.504222602456,-1.99069012542
741,741,0.130486200082,1.73059547109
742,742,-1.44352066144,1.5424044208
743,743,1.4742795017,-2.58994133409
744,744,0.747971816755,0.649211995214
745,745,-0.965022210539,-2.13425353393
746,746,0.382982667816,-1.44026533104
747,747,0.41015023108,-0.630821023817
748,748,1.3139256052,-1.1139304385
749,749,-0.187170531081,-2.72813052604
750,750,-0.227271135021,-2.60840449032
751,751,-1.8333446045,-1.28441128542
752,752,-0.38144117733,2.23131581298
753,753,2.40079481828,0.318460914368
754,754,0.151441718632,-2.74586038345
755,755,-0.254590959254,-2.08835409784
756,756,0.609714168651,-2.49268405129
757,757,-0.158931572924,-2.03408333748
758,758,-0.0494926928798,-2.66399259417
759,759,0.182480241031,-1.97554990014
760,760,-0.940791827892,-3.04578212378
761,761,-0.45023927464,-2.52166429686
762,762,0.503447766088,-2.19804508845
763,763,0.0506680055103,2.20166282124
764,764,2.17675726988,0.640991582228
765,765,-0.146958216036,-2.26976093481
766,766,-0.839694366268,-1.26101025144
767,767,-0.292455833314,-3.00115499696
768,768,-0.0555171252707,-2.19096380483
769,769,-1.03776366348,-1.30398067847
770,770,-0.825220819598,-1.83748884488
771,771,0.210698559695,-1.93286893692
772,772,-0.480985036658,-2.53516328248
773,773,1.33822871759,-2.1863042052
774,774,1.62090033829,1.48190698526
775,775,0.701652317893,-2.54506905835
776,776,1.15946847273,-2.55726134826
777,777,-0.707754873589,2.41323663238
778,778,0.816746818287,1.09638814502
779,779,-0.05271726101,1.47052089012
780,780,0.257173934851,-1.61151549257
781,781,0.120744761526,2.16601344224
782,782,0.264910732614,-2.27789660034
783,783,0.0206922490404,-2.11671838493
784,784,0.377270356255,-2.0825281988
785,785,-0.393169280002,2.01784726878
786,786,-0.0717634592648,2.40522426025
787,787,-0.536349538043,2.21474552937
788,788,-0.15269872545,2.15102400808
789,789,0.10438976065,-2.10388263141
790,790,0.116969614824,-2.49957140056
791,791,-0.355987201991,2.04177807694
792,792,-0.24267558605,-2.12863036495
793,793,1.26870544289,-1.56344433097
794,794,-0.174903292236,2.34922238387
795,795,-0.396119027503,2.10814379369
796,796,0.0845873970127,2.07721483788
797,797,0.623791582956,-2.11436731381
798,798,1.96035308971,0.840217609454
799,799,2.37580746352,0.0843655255333
800,800,2.66288673459,-0.403705742637
801,801,2.21036503643,0.256925660871
802,802,0.289193357499,-2.46172840418
803,803,-0.0214732530874,-1.89914153577
804,804,2.35748803777,0.0796789971285
805,805,-0.025085128236,2.12654522166
806,806,-0.0187408540952,2.15564552212
807,807,-0.270991161752,2.14309329279
808,808,-0.0399278059145,2.23431087534
809,809,0.139459851772,-2.05045510012
810,810,0.150316855366,-2.53564894356
811,811,0.186437597028,-2.14073410309
812,812,-0.0896117014324,2.1165323592
813,813,0.0175492711597,2.70988659801
814,814,0.406007100194,-1.84057515076
815,815,2.08163532807,0.411836594499
816,816,-0.327836027301,2.05238305514
817,817,0.0376341789386,2.42416173909
818,818,0.489303246559,-2.15278697685
819,819,0.107277793932,-2.47588284704
820,820,0.162609212599,2.36245189256
821,821,0.394235963571,-1.88897912574
822,822,2.70492794592,0.283512693284
823,823,2.75760358072,-0.136705179428
824,824,-0.179806613482,2.32307488631
825,825,0.0638506728542,2.0794603416
826,826,2.45798213266,-0.122109926732
827,827,0.148803343675,2.24742501513
828,828,0.222362079821,-1.84989653564
829,829,0.259049363555,-2.75947589924
830,830,0.0496434046143,-2.28187926441
831,831,2.27881032906,-0.249253529102
832,832,0.104886785759,1.99778365421
833,833,-0.153837844957,2.25718782962
834,834,-0.20186202787,-2.23794449552
835,835,1.81541894628,0.349406931344
836,836,1.69507041313,0.588484876702
837,837,2.17398764697,-0.186162649629
838,838,2.12745758402,0.485863997836
839,839,0.196423386124,-2.42384227192
840,840,0.217682241264,-2.40353312861
841,841,-0.16394859612,2.42412151117
842,842,0.67828774853,-2.02500749766
843,843,-0.252449611414,-2.24903561689
844,844,0.0731110612701,-2.24751521449
845,845,-0.219000053564,2.16731698528
846,846,0.31505497685,1.93386569835
847,847,0.0564849582173,2.14543620344
848,848,0.065789087133,2.19058567448
849,849,-0.13897125465,2.05728016548
850,850,0.506542180025,-2.04322861553
851,851,-0.0497051566419,2.56996404889
852,852,0.92372668627,-2.44762245948
853,853,0.0690040572613,2.4729568822
854,854,0.37568908214,-2.26727857789
855,855,-0.0795147705356,-2.73477020598
856,856,2.50635837886,0.0482178224702
857,857,-0.0650021411805,-2.65417844334
858,858,-2.60628364135,-0.02802393848
859,859,-1.1248879509,1.33901858141
860,860,-1.60403277874,1.34770085749
861,861,0.397245721953,-0.812694648792
862,862,-1.60755908879,-1.93645135668
863,863,-0.893886247572,2.01372249576
864,864,-0.467603922463,-1.9573485459
865,865,1.7132418464,0.276046227182
866,866,2.71826083568,0.202377513308
867,867,2.74246886101,-0.168152531042
868,868,0.204888593185,-2.39326466939
869,869,0.410610060906,-2.09639341394
870,870,0.706666877779,-1.05198300755
871,871,2.07736429072,0.577234410617
872,872,0.211437524658,-2.28343445464
873,873,-0.65774413141,1.60861703113
874,874,0.106195622761,1.41559475915
875,875,2.84704871059,0.186583076988
876,876,-0.0773486297456,-0.381193954904
877,877,-0.0771159978943,-1.18410730576
878,878,0.139113565167,-2.4316310777
879,879,-0.21509830906,-1.27816975602
880,880,-0.444206043673,1.43542336034
881,881,0.194293527734,2.48872816721
882,882,1.86754473534,0.0703499051024
883,883,2.18077963141,0.255000068739
884,884,2.35500204616,0.0323807554115
885,885,0.238898942035,-2.1251475305
886,886,-0.273578474154,-2.3259208775
887,887,0.407140274216,-2.42610866588
888,888,2.73974816163,0.32073583148
889,889,0.0519802736411,-2.24454103858
890,890,0.196401339216,-2.46559155056
891,891,2.04200954298,0.920012291612
892,892,0.00666266685193,2.63968948803
893,893,0.457828999559,-2.23255547
894,894,0.993028914216,-2.00114973514
895,895,0.783806510346,-2.24338379709
896,896,-0.0187271695217,-2.14942795376
897,897,0.178351915374,-2.16639551883
898,898,1.38584339722,1.35255472266
899,899,0.464485755114,-2.44768939412
900,900,1.24472726691,0.63180353042
901,901,0.11806685221,2.3833370173
902,902,1.11282645903,-1.44167400916
903,903,-0.101433608437,1.80808209197
904,904,-0.272832654301,1.89574929282
905,905,1.69440859097,0.757099094358
906,906,1.6433250186,0.493207695708
907,907,1.75295056337,0.977789202001
908,908,1.17337471645,-0.22397025815
909,909,2.37958609964,0.519219130616
910,910,2.27570363574,0.193194858271
911,911,-0.143335216201,2.66009376672
912,912,2.27765236814,0.14188223968
913,913,2.30873863266,0.212603187892
914,914,2.00747439154,-0.71165667581
915,915,0.00831361770121,1.60098611464
916,916,-0.0186150511067,2.08968797729
917,917,-0.0733250267356,-2.0163581693
918,918,0.175007499844,-1.69830150898
919,919,1.7827337378,-0.668974162227
920,920,0.911181188403,-1.91915391012
921,921,0.646095572946,-0.238330306243
922,922,0.188824872184,-2.03818049905
923,923,0.787864375116,-2.23496387311
924,924,-0.337032553823,1.79011350248
925,925,-0.221641119847,1.34738775385
926,926,-0.559284929292,-1.464823884
927,927,0.172932248777,-1.90720675683
928,928,0.0756157663831,1.20227786975
929,929,0.474547791487,1.61920895141
930,930,0.0924180355456,2.15558339693
931,931,2.14732050484,-0.157463653355
932,932,1.1015396403,-0.877279139311
933,933,2.42123045205,0.204199239309
934,934,2.56073089896,-0.0439098017914
935,935,-1.60909542819,-1.8344639564
936,936,0.756569338114,0.405839167748
937,937,1.06478369525,-0.671010865061
938,938,0.0244821794907,-1.79827387495
939,939,-1.02179830077,1.30166297336
940,940,-0.116249064559,1.60657639181
941,941,1.14573370017,1.6957495071
942,942,1.60097208156,0.467565860398
943,943,-0.977440984141,0.182684058151
944,944,-0.146406220573,0.833045959035
945,945,-0.324634374304,-1.69084609478
946,946,-1.3472478557,-1.38053506865
947,947,-0.481914940361,1.56024164653
948,948,-0.822984022688,-1.16832644575
949,949,-0.497582621061,-1.90139636136
950,950,0.4116203656,0.940798604092
951,951,0.270344613779,1.07972826399
952,952,0.0542363417787,-2.03107696972
953,953,0.287689742917,-2.6467038324
954,954,0.358020420284,0.919908008967
955,955,-0.277049517119,-0.968589021036
956,956,0.399388797844,2.07647193655
957,957,0.226109990627,1.04564969676
958,958,0.517817301179,-2.10776263108
959,959,-0.138780741197,-2.15419854215
960,960,-0.515593684946,-2.08552311354
961,961,0.113149468398,-2.15023028943
962,962,-0.028672879284,2.32592007826
963,963,1.00745346488,-0.665719197047
964,964,0.00537598661994,-2.16430078949
965,965,-0.39360270311,2.48396852809
966,966,1.03459038903,-0.191349424228
967,967,2.38286915444,0.140603528299
968,968,-0.702723331952,-1.30166903173
969,969,-1.35510260408,-1.5296750442
970,970,-0.748136049331,-1.3292691911
971,971,-0.0289306768916,1.66731579714
972,972,-0.833824663174,-0.583092669282
973,973,-1.48908474158,-1.63039768875
974,974,-1.06652029992,-1.48890732207
975,975,-1.20025712236,-1.41208699881
976,976,-0.545559231747,-1.42499555569
977,977,-0.517126082296,-1.96086168616
978,978,-0.988598270109,-1.76802974901
979,979,-0.215928826988,-2.09473138443
980,980,0.443883096643,-0.817095736454
981,981,2.45211886435,-0.102467232686
982,982,0.0158136384576,-2.06332739123
983,983,-0.976084465821,-1.50425367593
984,984,-0.260952482434,2.70722395062
985,985,-0.247066184282,-1.45252896835
986,986,-0.524864255354,-1.35345309926
987,987,-0.847483592907,-1.8046686326
988,988,0.0345501853463,1.12393895765
989,989,-0.804546057351,-1.39697377472
990,990,-1.23548948809,-1.93264056947
991,991,0.0589910516281,2.74924126115
992,992,0.0605445773646,-1.67033582183
993,993,-0.0681240406085,-2.43857099099
994,994,0.178761524761,-2.76798348944
995,995,1.70900951881,0.248461156245
996,996,0.387688537284,-2.25039845625
997,997,-0.770728460721,-1.49087969017
998,998,-0.964123437686,-1.14516790593
999,999,0.124262106592,0.396193823029
1000,1000,-0.420451239242,0.963066495099
1001,1001,-0.640985782908,0.851839123883
1002,1002,-0.842328473568,-1.08853275467
1003,1003,-1.49486921529,-0.862152909911
1004,1004,-0.137102207839,1.86007039244
1005,1005,-0.290579084756,2.51731279143
1006,1006,0.973463157437,-1.59947799763
1007,1007,0.298422099748,-0.363037022057
1008,1008,-0.293398148977,2.40295524494
1009,1009,1.1736403773,-1.68764379914
1010,1010,2.16664334865,-0.11184022846
1011,1011,2.64792337779,-0.0520380253276
1012,1012,2.47457800009,-0.196115398686
1013,1013,0.686271716048,-1.89151649949
1014,1014,0.0455950400576,2.16692429552
1015,1015,0.45183853088,-2.29757204231
1016,1016,-0.651116930564,-0.59647436183
1017,1017,-0.540773963159,1.4863528033
1018,1018,2.37345275468,0.0396312683103
1019,1019,-0.257672509744,1.80312862454
1020,1020,0.360739932648,-1.89998909202
1021,1021,0.670638357725,0.0349681958529
1022,1022,0.0126710057684,-1.61295923318
1023,1023,-0.794224654848,1.83076503586
1024,1024,-0.441994168143,1.04866989877
1025,1025,-0.0354842790633,0.995000737529
1026,1026,0.523994874728,0.204079546393
1027,1027,-0.273507478649,-0.0143277377401
1028,1028,-1.01697977927,0.41018450573
1029,1029,2.2286759214,0.0731801719517
1030,1030,-0.440346175641,0.968426303092
1031,1031,0.637479085592,1.85884203804
1032,1032,-0.443446758575,1.02328113213
1033,1033,-0.746610316793,-0.165606332345
1034,1034,-0.49725278019,-1.62677379006
1035,1035,0.784322611892,-0.898188682219
1036,1036,-0.381883024318,-0.730279398081
1037,1037,0.0871415420879,2.49994104294
1038,1038,1.3015931296,-0.832845460024
1039,1039,2.02136234678,-0.606231918111
1040,1040,0.0239969621051,-2.26326552768
1041,1041,2.27220734221,0.319107951363
1042,1042,0.0698913138467,-2.29382745562
1043,1043,0.0176470253069,-2.47816194825
1044,1044,-0.886256811203,1.68416278197
1045,1045,-0.742867591042,1.68741382921
1046,1046,-0.701358968889,2.03199129183
1047,1047,-0.614695227847,1.67524251063
1048,1048,0.904342725626,-1.80261375514
1049,1049,-0.0798937859401,2.10008147808
1050,1050,1.47101310763,-1.88874414891
1051,1051,0.355405594058,-2.28657076203
1052,1052,-0.230003913023,2.15967949712
1053,1053,-0.766204901912,1.99483945934
1054,1054,-0.659696871894,2.07740270362
1055,1055,-0.240406795873,2.68431314438
1056,1056,0.780017583974,-2.06290581077
1057,1057,0.74334783206,-2.13827185951
1058,1058,0.451030809961,-2.3448815693
1059,1059,-0.156204484942,1.71460205008
1060,1060,-0.147378621305,2.31825792073
1061,1061,0.997141820118,-1.53595647716
1062,1062,0.0870704948423,-2.3493443589
1063,1063,0.741869809878,-1.9218781059
1064,1064,-0.367345545578,2.20267313057
1065,1065,-0.0970431658155,2.20014305587
1066,1066,-0.0130646166236,2.25049098988
1067,1067,-0.480397700135,2.09731665147
1068,1068,0.555868851388,-1.99610407697
1069,1069,-0.0901465829915,2.21536987064
1070,1070,-0.481965088227,2.15103475836
1071,1071,0.19549339385,-1.91184393123
1072,1072,1.90318050303,0.558662861854
1073,1073,-0.0547075747918,-2.4980028284
1074,1074,2.70114640254,0.0363005956076
1075,1075,-0.921537830805,-1.10657392725
1076,1076,0.609875443951,0.637260405738
1077,1077,-1.12370610969,-1.0160042534
1078,1078,-1.13971915983,-1.02226092008
1079,1079,-0.678375113932,1.71645886492
1080,1080,-1.2893362116,-1.37715107337
1081,1081,-1.51937485939,-1.24178525249
1082,1082,2.19978540972,0.295129258873
1083,1083,-1.33131261004,-1.44792266779
1084,1084,-0.236724907423,1.89204345894
1085,1085,0.231478875571,1.31595098377
1086,1086,-0.181182475589,0.429601201685
1087,1087,-1.12118411479,0.891654251103
1088,1088,0.587370542566,1.85442469653
1089,1089,-0.343807998134,1.25397411537
1090,1090,-0.412154386905,-0.979128392353
1091,1091,-0.931519038064,0.695710834831
1092,1092,0.3480526668,1.32451974613
1093,1093,-0.728890749869,-1.57148955016
1094,1094,0.148285541487,-2.3772536911
1095,1095,-0.492826033103,2.52542355046
1096,1096,0.53972325621,-2.64671287647
1097,1097,-0.189477361615,-2.45533528835
1098,1098,0.292411867882,-2.2277144655
1099,1099,0.187378233688,-2.14695323072
1100,1100,0.297051138187,-1.68127986887
1101,1101,-0.908312780787,-1.25874477504
1102,1102,-0.307703171491,-1.96905542919
1103,1103,0.274448676446,-2.45161264839
1104,1104,-1.36794257616,-1.62476062428
1105,1105,0.0869075109599,-2.23528794087
1106,1106,2.46297309222,0.307452224167
1107,1107,-0.536676114069,2.17881722222
1108,1108,-1.4464019044,-1.75650454402
1109,1109,-0.104025903594,2.33369349999
1110,1110,0.459475520346,-1.30354756307
1111,1111,-0.266380621392,2.14752915526
1112,1112,0.713209026939,-1.61026016512
1113,1113,2.61640400669,-0.0555476456749
1114,1114,1.50576481326,0.686115510666
1115,1115,0.361193293529,-2.51077367766
1116,1116,0.329923371284,-2.22669720532
1117,1117,-0.499295578654,1.15395974573
1118,1118,0.7145070188,-1.61048850254
1119,1119,1.29150109907,-0.978530878861
1120,1120,-0.562341617715,1.84786835809
1121,1121,-0.67708210901,2.11192711842
1122,1122,-0.303862116493,2.15023307021
1123,1123,1.32003987231,0.420424165487
1124,1124,-0.696633634436,-1.54019134414
1125,1125,1.31672479897,-1.5720254095
1126,1126,-0.435703729255,2.11132334447
1127,1127,0.610413579101,1.54494214841
1128,1128,1.56090815306,-1.14401800511
1129,1129,-0.486874857076,2.36307512305
1130,1130,0.984949512713,-1.69757871256
1131,1131,-1.0065183013,-1.76162436291
1132,1132,0.432378624618,-1.88224912739
1133,1133,-0.107965476979,-2.30549108083
1134,1134,0.170943703005,-2.44593153776
1135,1135,0.508706159706,-2.04288489076
1136,1136,0.0195300258086,2.40192839904
1137,1137,0.067111363427,-2.08047627343
1138,1138,0.604211935098,-2.58989096607
1139,1139,0.402067551012,-2.08813466718
1140,1140,-0.0320810166399,2.07300214301
1141,1141,0.176053594856,2.04221178837
1142,1142,-0.268622734901,2.31921284153
1143,1143,0.926602344376,-1.52215904123
1144,1144,1.39388446597,0.844560752583
1145,1145,2.64376511724,0.035054754428
1146,1146,1.12853217446,1.41523334988
1147,1147,0.371294312841,1.88999251442
1148,1148,-0.135071401865,-2.52860674281
1149,1149,0.394922669627,-2.47634484471
1150,1150,2.37560930455,-0.144679126246
1151,1151,-0.351102639143,2.70168320196
1152,1152,0.346853721265,2.61542851879
1153,1153,2.46458922431,-0.164554936497
1154,1154,-0.112094468776,-2.42017064445
1155,1155,-0.0710857025576,-2.58589537603
1156,1156,1.9580433913,0.430588880633
1157,1157,-0.115370323555,2.12916847296
1158,1158,2.07241108877,0.563697888084
1159,1159,2.10700158884,0.0187996741237
1160,1160,-0.084872309642,2.05021160391
1161,1161,0.216373220637,-1.09100950407
1162,1162,0.122154241459,2.24000986074
1163,1163,0.478625000147,1.92610350625
1164,1164,0.759317044435,-1.73858779048
1165,1165,1.59641142747,0.623352318931
1166,1166,0.667494737857,1.84363564574
1167,1167,2.54719765393,-0.166437644761
1168,1168,0.902996979832,-1.7909929692
1169,1169,2.2636063582,-0.196798258605
1170,1170,2.03081382172,0.0341430029753
1171,1171,-0.26567079601,-2.45965141004
1172,1172,-0.00382572825302,-2.20385761597
1173,1173,-0.343612484116,2.34410861719
1174,1174,0.0137791172304,2.51749988935
1175,1175,0.217968886584,2.11190081313
1176,1176,0.070531748315,2.35903716208
1177,1177,0.0332021105099,-1.66832278829
1178,1178,1.70008610556,0.498049220899
1179,1179,-0.121568235239,-2.53371954075
1180,1180,-0.0967971087048,-2.8008282714
1181,1181,2.21286577588,0.254264245501
1182,1182,-0.169832182677,-2.28259173295
1183,1183,-0.154093430935,2.32662379877
1184,1184,-0.345694304387,2.41282006763
1185,1185,0.984966997351,-1.81833887245
1186,1186,-0.0758075160433,-2.57033239742
1187,1187,-0.420169980455,-2.07610080216
1188,1188,0.919496927515,-1.57378201762
1189,1189,-0.542398416594,-2.63499482688
1190,1190,-0.292828131499,-2.5249172159
1191,1191,0.362756857553,-2.28191670988
1192,1192,-0.127812974155,-1.83413808698
1193,1193,-0.278560593603,-2.08226976164
1194,1194,-0.298588455958,-1.82712455546
1195,1195,-0.206794082894,2.10530000346
1196,1196,1.92012473519,0.0682295276996
1197,1197,2.22125166253,-0.0566941760663
1198,1198,2.30379070357,-0.262235581414
1199,1199,2.31680563479,0.0300362318058
1200,1200,0.365146846211,-2.32969550067
1201,1201,0.687433030205,-1.81627870173
1202,1202,-0.619714110445,1.81231582712
1203,1203,-0.648249388924,2.2579459986
1204,1204,-0.206398649922,2.02212751559
1205,1205,1.0830131702,-1.92235052838
1206,1206,-0.0657213293318,2.13309404749
1207,1207,0.103532593206,-2.62571369237
1208,1208,0.451383513812,-2.37277065436
1209,1209,2.17168065011,0.0173018442863
1210,1210,2.71773827737,-0.0362693799726
1211,1211,-0.122003251613,2.23145596732
1212,1212,0.812894308473,-2.081266445
1213,1213,2.64477095189,0.378597853383
1214,1214,1.51558976115,0.448277379379
1215,1215,-0.329666276158,-2.57903135145
1216,1216,0.197067550095,-1.66926655792
1217,1217,0.0769802847523,-2.49427271426
1218,1218,0.298658962695,-2.06603636743
1219,1219,2.24699954925,0.0837833407233
1220,1220,1.32325254822,-1.18861965396
1221,1221,1.49004409768,-1.36456403671
1222,1222,1.34754833418,0.7382926755
1223,1223,1.37169103353,-1.07530740323
1224,1224,2.94471281276,-0.0903888316318
1225,1225,2.54193912434,-0.0447045318396
1226,1226,0.244922782239,-0.195921285474
1227,1227,-0.238760076748,2.64600404059
1228,1228,0.506857641318,-0.0581792383754
1229,1229,-0.113029602532,2.16446439014
1230,1230,0.0798891559841,-2.26717286496
1231,1231,0.497169128202,-2.29694340702
1232,1232,-0.210048895252,2.59811708134
1233,1233,1.07320931597,-2.05706904257
1234,1234,-0.00813875148914,2.43083047914
1235,1235,0.258003732091,-1.99138899208
1236,1236,2.39170450004,0.393873759676
1237,1237,0.454537387773,-2.48713649542
1238,1238,-0.129975712523,2.27374237387
1239,1239,0.746410683523,-1.62279890182
1240,1240,-0.0724439942379,-2.04048715987
1241,1241,2.3393772994,-0.230123396592
1242,1242,0.243996320821,-2.24409573206
1243,1243,-0.0378662833562,-2.60361257021
1244,1244,0.371881814313,-2.16364106087
1245,1245,0.0199759488401,2.47905520915
1246,1246,0.163708074075,-2.58220706832
1247,1247,-0.0668072443263,2.4144637891
1248,1248,-0.296066343013,2.47009955042
1249,1249,0.417591514834,-2.44268858458
1250,1250,0.0790624133955,2.44803699581
1251,1251,-0.0292523046848,2.36567946935
1252,1252,-0.215041068643,2.37837470453
1253,1253,0.685662590631,-1.85672085953
1254,1254,1.96991375616,0.461922460552
1255,1255,2.92003367721,-0.0515238744089
1256,1256,2.35235297109,-0.276295444303
1257,1257,2.51765738716,-0.0388539731046
1258,1258,2.1750468684,0.381619888733
1259,1259,2.2640300842,-0.0568329044011
1260,1260,2.51537371707,0.275910455422
1261,1261,2.45327439967,0.121745265431
1262,1262,-0.133048426913,-1.79094478049
1263,1263,0.236553504659,-2.26111356521
1264,1264,2.27146674859,-0.0651662131947
1265,1265,0.165880494111,2.53932129548
1266,1266,1.32832164792,0.0744477123772
1267,1267,1.56699684402,-0.233277211161
1268,1268,-0.00597839035829,-2.33886450015
1269,1269,0.265679066638,-2.36602793552
1270,1270,1.87303637226,-0.214838436326
1271,1271,-0.226014276429,2.36297672906
1272,1272,1.77468298304,0.517866490714
1273,1273,0.079127073298,-2.04738972853
1274,1274,0.615191699429,-0.438419658503
1275,1275,-0.199774312851,2.6682179676
1276,1276,0.448683835801,-2.32850872087
1277,1277,0.315279132746,-1.91685141529
1278,1278,2.2645877657,-0.00100253254218
1279,1279,2.01605609569,0.189629955689
1280,1280,0.757440511073,-0.149547075416
1281,1281,2.55662887793,0.0782874795896
1282,1282,2.30091514142,0.196674265667
1283,1283,2.08318762178,0.227060182628
1284,1284,-0.548002188513,-1.95993199457
1285,1285,1.06314206005,-1.762512868
1286,1286,0.0517459464904,-0.539242002797
1287,1287,1.74088206255,0.818921252927
1288,1288,-0.228971968775,-2.06461155946
1289,1289,0.0346045219215,-2.21950345783
1290,1290,0.0355557916888,-2.18542608407
1291,1291,0.858218997279,-0.600564975336
1292,1292,0.526362099012,1.75717283353
1293,1293,2.4191553287,0.239639051119
1294,1294,2.57283055669,0.0375333158763
1295,1295,0.683583182883,-0.685612762342
1296,1296,0.279806226171,-2.35954391898
1297,1297,0.30678773594,-2.19076207265
1298,1298,1.53685210522,-0.956633431878
1299,1299,-0.0511908475403,2.30297785229
1300,1300,0.326121422557,-2.04203478932
1301,1301,-0.0957910869443,2.72323519196
1302,1302,-0.295196541362,1.76428006373
1303,1303,0.959552494268,-2.1132681536
1304,1304,-0.261216091119,1.95867807239
1305,1305,-0.0849723918784,1.90371966959
1306,1306,-0.448660048329,2.4382798723
1307,1307,-0.44915467787,2.25752861984
1308,1308,-0.433996716504,2.10533789829
1309,1309,-0.315029034571,2.40543643215
1310,1310,0.489157283383,-2.18437667742
1311,1311,0.13184562074,-2.65038088132
1312,1312,-0.295712930089,2.51554193422
1313,1313,-0.132175937562,-2.23408836578
1314,1314,1.00921448548,-2.38881155059
1315,1315,0.231853242232,-2.22569423857
1316,1316,-0.852619894684,2.41059611687
1317,1317,-0.0842711248618,2.16760447209
1318,1318,0.291375937295,-2.45972315943
1319,1319,-0.27738005038,2.14479148089
1320,1320,0.548610230249,2.3751615683
1321,1321,-0.60489158195,1.97885432669
1322,1322,0.168852941842,2.17070090994
1323,1323,-0.1891827685,2.27256302387
1324,1324,0.908103630452,-2.07916850697
1325,1325,0.964963506301,0.733873640338
1326,1326,2.26068614473,-0.03908212698
1327,1327,-0.0159420072503,-2.23278651687
1328,1328,0.140632369086,-2.09003316257
1329,1329,2.43518184026,-0.0730805394193
1330,1330,-0.17494876532,2.46985306485
1331,1331,0.794846876338,-2.00047362071
1332,1332,1.5949210673,0.642361804605
1333,1333,0.224296250331,-2.44412389947
1334,1334,0.369099458494,1.93964246003
1335,1335,1.05145162923,2.04211184118
1336,1336,0.702015227401,1.6203287649
1337,1337,-0.42215706225,2.46903766339
1338,1338,1.91920625137,1.50876992396
1339,1339,-0.00408143065955,2.65100141204
1340,1340,1.42784602427,1.02451520681
1341,1341,0.857921623501,1.37576496272
1342,1342,1.42378208871,1.34648571366
1343,1343,-0.205494392884,-2.7280245755
1344,1344,0.240072781122,-2.21037557405
1345,1345,1.54037973517,0.921940701682
1346,1346,0.662906787524,2.19602436193
1347,1347,1.49825329688,0.540426267249
1348,1348,1.08880042136,2.20456485837
1349,1349,0.153965321128,2.11522305264
1350,1350,-0.87107834881,-1.72975253541
1351,1351,1.67245358266,0.805233570589
1352,1352,-0.78217367056,-0.716082836646
1353,1353,0.439407067579,-1.78281237586
1354,1354,0.667338732865,1.87945232288
1355,1355,1.21284640265,1.17207618816
1356,1356,2.20607974686,0.375068585657
1357,1357,1.34692766847,1.63958249951
1358,1358,0.721628271261,1.94038929453
1359,1359,1.04618737575,0.588067687565
1360,1360,1.75977142482,0.0175257911126
1361,1361,0.434734415893,0.531608749112
1362,1362,-0.992688199229,-1.39529643809
1363,1363,-0.539106727728,-1.70841478276
1364,1364,1.8072065595,0.359812620008
1365,1365,1.33441524657,-0.587948081554
1366,1366,2.63937124356,0.185390996684
1367,1367,-0.384991486573,1.10466333192
1368,1368,0.423116694517,2.18808033782
1369,1369,0.537974482105,-1.9375882732
1370,1370,0.392729404191,2.42992542115
1371,1371,2.54718135952,0.103961075218
1372,1372,1.85996386071,0.458833402674
1373,1373,-0.280346098864,1.76819459947
1374,1374,1.83082845556,0.971574985774
1375,1375,1.46157781492,1.73123899257
1376,1376,0.978397628321,1.27242996358
1377,1377,-0.835185964334,-1.19464217782
1378,1378,0.316182844927,-2.24361297103
1379,1379,1.40873715169,1.32912463637
1380,1380,0.247312448859,2.65383867266
1381,1381,0.761435460618,1.81924891942
1382,1382,-0.122584744407,-2.52463928243
1383,1383,-0.0100445364746,2.24217998504
1384,1384,1.74549901175,0.8714609128
1385,1385,2.19054298554,0.476760263543
1386,1386,1.16626416497,0.399005026539
1387,1387,1.6034487387,1.39192408553
1388,1388,3.0146937315,0.824769054062
1389,1389,0.957212338884,1.15083083342
1390,1390,0.0128735221328,2.09425578989
1391,1391,-0.0497928571097,2.30280089736
1392,1392,0.814272524916,-2.50252378563
1393,1393,0.705512395678,0.838466465199
1394,1394,0.780080768956,0.173731252504
1395,1395,2.14697707286,-0.176150262115
1396,1396,2.56439343791,0.219735751338
1397,1397,1.13754943499,-1.9842315936
1398,1398,0.205438811831,1.77874552337
1399,1399,-0.320903836386,-2.59805709815
1400,1400,1.00463031854,0.151647519694
1401,1401,-2.01205308956,-1.3879084451
1402,1402,0.158443423669,2.55342329283
1403,1403,1.12572420895,-0.0535117005679
1404,1404,0.0431333958109,2.18763968012
1405,1405,1.04888382503,1.76183624498
1406,1406,0.165568026187,2.51971204573
1407,1407,-0.604434485657,3.2424641044
1408,1408,0.0221937815642,2.37037680586
1409,1409,0.411857760183,3.66433829251
1410,1410,-0.040581317387,2.42364408291
1411,1411,-0.356853172354,2.51311827932
1412,1412,-0.120713471921,2.37706375895
1413,1413,0.0417668165128,1.81732049981
1414,1414,0.304671557106,2.3898056359
1415,1415,0.77609583361,3.01974990688
1416,1416,0.465479752604,2.88518408557
1417,1417,2.30292251119,0.212863896798
1418,1418,0.0420113167454,2.36646966429
1419,1419,0.824206730422,0.33569747831
1420,1420,-1.02823870509,-1.1688648302
1421,1421,0.177261807885,-0.00642667068598
1422,1422,1.1574100543,0.269989155105
1423,1423,2.1662768797,-0.155008070628
1424,1424,-0.288589031997,-2.52561913849
1425,1425,0.418776677676,2.00120577717
1426,1426,0.0411096002724,0.697771736147
1427,1427,2.53265585378,0.788548105137
1428,1428,3.47123472181,-1.08498420517
1429,1429,2.52622578703,0.185463236217
1430,1430,1.93342958483,0.975303390288
1431,1431,2.40817092644,0.204766384951
1432,1432,1.81074212252,-0.0628626423877
1433,1433,1.71130550676,0.243254413848
1434,1434,0.931799669699,0.58491820262
1435,1435,1.16771627636,0.753600143033
1436,1436,0.51904259619,-2.73351879745
1437,1437,2.11305861515,0.672484747362
1438,1438,-0.146932049655,2.12409189525
1439,1439,1.33840230095,2.06685504777
1440,1440,1.3608874176,2.070408344
1441,1441,0.340622942642,0.817944546073
1442,1442,0.694418589686,1.50222196655
1443,1443,0.495963044078,-2.6870861277
1444,1444,1.78911972038,2.0438517867
1445,1445,0.341461745339,1.67122703703
